-3.888904734339209135e+00
-4.424163118990257715e+00
-3.982711497079005625e+00
-4.275826664132679866e+00
-4.195236452856744513e+00
-4.621342735906674548e+00
-3.720103925521843991e+00
-4.376524316637803835e+00
-3.757527075926559323e+00
-4.322740574725875362e+00
-4.314260877303515151e+00
-4.393264457825831748e+00
-3.895877986494197920e+00
-3.991712650573739030e+00
-4.033554807393145758e+00
-4.440725441292270759e+00
-4.138163265516348055e+00
-4.036507895431769910e+00
-4.104247706431342735e+00
-4.199203384856156518e+00
-4.009682139084998376e+00
-4.557389038553945504e+00
-3.994484816920819803e+00
-4.743525609356231243e+00
-4.919716592261529797e+00
-3.823396346355061759e+00
-4.356228983521193143e+00
-4.034364131435114409e+00
-3.999596647661737947e+00
-4.500817903730462533e+00
-4.375358592250524481e+00
-3.931761978387997125e+00
-3.603766411116419377e+00
-4.192868678450705211e+00
-4.093756528314788312e+00
-4.103745543746062374e+00
-4.418432755843669568e+00
-3.767130428959957644e+00
-4.165655254587291800e+00
-4.001623675812521874e+00
-3.693385487843857007e+00
-4.847055196193202242e+00
-4.487896257460749716e+00
-4.154948176132537085e+00
-3.859989104780192193e+00
-3.683519759871826338e+00
-4.406905123733785956e+00
-4.061795200594383815e+00
-4.125603887019176241e+00
-4.423566545503205383e+00
-3.970314300772562088e+00
-3.719373510319471610e+00
-4.264978650964064144e+00
-3.884449528463158163e+00
-4.461729457493386342e+00
-4.413609448510442235e+00
-4.412745026116058789e+00
-4.062407299498836721e+00
-4.519163595964438507e+00
-4.557269223423277893e+00
-4.639063051502969159e+00
-4.048790600724897715e+00
-4.177392348661376431e+00
-4.878697202951678413e+00
-3.574039394370672085e+00
-4.459017933565194269e+00
-4.575355046221946331e+00
-4.553747003576421370e+00
-3.964730495526770149e+00
-4.217891651875902426e+00
-3.951493527327069266e+00
-4.341462727289798984e+00
-4.092683305071664002e+00
-3.786230336864355284e+00
-4.532750152561785484e+00
-4.149738845192842973e+00
-4.056446809517127328e+00
-3.417883362349674048e+00
-4.258839571427563975e+00
-4.279475358854156752e+00
-4.218930107164619692e+00
-3.883316590423818937e+00
-3.892130325376669031e+00
-4.156792924509398190e+00
-4.467691181121374200e+00
-4.287350782275860084e+00
-3.814927112470222426e+00
-4.561405923121323092e+00
-3.969983364327677844e+00
-4.196905510991726374e+00
-4.162162141765856305e+00
-4.105437750898879301e+00
-3.835633324643013875e+00
-4.848058848285384137e+00
-3.450606800263406271e+00
-4.126330107198526775e+00
-5.037209350811317599e+00
-4.887432901898121074e+00
-3.747587089540793670e+00
-4.087339001218323276e+00
