2.633848379150327892e-02 2.983650984720621901e-02 2.592928445501722912e-02 2.533030800500934293e-02 2.566127272448551905e-02 2.409868953640778230e-02 2.724184421230451542e-02 2.741884619602269479e-02 2.669361539483625090e-02 2.778924558773236686e-02
2.360510630753607370e-02 2.465160625706538933e-02 2.938502921224108930e-02 2.671326589484304681e-02 2.578615591383225797e-02 2.946149265592661395e-02 2.453597408199518354e-02 2.737996794092524208e-02 2.809683895901561937e-02 2.682911547529955726e-02
2.780000414862373453e-02 2.487050384194763181e-02 2.555143066034920238e-02 2.705734307654783510e-02 2.744516924473679870e-02 2.616142742548274724e-02 2.816354691799580548e-02 2.603158577505198037e-02 2.753620804327782876e-02 2.576828290895356519e-02
2.520259449176413466e-02 2.710555721312647715e-02 2.654971169565331982e-02 2.631682549352877890e-02 2.545015649107354450e-02 2.543218150586535123e-02 2.610011974107638924e-02 2.603725367988934947e-02 2.834912403074821979e-02 2.974351075622371984e-02
2.870016822613508101e-02 2.188877074655457347e-02 2.671043943320375313e-02 2.796912815491255089e-02 2.595844523936741144e-02 2.706290860098043566e-02 2.584975331223228132e-02 2.602624679747343045e-02 2.827339993149971184e-02 2.786537163796697081e-02
2.486484382323903009e-02 2.836639757445789944e-02 2.609296323341140852e-02 2.761569767921513013e-02 2.607854537182659194e-02 2.534154243139722512e-02 2.782991673781645345e-02 2.475967523781988366e-02 2.775315666035331821e-02 2.782024243603313518e-02
2.698659464513882347e-02 2.637877938799137317e-02 2.768629697518515398e-02 3.079952083183213826e-02 2.763181273354821735e-02 2.619531938537805055e-02 2.580432625693434429e-02 2.649159045548458297e-02 2.265113213501773054e-02 2.565318294658781861e-02
2.834681750109346865e-02 2.721509747670960988e-02 2.658670793773053667e-02 2.624916049530034642e-02 2.606616553635177774e-02 2.631787746718813881e-02 2.799483720184735638e-02 2.490272126135156111e-02 2.545995100926025032e-02 2.707479060232390392e-02
2.748683489205830735e-02 2.517920138351130432e-02 2.679854705198789905e-02 2.798458018198521358e-02 2.526501434229361243e-02 2.708333725748418574e-02 2.311727989494361327e-02 3.199434444768607666e-02 2.467227309711574404e-02 2.748180262089066489e-02
2.903043823808597323e-02 2.668135761585485946e-02 2.312381619674194755e-02 2.950240981853721051e-02 2.570935694103240049e-02 2.596041405234565669e-02 2.665243321448475949e-02 2.813656743029876312e-02 2.800088304272180251e-02 2.400523904683722967e-02
2.712375244945090802e-02 2.663212149861033870e-02 2.624469754067711158e-02 2.559132718387629665e-02 2.474711041699894504e-02 2.446514471511698416e-02 2.733847720128305611e-02 2.878055844189276666e-02 2.613152893022609516e-02 2.923478847628884630e-02
2.828825725777644670e-02 2.715437649743186743e-02 2.841614310007071001e-02 2.747780229677036778e-02 2.572279840442929372e-02 2.583336212583580913e-02 2.575962082023280225e-02 2.767503750061810902e-02 2.466927090322036664e-02 2.524939436952140792e-02
3.010660462274773047e-02 2.691642147814454766e-02 2.535213706191993821e-02 2.735862284058250549e-02 2.507004675176841002e-02 2.695388196749821594e-02 2.304076909632927356e-02 2.700904792538975224e-02 2.818780675034192676e-02 2.646465175591594665e-02
2.707359939831628648e-02 2.649202832077903608e-02 2.715973625825837678e-02 2.751328419129719927e-02 2.466971722593680472e-02 2.613338767711291533e-02 2.569791650734191968e-02 2.874326734989179205e-02 2.405074342973018836e-02 2.905837905922423192e-02
2.683543763356263309e-02 2.635557046568364273e-02 2.924368821796442808e-02 2.399413045092110841e-02 2.758727239225677863e-02 2.730612311407313100e-02 2.616747690983558736e-02 2.556387908570213752e-02 2.555073703060338486e-02 2.787307748397382587e-02
2.714467947048851415e-02 2.743750185201167952e-02 2.598789968360947639e-02 2.564048131458579460e-02 2.729552692646145667e-02 2.692930650124232203e-02 2.593616003198594491e-02 2.737904847169267061e-02 2.703349622590731430e-02 2.553062191630382088e-02
2.637193956251382421e-02 2.622693771864696363e-02 2.748701593390796838e-02 2.717321833964824601e-02 2.659097984403082510e-02 2.517463174644007928e-02 2.862603870658450914e-02 2.700958393715721315e-02 2.602895871214925411e-02 2.558836536981533641e-02
2.616078665917762752e-02 2.736127007702724920e-02 2.540865611037032568e-02 2.618168723499154568e-02 2.574476686210618384e-02 2.743806313834557323e-02 2.611892459556034232e-02 2.673523133801729984e-02 2.700793057277018142e-02 2.816148984482584258e-02
2.796938099645156564e-02 2.864662051484061223e-02 2.407739695423509463e-02 2.746851025797678036e-02 2.312830628140347816e-02 2.888276935669275430e-02 2.649063262967715771e-02 2.397047985899344522e-02 2.830346068855384839e-02 2.767600725228304762e-02
2.637050442378684537e-02 2.624405394349278373e-02 2.676249795501977821e-02 2.804902251150617060e-02 2.707792151496506844e-02 2.390127720780740525e-02 2.531957661013691657e-02 2.675110104084867449e-02 2.813069498204898156e-02 2.747776629615014329e-02
2.483074754836295944e-02 2.560478289461790707e-02 2.944445302385954172e-02 2.818473892285557753e-02 2.643500366803567744e-02 2.436253732736869820e-02 2.943452217908396062e-02 2.696733895477886056e-02 2.520973011180626874e-02 2.575774021203954683e-02
2.881170921045558830e-02 2.733282148894325067e-02 2.588752896673103543e-02 2.745674794626229431e-02 2.545904904529217375e-02 2.680598031529073458e-02 2.457788854840917483e-02 2.891956015253174805e-02 2.701817488077414703e-02 2.428195257615137562e-02
2.863751478839292319e-02 2.565043145652368128e-02 2.792155294851274283e-02 2.740683859797393707e-02 2.480684704588205849e-02 2.558896156308580749e-02 2.509100498522425643e-02 2.877525783014308128e-02 2.623219190534610903e-02 2.628528874107234625e-02
2.520186394700267563e-02 2.461733910564799233e-02 2.986705386150271396e-02 2.687155021835685442e-02 2.646686996815462642e-02 2.587737009422624510e-02 2.725405335771104859e-02 2.753326015801360604e-02 2.648097498061294935e-02 2.609037333259896924e-02
2.413735928061665550e-02 2.786721735019107374e-02 2.615440410942047877e-02 2.810698011786954414e-02 2.402978258460569672e-02 2.797634307147538538e-02 2.670994855444479982e-02 2.466070534643611742e-02 2.854246800100975964e-02 2.850396125873713715e-02
2.536118045308513938e-02 2.721978869855795277e-02 2.396855401676193514e-02 2.729642679419553436e-02 2.771966886187323537e-02 2.773151008391850497e-02 2.616637734076409164e-02 2.934139935063964644e-02 2.593278202463499341e-02 2.571418952546529468e-02
2.888091491172815536e-02 2.710037568033406979e-02 2.726758575501449927e-02 2.432805090936544096e-02 2.639805286147188859e-02 2.642128018490216834e-02 2.715822973116882935e-02 2.492339115052002660e-02 2.506422833304594588e-02 2.858092628736398633e-02
2.565892544626485750e-02 2.526312976302379915e-02 2.648786118579720197e-02 2.532902181877947842e-02 2.561712285724187382e-02 2.897799292131189239e-02 2.753518263501248189e-02 2.648309485769636401e-02 2.697290327827324072e-02 2.798521533072805684e-02
2.717010269385711219e-02 2.697329763907497027e-02 2.827427451022453131e-02 2.529297748345183186e-02 2.562320831308971189e-02 2.735560429914654992e-02 2.429192644087176806e-02 2.674653647194530706e-02 2.759245850819244672e-02 2.705228357781321036e-02
2.770942524268314028e-02 2.564193071894555614e-02 2.725613031817540610e-02 2.565321148452046063e-02 2.619628235332914848e-02 2.419498202471795714e-02 2.623056246311613118e-02 2.709497930527758613e-02 3.011594524352714103e-02 2.620745564954574114e-02
2.544369465007512501e-02 2.694408287263615892e-02 2.672366256990283198e-02 2.634895227605326198e-02 2.696390274560779218e-02 2.587674008759237310e-02 2.802157327534316941e-02 2.693452623986603706e-02 2.755978889034791865e-02 2.545449003084871570e-02
2.435003078457723819e-02 2.435797578449967749e-02 2.740610805812003156e-02 2.668475420274817045e-02 2.599652484308899794e-02 2.704556224462866670e-02 2.845415237022009408e-02 2.655098963093733416e-02 2.710373430620868426e-02 2.837372822192335553e-02
2.641690639106375124e-02 2.717667316159613072e-02 2.879983471218139357e-02 2.710287490733298554e-02 2.528798968596538549e-02 2.528759311495582668e-02 2.583909050491695059e-02 2.684198530150950709e-02 2.633050068872573937e-02 2.710933156025040550e-02
2.658551197301568456e-02 2.782766718992819854e-02 2.494687834198151474e-02 2.796101396768710737e-02 2.437031566097481311e-02 2.980735127804520421e-02 2.730720701879852177e-02 2.658293183962440881e-02 2.578867967625298602e-02 2.528899764326925093e-02
2.745836899014094182e-02 2.560919977028541100e-02 2.554417538749609654e-02 2.722184287697759428e-02 2.549002883842681894e-02 2.898990843382649382e-02 2.741691875808894077e-02 2.560777473579012656e-02 2.705330452765157198e-02 2.596539213066520468e-02
2.704195890575827876e-02 2.597564339095350186e-02 2.732011815211963374e-02 2.793811527648331489e-02 2.745941981558701339e-02 2.422417059089093661e-02 2.677521980839437515e-02 2.498658910842718045e-02 2.801827306448571517e-02 2.658093768961388922e-02
2.557008383431351103e-02 2.656714293572927030e-02 2.603471991086508258e-02 3.026945546075792901e-02 2.236599302315120386e-02 2.607760702714027184e-02 2.888599333422700935e-02 2.671791344690765957e-02 2.824651821738816820e-02 2.581234654467981851e-02
2.798683086170335871e-02 2.597363759690508866e-02 2.595786923181334083e-02 2.738440107820029959e-02 2.549100615633961842e-02 2.652089711922670304e-02 2.735647816151693876e-02 2.652598108826980175e-02 2.656665531305080208e-02 2.656201634101852671e-02
2.706957467762662051e-02 2.780137054547844599e-02 2.540470689558001552e-02 2.704534567279163679e-02 2.568023677738072094e-02 2.522097363927912686e-02 2.725984797194881681e-02 2.575779502519663297e-02 2.736152901447021571e-02 2.773342488941977352e-02
2.475167822245953608e-02 2.587567910063738597e-02 2.659172404781123128e-02 2.765567073085475544e-02 2.622018952919231288e-02 2.581465921224452773e-02 2.723771431071711144e-02 2.665001749750964960e-02 2.630783664752371631e-02 2.926599490065865880e-02
2.426298427323319781e-02 2.550076712952087030e-02 2.954446021638058167e-02 2.462136190641952757e-02 2.562626458256710149e-02 2.772987071616192165e-02 2.823444732667911017e-02 2.680259234821231323e-02 2.774355134949703025e-02 2.628573223826237079e-02
2.462667412877598411e-02 2.923624720980980835e-02 2.682318645230647586e-02 2.463247391638952177e-02 2.420140933297988337e-02 2.627502087724248661e-02 2.801014759872009000e-02 2.599941023898893686e-02 2.826363285413980089e-02 2.833395343324360272e-02
2.450397747817697688e-02 2.635285674807962691e-02 2.559465333394557451e-02 2.804895317429397308e-02 2.704474936452887571e-02 2.704298808914694374e-02 2.799744948647204038e-02 2.570505047944905003e-02 2.624396271039778489e-02 2.783108111791092118e-02
2.478924871710334876e-02 2.703005130719240978e-02 2.819084661195876695e-02 2.709514676492176879e-02 2.629999515233443982e-02 2.625153953104668661e-02 2.700572547501838699e-02 2.522531329742724177e-02 2.566196603917079988e-02 2.887704646926793003e-02
2.956540587819537352e-02 2.254362472096767267e-02 2.462597379175175683e-02 2.998769189449943667e-02 2.380602327798190046e-02 2.878080794242367235e-02 2.788412713864602682e-02 2.791595165132624082e-02 2.725584170404753148e-02 2.466323104837116198e-02
2.533303079830069235e-02 2.506539450140903014e-02 2.650694672156455461e-02 2.670070343338383154e-02 2.736491320523982279e-02 2.860382648924890067e-02 2.391253288321239581e-02 2.792128368920324816e-02 2.959125183153714714e-02 2.535101457829851829e-02
2.749971337787529557e-02 2.584933691028757502e-02 2.574374550639699222e-02 2.879454155094918200e-02 2.634492237269465617e-02 2.566812315885865989e-02 2.830349003176876529e-02 2.530929697827876204e-02 2.655498955738226988e-02 2.636548868348252694e-02
2.506841454620034951e-02 2.594710046254064539e-02 2.791273466974918821e-02 2.795322524758399665e-02 2.537021576425094876e-02 2.708233968378529269e-02 2.670808886765837359e-02 2.747178938707916379e-02 2.577163072733399188e-02 2.701402241111272237e-02
2.795473396736363955e-02 2.666209986451986702e-02 2.651978706683211923e-02 2.318259424672255986e-02 2.898291036400428913e-02 2.538739311577110566e-02 2.803597358032782275e-02 2.715856877039816986e-02 2.572575488085169018e-02 2.688662406655654979e-02
2.452633810466934780e-02 2.605345515526746869e-02 2.706788124674506038e-02 2.653454996605414395e-02 3.145409745290683734e-02 2.768385843933728399e-02 2.597427229713647132e-02 2.536991446786782817e-02 2.566545986387836625e-02 2.587477747917076715e-02
2.672787379150821582e-02 2.264063603633997834e-02 2.996563238876143176e-02 2.551863138385671373e-02 2.818046968251919360e-02 2.576290894877981616e-02 2.462855229065340212e-02 2.735361145452519169e-02 2.780569650770399817e-02 2.792429567108912353e-02
2.730829374142450597e-02 2.941393094432652455e-02 2.421989044126678786e-02 2.732382036816228058e-02 2.444197566102557576e-02 2.754670848359190571e-02 2.572124025432692002e-02 2.639125981056093459e-02 2.669652251006086191e-02 2.743420624962511489e-02
2.376970482386916994e-02 2.684310283491746912e-02 2.572479996089856863e-02 2.568819391217740111e-02 2.670964876115161993e-02 2.727340560661172322e-02 2.934049786582303143e-02 2.619798201481053287e-02 2.806595836209776693e-02 2.675177017579775593e-02
2.612199214292401303e-02 2.557014189571926721e-02 2.712948945627657871e-02 2.719490642221772392e-02 2.620452589941778959e-02 2.648040231240546619e-02 2.506361964009190882e-02 2.865899353016142584e-02 2.592513187502002922e-02 2.802657912130145090e-02
2.546880626967056721e-02 2.816782075053638965e-02 2.892400663336737454e-02 2.598948707341382919e-02 2.579158212803073225e-02 2.573905655734938860e-02 2.815088192223364622e-02 2.631188625918294555e-02 2.500528116906540130e-02 2.665746149302517659e-02
2.640941818536600080e-02 2.623812894987132688e-02 2.556130741260503186e-02 2.490727430043542315e-02 2.501354993064620544e-02 2.734846602623268105e-02 2.960150598874197736e-02 2.525578792979775444e-02 2.895311152657208467e-02 2.709402619530509523e-02
2.880050370477038948e-02 2.454422775676136370e-02 2.820253970589051140e-02 2.735436113546235726e-02 2.530093130084924355e-02 2.557509326663032212e-02 2.838238391491917922e-02 2.872032636735345063e-02 2.522757799995581710e-02 2.433728449640530297e-02
2.549097830447949117e-02 2.586895707903945005e-02 2.821511115266161357e-02 2.368731441707526419e-02 2.877820495217579475e-02 2.475941612424770524e-02 2.747011516137008724e-02 2.783914995192367237e-02 2.653243666308852805e-02 2.803019685815228215e-02
2.720235995226650411e-02 2.533534362948820437e-02 2.624804996880864688e-02 2.640673147485038050e-02 2.731541311847718659e-02 2.662025572873457160e-02 2.417105147355897224e-02 2.994280011213528922e-02 2.599573450155546334e-02 2.726873680576321138e-02
2.424712436547420830e-02 3.028480202423092932e-02 2.582597896086241337e-02 2.601989399632875094e-02 2.867738649500482448e-02 2.567559220747198112e-02 2.685848814033500731e-02 2.584697659054571023e-02 2.535318469548149614e-02 2.792833713903831658e-02
2.778554125453697177e-02 2.687246640603455083e-02 2.338916339836485947e-02 2.560907713901244137e-02 2.856338283563914990e-02 2.480845623998698471e-02 2.745666355414674506e-02 2.768536443379385550e-02 2.739587282977709592e-02 2.682166390278429083e-02
2.570315856239517929e-02 2.942684004105754550e-02 2.637936489601218695e-02 2.499805624612691513e-02 2.757083279691966218e-02 2.499221779509360614e-02 2.667054377550186206e-02 2.823556061276754486e-02 2.456724816972314859e-02 2.801676339755396553e-02
2.711105404623654833e-02 2.586341453645804936e-02 2.603607888676751428e-02 2.606541238274140068e-02 2.433676167005696320e-02 2.651677518432192168e-02 2.836831045525474437e-02 2.694477766627449353e-02 2.722964310591551723e-02 2.779133139762126822e-02
2.834884464904167956e-02 2.770991627945149083e-02 2.506630238197212618e-02 2.988975466904965350e-02 2.879248863902037978e-02 2.596396456463625699e-02 2.446572202828485934e-02 2.518547885540105280e-02 2.553285443289164680e-02 2.534031381703159488e-02
2.471752673552587987e-02 2.666274996289212662e-02 2.622889357018489548e-02 2.804601402366047741e-02 2.739308773876007741e-02 2.643135031147160474e-02 2.697910769614896703e-02 2.680860178933383922e-02 2.854671508575758881e-02 2.444236397740293804e-02
2.787364363017168917e-02 2.397884047734122337e-02 2.783331285114582984e-02 2.411654817622192748e-02 2.542936852587093094e-02 3.094134791895895853e-02 2.711326990039357107e-02 2.832345331517129028e-02 2.467840464356267638e-02 2.623859013995364156e-02
2.640831296326139055e-02 2.597547806757411620e-02 2.736543110872543400e-02 2.584902786344762601e-02 2.797525742112595346e-02 2.744954238031023161e-02 2.426247164848277516e-02 2.699496822216312930e-02 2.891792129818556226e-02 2.520795301656356124e-02
2.546637472757369916e-02 2.854098239526475789e-02 2.631930392454383261e-02 2.597272378066287427e-02 2.932368603791292438e-02 2.535379848156864291e-02 2.927688533296090787e-02 2.572562011758161918e-02 2.574942291834792993e-02 2.477478670651413195e-02
2.678890373477089623e-02 2.547707967362226530e-02 2.692072726034468871e-02 2.668466824478768137e-02 2.675710885568898315e-02 2.674815971241582477e-02 2.557373536571688408e-02 2.665043895854788195e-02 2.724532984904595376e-02 2.739993416849413263e-02
2.956183346996370601e-02 2.677005600302258953e-02 2.521760607208992783e-02 3.060485297556495704e-02 2.561991043684845246e-02 2.766486603996328592e-02 2.792421434338290473e-02 2.638817595068156108e-02 2.215522853324876015e-02 2.456727021678619879e-02
2.641108880204379519e-02 2.602201211550349627e-02 3.103136990548474236e-02 2.594105007755572248e-02 2.410795399123054697e-02 2.910741607923205895e-02 2.500703721888970776e-02 2.529406313853652805e-02 2.445312289016426596e-02 2.941711738569481246e-02
2.354790695345159585e-02 2.636097828060758597e-02 2.611216086827309463e-02 2.690690872112302262e-02 2.683696306649853078e-02 2.426012048624900247e-02 2.679670314341496898e-02 2.909286168383924676e-02 2.691755830591768470e-02 2.950243563963624721e-02
2.579875370287239983e-02 2.495798654517338011e-02 2.838514762705148312e-02 2.728793666678380747e-02 2.579169252253117606e-02 2.549881511697396283e-02 2.523719334950163401e-02 2.844645553701394963e-02 2.858895308103286126e-02 2.607767156305194900e-02
2.567085517234414180e-02 2.894595709229046826e-02 2.764018285906185909e-02 2.810331557767731595e-02 2.656352296532474289e-02 2.707312768569282435e-02 2.586732343792571415e-02 2.563831503315274624e-02 2.470501128191659318e-02 2.603775714210895473e-02
2.713602048367002098e-02 2.575334399081850162e-02 2.731803315307843039e-02 2.701969818602303203e-02 2.573488457194193432e-02 2.901721550608858322e-02 2.466795871341267293e-02 2.495259319955154403e-02 2.907671675689848384e-02 2.584506453060363834e-02
2.679119191455646767e-02 2.701848670574567846e-02 2.665373643936771661e-02 2.880040649416741247e-02 2.487546693906467904e-02 2.432468983356953635e-02 2.637758740034471666e-02 2.733121309363449949e-02 2.782525511100443841e-02 2.619989621223780402e-02
2.530634039162123899e-02 2.770681356082745073e-02 2.554608730418823220e-02 2.801062330657546479e-02 2.642150724547311785e-02 2.763758569247371996e-02 2.941402962651262776e-02 2.701913429458897148e-02 2.395765078523394431e-02 2.519278811357453587e-02
2.544895022572466609e-02 2.667783788071703688e-02 2.634369283135594431e-02 2.895074535964283630e-02 2.543923695497292067e-02 2.886486493748239429e-02 2.555231437173575287e-02 2.443451253743797111e-02 2.608703227268967251e-02 2.866742239997872518e-02
2.509794670707017616e-02 2.782140917616689191e-02 2.436826998622948839e-02 2.570516995092109874e-02 2.687265000397080425e-02 2.669529264051413026e-02 2.735813647080705124e-02 2.655435751958411944e-02 2.703052030908267497e-02 2.890940243959664105e-02
2.990610619633449208e-02 2.373451823632890395e-02 2.457050791522228522e-02 2.586686562377512114e-02 2.516854846567531320e-02 3.052325202582102312e-02 2.741635051474450302e-02 2.532497700154288586e-02 2.755019287454405635e-02 2.632829543089632365e-02
2.434666466720327924e-02 2.595346456142392372e-02 2.694661113166056318e-02 2.627625469746087961e-02 2.743235370014441080e-02 2.729947344052283120e-02 2.740566199293847233e-02 2.805422331635616315e-02 2.727394162451178897e-02 2.519395171515954532e-02
2.749229045280779382e-02 2.590844169681341680e-02 2.437849294216157259e-02 2.598864620768038397e-02 3.059917690369619997e-02 2.800858298142968467e-02 2.643821426454064441e-02 2.524656306598488040e-02 2.917029661257559275e-02 2.333052518725772448e-02
2.778532121779586292e-02 2.474287076165708824e-02 2.645003593876727940e-02 2.620987863732548995e-02 2.689503779183005650e-02 2.767677970240020949e-02 2.740143419157548346e-02 2.555193361683173042e-02 2.761480358987393816e-02 2.602315246861386724e-02
2.798286884786448450e-02 2.485822136264348448e-02 2.769903138159942463e-02 2.356074736506142547e-02 2.598513992498498182e-02 2.996740958841930674e-02 2.660561536124461321e-02 2.685608361178344616e-02 2.598743575217491580e-02 2.690422891963160229e-02
2.460316670111197326e-02 2.644991311647461318e-02 2.540134602332244640e-02 2.695013564920183124e-02 2.733237818004899400e-02 2.697329158553660178e-02 2.741358723766246230e-02 2.702827946957054445e-02 2.629057002376709515e-02 2.789346368869690188e-02
2.577629741160491691e-02 2.488155736031133144e-02 2.493796922763245882e-02 2.715104006461923486e-02 2.976769899050893051e-02 2.604845189138412301e-02 2.641461847151499454e-02 2.580886527220035281e-02 2.788796759690968102e-02 2.742267752710710396e-02
2.522185531667172839e-02 2.806063847828850488e-02 2.765812163544753566e-02 2.705420673336881091e-02 2.668925443101573952e-02 2.618034274738730710e-02 2.517926524552167519e-02 2.685040621797621374e-02 2.714248896402092492e-02 2.620872186842494733e-02
2.731356253387189417e-02 2.787223214596243684e-02 2.625928660155969416e-02 2.894025067490770681e-02 2.642395021828297663e-02 2.617421840941378669e-02 2.702828755362530685e-02 2.603040736930295473e-02 2.651726958349798560e-02 2.380670306914880671e-02
2.487131793785077663e-02 2.841302151073991228e-02 2.629115530260428893e-02 2.715041190193910950e-02 2.471922173306366141e-02 2.664438080145923454e-02 2.842737745711993586e-02 2.505021408017705023e-02 2.803757254208928684e-02 2.689425963937164960e-02
2.672239438668993008e-02 2.517977746723758931e-02 2.637375711287938407e-02 2.714962230590165643e-02 2.481338424996376232e-02 2.664423609112712837e-02 2.617309985077660370e-02 2.792990327176054360e-02 2.867611938702067931e-02 2.658104222312528478e-02
2.448396239352110607e-02 2.460762434157138384e-02 2.741055235718160149e-02 2.910186823444910545e-02 2.606336179519056634e-02 2.689866226064566157e-02 2.856960673378745180e-02 2.685530197962349500e-02 2.687423087885339179e-02 2.533029933298115016e-02
2.610926348758036211e-02 2.487904762576253689e-02 2.745693474407492202e-02 2.540254769521211459e-02 2.853002853460514729e-02 2.771614843012807847e-02 2.544506118572045436e-02 2.491716614545715427e-02 2.713253529148891910e-02 2.863428512004840068e-02
2.541898927895952856e-02 2.792740575053955301e-02 2.757234879095891295e-02 2.714165326247558810e-02 2.427811561556514341e-02 2.722011357331881320e-02 2.579906333453407113e-02 2.670859015719695417e-02 2.848963992581981033e-02 2.575625106876015119e-02
2.647813993841032984e-02 2.677384523447044751e-02 2.740917194720461636e-02 2.407776329528454190e-02 2.656374685289339399e-02 2.607060329217272474e-02 2.704025896615244035e-02 2.715174549614832872e-02 2.849700705591326835e-02 2.627109009426339958e-02
2.495350687083618124e-02 2.663624486601277180e-02 2.482597994245093476e-02 2.995188342195896636e-02 2.442295411514864081e-02 2.668001186049157036e-02 2.733513302321567695e-02 2.705578491360879217e-02 2.808444381637679316e-02 2.657386932452826186e-02
2.587011461077123875e-02 2.761318691601330477e-02 2.606624413248296440e-02 2.646657244043563312e-02 2.811806049124866355e-02 2.658846027233977005e-02 2.569608547998761955e-02 2.541474674815398863e-02 2.888948271583377872e-02 2.566174317481399389e-02
2.734757462564892799e-02 2.705612473182750916e-02 2.773631774909701697e-02 2.499076946502510471e-02 2.793595785677639373e-02 2.799231989389821401e-02 2.384117015340994628e-02 2.783762654540674827e-02 2.626802804652428325e-02 2.551536774500529764e-02
2.727220062219832056e-02 2.565922823593026758e-02 2.713845834635282561e-02 2.561788558982264208e-02 2.647840988668784257e-02 2.623193814109330349e-02 2.705755581725986444e-02 2.757398864530725274e-02 2.645705603792534305e-02 2.682052880600501246e-02
2.646171178403720556e-02 2.609752307780894426e-02 2.765915522834722778e-02 2.788442116955251043e-02 2.707167662782961060e-02 2.633003075301955723e-02 2.719324384295697741e-02 2.650785787287322434e-02 2.575899651556691136e-02 2.528277289733135355e-02
2.580907920456624802e-02 2.457684643015343659e-02 2.512326117748346285e-02 2.927115542025628819e-02 2.729020280192662185e-02 2.646901887787402388e-02 2.447988504333058896e-02 2.717040089850336973e-02 2.887974710297443529e-02 2.692825915522195981e-02
