4.017944030126155419e-01 4.183962049393630256e-01 3.987364365219232543e-01 3.905479320566532797e-01 3.898686073287200293e-01 3.838154037021529463e-01 4.037575986634158731e-01 4.063533070721030982e-01 4.012921361152209654e-01 4.054379705878341511e-01
3.764045957396892628e-01 3.873465266569766641e-01 4.158096070729364047e-01 4.047557254718017750e-01 3.970877408283875476e-01 4.117322402073430032e-01 3.877867039621982759e-01 4.056029629324834351e-01 4.118737126333744669e-01 4.016001844948094979e-01
4.056352196305079150e-01 3.881382064322896341e-01 3.921030750372918039e-01 4.025156398783150680e-01 4.059672738590490160e-01 3.990018763739243690e-01 4.078230357772392178e-01 3.974036600747093417e-01 4.045356863899225996e-01 3.968763265467456502e-01
3.932829912214114154e-01 4.003424636754419619e-01 3.997001869357160730e-01 3.987826202416180355e-01 3.922594081152074308e-01 3.906999734901350774e-01 3.939809422907528669e-01 3.981129771467497025e-01 4.138329790339752012e-01 4.190054578489965653e-01
4.103762698318467739e-01 3.661081320363792635e-01 3.980636220964769434e-01 4.098991073620760206e-01 4.003348318799432315e-01 4.004969510709728842e-01 3.926591120842537475e-01 3.958076149143416322e-01 4.128917205138015190e-01 4.133626382099149787e-01
3.905178016785190165e-01 4.077450907386170331e-01 3.993957529176778154e-01 4.056657761908071258e-01 3.964447755466992129e-01 3.921491469990499579e-01 4.040083428426850531e-01 3.904682612721496193e-01 4.068186198200073878e-01 4.067864319937876116e-01
4.008033675091715042e-01 3.998365627270906164e-01 4.103944630949308281e-01 4.257024396737656424e-01 4.096862003793997342e-01 3.973922303973258519e-01 3.942105249884737539e-01 3.967664114270569309e-01 3.731160143398939422e-01 3.920917854628864774e-01
4.127810196453203240e-01 4.061140441164103887e-01 3.993184203515039998e-01 3.953412724679258861e-01 3.959616043784538464e-01 4.005019025402135613e-01 4.079299372292145565e-01 3.883672236170167547e-01 3.901792895835580754e-01 4.035052860703939315e-01
4.028772465384049539e-01 3.915449122528920634e-01 4.012601496987818206e-01 4.091974105764764058e-01 3.927483941478281393e-01 3.979870420974589984e-01 3.804428045079426557e-01 4.253074388462482203e-01 3.936764333555741180e-01 4.049581679783864074e-01
4.115999363107903375e-01 4.000441060024536033e-01 3.791505887781719819e-01 4.131100261121721240e-01 3.964472658991902154e-01 3.947741729978282432e-01 4.008135284813169052e-01 4.106422995554043220e-01 4.074264137690206677e-01 3.859916620936553189e-01
4.046083431289821952e-01 4.004725305406331426e-01 3.976515770783078940e-01 3.928026633262495793e-01 3.849869006800963889e-01 3.853090942189065782e-01 4.051786590116281395e-01 4.135882382757105069e-01 4.010347672764170701e-01 4.143672264630716140e-01
4.089158607504336240e-01 4.076214520634414140e-01 4.129754945086097084e-01 4.058452576166229897e-01 3.928976881558047252e-01 3.930139356938744388e-01 3.964896249672562600e-01 4.056374488944243795e-01 3.868347993901034565e-01 3.897684379594321680e-01
4.199259344151763385e-01 4.033746281353518537e-01 3.913689095664354411e-01 4.025593403053656649e-01 3.927473305591961394e-01 3.989150046050184417e-01 3.754685208664666485e-01 4.006330061563718736e-01 4.099779960753101582e-01 4.050293293153058305e-01
4.040947633400265304e-01 4.008253051254105359e-01 4.039102369492292288e-01 4.048616893939389061e-01 3.867885501259292758e-01 3.950018465770981368e-01 3.959703930262565841e-01 4.102206200671464353e-01 3.862152798009631516e-01 4.121113155940097084e-01
4.035365155432297790e-01 4.010939397274340679e-01 4.118773296701484510e-01 3.844186650609196509e-01 4.046958431113977239e-01 4.057834195005193823e-01 3.979127957766236956e-01 3.908350471227101108e-01 3.929841154873473519e-01 4.068623289996728953e-01
4.033757317482564719e-01 4.053307694942250294e-01 3.958471232611369683e-01 3.933044422281731789e-01 4.034504158216558611e-01 4.021992551966490081e-01 3.969843534565609122e-01 4.041627175502835456e-01 4.017660643535781451e-01 3.935791268894765493e-01
3.967906661385092182e-01 3.987682536703764935e-01 4.068366679019149723e-01 4.039973647245905242e-01 3.978951163500601962e-01 3.914149772870917365e-01 4.117851162815460153e-01 4.049381975440825565e-01 3.962414164630303492e-01 3.913322236388049880e-01
3.993176206531131589e-01 4.031653434397374225e-01 3.918119377061172748e-01 3.956937212083013744e-01 3.952170802018678542e-01 4.045501215890852653e-01 3.971203191716126124e-01 4.001538980287100422e-01 4.033039102610973536e-01 4.096660477403599177e-01
4.125249369040260294e-01 4.122159383395894716e-01 3.843165761853128970e-01 3.986330289225633594e-01 3.799769455440251131e-01 4.129012753513607303e-01 3.996557575531747286e-01 3.825700113306065298e-01 4.069597037378873683e-01 4.102458261314467780e-01
3.970678183837744735e-01 3.953192266672892474e-01 4.026114214642577682e-01 4.115014571713333513e-01 4.035722277561440974e-01 3.798594482398698902e-01 3.882374977843427444e-01 4.024473809280960102e-01 4.123294825108766437e-01 4.070540390940119435e-01
3.855428089693666016e-01 3.960050763404839858e-01 4.195513683861681331e-01 4.127672355789739900e-01 3.968820004759401887e-01 3.852207328422289079e-01 4.153646686841159230e-01 4.060755420267795346e-01 3.924635606072698901e-01 3.901270060886721236e-01
4.107410741397064524e-01 4.063356273273973640e-01 3.973832020387295660e-01 4.035215986798950105e-01 3.928195020876717458e-01 3.979521582378390265e-01 3.894872159169914250e-01 4.130508698182800975e-01 4.025155423373277808e-01 3.861932094161600881e-01
4.091801246767626798e-01 3.967273442766479086e-01 4.087115536449970610e-01 4.055425692815615712e-01 3.877693535654495594e-01 3.896370457145089672e-01 3.918979310796727455e-01 4.122540044977640039e-01 3.997917165338457091e-01 3.984883567287922923e-01
3.871897731966641998e-01 3.891135192290173794e-01 4.191771443935384811e-01 4.057166013378484815e-01 3.977746124085185242e-01 3.933958691651200379e-01 4.040712770428819267e-01 4.076036820797805937e-01 4.014071167180884858e-01 3.945504044285351730e-01
3.852524862020443863e-01 4.045930550194026254e-01 3.995842575941930264e-01 4.072883022257627883e-01 3.851073384656492071e-01 4.059058313058825362e-01 3.991595933659530804e-01 3.898269962974855729e-01 4.117827768946785705e-01 4.114993626289409345e-01
3.919373877145194696e-01 4.012431484558446337e-01 3.830887816404393020e-01 4.032866438301087042e-01 4.078466097398853463e-01 4.076576723841827676e-01 4.000583250747341557e-01 4.147805603262252894e-01 3.969045973864847032e-01 3.931962734475724641e-01
4.178993923824856349e-01 4.068694203964802192e-01 4.013013570837314914e-01 3.830789962636271251e-01 3.973967827841985989e-01 4.017429727713085486e-01 4.033818417550224522e-01 3.863293138772681545e-01 3.889249520701539842e-01 4.130749706157280654e-01
3.947210436532586075e-01 3.910041820576450333e-01 3.967132966475573896e-01 3.905925353988008442e-01 3.950819060227978019e-01 4.143300946124138240e-01 4.075678368466360002e-01 3.996245570068288067e-01 4.025133867019541345e-01 4.078511610521077801e-01
4.036475779722793478e-01 4.039439628378256875e-01 4.088770248277597830e-01 3.924089999847204524e-01 3.934953287928617538e-01 4.018274678316223758e-01 3.855421046311460209e-01 3.998719356003208047e-01 4.064813084195908477e-01 4.039042891018735371e-01
4.040278141209823204e-01 3.936619401285447184e-01 4.035737725215715610e-01 3.957316765940068204e-01 3.956301132351086047e-01 3.815486213109811064e-01 3.960887282966591982e-01 4.068519256647263882e-01 4.216216237045017357e-01 4.012637844229121620e-01
3.913139228846794770e-01 4.015957705671230338e-01 4.020693570760554003e-01 3.986992558170638357e-01 4.002396235057712470e-01 3.958132820505426697e-01 4.084856037061740941e-01 4.049466463884193734e-01 4.054655075761154359e-01 3.913710304280514918e-01
3.844185519092646608e-01 3.837571431034955682e-01 4.040745008456227416e-01 4.017160956644672543e-01 3.963787731753560806e-01 4.025928898042226978e-01 4.102518216186866740e-01 4.019386108486824871e-01 4.054782710739883722e-01 4.093933419562121312e-01
3.982280528340554904e-01 4.055053480923146991e-01 4.149367126190074972e-01 4.048820480966595081e-01 3.900443322061845630e-01 3.887684700055591969e-01 3.948795525815321783e-01 4.021121532031465273e-01 3.992993368778368080e-01 4.013439934837056966e-01
4.008512376491568108e-01 4.079688910163280502e-01 3.908940980161158540e-01 4.029817530933821335e-01 3.880758432799351065e-01 4.183800761414038227e-01 4.084661583772321025e-01 4.003780264415783829e-01 3.913816436340185057e-01 3.906222723508580019e-01
4.048241493179270956e-01 3.939285689162173032e-01 3.920118656324136364e-01 4.008806527785285789e-01 3.959890538840210028e-01 4.145194394499689405e-01 4.064623858659286992e-01 3.937114211951152076e-01 4.001234905742880876e-01 3.975489723855907265e-01
4.011142948535456609e-01 3.949939581137447142e-01 4.055037448013619761e-01 4.104570334379628038e-01 4.057138180638165670e-01 3.839074821494955492e-01 3.966736971608085804e-01 3.911365945853566561e-01 4.088375908086345212e-01 4.016617860252775229e-01
3.902020176559140574e-01 3.994050675933338290e-01 4.022282691228769025e-01 4.179569448082637306e-01 3.716050363544942670e-01 3.941413446710830826e-01 4.137444020941799527e-01 4.067690348340136097e-01 4.097390449397708689e-01 3.942088379260673126e-01
4.077653660343073527e-01 3.967676570540443759e-01 3.958305592216515012e-01 4.027784111251876964e-01 3.934516056997600653e-01 3.993402930408499474e-01 4.044989336311199390e-01 3.997665689908249664e-01 3.990601280957838393e-01 4.007404771064717042e-01
4.048029797328109858e-01 4.062013237711452618e-01 3.934126809513097123e-01 4.008280024814980802e-01 3.936874129478614148e-01 3.912819180186720702e-01 4.018154855382644053e-01 3.955877180928915049e-01 4.045449517805664308e-01 4.078375266849847414e-01
3.887365397332684935e-01 3.928240549514843694e-01 4.004415502887267442e-01 4.073742732102099695e-01 3.980277730628353772e-01 3.943770439558981211e-01 4.017529716239019444e-01 4.008648528521936982e-01 4.014979426705072019e-01 4.141029976509803534e-01
3.825989382581524989e-01 3.951745385466479132e-01 4.162009058271793904e-01 3.888625817261820439e-01 3.914572494616902487e-01 4.062735261573144907e-01 4.117683625828781890e-01 4.049873201512833587e-01 4.071524484165279234e-01 3.955241288721424442e-01
3.902002130364184973e-01 4.148506867915408014e-01 4.036845980598494643e-01 3.855978570929350369e-01 3.810652959958339414e-01 3.979424752380391617e-01 4.086805290036623073e-01 3.997579151323326641e-01 4.097845132029984683e-01 4.084359164463827740e-01
3.871544157989944557e-01 3.951343221736545175e-01 3.941981896957738041e-01 4.086384282156813041e-01 4.046434881414511242e-01 4.042258320168416463e-01 4.067032380667112701e-01 3.947537590998655976e-01 3.982858342931944740e-01 4.062624924978279206e-01
3.898920432880990106e-01 4.021256121617760027e-01 4.101401176186068032e-01 4.045302011709287493e-01 3.979183633478553528e-01 3.976308593730319974e-01 4.005259868306378368e-01 3.910522623097609229e-01 3.953086904414965796e-01 4.108758634578079105e-01
4.119433709836348712e-01 3.735509573709429043e-01 3.878388051459459307e-01 4.153521261896018779e-01 3.861571322658546856e-01 4.110910467567289173e-01 4.104591073914443111e-01 4.093791577692595940e-01 4.033695180410672987e-01 3.908587780855246052e-01
3.881377613141775429e-01 3.877068121504414488e-01 3.987262790251487887e-01 4.032772470781511021e-01 4.071764926651442740e-01 4.086047148886504665e-01 3.829130259986786022e-01 4.089110365338779474e-01 4.191328125655590098e-01 3.954138177801644893e-01
4.046588186189948311e-01 3.945519954561681475e-01 3.956545532449119440e-01 4.116848837215726920e-01 3.999636557722988650e-01 3.950939891527701642e-01 4.076816584824553003e-01 3.926908907388083070e-01 3.984992731331101767e-01 3.995202816789080735e-01
3.883989318573747296e-01 3.961982887667107045e-01 4.094398704434190073e-01 4.090342336292093206e-01 3.924897338378960931e-01 4.007217588097451988e-01 4.014583081249456509e-01 4.058728500960931962e-01 3.963651384466752581e-01 4.000208859879298418e-01
4.101144750742425904e-01 4.024692095434322381e-01 3.965451631140345934e-01 3.770473850837079421e-01 4.102164310225888677e-01 3.966902475307488851e-01 4.091839401773008644e-01 4.024991464232842153e-01 3.938305619166458937e-01 4.014034401140155195e-01
3.862078616742212755e-01 3.935468312321022122e-01 4.013141556388446496e-01 4.054736020699574173e-01 4.290521732827075607e-01 4.113681403262594016e-01 3.949546386408900323e-01 3.891959837937737920e-01 3.937348899601365027e-01 3.951517233811051577e-01
3.980213146171170946e-01 3.729916439336057321e-01 4.152681354881633258e-01 3.997110010327870055e-01 4.097536975929456649e-01 3.925751720479438989e-01 3.851768218768237828e-01 4.038738415644713697e-01 4.120178304248352519e-01 4.106105414213060412e-01
4.080784052221717584e-01 4.157770452493569358e-01 3.862703491127885691e-01 3.997032772488314789e-01 3.871055384203911931e-01 4.048650536738507832e-01 3.951371452222853797e-01 3.975613774640095466e-01 3.992917132129722990e-01 4.062100951733511600e-01
3.814266403010500572e-01 3.991572024256756501e-01 3.948592847465717259e-01 3.932340622672898522e-01 3.996575104534334510e-01 4.063215783874560283e-01 4.161661762507763429e-01 4.015405507004760066e-01 4.082934567834274331e-01 3.993435376838389561e-01
3.959817947177817210e-01 3.927413446162520416e-01 4.029167269921657413e-01 4.051362207276853478e-01 3.979253592504167769e-01 3.966804444069486624e-01 3.906111848235314099e-01 4.106063405492821339e-01 3.995506270416396832e-01 4.078499568742988135e-01
3.941451790893898965e-01 4.122854983284210961e-01 4.158699349780441423e-01 3.969521714901045328e-01 3.912236307663644608e-01 3.949708658867842059e-01 4.100544927846609955e-01 3.999921504072796452e-01 3.887024701992284337e-01 3.958036060697180947e-01
3.996225093375135318e-01 3.974049372212301590e-01 3.923801700525330061e-01 3.859211712845535547e-01 3.893757016361703016e-01 4.066834495313981779e-01 4.173301120616140780e-01 3.953886234184698090e-01 4.118288352345457759e-01 4.040644902219755474e-01
4.084603776434129196e-01 3.910233702072203332e-01 4.102695601485299437e-01 4.044128864085893005e-01 3.896530524079617752e-01 3.928655431198060377e-01 4.133960387752537713e-01 4.145531355661289385e-01 3.916230880429398820e-01 3.837429476801632600e-01
3.932872275330205336e-01 3.955554049341892808e-01 4.072564107241049558e-01 3.838283518238137515e-01 4.082771222477840634e-01 3.897681932565442708e-01 4.049697735217793748e-01 4.080905819927201916e-01 4.024257297183854165e-01 4.065412042476624355e-01
4.023242862252411900e-01 3.912640585487867084e-01 3.959922856715827333e-01 4.004581155149909977e-01 4.047464158725598837e-01 3.982468174836472086e-01 3.855447340544055357e-01 4.161428304094283437e-01 4.003971506125756363e-01 4.048833056067779324e-01
3.889559441382629545e-01 4.180840884776378386e-01 3.973904608708146435e-01 3.971814304946584828e-01 4.102343437206017462e-01 3.967771701934487139e-01 4.000125821316286023e-01 3.945374757929670517e-01 3.920439565859703546e-01 4.047825475940033391e-01
4.084467816812171748e-01 3.999026815656446798e-01 3.771488836938929334e-01 3.933393764329468079e-01 4.103884923044308075e-01 3.911949682926624261e-01 4.037453640661432530e-01 4.066128242874002541e-01 4.055929417033425910e-01 4.036276859723239019e-01
3.980948610791297249e-01 4.164141900184670231e-01 4.001633397800049563e-01 3.896955544731119381e-01 4.016265444636553661e-01 3.911710704071194589e-01 4.015269217829365300e-01 4.085456982979838170e-01 3.880670156620042444e-01 4.046948040355909937e-01
4.032462069476790978e-01 3.957793814979349567e-01 3.959551270918457710e-01 3.942566113070508638e-01 3.842444165620322871e-01 3.994657204530585037e-01 4.110585812834747221e-01 4.042488255669723363e-01 4.044357558412363107e-01 4.073093734487173712e-01
4.101083457744110206e-01 4.053875648806682941e-01 3.926923716090093830e-01 4.198923365128958141e-01 4.167294986903558041e-01 3.974572553661672725e-01 3.833358460717077310e-01 3.880375781020258819e-01 3.919901952996609484e-01 3.943690076930943533e-01
3.847973451713133097e-01 3.982248052971908980e-01 4.004348133772814289e-01 4.098854598455018983e-01 4.053457138368211643e-01 3.979995826402251691e-01 4.014821894851968165e-01 4.043513159753942543e-01 4.113473925337319814e-01 3.861313818373475759e-01
4.069210505642468778e-01 3.869002158975399230e-01 4.022683128826524124e-01 3.817520787498354107e-01 3.948679244876436845e-01 4.253077947635847122e-01 4.103883364859043370e-01 4.084705647027357944e-01 3.864463509700156729e-01 3.966773704958433955e-01
3.961479821966720216e-01 3.952765576844972095e-01 4.034635767097690118e-01 3.980350496588658804e-01 4.090091768026061780e-01 4.034150308915327443e-01 3.845207379662173297e-01 4.026150955858402991e-01 4.139701579095408368e-01 3.935466345944520494e-01
3.943007576182677720e-01 4.110827393800747798e-01 3.998892494880463833e-01 3.966111141624876213e-01 4.128823727320904968e-01 3.965752440200395190e-01 4.147718520181464252e-01 3.966311826741086288e-01 3.919582883337782153e-01 3.852971995729551069e-01
4.004802971155183022e-01 3.919827323319871049e-01 4.005530584373713232e-01 4.016834412335046345e-01 4.019925710285066067e-01 3.997067302340946982e-01 3.924041888243416376e-01 3.994700892558140648e-01 4.054167589325171628e-01 4.063101326063462415e-01
4.176011463587272488e-01 4.046196581881787990e-01 3.933070952554498234e-01 4.178283785567750708e-01 3.967999473183158599e-01 4.085967875569419538e-01 4.107275344785851212e-01 3.976874018585921933e-01 3.651534609197777947e-01 3.876785895086580780e-01
4.010087929226812120e-01 4.009809059363931283e-01 4.227240807258543231e-01 3.975653205092326559e-01 3.844629246407222922e-01 4.119222784904243428e-01 3.918987901997471046e-01 3.885766724218386869e-01 3.866707699844065260e-01 4.141894641686989509e-01
3.795687420012960889e-01 3.944341007334375426e-01 3.985627286240613909e-01 4.044666271304017124e-01 3.994164848528982681e-01 3.829607525151222380e-01 4.003081413624495211e-01 4.166963683403481777e-01 4.087387268245991634e-01 4.148473276153822331e-01
3.901925460916612076e-01 3.892794941744470161e-01 4.119418350344191126e-01 4.076717094837573052e-01 3.945158698413150367e-01 3.881225696238203571e-01 3.913988457468270399e-01 4.136981487353852405e-01 4.154374841917610750e-01 3.977414970766087743e-01
3.955390182991141979e-01 4.145195560748240471e-01 4.097311491262866090e-01 4.095044791644297799e-01 4.001804988185418965e-01 4.020890056553417802e-01 3.954846922824525324e-01 3.930066556895914776e-01 3.861671656326476354e-01 3.937777792567702106e-01
4.015722194388724464e-01 3.944497711372280113e-01 4.032531878891351673e-01 4.027584323758404139e-01 3.980222760225250456e-01 4.114470508820702310e-01 3.873289432873531779e-01 3.894015090105477084e-01 4.129473261176950238e-01 3.988192838387322192e-01
3.988330522779154341e-01 4.021269341263129515e-01 4.042221085165753069e-01 4.131166131878966086e-01 3.887600941278385180e-01 3.816422417808578715e-01 3.975362295944968594e-01 4.072756219750897078e-01 4.087965872305411308e-01 3.976905171824801632e-01
3.929082050432366469e-01 4.067814358221250037e-01 3.951607291762592178e-01 4.054263674397312611e-01 3.991872690510092081e-01 4.096613606039352096e-01 4.190607129530851682e-01 4.045093783454832836e-01 3.801883972200039152e-01 3.871161443451252016e-01
3.944674238225394647e-01 3.981480468872750089e-01 3.988920709659370956e-01 4.128408892048066603e-01 3.974480209337448722e-01 4.121486108825719308e-01 3.923509275787889772e-01 3.838745855218854697e-01 3.972877260404339417e-01 4.125416981620214640e-01
3.937948742386566670e-01 4.040282262854657525e-01 3.847903955852642333e-01 3.930130568107775835e-01 4.015224606047036460e-01 4.022227399808024906e-01 4.036543129769412097e-01 3.998770426195152883e-01 4.039809562035794333e-01 4.131159346942913091e-01
4.189581920239180413e-01 3.833950230547276683e-01 3.820343943772575579e-01 3.913324757654373931e-01 3.963136683981277053e-01 4.235654092006364557e-01 4.079482849829166313e-01 3.905561643406495476e-01 4.025369610349976424e-01 4.033594268213240297e-01
3.828307986643263994e-01 3.951800978104487716e-01 4.026035836614489938e-01 3.991322700996531303e-01 4.040651611376579466e-01 4.042955794888121734e-01 4.067274250544337111e-01 4.108896645899858813e-01 4.050572180001922873e-01 3.892182014930454237e-01
4.041478418584382726e-01 3.938108602648324741e-01 3.831881137903179746e-01 3.980702234181880406e-01 4.250347190361911109e-01 4.129951851226127957e-01 3.989628597291507983e-01 3.911147968340256131e-01 4.106261825864660486e-01 3.820492173597841434e-01
4.060092073882176078e-01 3.882204455516773955e-01 3.964667885722125140e-01 3.970901134652298214e-01 4.034231093064306606e-01 4.076372269647920987e-01 4.046773789472353222e-01 3.933361358031955968e-01 4.044240770710901822e-01 3.987155169299108626e-01
4.089117203866927674e-01 3.921387117282333912e-01 4.015361007048255937e-01 3.782606551940906892e-01 3.978087831987148215e-01 4.203282985345682676e-01 4.045835927088365369e-01 3.993767221366800735e-01 3.946943482899813449e-01 4.023610671173745712e-01
3.878488778310376084e-01 3.960322158360442546e-01 3.921523026160499414e-01 4.023143853649450152e-01 4.050601995376063580e-01 4.034831376546798021e-01 4.045051959980324185e-01 4.026954801418305419e-01 3.995338799284397502e-01 4.063743250913285365e-01
3.949127046461419210e-01 3.842102766167967420e-01 3.876528833324718315e-01 4.069608835857164708e-01 4.205000969587375237e-01 3.992623563908824225e-01 3.950078686203133405e-01 3.941946674655064653e-01 4.093636737827266447e-01 4.079345886007078592e-01
3.905004041164973905e-01 4.082621079000778308e-01 4.088229659936777893e-01 4.047183586140585820e-01 3.998850253698242874e-01 3.950279710109911857e-01 3.902882152600940513e-01 4.021567441731968007e-01 4.040412690746284508e-01 3.962969384869420297e-01
4.030156006517138234e-01 4.085186073000474094e-01 4.017371466102278577e-01 4.125473175511981117e-01 3.995261407907885198e-01 3.966903785645489178e-01 4.023798942887030772e-01 3.978662240353579294e-01 3.966902373404005977e-01 3.810284528670161430e-01
3.899756094823545460e-01 4.094846622736144637e-01 4.009201561063631680e-01 4.012674273973852457e-01 3.871161378584988544e-01 4.002071188507146937e-01 4.098689068520962042e-01 3.935894765052787569e-01 4.068997642009395399e-01 4.006707404727608002e-01
3.978930331946002874e-01 3.900227614808609022e-01 3.989457570338727499e-01 4.031394315133751682e-01 3.887993266448815377e-01 3.967795356385078187e-01 3.978755078115414068e-01 4.103382244198174322e-01 4.143683365211655589e-01 4.018380857413719198e-01
3.823089172340606301e-01 3.863746600648906293e-01 4.074213240720937490e-01 4.156880213394102408e-01 3.982612930867996948e-01 4.010996869812956112e-01 4.112812025806844574e-01 4.046360030022840837e-01 4.023952115855067846e-01 3.905336800529753960e-01
3.985177833940974357e-01 3.870741456128100610e-01 4.008243126843648585e-01 3.954040572267906728e-01 4.136443521638349941e-01 4.083089589737802227e-01 3.907390703227219264e-01 3.864353028687497749e-01 4.049212972238641628e-01 4.141307195289848364e-01
3.910985488537848109e-01 4.083894272270987003e-01 4.089791261540371980e-01 4.031320779685337308e-01 3.842533345771902420e-01 3.998660691684001733e-01 3.959034586938883216e-01 4.034555637940604456e-01 4.107383020112920224e-01 3.941840915517133559e-01
3.987399666370291529e-01 4.019081401932310671e-01 4.040601822160401757e-01 3.836679762546303940e-01 3.967685773229930879e-01 3.964912897323187857e-01 4.034262985345110075e-01 4.055626456032611626e-01 4.112179532338945953e-01 3.981569702720918480e-01
3.874547602976591287e-01 3.970140984975920606e-01 3.925663626197283262e-01 4.170086902979460164e-01 3.880377488611527204e-01 3.979171144814136474e-01 4.038075102768544644e-01 4.060487234763959785e-01 4.100424895962173633e-01 4.001025015950264718e-01
3.951533547835144877e-01 4.037409302707396508e-01 3.970678563182516441e-01 4.004456819971459192e-01 4.096128093701375539e-01 4.001381795350448245e-01 3.922225898067804306e-01 3.933514270043840799e-01 4.122379015529882285e-01 3.960292693610080184e-01
4.040977180801650914e-01 4.044216253706031106e-01 4.051531752534336395e-01 3.912730338908144700e-01 4.079009220315253925e-01 4.075083881270528119e-01 3.839089286360228281e-01 4.043592047191860162e-01 3.979159208914947454e-01 3.934610829997022829e-01
4.032920940048529412e-01 3.951072361565481361e-01 4.018428784360924544e-01 3.938580512878274154e-01 3.977577179293474430e-01 3.976559585783724926e-01 4.035570370712004973e-01 4.059444780531346608e-01 3.998837535997910031e-01 4.011007948828324010e-01
3.971330378367372016e-01 3.976671689395349096e-01 4.076259356180115256e-01 4.089100963923194554e-01 4.030994252297650515e-01 3.981987038520831135e-01 4.033175382675802667e-01 3.998196869105194451e-01 3.940106149822122372e-01 3.902177919712356835e-01
3.923752303727224833e-01 3.820880467762179378e-01 3.917930669330851323e-01 4.180464548268948421e-01 4.087165394280588560e-01 3.966910000432142258e-01 3.831207367398331565e-01 4.041218030517209625e-01 4.168506772952382811e-01 4.061964445330212836e-01
