-6.664917329812482194e+00
-8.057242903646189447e+00
-7.129020842806609082e+00
-7.469355701437121908e+00
-7.574758847567021114e+00
-7.933791563452461837e+00
-6.635198198165706884e+00
-7.433872138496062654e+00
-6.552465171965272006e+00
-7.580048047165151459e+00
-7.523948120165807829e+00
-8.049207683453834861e+00
-6.948880606819394679e+00
-7.119598041367877883e+00
-7.286215765633878405e+00
-8.072299382430911052e+00
-7.352164927863186428e+00
-7.206156065374039521e+00
-7.392739691591759588e+00
-7.383032477211783018e+00
-7.210312019960745111e+00
-8.225019258802914734e+00
-7.096569697493965378e+00
-8.648885351738778482e+00
-8.648693717296954020e+00
-6.726227541691839562e+00
-7.961618456453280146e+00
-7.188739531561052942e+00
-7.146263868563448973e+00
-8.161096205983493945e+00
-7.895157555031360630e+00
-7.126061970972529913e+00
-6.376229462549496851e+00
-7.668066134732728578e+00
-7.265371298879466977e+00
-7.381181160208637237e+00
-7.846776432144404012e+00
-6.522807589722340538e+00
-7.538135244972377969e+00
-7.213993582334770949e+00
-6.591456435026688432e+00
-8.249776725720002091e+00
-8.080497657652328414e+00
-7.360920166968397460e+00
-6.846917206170028969e+00
-6.487258649574008551e+00
-7.915554760784798027e+00
-7.123393100679855650e+00
-7.277613414016763649e+00
-7.911306370740405214e+00
-6.971867206648101778e+00
-6.674194691993054818e+00
-7.685664724112960755e+00
-6.536349678798369034e+00
-7.814930430654853488e+00
-8.099520028901983082e+00
-7.544162115542759395e+00
-7.134444581005271679e+00
-7.616946778517700523e+00
-8.162330483804066006e+00
-8.391125252952310376e+00
-7.161810983719612445e+00
-7.525428176721092655e+00
-8.870619575716570893e+00
-6.323008962018447754e+00
-7.747224586448011152e+00
-7.869328286489079005e+00
-7.965473339242739037e+00
-7.118423581407009593e+00
-7.466132671825902456e+00
-6.962137474898141498e+00
-7.766368002372189494e+00
-7.448841803081763580e+00
-7.527511400278790177e+00
-8.095064527560207779e+00
-7.090933823010587389e+00
-7.345767086072575225e+00
-5.987482213177247381e+00
-7.626102034721042422e+00
-7.824836733073025741e+00
-7.653094796892556673e+00
-6.987932974788495954e+00
-6.702969390724212495e+00
-7.446002195191208983e+00
-8.097512359268405291e+00
-7.643567551084239575e+00
-6.432244039982830230e+00
-8.270346009400036280e+00
-7.103379963961318211e+00
-7.477944522416253292e+00
-7.529540760624053419e+00
-7.336127216248499394e+00
-6.667414101756941491e+00
-8.842939250851191701e+00
-6.041347484462596285e+00
-7.302544371004914048e+00
-8.790434371855639029e+00
-8.937271348833238704e+00
-6.510271548755321547e+00
-7.072974802529934379e+00
