9.663638430904274504e-03 3.849019893835207984e-02 8.944671731692365943e-03 1.476153662755978584e-03 6.719177632631602058e-04 9.500327852386182288e-04 6.066753000507777230e-03 1.569045793506718481e-02 1.333400527187164446e-02 6.162470484604945335e-03 8.655174952459383352e-04 1.335246507289269188e-03
1.365796406009065628e-02 6.034393852538389585e-03 3.414421113075508975e-03 5.771455208265365011e-03 2.207852830703311425e-03 4.561274343020745199e-03 1.104073756127327277e-02 9.943122240407286511e-03 5.787254105136533516e-03 1.096840299058105938e-03 1.384846530870121207e-03 5.423035986309081811e-03
8.027854968886090348e-03 1.006573949117831566e-02 1.442988809460342241e-02 9.070296377347013272e-03 8.440625259969877434e-03 3.766935067546006884e-03 2.777027158047493983e-03 4.857877696782864942e-03 4.715796165996368958e-03 2.971235178455215471e-03 1.670898550050891208e-03 2.297082987216935140e-03
1.219308935852729840e-03 2.935052852176146115e-03 1.924078235649727756e-02 4.084392383958654338e-02 1.013115799031792490e-02 5.096997920088571117e-04 1.975067759957231748e-03 7.612709034872363299e-03 6.901500127884336450e-03 4.887439171637320175e-03 1.893628614812346931e-03 1.028714517288384887e-03
1.399407596990427660e-02 7.254028019851532783e-03 2.808566745504994296e-03 6.529009176451265606e-03 6.283982763156448215e-03 6.385436337974174231e-03 2.939622479570959575e-03 1.905177235965166329e-03 2.786693976148579745e-03 2.261050305798239287e-03 7.049882710036644434e-03 1.339268219913140184e-02
5.941474083378480743e-03 4.160409008415985252e-03 1.302827372290890455e-02 4.734981646993569049e-02 1.475066758527216609e-02 2.922176490253566763e-03 9.742716501696692660e-04 5.544917006007337324e-04 3.054176835279588361e-04 1.594492950936730706e-03 7.931506787867498298e-03 8.645380235925646459e-03
7.225056207668087253e-03 3.038542989690744701e-03 3.130521756601767607e-03 5.201177646065000514e-03 6.527470394881077116e-03 2.079963910983181029e-03 2.011403735204921831e-03 5.170986924800913612e-03 8.113420452163754015e-03 5.065068149530083455e-03 8.609049609873572345e-03 1.701855852809641342e-02
1.139059028842173867e-03 1.883271377211845257e-03 3.490862922415385351e-03 2.886628043900577034e-02 5.153115346333433065e-03 6.851629497181253338e-03 8.380549568731996551e-03 2.749467384118575285e-03 1.060910029266595635e-03 4.714860333307343936e-03 2.832703655131984036e-03 1.674638665212174835e-03
9.856835359609822378e-03 1.114370731740758555e-02 6.370070961797006867e-03 2.120589245164688878e-03 6.768722468667671965e-03 8.888335490702194835e-03 5.218608855982147590e-03 1.704514184297534771e-03 6.257870138019479105e-04 1.220447200350574177e-03 8.961424612309119159e-03 2.033713014478702799e-02
3.003457181193558596e-03 1.632061431950070085e-02 1.757140021196569590e-02 1.093886738940940892e-02 1.498063511855030235e-02 8.625422307632970090e-03 2.762046359775342103e-03 2.212052417406754068e-03 2.764320851124935086e-03 3.362808308197625523e-03 1.150419937637585160e-03 1.064828349519710785e-03
2.664156489018235444e-02 8.523433601688740896e-03 2.571359365335693613e-03 2.266647311190386500e-03 1.071173406443417034e-03 1.067233482590747209e-03 7.077687999069034140e-04 3.715655190988462891e-03 1.009792547612661968e-02 8.308482144925594809e-03 8.157411415279765265e-03 1.224505458750538810e-02
4.427829996480035085e-03 4.075159352167829693e-03 1.455677746833140742e-03 1.778436584352872940e-03 2.728802042427677915e-03 7.474894239715737868e-03 4.323882107960155818e-03 1.041133115310369922e-02 6.262583978749937386e-03 5.086178795105270045e-03 6.656515826336580760e-03 2.464749729319959479e-03
1.499510865066988607e-02 1.268864267344317794e-02 4.570619349062101863e-03 2.219634394163068347e-03 4.065160959793947398e-03 1.285088631180775209e-02 1.051571333025524968e-02 5.464639327620806654e-03 1.671410221309727398e-03 1.282950867098446579e-03 3.114454956939924010e-03 6.626890074172911600e-03
3.598488976456470315e-03 3.153172273389175974e-03 2.399351799048792498e-03 1.627146490023922368e-03 2.967012302693378817e-03 5.937651367059034596e-03 1.279540417745221245e-02 1.006292016822951663e-02 4.509242348161936025e-03 4.014462614873451525e-03 1.412037045521631444e-02 9.698158825016669690e-03
4.101690556398643155e-03 2.255481877744971476e-03 3.799276576480582323e-03 6.227585778381922177e-03 3.679321805658435519e-03 3.354390702211705946e-03 3.869889871491932927e-03 7.226481626810577277e-03 5.580836669472117109e-03 6.754055039729034426e-03 1.162243960475166892e-02 1.387500460815847825e-02
1.416842957640306912e-02 1.677762441995515885e-02 2.528985324004016846e-03 1.794710123463472010e-03 1.486602950316292734e-03 7.693827035381939003e-03 4.394444762530848314e-03 2.290421369161002065e-03 8.317406135201880352e-03 9.545317540464936037e-03 2.960045404790222733e-03 2.939648060950381461e-03
8.961741641036982675e-03 9.062173231105929289e-03 3.195371189767326654e-03 5.469657069571861024e-04 1.025606014692894774e-03 6.064997276464955019e-03 1.640310595872900706e-02 8.097323852786952186e-03 1.258405880182293353e-03 2.082227611096314039e-03 1.608011847885928297e-02 1.611536758825946741e-02
2.102813347824973502e-03 2.687526451154452316e-03 1.115459928233177543e-02 4.564490979810795906e-03 1.170028245748075141e-03 2.062698642794566668e-03 1.580321218068314604e-02 1.559375331641891377e-02 6.208080980926979769e-03 6.550298423221996916e-03 4.186576379072342105e-03 3.110523365054033464e-03
6.689168479583705758e-03 1.436345448364116303e-02 5.726205521496178542e-03 2.192169120677883807e-03 6.359250650280571029e-03 7.419900771212256489e-03 1.110924491701371572e-02 5.016614496527524794e-03 8.768633767031670020e-04 6.124139889778653333e-04 1.208760025143640988e-03 6.818696161702117800e-03
2.284183922911090393e-03 1.377840970677955516e-03 1.052020531903783036e-03 2.961998904635671469e-03 2.576971763610122826e-02 1.369707685735722935e-02 4.204521151474089474e-03 3.427889573445005826e-03 8.369344103392800313e-03 1.107261472777674310e-02 7.022422523881731785e-03 3.779645528166941486e-03
1.632477476007484747e-03 4.604005802089080474e-03 5.293857280921219349e-03 6.371779773506734516e-03 2.549607802394707277e-03 4.367565149729826096e-03 2.704217441433010016e-03 2.368808517529178391e-03 1.208800476125606628e-02 1.826645427651104117e-02 6.300583881701887073e-03 3.877897326481312846e-03
4.314999808952437832e-04 3.567063333956328394e-03 9.929751522136799624e-03 1.014317677657216102e-02 7.074452633475233378e-03 1.176230858559887058e-02 3.627940380754850029e-03 3.826649052643973925e-03 1.700610046813019055e-02 1.161267744640761060e-02 3.406794527889175396e-03 4.116474371712803616e-04
1.037712878007057173e-02 7.184583724167995997e-03 5.073299050552234138e-03 2.229764377920307860e-03 3.867654045063412954e-03 1.309612338772777121e-02 5.324053978719307453e-03 2.140685862208744315e-03 1.505608356708622569e-03 1.627406568523177832e-03 4.258911245997785283e-03 1.625842418205951032e-02
3.417286707148573487e-03 1.834024927527422126e-03 2.271756122752769530e-03 4.929151102567391751e-03 1.035011228570653988e-02 1.484926576775803114e-02 1.354870775832742007e-02 3.999133749990807507e-03 3.259338760945751801e-03 5.347026106871146864e-03 3.696407623727276069e-03 5.248051551577046295e-03
1.171529910963380570e-02 1.330963897009306701e-02 8.942828261366790946e-03 4.175442091186704584e-03 3.662188366291074977e-03 1.408163039241861533e-03 7.510729160868222665e-04 4.288589777016882246e-04 1.840642347640903233e-03 1.009258990716618148e-02 2.838051551108856929e-02 8.231922707465654659e-03
1.892985418222904682e-03 7.784836052902286557e-03 1.153526171133980628e-02 8.059630572108096927e-03 6.235517744597083960e-03 5.910057882995542813e-03 1.407649026886413635e-02 1.671438459516761538e-02 1.112969025222883789e-02 2.024174926229253130e-03 4.970979528944044967e-04 4.902925537417876945e-04
4.958178063985687993e-03 2.331410024485496436e-03 2.011230055716896510e-03 4.301283894257969254e-03 7.987433401758727361e-03 5.446743590515796402e-03 5.573380490236692561e-03 6.283382524205443492e-03 3.734859199590976654e-03 5.634377788550975694e-03 1.220502300731662881e-02 8.620690444483009723e-03
3.133369771038107925e-03 1.143957658008413081e-03 1.419093327317194576e-03 3.505952896207681965e-03 5.429239866089515844e-03 7.547969794200219337e-03 7.873551260482475334e-03 9.099278442326840660e-03 3.808929737950341853e-03 5.328850896055156716e-03 5.708062627079427305e-03 1.711782300815816588e-02
6.402076905481605962e-03 5.102294392280905949e-03 3.044854510257470875e-03 2.945019500749324060e-03 4.699708540224168708e-03 3.085607293961740126e-03 2.549596263049746375e-03 3.929263149710434701e-03 6.170485208885388879e-03 1.915568237091817144e-02 1.105238751107037037e-02 4.559357421690113377e-03
3.700827014892407903e-03 2.225977714908200424e-03 3.826819294287858806e-03 4.767302505206500070e-03 1.186499466750606281e-02 1.756392066671903437e-02 8.475346419209838639e-03 1.559032537445378258e-03 2.064880444344447362e-03 3.426508815523073969e-03 1.155365500671323882e-02 8.258523525886280955e-03
1.180699031243109343e-03 2.573381968976722230e-03 6.404546983230676241e-03 1.181406386151967122e-02 1.059367787694347109e-03 2.040564588769573379e-03 1.123722014834425444e-02 1.122559007274855428e-02 8.921193408033101235e-03 5.287745727218971618e-03 6.485002636494007801e-03 2.341921871734869900e-03
4.646314635373989012e-03 7.005384257268579620e-03 4.591811425851867121e-03 5.975183674436983922e-03 9.293277404457419774e-03 7.644745862462394570e-03 6.301527170708460732e-03 6.934791476837393401e-03 6.685611043284784769e-03 5.029453888297665161e-03 2.189431083411976474e-03 3.093530297449701306e-03
1.716918582203799063e-03 1.789183209869271230e-03 4.248549247603896489e-03 6.054647462442477347e-03 1.090143140552996860e-02 8.999832701243007382e-03 2.777780426621542439e-03 3.208217511989547299e-03 8.994781060853700855e-03 1.706718256422196447e-02 8.224754174036409335e-03 3.289092192309916226e-03
4.105299351730856867e-03 3.672527935315228129e-03 5.002713680694779834e-03 6.794516462573635222e-03 1.712308122394730694e-03 2.463535157601237820e-03 5.879385273155618777e-03 1.626617352643707111e-03 1.636608539325221535e-03 6.671610389393362733e-03 1.383071951324373917e-02 7.664256535166905950e-03
1.187212847936125644e-02 3.341097447557827074e-03 2.974239119834467919e-03 1.063192156841058847e-02 4.187831276751786784e-03 6.877041621564513804e-04 3.755749770207057053e-04 1.511645043127757271e-03 5.768753099968736142e-03 6.490704400816569089e-03 1.329031516721568967e-02 1.939037102691042527e-02
1.302095089975915899e-03 1.955973463799563598e-03 3.690278392369086401e-03 1.078431847689836041e-02 1.071367734862175083e-02 1.012654112979930084e-02 8.925691930522672290e-03 4.230372557056187241e-03 4.962942813132057915e-03 8.402132279805242868e-03 4.278009689326443300e-03 3.518890108034786624e-03
2.455246245938845148e-02 1.036556839276567277e-02 3.654855445101206583e-03 3.032737210532206878e-03 2.476783642560966437e-03 1.897181952981347652e-03 5.262931577643343954e-03 1.740005693872795356e-02 6.770315088368892772e-03 2.596944821578533406e-04 5.459709688635384483e-04 1.273296810785687697e-02
2.273420195612214749e-03 9.663599654420382615e-03 2.026419686137183318e-02 1.597905883448979061e-02 4.403902147334361195e-03 7.247750386555054311e-04 3.803114873241314454e-04 5.883318900697064036e-04 2.518637596892237679e-03 8.233163788121399679e-03 1.567641447679268482e-02 1.079071158130531956e-02
6.584882484062410399e-04 4.519087969759993419e-03 1.380963488696489681e-02 5.237947889673588882e-03 4.427302276451057506e-03 2.680362063609237604e-03 4.484816021169914756e-03 1.101683976331147008e-02 6.779025957990897702e-03 4.723214724087388891e-03 4.749481069300894726e-03 1.164594673672364987e-03
5.071901854506444957e-03 3.046899431993844824e-03 1.590436945396080191e-03 3.652231394166608781e-03 1.307647898800481760e-02 1.322703689166968358e-02 4.056978620248310324e-03 4.922070157149337558e-03 6.672766256126404054e-03 7.621484426344395102e-03 4.893023757596572099e-03 6.104763377613902850e-03
1.414489403341537277e-02 7.073998492247805629e-03 2.422319775939519269e-03 1.183164184347384800e-03 7.240096592531499245e-03 7.077905570277698115e-03 1.184626158060800120e-02 7.643295184963911845e-03 3.561463162537879812e-03 2.455189525935837398e-03 2.036774000665595059e-03 6.178162768223175241e-03
3.013969342928757896e-03 8.078910380935284963e-03 5.448147683658802198e-02 1.552746328898733236e-02 1.730727783575626740e-03 5.281696207883846642e-04 4.631391399911930070e-04 7.120749701782320626e-04 2.132115480145927756e-03 2.747350350154110967e-03 1.603923544248996025e-02 5.362160376284667851e-03
1.106404243915812616e-02 3.597695028682738189e-03 1.717737981607466097e-03 5.849864213418634953e-03 1.515045988519107129e-02 1.459987922858458839e-02 1.106889515297401760e-02 1.037493906823640059e-02 1.313872242811495953e-03 1.026175830122260258e-03 1.126695833006382663e-03 5.967696092986891389e-03
2.155951985515179581e-03 3.162361442826621110e-03 5.145311550503347403e-03 6.082052821582715173e-03 2.349523719882124894e-03 3.024332724810770666e-03 2.468358051346986916e-03 2.706416144208375826e-03 5.649124170464593989e-03 1.670677832575818630e-02 2.744593941783148375e-02 6.373876385413122965e-03
2.096883582259908424e-02 9.650263749456952297e-03 2.583175990839627414e-03 2.090949730805730968e-03 4.619033679947075893e-03 6.043235147277484579e-03 3.522297453481326897e-03 2.440273231751282842e-03 2.244850867542475849e-03 6.473793773970401913e-03 5.356059914939009792e-03 1.194823358919238319e-02
3.877981408652320279e-03 1.696793218190166888e-02 2.385598048949175501e-02 4.824950576131995135e-03 1.865782079268078070e-03 3.281378896180559175e-03 8.194700263483810365e-03 4.595344315070084944e-03 2.202949352439065832e-03 2.981376611091842918e-03 4.403576541503963389e-03 3.972881542351277759e-03
9.359226203077290664e-04 3.064706140455836247e-04 6.777031448375002692e-04 5.543216790613804575e-03 1.647257253661815399e-02 5.916940910435073558e-03 1.045805134381156201e-02 1.098533949419021327e-02 9.937468162725874091e-03 4.022639640224389725e-03 9.136743213991301363e-03 5.100782520569132825e-03
1.250914506284852472e-03 3.763671339930625866e-03 3.073634704990065719e-02 3.033082736916593164e-02 3.016218629162027796e-03 6.095754396167763628e-04 9.416742318056037751e-04 2.697774751626921298e-03 8.566835947032780396e-03 4.912748928404235202e-03 7.124288825973877290e-03 1.616819569552054199e-03
1.579810927108063479e-02 1.033980602399625810e-02 8.564742264066140670e-03 9.631339504694618608e-03 4.248477052698354864e-03 1.617051246100890526e-03 1.667689379014752286e-03 2.402543224518490644e-03 3.013713520948934060e-03 2.184492429162401481e-03 2.069232431485586252e-03 1.588298645046145458e-02
2.175699118350071185e-03 1.921800979525156933e-03 3.007507437881669701e-03 1.726871878424249274e-02 6.412102414203750544e-03 4.845196277287237840e-03 1.139895055963156649e-02 6.508616282627138760e-03 4.090263198780178314e-03 3.013819334534733729e-03 3.633315008698403351e-03 5.548609668432289907e-03
1.504478217918112266e-02 2.319741250950706126e-03 3.713212834208932315e-04 9.077741326832379585e-04 3.934393297709046222e-03 3.246231567763265685e-03 6.325891347671494178e-03 8.016738275487333282e-03 5.706842375006240635e-03 3.403210542401899699e-03 6.292065078783102769e-03 3.074922550581280639e-02
3.936471023210134750e-03 3.170123356545630211e-03 4.619187162463042444e-03 3.685774990654843482e-03 6.776244447181500874e-03 9.650179335688003485e-03 4.370971016005240073e-03 8.908398371380282094e-03 9.119812732773791009e-03 5.048790650482906303e-03 3.696590027056095677e-03 3.571315161905559525e-03
5.493106304357824737e-04 2.490294486851103370e-03 1.024263923555111637e-02 9.235541911850114402e-03 8.052806686888116725e-03 1.065360981854955591e-02 7.590257649165239352e-03 3.049300067124484804e-03 2.494281544328644760e-03 1.431441637804242370e-02 9.847764522485587951e-03 1.303256548435045891e-03
1.044887652625509826e-03 3.802085249676342938e-04 3.163957105552334895e-04 6.144784666511745241e-04 2.038492587301630760e-03 8.152761347566844785e-03 1.359782475016121234e-02 2.200510821926370680e-02 1.727823271584467274e-02 1.203957548609362223e-02 1.603769740270110516e-02 9.111589407344203306e-03
8.467996298872688954e-03 4.429124193767376705e-03 4.530932093921748519e-03 1.141104977511105036e-03 1.095234355212777646e-03 5.979133368919242351e-04 2.858198137921348983e-03 3.478656457351737841e-02 1.893744414143355703e-02 6.055843658478207714e-03 1.532683891375469058e-03 2.940726356866643285e-03
5.093270985371297147e-03 3.244700398696113985e-03 4.292709686076284781e-03 5.665980001723858184e-03 1.010595493432314348e-02 4.956755492127847343e-03 1.680118350827183252e-03 4.595080104184437637e-03 9.144474809881354346e-03 3.169813894929378491e-03 3.258126286810670343e-03 8.205080419304353403e-03
6.109958446056607852e-03 1.036270579629585548e-02 2.079036342766377859e-02 9.531087058647602986e-03 2.128369619951717834e-02 8.678345656027954685e-03 3.167039256717278477e-03 1.111981780967686304e-03 9.403746267811043461e-04 8.799467474045847767e-04 1.711183688185909536e-03 2.845376461186611191e-03
2.378335986098655940e-03 1.548952673682780059e-03 1.053211622503030537e-03 1.688567123942284363e-03 4.959407202373778203e-03 1.241390948165255366e-02 1.822941424564637064e-02 4.197560159262845453e-03 2.709318977599388216e-03 1.408390336302311682e-02 6.380277774931176690e-03 4.820131948190532235e-03
2.316392816232707742e-03 4.106644069339717459e-04 5.984604892646638305e-05 1.418734951281385099e-04 2.024426413386084221e-03 1.513280369136606185e-02 5.877792082409091790e-02 6.589697283174447695e-03 1.969600276780102480e-03 1.042561460714236561e-02 6.285076288341235988e-03 3.815622915019678367e-03
4.677539914795605241e-03 7.187592143565605177e-03 1.359974628205378464e-03 1.677870976496676414e-03 2.000072671003601081e-03 2.576600168304043949e-03 1.872271936964601830e-03 1.132723125281555072e-03 3.731209487043607356e-03 1.630445479363610076e-02 1.417393763251841542e-02 1.307198386128441761e-02
2.662165295395832985e-03 3.023453844377308689e-03 1.081281843773290730e-02 8.229959566152040412e-03 2.255551986843561466e-03 9.539335723394502635e-04 2.544746021777690402e-03 1.833002787829796434e-02 2.135102953646199342e-02 4.596359196132408440e-03 2.569159735162468775e-03 5.207834940946747329e-03
1.441582849414571772e-02 1.653645597252698107e-02 9.570739471079591984e-03 7.165079350624457832e-03 3.239155670492908229e-03 1.838034297364102634e-03 1.375589494420061294e-03 2.549269254693150959e-03 4.161589763858834952e-03 4.073436760099123990e-03 5.900179656118155654e-03 7.421538148339443253e-03
1.331724525703114779e-03 3.761101607948232756e-03 1.857031512707770426e-03 1.996781970991260476e-03 6.222801959381389462e-03 4.755652008667603063e-03 5.659535253888160755e-03 8.180232720421599935e-03 1.443901811305921268e-02 1.549951713282172842e-02 1.981414874720831276e-03 7.585781077025489059e-04
3.182213291720430940e-03 4.358217372634422618e-03 4.750730786642824548e-03 2.569073933115450636e-03 1.951720868612220015e-03 3.739699217622178499e-03 3.543098764845205133e-03 5.920902673318006841e-03 4.999914676360654384e-03 1.180781560413800280e-02 2.162880685813931003e-02 7.584663823737850669e-03
5.937004335824192305e-03 3.473500774780096442e-03 1.756737567314446908e-03 3.345742122446524348e-03 6.315155468402521878e-03 1.377776496420884955e-02 8.240551758957851899e-03 9.595500082067491554e-03 1.846480033952524122e-03 9.129148301962612590e-04 3.144359653086392040e-03 1.243100168397326052e-02
1.004984070115135051e-03 1.507831927202694889e-03 9.994783150314631975e-04 1.887410651879885748e-03 4.195744501227054168e-03 6.016943589323005617e-03 5.969317856652549270e-03 4.338293387363433874e-03 6.779720490277563703e-03 2.660218417215810816e-02 3.154240742291747335e-02 2.235238871089420716e-03
1.049677956066304195e-03 1.454604990229933391e-03 6.063693073149510095e-03 4.902071342665074299e-02 1.855861401124655335e-02 4.718050501798413260e-03 7.120208148622191209e-03 4.476280743920424410e-03 1.641426272264466264e-03 2.185305370461135526e-03 2.974173188950282598e-03 2.038762861797895586e-03
7.234127919745484553e-03 6.737743781923289169e-03 9.602549478585846454e-03 1.434157173286993055e-02 8.716268847525687757e-03 2.354938031036971167e-03 1.101967432159723509e-03 3.031490982419845961e-04 2.865083465039578933e-04 2.201911541505169236e-03 2.637964099846082378e-02 1.638718485928552029e-02
1.828314940865386406e-03 2.080656725421815238e-03 6.147715703497998348e-03 2.575860144147658782e-03 5.397176652090421647e-03 2.753614761102147600e-03 3.772396975767039126e-03 4.875763657356238859e-03 1.014415845473784147e-02 1.723439779944768713e-02 1.159903258384107141e-02 3.118873191403950286e-03
1.046306059897320062e-02 8.862310312877170332e-03 7.579546083956219954e-03 2.159301330921113184e-03 1.499887747125765430e-03 6.699441928768207514e-04 4.010094248595857079e-03 2.573590216884141801e-02 1.153293803142214913e-02 3.707080442978332585e-03 2.695904493357114979e-03 5.443676949949905787e-03
6.705613782624689472e-04 1.962557955306993424e-03 3.913974759133508410e-03 9.499413329423774671e-03 1.196916836992800888e-02 1.093064878981467834e-02 1.043144107299315282e-02 9.507570554262236712e-03 9.780711209822497143e-03 9.890296936329683736e-03 2.292432909978413431e-03 6.710770866677383739e-04
1.509762678922825290e-03 5.048620454716561470e-03 1.343102436757913354e-02 3.770649855376816302e-03 1.507364934181690524e-03 1.336935773244151034e-03 3.533045135065012408e-03 4.308427257512870492e-03 4.374334920184838604e-03 1.601517098948106524e-02 1.861636449614524277e-02 6.381011500717791683e-03
3.743713102448534974e-03 3.608244906979619915e-03 3.444157452104222757e-03 7.045708423944840523e-03 9.461643474256070663e-03 6.653878986305004906e-03 5.385307198237503437e-03 6.059709544197217600e-03 5.780658853459297308e-03 8.804994014088183760e-03 4.134430408602170898e-03 2.795821212455004093e-03
3.212838945187978211e-03 9.538355039077150250e-04 4.519527246699732654e-04 3.430812242788943019e-04 2.288735202519396293e-03 1.913976524053282238e-02 1.747118280078252539e-02 8.162400950764458693e-03 3.206098220913181085e-03 9.220535199684846972e-03 2.028077351317508076e-02 7.669601863205167784e-03
1.189118789320374979e-02 8.247438758134700149e-03 3.804930939488057433e-03 2.045374425130870588e-03 2.705715866428786819e-03 3.114141264483210464e-03 1.728636113099651581e-03 2.400457201259653846e-03 4.366243286939177834e-03 1.323945158591646742e-02 1.682817998632267845e-02 8.673096185288926493e-03
3.532024163773936072e-04 1.356000293349882580e-03 1.350048010152013998e-02 2.894475379529310236e-02 7.794680400963936544e-03 7.942000415876239103e-03 1.844262373454077369e-02 1.274929069069377294e-02 6.860694062059886390e-03 2.447842932500257553e-03 1.185427924318713548e-03 4.097946623221716085e-04
4.463266682173335637e-03 4.643315357062919452e-03 1.388020614316960721e-02 8.534011082023784667e-03 1.696528348922494295e-03 1.173367898432256789e-03 4.953797375401478367e-03 1.019077583673802002e-02 4.036643420569894364e-03 5.694473908521988786e-03 6.643658625977615431e-03 5.305312472483223081e-03
1.929146471162326458e-03 4.198122562250488667e-03 5.013109804660850072e-03 1.024458330522865813e-02 1.540512131521117566e-02 6.001620258479355152e-03 5.601119117952342227e-03 8.094153063996674044e-03 7.834012737334496851e-03 2.530757165261708630e-03 2.843985399970519641e-03 2.425241672194128340e-03
5.367298684609165746e-03 5.522931399807426769e-03 6.403285837632935115e-03 2.199068604978092131e-03 1.171999128139426111e-03 2.419684400834118138e-03 5.298064717654395878e-03 1.851048826764659788e-02 4.089094659281297672e-03 4.459580536366603357e-03 8.560272220098162632e-03 9.071817247353423583e-03
8.826676737423882688e-03 5.246334541783615434e-03 3.546009736054732495e-03 4.357031282674091524e-03 3.986199908758232026e-03 6.149923279380010294e-03 9.358924539465591358e-03 3.953726140059897129e-03 1.705949868218682502e-03 2.388598517882099641e-03 9.655962543068115356e-03 7.254676571155224511e-03
7.679544490232940133e-03 1.073395966683968888e-02 7.633019328426641353e-03 3.891604853567295300e-03 9.572864770647084715e-03 8.845190564079716267e-03 2.779888496650055607e-03 5.098993432084797210e-03 4.124057851711674695e-03 2.739122269429578992e-03 2.761644441662486262e-03 2.685457971847667914e-03
7.272581955177099926e-03 2.700474132878212356e-03 2.616604216556244096e-03 3.907552863732315605e-03 8.115021367308062478e-03 1.054006564355209480e-02 6.631656143543268947e-03 4.250230249158559910e-03 2.748723096469318436e-03 3.412144984121299844e-03 9.432483179326231135e-03 1.326558487208617104e-02
6.071272787426978609e-03 6.363649848704260384e-03 9.046658488207688642e-03 6.363221336130181482e-03 2.804910122401424368e-03 1.224097034278848152e-03 8.846133760950598487e-04 9.584066627217381357e-04 3.928288888874266992e-03 2.801639477716649437e-02 1.857403279695220288e-02 6.922745416739558774e-03
7.327439848418642026e-04 5.796891240588724487e-03 1.965712813606086337e-02 1.070955378849642800e-02 4.526689258628236422e-03 3.890067900202874573e-03 2.825191437395398013e-03 4.968235613027229339e-03 8.756471434598433676e-03 1.465557656768273070e-02 5.657145300958192971e-03 8.213790388415653917e-04
4.219599353604436623e-03 1.246602210321482579e-02 1.662588879505432285e-02 3.890580159866389044e-03 4.178806213992409917e-03 3.513031625460211627e-03 3.942680030931131410e-03 1.877543314865903062e-03 2.587105956756438098e-03 6.766769483007348263e-03 7.061438237680867785e-03 5.944530991205922849e-03
6.479313418028099548e-03 6.625364966107048434e-03 3.868280455310704486e-03 1.818809531449030840e-03 7.674309065864695677e-04 4.602468293939095470e-03 1.537682390428452353e-02 2.768942786985714374e-02 7.763004610012252081e-03 2.607239818090776456e-03 3.445924886652729051e-03 3.463544035657000614e-03
2.967764789557027737e-03 2.488211657071683243e-03 2.910307063009854277e-03 2.828188782950409510e-03 1.928222694239710260e-03 2.323788794692547253e-03 2.027400094414228988e-03 3.274023550516889057e-03 6.897221482628501654e-03 2.055779344897013666e-02 2.824314631207679865e-02 1.375016161164453223e-02
1.829667440762128283e-03 2.322135703182315672e-03 2.492674188681062372e-03 3.949761695237493861e-03 1.170225692681266250e-02 1.377458965076370709e-02 2.169944219885419807e-03 6.498291962841170949e-04 2.357244664267597184e-03 9.537078787241238392e-03 9.776187129261886335e-03 1.144990982462341066e-02
8.784159585097459783e-03 9.898749287386651025e-03 4.616076061620903899e-03 1.916999567015421554e-03 2.994058687680539212e-03 3.378725646561825738e-03 2.644508313537752460e-03 2.018594595259068022e-03 4.815572763941457571e-03 4.802609279723661119e-03 8.157286188172862412e-03 1.346404560687279595e-02
7.570766390719613388e-03 1.967025802964291609e-02 1.712578682226134630e-02 6.770316436881736698e-03 2.372185640082952532e-03 3.068856797697109770e-03 1.703826820181248087e-03 1.632115236377359264e-03 3.109081311079476932e-03 5.761586153161529431e-03 6.519032535766047104e-03 3.622666101796520512e-03
1.980530185030110468e-03 6.784545793276454406e-03 1.545468891344362918e-02 5.672940928552141875e-03 2.959874867848655711e-03 4.223929799572230005e-03 5.822138849100488844e-03 5.167346398189512358e-03 7.946784469450659041e-03 1.051828368396953706e-02 5.321594493581205225e-03 2.373478066403758406e-03
2.738607906002250760e-03 3.464619983826628183e-03 1.214242357861542929e-02 1.440113557584633830e-02 4.240973713796320974e-03 9.717305470927973567e-04 2.649868412795850989e-03 2.444807808924898650e-03 4.721554399509591410e-03 1.356649145909587240e-02 5.006223759594329026e-03 3.411987280493314345e-03
6.995660587723493036e-03 1.003938174202415046e-02 4.516175864975359444e-03 3.401794059597556142e-03 1.568147775053448057e-03 8.113041449147251815e-04 1.511144020148936411e-03 2.606917319941473750e-03 3.253643413808020475e-03 1.598441564881845911e-02 8.329085661886666964e-03 1.236852744542263176e-02
9.191373153601493365e-04 8.644810920593569425e-03 2.099478335960669809e-02 5.281649920141236881e-03 4.452747145771985583e-03 3.777407198890283570e-03 5.548177671214681549e-03 6.570767252379843514e-03 4.657069549557012536e-03 4.697353113427167430e-03 4.655286073909566634e-03 1.119268487255629160e-03
1.007914045182295958e-02 6.944154832275837783e-03 7.593060765831841953e-03 3.858970908186599037e-03 2.314896037873684104e-03 1.961819424040527147e-03 3.015044158526968172e-03 4.763959914916994498e-03 6.227997706425949728e-03 2.786241418023590634e-03 7.625182137474169515e-03 1.700417027009886589e-02
1.678834317116066274e-02 9.660415598883994800e-03 2.682645796659754219e-03 5.944590879572201128e-03 2.118598926749699213e-02 9.542560782120828450e-03 1.843803915022317877e-03 1.788996141478921406e-03 4.252940871626502070e-03 3.671405129130007883e-03 1.433318732846494258e-03 3.044931734402896422e-03
1.312490075304593648e-02 5.280947510730553407e-02 1.079745219537963687e-02 1.855645993131550906e-03 2.218730988502333294e-03 2.084739703521189605e-03 3.378510400607734419e-03 4.282807833271310913e-03 4.246556298590761780e-03 2.757288024423478531e-03 2.112153814487522426e-03 3.473966349250446478e-03
3.155669989900633521e-03 6.859467769498878847e-03 4.318901535362882488e-03 6.006495234199105138e-03 2.706707973354783095e-03 5.499437819597946617e-04 1.183793139316235456e-03 1.639137759790585541e-02 2.406306182974165750e-02 9.686246064946940973e-03 1.650973516960495052e-03 6.966094678765234922e-04
1.699719804115587627e-03 3.349166320243512907e-03 4.919368691658876358e-03 5.789580831075153908e-03 5.410016364497708188e-03 8.327548101198491148e-03 2.800875748838152057e-03 2.623577017346115196e-03 1.169475039204982345e-02 3.220284424705143617e-02 5.976327797207929907e-03 1.266332683508834822e-03
1.263608405559781770e-03 4.074109777383991726e-04 2.231829646022959527e-04 1.225593618039245297e-03 6.412584160690866682e-03 7.397325991552858651e-03 1.455736783529078607e-02 1.311975344611803276e-02 1.686967678017292291e-02 1.317605856730034650e-02 1.001215334057904173e-02 3.444999274771991856e-03
