5.786696117320457716e-02 1.325544018632143217e-01 5.171904158565677340e-02 4.886611453150339901e-02 5.313771602596640414e-02 3.229878457793357305e-02 7.565748511266809362e-02 7.956354110479275932e-02 6.526787431331400324e-02 8.664387468975445761e-02
2.797367661552089407e-02 3.716782244013570879e-02 1.221650004814679724e-01 6.313235773394820782e-02 5.070433167665895635e-02 1.282115181290796324e-01 3.613394989798247858e-02 7.648532131698337899e-02 9.110348813165523862e-02 7.026069402577994616e-02
8.954777385196212303e-02 4.063329864824245796e-02 4.878076602031236608e-02 7.283770321340522769e-02 7.907793214935865400e-02 5.623020300678487071e-02 9.510140774200882829e-02 5.494381907159747586e-02 8.300201848233416946e-02 5.158157004981919758e-02
4.381062645090608859e-02 7.498080802990747529e-02 6.567831892283976236e-02 6.249126261037894758e-02 4.963585340616091107e-02 5.004443343014002010e-02 5.891215034031208747e-02 5.661864626760378799e-02 9.078194044643114746e-02 1.248180253628927983e-01
9.828659524451192897e-02 1.352715829882942394e-02 6.324785426006142297e-02 9.021495427441805770e-02 5.357329663161978367e-02 7.661574028101009182e-02 5.364031591746281497e-02 5.570210936325738910e-02 9.378442253593928524e-02 8.128605277962157316e-02
3.937404568070628635e-02 1.010647897064568673e-01 5.596816597447624997e-02 8.490336420952666885e-02 5.673712436763669875e-02 4.677368129711022282e-02 9.164895702922076781e-02 3.866271510950876344e-02 8.288378989854830459e-02 8.494367526602962515e-02
7.583913098455620505e-02 6.052994519517269911e-02 7.882021468939659492e-02 1.479559155377079549e-01 7.890480344041508887e-02 5.759961198571743324e-02 5.603918901114247897e-02 6.614088931016198769e-02 1.985841175744754855e-02 5.158884660601179006e-02
9.451728468392604776e-02 7.300995332392562487e-02 6.483807341428401982e-02 6.076145812417902553e-02 5.731175814480440889e-02 5.969874474783654072e-02 9.232146587111113301e-02 4.070919866323618325e-02 4.827665466005053724e-02 7.237481910061256685e-02
7.851218880848766235e-02 4.349417511007146186e-02 6.712786877248007322e-02 9.186600437517883355e-02 4.823084647432797356e-02 7.612258662837774470e-02 2.308733265223357131e-02 2.166256531045845368e-01 3.494510239181884692e-02 7.824999035507966549e-02
1.124776960244073254e-01 6.123794198372513320e-02 2.196214130020342215e-02 1.325746156949018928e-01 5.194258108261561036e-02 5.716694349518378765e-02 6.930275071448099844e-02 9.198985346603383295e-02 8.888660280993711249e-02 2.956152366682375174e-02
7.107999965579257784e-02 6.655145739605600186e-02 6.021736130085934835e-02 5.296160655294549630e-02 4.024821812813945965e-02 3.643921091195102130e-02 7.567433809815884982e-02 1.041606460610887824e-01 5.502142359620449535e-02 1.149357121840295648e-01
9.609555388270327181e-02 7.056693078467853042e-02 9.464952663651013398e-02 7.792779940497926439e-02 5.295708645104446610e-02 5.432886762064216557e-02 5.296477215706663771e-02 8.701060347073963364e-02 3.806145449634660421e-02 4.445093121976972234e-02
1.328852672071129670e-01 6.641700296267290249e-02 4.770002774455273098e-02 8.014970840890819903e-02 4.629585530935043103e-02 7.260207812111893477e-02 2.296990501589583206e-02 6.929210013194374296e-02 9.172592532232411167e-02 5.899207756889372073e-02
6.956465672086854790e-02 6.344592917720925929e-02 7.366347465811728945e-02 8.271382965751446215e-02 3.924405236101154854e-02 5.812955317171418501e-02 5.182972070393274122e-02 1.093299928053639708e-01 3.025644406225583283e-02 1.138183640112743755e-01
6.748966172105183570e-02 5.839801746033889546e-02 1.202592561138484256e-01 2.957400735417982027e-02 8.131998440134330375e-02 7.647976803487416264e-02 5.903379369409961913e-02 5.161060722110855092e-02 4.954439896664838278e-02 8.823332749674690778e-02
7.391890196870375129e-02 7.966458357232317211e-02 5.543555594932327024e-02 5.060634760854230280e-02 7.778323934529073058e-02 7.034231236796681386e-02 5.410655023578190420e-02 7.871768650478272455e-02 7.231799536768900027e-02 4.858678568713076934e-02
6.302644165071775995e-02 5.898887251853701663e-02 8.012618384545040773e-02 7.415164655398830129e-02 6.518870215374814037e-02 4.331907172503456777e-02 1.033672744371080948e-01 6.971961105749038823e-02 5.644711750561956509e-02 5.118442570863530883e-02
5.654229138721719033e-02 7.964714456239180285e-02 4.791613987755481696e-02 5.931903757060617843e-02 5.238886352341093344e-02 8.095285117572616207e-02 5.691070846914565717e-02 6.733240297742500158e-02 6.966887591579515315e-02 9.280758730661639588e-02
8.316862716634020047e-02 1.006791748180711488e-01 3.463811694767245097e-02 8.987756958653053685e-02 2.448316014339270083e-02 1.096835580102492880e-01 6.035795956362012549e-02 2.872538966238305166e-02 9.299360759664626608e-02 8.034078050526938242e-02
6.099428255381600383e-02 6.002239977645357216e-02 6.653474589855565280e-02 8.934126628389181535e-02 7.219509509807441050e-02 3.014784799680180274e-02 4.717964997262666382e-02 6.865819418492015436e-02 8.996658421092953994e-02 7.834455840338079569e-02
4.145802886930596148e-02 4.902940470689078067e-02 1.212833753389449126e-01 9.093517438692105825e-02 6.256237778879109035e-02 3.394961654622175723e-02 1.255726289091392278e-01 6.778246399257860377e-02 4.652069519172782885e-02 5.718034215941693310e-02
1.070123162993466270e-01 7.534009979715718119e-02 5.432424677887449233e-02 8.310324632106994014e-02 5.001135879445279403e-02 7.259824261925811040e-02 3.739273455294259835e-02 1.099891927678494363e-01 6.820937748732841532e-02 3.249868687157578956e-02
1.045193132632783600e-01 4.923278171626787464e-02 8.728821698126726369e-02 7.815476218466863023e-02 4.130004238917187737e-02 5.202579279482778818e-02 4.418978226092035860e-02 1.083953716255951355e-01 5.742713773621629242e-02 5.840200963352094182e-02
4.541444079273412870e-02 3.669187335978345288e-02 1.340750806037064313e-01 6.606262475935952005e-02 6.413864779720841736e-02 5.412041306242417610e-02 7.691381495218396758e-02 7.997807367073898888e-02 6.346370570420772905e-02 6.005121328165381051e-02
3.269099931548798132e-02 9.145320808831194914e-02 5.899972724903246313e-02 9.654138955041269288e-02 3.136274770296021419e-02 9.274081049474117155e-02 6.634264672366269044e-02 3.724251531205356736e-02 9.778122637725507327e-02 9.775867603352549062e-02
4.850164233169164396e-02 7.816329262990902305e-02 3.018780856708246085e-02 7.703596294861808635e-02 8.210009964153669459e-02 8.449676410821449490e-02 5.597984041776481873e-02 1.215787296853574756e-01 5.353893949145670933e-02 5.126120294997317528e-02
1.013842770138125293e-01 7.060680868029559076e-02 7.647530630553381337e-02 3.497203004287596090e-02 6.358267782064308538e-02 6.363196969222069399e-02 7.703499385981837921e-02 4.217025606169012841e-02 4.224299034010445264e-02 9.713077609398294843e-02
5.018112196297541683e-02 4.607649297876650896e-02 6.659524519845634594e-02 4.676807586322354049e-02 4.875580223323508489e-02 1.103371992947883157e-01 7.835103075738837630e-02 6.314397725336035050e-02 7.017298305618831222e-02 9.193037527774387818e-02
7.430894600008203232e-02 6.913619812214114035e-02 9.733917479216855351e-02 4.413778597913935869e-02 5.069489211307389581e-02 8.105190434753563322e-02 3.333821974356276224e-02 6.686257389546690355e-02 8.252378250729112963e-02 7.147548192702153635e-02
8.630776669161970005e-02 5.041301715595218613e-02 7.891010641066142917e-02 5.193802782031505666e-02 6.031313031467225305e-02 3.408421534822883570e-02 6.004088009903042755e-02 6.935280197024741577e-02 1.361291383882287653e-01 5.576256175169372331e-02
4.786883838819051828e-02 7.188810825726021925e-02 6.688656813739571327e-02 6.074965146304108637e-02 7.249437849569748127e-02 5.284010661936924119e-02 9.042398025841996700e-02 6.796870743299263107e-02 8.255553030562590155e-02 4.790834506052783770e-02
3.394939136668059104e-02 3.425605111396577696e-02 8.224623364157250538e-02 6.613172486260593397e-02 5.552485291479445501e-02 7.184561320854040978e-02 9.847150805433668719e-02 6.252376409058602036e-02 7.108914041564115549e-02 9.983615071011296693e-02
6.143789631729258682e-02 7.222863449067419561e-02 1.029556723838706556e-01 7.188171654935267274e-02 4.650941213268120628e-02 4.688296728766576382e-02 5.492898768905131457e-02 7.003335019753081925e-02 6.067991668119446930e-02 7.465076621515719102e-02
6.453590057671562685e-02 8.821982826878321804e-02 4.187440109774118874e-02 9.585403531839301050e-02 3.441468851959222919e-02 1.297657090747095787e-01 7.123753167791771479e-02 6.586255295927717635e-02 5.415241534825915998e-02 4.609432831134810393e-02
8.204836078993059389e-02 5.035911623076047561e-02 4.973831690064718647e-02 7.839927807816443606e-02 4.739659295582052817e-02 1.087306952950164579e-01 7.545076048612914255e-02 5.011763750104740456e-02 7.469743351082368255e-02 5.536294895421855350e-02
7.339952541047678469e-02 5.480923376420857029e-02 7.628442853925353206e-02 8.549093366430195184e-02 7.827204831833048382e-02 3.381329859601279325e-02 7.086090698649039066e-02 4.297601928538282573e-02 9.150061197571088267e-02 6.348487710481146018e-02
5.250490029374860895e-02 6.482003733853172744e-02 5.402992074034748682e-02 1.477692133500366767e-01 1.668328793043341585e-02 5.282157852426799111e-02 1.089030985016305603e-01 6.404982245545152997e-02 9.497854906922832685e-02 5.229902309633933932e-02
9.075321417722248540e-02 5.424617925113379979e-02 5.484617369314525454e-02 8.077190330192274281e-02 4.808733566371772156e-02 6.344013869368948788e-02 7.854405179001926196e-02 6.341982422101960504e-02 6.483319486953546817e-02 6.329032776812763827e-02
7.051231910951032134e-02 8.617347028244629059e-02 4.648871258170193810e-02 7.535134117802234910e-02 5.138975964745459007e-02 4.479778136275367612e-02 7.942799279607236362e-02 5.175529111103886054e-02 7.646691563245400225e-02 8.303442739765004577e-02
3.827507989804754956e-02 5.473164253044036920e-02 6.577809709695678353e-02 8.424810221210413119e-02 5.872315365014703359e-02 5.310462672892983516e-02 7.693865280611227042e-02 6.540785430865597716e-02 5.757742842161998192e-02 1.204272958647188557e-01
3.296031297128670240e-02 4.664331591613098127e-02 1.301098215872493746e-01 3.600328051118146383e-02 5.096337000691165270e-02 8.437186858559411751e-02 9.378529145440818449e-02 6.592600356048523846e-02 8.628647599327969597e-02 6.167857813189461802e-02
3.669230521668234019e-02 1.175273372247632730e-01 6.842390713221394027e-02 3.860068080586621236e-02 3.464392092243386012e-02 6.194285281964232587e-02 9.128938578178882879e-02 5.499672598361589337e-02 9.256141440539633614e-02 9.443683491130459851e-02
3.664277273109733252e-02 6.336745042006421136e-02 5.087588097876059867e-02 9.084740062756962997e-02 7.013190636355151608e-02 7.049697097626801690e-02 8.988776123841078769e-02 5.026530034406005709e-02 5.873175266946479428e-02 8.891627668700474718e-02
3.829081103850979356e-02 7.073322974644695449e-02 9.226617745818713190e-02 7.307211010480776925e-02 6.047120427525719960e-02 6.015018034327986041e-02 7.515211763209804496e-02 4.463859901218118070e-02 4.957658861973153475e-02 1.134278708570175542e-01
1.414731721486588989e-01 1.790959613089004518e-02 3.401854476581551295e-02 1.472611425055382339e-01 2.680516366861960403e-02 1.012149399128228905e-01 8.320873412313735396e-02 8.905548767710533276e-02 7.390450367936038378e-02 3.929022808981048887e-02
4.919479414540259971e-02 4.563982505614871260e-02 6.627416075553040076e-02 6.746123019470791349e-02 7.648962928104234560e-02 1.029380613993349791e-01 2.933400671917848340e-02 8.271472629510387420e-02 1.218447062474340842e-01 4.754291379339489060e-02
8.231897439314156406e-02 5.347621419674843113e-02 5.061571939011392379e-02 1.077152240677519968e-01 5.876943795378834073e-02 4.989976364878131315e-02 1.000169487674407720e-01 4.591325745020878590e-02 6.550656912071861626e-02 6.186517785866528507e-02
4.358146178740471277e-02 5.423290958384167915e-02 8.641264510194930637e-02 8.760370201508758947e-02 4.625385143486872297e-02 7.425472965926489810e-02 6.635348299133590755e-02 8.060408963871648624e-02 5.241311146303009871e-02 7.487774875079208914e-02
8.841450445240375822e-02 6.689847644172033925e-02 6.372556448364624648e-02 2.345156311580414918e-02 1.172202997848225126e-01 4.603630997367442329e-02 8.946419599827114266e-02 7.265541383396396935e-02 5.076328886248521188e-02 6.844155774041911500e-02
3.791011786923488558e-02 5.896567444502240352e-02 7.396392984931132730e-02 5.990090699520191075e-02 1.689899343614561789e-01 7.869009943719537659e-02 5.695536615136589931e-02 4.771678867254551537e-02 5.515994964458990207e-02 5.643966656233293661e-02
6.486455912806091129e-02 1.862395875726490652e-02 1.437553411856671848e-01 4.695287862153655484e-02 9.442582336942946519e-02 5.234736726261016160e-02 3.604245815268364295e-02 7.639101248036812841e-02 8.399925592774960814e-02 8.715849372392250882e-02
7.124272844639108204e-02 1.204812410720383919e-01 3.331953646660107404e-02 8.158615720169783148e-02 3.707157157942841952e-02 8.373484348582468928e-02 5.211387548137728226e-02 6.248600991013151390e-02 6.566702914560976212e-02 7.892932770691489519e-02
2.829166685500334247e-02 7.105318691415679622e-02 5.411130808851785656e-02 5.050035396762093953e-02 6.872019264700965357e-02 7.316456627136837254e-02 1.169142624515765588e-01 5.602785793208424348e-02 9.136767150256953907e-02 6.609451751367377559e-02
5.677127636429275120e-02 4.919869603596257329e-02 7.410827381078885501e-02 7.494871157710406018e-02 5.923156725161493608e-02 6.481046790451962247e-02 4.227939966181170489e-02 1.068533580596939120e-01 5.253021207093195449e-02 9.178353590764419534e-02
4.857521151294821177e-02 8.892750164706036964e-02 1.055267188890768593e-01 5.531338709811971233e-02 5.417898631728736147e-02 5.209749316563518085e-02 9.497650528508534695e-02 5.949994378816032825e-02 4.322220032198388628e-02 6.945093647859927610e-02
6.329793264315163037e-02 6.079035817779607914e-02 5.222915541384926669e-02 4.274142295371494149e-02 4.353673246874498887e-02 7.448376512044771469e-02 1.241923363441977402e-01 4.372933259883166057e-02 1.103062669027752574e-01 7.101416096946579215e-02
1.170060867187555365e-01 3.645079536915828838e-02 9.319713461158304901e-02 7.761995607241718720e-02 4.598898313085979239e-02 5.011093241857748903e-02 9.664159388877381629e-02 1.045076685649519860e-01 4.414406153298855440e-02 3.449366162395765129e-02
4.688826740700912515e-02 5.354786890945091582e-02 9.647775968468180752e-02 2.796356916923387406e-02 1.147983218687812640e-01 3.948706779263379263e-02 7.829456586221344994e-02 8.470299126110820975e-02 6.215774662725687127e-02 9.174566619246851684e-02
7.531201804580703318e-02 4.665637429391297775e-02 6.148212168140564093e-02 6.258711313217833749e-02 7.810064452314015304e-02 6.522141792872161725e-02 3.120015249368334950e-02 1.393580486751738179e-01 5.241456366788147664e-02 7.558366899922223936e-02
3.262085066568418124e-02 1.486728435940250781e-01 4.977129417768749731e-02 5.454586942266145128e-02 1.056864810138462701e-01 5.063063758425390137e-02 7.220110401626905761e-02 5.429031208959939070e-02 4.762674508796382877e-02 9.300509719270984299e-02
8.669623735538824205e-02 6.977023206980348391e-02 2.369041101288973938e-02 4.814923120424410841e-02 1.058868396523721667e-01 3.756782682475977297e-02 8.049741557966340333e-02 8.209407911963102766e-02 7.943449313810031776e-02 6.729516372541287372e-02
5.040937347257785223e-02 1.222736926158102255e-01 5.790587015403139692e-02 4.211907020407917174e-02 8.736928403210068861e-02 4.201550003093412061e-02 6.399982275189618208e-02 9.712584019115001743e-02 3.639479516985905799e-02 9.509856394379981315e-02
7.366701099688643950e-02 5.300824433080940368e-02 5.821658473343269136e-02 5.832262147771363064e-02 3.419856254606941370e-02 6.251153645684601190e-02 9.676012017260973708e-02 6.866458154710945727e-02 7.443513169474259838e-02 8.437814099950660673e-02
9.828210672132718650e-02 8.315134798272261207e-02 4.302799610468166502e-02 1.307514579855213466e-01 1.021101779389458203e-01 5.592875321103930875e-02 3.630215953298306097e-02 4.783455320061853755e-02 5.200122329154678591e-02 4.659916599091190603e-02
3.894410694657950145e-02 6.923296755599891994e-02 5.853248179422247677e-02 8.924079953429313317e-02 7.731579798035678741e-02 6.196484156878806493e-02 7.180748292235024366e-02 6.621784784110448796e-02 1.037290854791733108e-01 3.494893112830620152e-02
8.967308289941949839e-02 3.213621495282256713e-02 9.629755618038354781e-02 3.352643531647951647e-02 4.391489722402952545e-02 1.610814897263183332e-01 6.849818468165722041e-02 9.780083733314270944e-02 3.736382846362606286e-02 6.148348220212739718e-02
6.486717607646241834e-02 5.672052567591451960e-02 8.110130270333047731e-02 5.298976867955981773e-02 8.942236665115493865e-02 7.857309107445521745e-02 3.263970340237994788e-02 6.836183071845247650e-02 1.098658903035396317e-01 4.451155714675683606e-02
4.822556022249026991e-02 1.024159013764132237e-01 5.936860341165184352e-02 5.294431496145170224e-02 1.219224888447346666e-01 4.453525326128032757e-02 1.210056399135432531e-01 5.110412335875921114e-02 5.467085013895924689e-02 4.143167448980603074e-02
6.789746136074464866e-02 4.792785843824825393e-02 7.139444224195012900e-02 6.597728532624810849e-02 6.730814411293634114e-02 6.837837760635032125e-02 4.943908834364237059e-02 6.589743288669283605e-02 7.485206410324014847e-02 7.747186158536589762e-02
1.280648092579192432e-01 6.274687953613840297e-02 4.252073127241910722e-02 1.572161199706496593e-01 4.884500433406389203e-02 8.163190943731213345e-02 8.892078844440642893e-02 6.269504210608407846e-02 1.642836764450764445e-02 3.543127385234801086e-02
5.970282118761095769e-02 5.411841578561180088e-02 1.630310884367642543e-01 5.122082924220970612e-02 3.140474721225066518e-02 1.225225748874322756e-01 4.461400326658963855e-02 4.659322701040604503e-02 3.760164467490478835e-02 1.261777679848048728e-01
2.605399031363759763e-02 6.536209415053144400e-02 5.984339057275225859e-02 7.196688792731191497e-02 7.144373234891186752e-02 3.300588325916929688e-02 6.386807941478975237e-02 1.098067620268296796e-01 6.399055236736192476e-02 1.224405913416753283e-01
5.442390898236412755e-02 4.195878553801452027e-02 9.791820151340990819e-02 7.497681558058987006e-02 5.428369497957742651e-02 5.063201080815315364e-02 4.544632506765585583e-02 9.553153145433193605e-02 9.803359924263141401e-02 5.739164587221001756e-02
5.009250299646372112e-02 1.083162453719316576e-01 7.734234159194595948e-02 9.065520242391986172e-02 6.264358686072098170e-02 7.476457681392287280e-02 5.486685376542763809e-02 5.140794119709434645e-02 4.034120303771261684e-02 5.837289110427500149e-02
7.638720950936865595e-02 5.253680853107209336e-02 7.843981080842069020e-02 7.144389667630932084e-02 5.036664908212171859e-02 1.166697548509713633e-01 3.659837107002204826e-02 3.993239022510639696e-02 1.176138284648740318e-01 5.237379521828736118e-02
6.804031370583873972e-02 7.232643399676454143e-02 6.304039512171202841e-02 1.088275096516082563e-01 3.998429954816512533e-02 3.442771911726509593e-02 6.313551277494737490e-02 7.691086716732847828e-02 8.535715865523946233e-02 5.850998674950245310e-02
4.832894946321329710e-02 8.766660090062611266e-02 4.876577833385831173e-02 9.298704523399119182e-02 6.069730157687545924e-02 7.984548529160426233e-02 1.140976553365553592e-01 7.013085616539706246e-02 3.155769539991298833e-02 4.496235736893505752e-02
4.724689061760786735e-02 6.952153037654533463e-02 5.958918650882397139e-02 1.136517951523401265e-01 4.557831936188735250e-02 1.122537692436231527e-01 4.863786118757605637e-02 3.456922189344386470e-02 5.622287944794242265e-02 1.076383001889748003e-01
4.261057928407144257e-02 9.130339219655282668e-02 3.525061491600819941e-02 5.125432147946904632e-02 7.138158527942632670e-02 6.607095973831743352e-02 7.771111533254224102e-02 6.382241865343732390e-02 6.889678486545523783e-02 1.088461004501359991e-01
1.405445391558005908e-01 2.816902087543613625e-02 3.841935782329977678e-02 5.839404919715599634e-02 4.425006708889105134e-02 1.465680646987720381e-01 7.516930920307700326e-02 4.761519332874744603e-02 8.541952299990336617e-02 5.919504236297102456e-02
3.468043806073192042e-02 5.632780785871065177e-02 7.217308967296558186e-02 5.878023985881299790e-02 7.922054952220561330e-02 7.483756396276133871e-02 7.644538704463964274e-02 8.786850731214229659e-02 7.669176024458260188e-02 4.517453244946119384e-02
8.169149801863842542e-02 5.653358309378712920e-02 3.259077881020558398e-02 5.192095758094714131e-02 1.501239804533902322e-01 8.795513915455596687e-02 6.351053365054552813e-02 4.579241065312658621e-02 1.299639040859483785e-01 2.402352189128584628e-02
8.814464128050716885e-02 3.916188541815110447e-02 6.381373787552449550e-02 5.956336690432099956e-02 6.894231261009248213e-02 8.157119335266721505e-02 7.789643006297487793e-02 4.860724279910154377e-02 8.447697329572767533e-02 5.531708111965096680e-02
8.954609842452614099e-02 4.171077696267662394e-02 9.059965598021876843e-02 2.701187161275399318e-02 5.110233861213555467e-02 1.334673917582543667e-01 6.262303699093360598e-02 7.050957455859244161e-02 5.558322680784718445e-02 7.039013384592486544e-02
3.761828822665522903e-02 6.429742651667558206e-02 4.844500844870659739e-02 7.035296209292926650e-02 7.640133961642962823e-02 6.979862248742896291e-02 7.765629974515909917e-02 7.130400538726075488e-02 5.901142022540700749e-02 9.001003332226419074e-02
5.430587652522375630e-02 4.267953393291545883e-02 4.243650719748129352e-02 7.121666874376919587e-02 1.270340918168721411e-01 5.509392818849768308e-02 6.359787450322493263e-02 5.329653878132553646e-02 8.795324101160328922e-02 7.810605965403838447e-02
4.436279498986375747e-02 9.047449559900626326e-02 8.036255038297585029e-02 7.140568308742886727e-02 6.691904216135301231e-02 5.978727386417499734e-02 4.483048273212395657e-02 6.939665391815925954e-02 7.480679644946450213e-02 5.883700295470459946e-02
7.547510896574922967e-02 8.590940984196993035e-02 5.683764521482042448e-02 1.095128612501820864e-01 6.014368101099719366e-02 5.927754742152532841e-02 7.260902611142164287e-02 5.834179591236487300e-02 6.533670995498948308e-02 2.891749223489087361e-02
4.013295056081366691e-02 1.014609444880792133e-01 5.999167207887110692e-02 7.715417676217597998e-02 3.915218092508690462e-02 6.441636598536827629e-02 9.972151143020316355e-02 4.145228795377282893e-02 9.154121612508459016e-02 6.880066438195120426e-02
6.869131276598232361e-02 4.418846849484314721e-02 6.207577242136319562e-02 7.564627383411529071e-02 3.983776627560788736e-02 6.812140980389599920e-02 5.837334598940342734e-02 8.469300160235984642e-02 9.951322783006427697e-02 6.341969223017619728e-02
3.684450700484624003e-02 3.835288615931717326e-02 7.788531243134753923e-02 1.116938058298793113e-01 5.580233282513772514e-02 6.841076937571786976e-02 1.013385106494445742e-01 6.742282470256909244e-02 7.085571468217773117e-02 4.856128678018525879e-02
5.596654605330460275e-02 4.120114708964372346e-02 8.453633387698505919e-02 4.716028743370914711e-02 9.871184297772118976e-02 8.285982580173961720e-02 4.808948530396564558e-02 4.188066940997316884e-02 7.320352220506280705e-02 1.021077847955218360e-01
4.733084124996837783e-02 8.867767807234948341e-02 8.000181038455127236e-02 7.346326499347727301e-02 3.380655755796919959e-02 7.947678918994829922e-02 5.341013517786930009e-02 6.473388868101742633e-02 1.010459614892575408e-01 5.090766672277829974e-02
6.282015008380535670e-02 6.772111221712526219e-02 7.977236842225700342e-02 3.176239462545754622e-02 6.626758148906487789e-02 5.785396847949930699e-02 7.190873578137657596e-02 7.157563522074132656e-02 9.951153824697783756e-02 5.854786275068882967e-02
4.326845101524159215e-02 6.727505333390859654e-02 3.975877758743950191e-02 1.431941114181842223e-01 3.425958604114170275e-02 6.609534872219376134e-02 7.724392408462074644e-02 7.088458607188678762e-02 8.982277686101500236e-02 6.371124458938863533e-02
5.340668198605168920e-02 8.502302499630941257e-02 5.640214166979050370e-02 6.173542291131840776e-02 9.295465490723678337e-02 6.512570858382682459e-02 5.208630158838450236e-02 4.671111431698827393e-02 1.125708542591550010e-01 4.922323801564042894e-02
8.042758178196966756e-02 7.207418390084992244e-02 8.714167095321298517e-02 4.147444110344138124e-02 8.690506625102402405e-02 8.720115376750875447e-02 2.834961354352897103e-02 8.978058949430432756e-02 6.052361996984310238e-02 4.880833459915451950e-02
7.679416773825500919e-02 5.043437547177279795e-02 7.584990679558820115e-02 5.056464454691014798e-02 6.390008354521248268e-02 5.938637346265306094e-02 7.168520125966537648e-02 8.103879509680704529e-02 6.161386320367524816e-02 6.803131670359793826e-02
6.453687027673962739e-02 5.670585191601028308e-02 8.185452485855683469e-02 8.497281210290300035e-02 7.179294817140992324e-02 5.997003709988887182e-02 7.557169302765161245e-02 6.416980124475395175e-02 5.268258568061754549e-02 4.679863914570342454e-02
5.561227676761530681e-02 3.774155737562003010e-02 4.362244320564498401e-02 1.180341938076653607e-01 7.454166535061192145e-02 6.444220377773191011e-02 3.557423172010915069e-02 7.288425033035375589e-02 1.044584016082428651e-01 7.027374819012274787e-02
