-7.319570461169118580e+00
-7.971758680696911625e+00
-7.859638229468640880e+00
-7.543782641085649665e+00
-7.432425020695511364e+00
-7.458017070482521937e+00
-8.155779909684877538e+00
-6.766706905205428058e+00
-8.163493163131146702e+00
-6.747546732240719436e+00
-7.234927037534156113e+00
-7.584719966189464202e+00
-7.588871615333451892e+00
-8.363420355196836908e+00
-7.728874090725628143e+00
-6.392995917610376111e+00
-7.543054935531191774e+00
-7.694623784899536467e+00
-8.585854659791884558e+00
-7.284078102395205256e+00
-7.386431689270780865e+00
-7.839750250391237074e+00
-7.437598429230835251e+00
-7.840183107140973107e+00
-7.393884175910090839e+00
-8.193071162198533486e+00
-8.017448876298905347e+00
-7.490539897739108888e+00
-9.406431572865161073e+00
-8.550403446187742063e+00
-7.272140090407469337e+00
-7.499654345672426281e+00
-7.334891108318914554e+00
-7.786442172826314234e+00
-7.449137507364720356e+00
-8.609231115952262314e+00
-8.132751029146156441e+00
-7.651517151260301297e+00
-6.647459365696183120e+00
-7.345632309032263052e+00
-7.701160601598474820e+00
-7.374862715113739142e+00
-7.698171496942963543e+00
-7.921312517981143664e+00
-7.024620263896001582e+00
-6.998011673388511156e+00
-7.717204147912231527e+00
-7.461303233260122347e+00
-6.998935379168590210e+00
-8.067380102500530725e+00
-8.616810790057888525e+00
-7.517148119806454254e+00
-7.968566682666811118e+00
-6.615003008783434169e+00
-6.761527785835588666e+00
-7.698074695199875528e+00
-8.075201397366861045e+00
-7.432573912569234942e+00
-6.915542602544794804e+00
-8.341443315069867026e+00
-6.696209070298162480e+00
-7.396655888058705663e+00
-7.446537584067524307e+00
-6.852201031513254215e+00
-7.764773916526397812e+00
-8.078899252019560606e+00
-8.160114144306149342e+00
-8.577062377481613709e+00
-6.242237238227411389e+00
-7.224267871487115578e+00
-8.777041652587163512e+00
-8.200857916991449059e+00
-8.664898393754151940e+00
-7.848390076797254977e+00
-7.221527482648883556e+00
-8.243966301168759614e+00
-8.918567042541221568e+00
-6.687089421227124575e+00
-7.485026651663113206e+00
-9.206828767604772423e+00
-7.643305395201316799e+00
-7.505539768205333750e+00
-7.808917113591510528e+00
-7.651029744849333625e+00
-7.457433978968626143e+00
-7.252624624757651794e+00
-8.169313482327218878e+00
-6.937536565899337759e+00
-8.563431709897157518e+00
-8.045754146184110667e+00
-7.684413950160443818e+00
-7.472514767302779859e+00
-6.719731954241882299e+00
-6.616926581472395874e+00
-8.242544952444488260e+00
-7.847882049423625439e+00
-8.010871646830809212e+00
-7.036177864814309402e+00
-6.805322327775567892e+00
-7.826740458729714689e+00
