3.438594406171423951e-02 1.621867963352825459e-01 2.204108275397883426e-02 3.177372944815054241e-03 1.623850791298282357e-03 2.929798021114617384e-03 3.003215933318980485e-02 6.405506545555639253e-02 3.735442292318047475e-02 3.028348000294966286e-02
1.631084329855747193e-03 6.122714982709723079e-03 8.630396860595496156e-02 3.444694822190024625e-02 1.698754796455805363e-02 5.038940198695377598e-02 1.007330968401002821e-02 3.539240928499160638e-02 7.007702512024105435e-02 1.837406925340517860e-02
3.486368731540391563e-02 7.662902760550246127e-03 9.044369535856612574e-03 2.853397006414540998e-02 4.558406471458871512e-02 2.774624846938571893e-02 4.838371294022206226e-02 2.373748954762221197e-02 3.508204274447412896e-02 2.446597226679972023e-02
1.479549307965941952e-02 2.614308610708881292e-02 3.586446516318314570e-02 2.461762058598172473e-02 8.951988332348472660e-03 5.238320959516314795e-03 6.161221814905290528e-03 1.433003316632350428e-02 8.508147166819514384e-02 1.366982767234011520e-01
4.443320835294671534e-02 1.944423093530483083e-03 1.507027377588769645e-02 6.042486355725280867e-02 3.067051660125031526e-02 1.777172658309009862e-02 7.111876066726748741e-03 9.597538343225572172e-03 5.616537389790568491e-02 8.342601238747274217e-02
1.355878761877685364e-02 4.319858869554728253e-02 3.218511932239619122e-02 3.856659325112413855e-02 1.510506559521604050e-02 1.022139081154364512e-02 2.190198646890790385e-02 1.353646374333620887e-02 5.005481861112179992e-02 4.796427327273070085e-02
2.571045196750457520e-02 2.584373209812833999e-02 4.842069905573311017e-02 2.103314179949697382e-01 5.019235562998486389e-02 1.518042848192232772e-02 8.803637396650531438e-03 6.306161516966106440e-03 1.676903802298756931e-03 7.792450924561453683e-03
9.000265603978482853e-02 4.350836477448336015e-02 1.738128438403115442e-02 1.132847611777836223e-02 1.599500608055172760e-02 3.476543750459504256e-02 5.724382222476989690e-02 8.984963994979099436e-03 6.668467959711821269e-03 3.099328406095741562e-02
1.652090565913422529e-02 1.100200127938739079e-02 2.642306037529461304e-02 4.861382014721748329e-02 8.947977572132394600e-03 5.437210022791945895e-03 7.392564856596109922e-03 2.881375223040727462e-01 1.674660406951875014e-02 1.620102951357283924e-02
4.918365327358738270e-02 1.835740245528126244e-02 6.182221508823405182e-03 6.198962859388219837e-02 1.674638964170538369e-02 8.411811588466006767e-03 2.114807930950812417e-02 7.197206893520119442e-02 3.977154780610572815e-02 8.864828774806432499e-03
5.460168570785812331e-02 2.552623582875765754e-02 9.713438093138378540e-03 3.115957917774970533e-03 1.477965244292596490e-03 4.289259445488241909e-03 4.830648323619892576e-02 1.070437192469371190e-01 2.900280637935685052e-02 9.163049600040773512e-02
4.800650112158298677e-02 4.984923510234118282e-02 7.386101659352434234e-02 4.116401896434410124e-02 1.170844268931408964e-02 1.054264078304118467e-02 1.869467856222420746e-02 3.496516589820337223e-02 8.255949613359854500e-03 9.655641131895223439e-03
1.416248250260259134e-01 3.813032917798848953e-02 1.193343253927829639e-02 2.040821075401642870e-02 9.102380899604821385e-03 8.785334787511187016e-03 3.260414779807764476e-03 2.314506677655723751e-02 5.258172683951444631e-02 3.654096241442493509e-02
3.820764037298699650e-02 2.434129606720539588e-02 3.575563311284899598e-02 3.466068576796779710e-02 6.293726114958536969e-03 7.905333970693817491e-03 1.545990751763395149e-02 5.134764637893057815e-02 1.299829377314195081e-02 7.394428796436468276e-02
3.215600561994300804e-02 3.190371373484147954e-02 6.877651790669597753e-02 1.002230536469863285e-02 3.613522416337328069e-02 4.651100746954761611e-02 1.775431912055539657e-02 6.752357373544944606e-03 1.059154991142925197e-02 3.776671487694115842e-02
3.703519156153532027e-02 4.607000382084094903e-02 1.680369325283085497e-02 1.279137093716767662e-02 3.280982734758986635e-02 3.170267235410813983e-02 2.169312175414600877e-02 3.717594590870990784e-02 2.838331964447236844e-02 1.514865332216980276e-02
1.067623717896376383e-02 2.216104911817809095e-02 5.745414674296947521e-02 4.229867653038373726e-02 1.609209163156179179e-02 1.335148665127709744e-02 9.130206060654322275e-02 4.949822118405393379e-02 1.279380617656695508e-02 5.909219891258190790e-03
2.885744258902081527e-02 2.686096892926374477e-02 1.021509595733254352e-02 1.202094113999953653e-02 1.747302637729098579e-02 4.149191668933824295e-02 2.327366702188179634e-02 2.417325916052667431e-02 3.794577472663358819e-02 6.720705841377262735e-02
6.471343249225570970e-02 5.136289890660877128e-02 4.766172485635719949e-03 6.384230309989363458e-03 6.247532348015667585e-03 8.391581974539594202e-02 2.741666981104972853e-02 6.015973280714745700e-03 2.966488616903228265e-02 5.369017549624310881e-02
1.435922599075710807e-02 1.155142109007154319e-02 3.676207112673705868e-02 9.052313929082420052e-02 2.967165402379784780e-02 2.297279413329921666e-03 3.119700991680734482e-03 2.288688543617575094e-02 8.639087502500469862e-02 5.153676986190293408e-02
9.532092813117580684e-04 9.228528963613842964e-03 1.433757801102261420e-01 7.810545439709022653e-02 9.817885983968925590e-03 8.899664343086477469e-03 1.543500658011298932e-01 5.167425752624464630e-02 5.013186050493605161e-03 1.014958725135113680e-03
6.533117733760243628e-02 5.338317095662740985e-02 1.851181726884944256e-02 1.844182675588123405e-02 7.585707344680610136e-03 8.992698024444391314e-03 1.272135640495879010e-02 1.001346216352991675e-01 3.328118983180477358e-02 8.580504716940356991e-03
4.868144347848360476e-02 2.407255204142309812e-02 5.727367425886142893e-02 3.637310690741278607e-02 5.123849217215941179e-03 3.656958270806402560e-03 1.148786614692500971e-02 8.116219548106247406e-02 3.033810414916669404e-02 2.185206438183070685e-02
2.351300344809365700e-03 9.215379959061961029e-03 1.677112910944588142e-01 4.786443057338193863e-02 1.136868348206115931e-02 1.042559283012672172e-02 4.314206678975296416e-02 6.255582337549693561e-02 2.468742975574250709e-02 5.952127070800702739e-03
7.965915399747371117e-03 2.253612380353302996e-02 2.530850774471064824e-02 3.745619470659944383e-02 9.144039636245944458e-03 2.734166792579836164e-02 1.351766206908935550e-02 9.456303738334764092e-03 7.729105827668589224e-02 8.043168209398812718e-02
4.895729241044742899e-03 9.642609002658061174e-03 5.687225219276172486e-03 3.561517059502401078e-02 6.537087236829730585e-02 4.391709875643608207e-02 2.750684126612797792e-02 1.213261545751413012e-01 2.383509064758803156e-02 7.161807793591883249e-03
1.110973813973778757e-01 3.418665093318552783e-02 1.557493144289308525e-02 5.352439897186310122e-03 1.782129088171101675e-02 3.543824584282889018e-02 3.475433624255048343e-02 6.549364053648026353e-03 7.386291436011220742e-03 6.879825076234279135e-02
1.702331530169189436e-02 5.724420828144684802e-03 5.265250056248514492e-03 4.650845168173744701e-03 1.610109781416319344e-02 1.171245143089371110e-01 5.607575186244903587e-02 2.027668191628089617e-02 3.986361076664887010e-02 7.220260122287595894e-02
3.097734581356190522e-02 4.447437358340528002e-02 6.418145184584379825e-02 1.385237381548689098e-02 9.266952653271695595e-03 1.400676624076862761e-02 6.554353627661218748e-03 2.360216866834622534e-02 5.505085351020967688e-02 3.965400353556791657e-02
2.978418833797589343e-02 2.372069526083277896e-02 4.162588377443027926e-02 1.541764149643115069e-02 7.029163317679946316e-03 2.113403408761321042e-03 7.759312975462978601e-03 4.328664041655112815e-02 1.752132370332180611e-01 2.630976066457621498e-02
8.980366471905769712e-03 2.682078536295815288e-02 3.624558732191989624e-02 2.628773354678828542e-02 2.257532687562804896e-02 1.824231886793806906e-02 5.475357901908232960e-02 4.983125759672601268e-02 3.740768651721006199e-02 9.223430093840837354e-03
5.680371779666119891e-03 3.919254372598509825e-03 2.252917938858996216e-02 2.560321592378132435e-02 1.823855537288470580e-02 3.529497870795622605e-02 6.473753344195168347e-02 2.856373864355029463e-02 4.340570361799359761e-02 5.477706062124570313e-02
1.945872629202875792e-02 4.039066005731779818e-02 1.138373160575330556e-01 3.837464643878966963e-02 5.894324690778940390e-03 3.970449397937152007e-03 1.034676493464331201e-02 3.050232476605736764e-02 3.476572557121896528e-02 3.291661022469032777e-02
2.734455671351204015e-02 5.981794658906486317e-02 1.608999017815841009e-02 1.831708853207372062e-02 1.075831537332823558e-02 1.359114455269259114e-01 5.542923456849976199e-02 1.427937956561263141e-02 4.782341763008250181e-03 7.035285350324519890e-03
4.073431126987029499e-02 1.422838449651023934e-02 8.807412371481582181e-03 1.511444483839800325e-02 1.988812607667660159e-02 1.058417554481160261e-01 4.920129092551656091e-02 1.289145094342255236e-02 2.071343061143141734e-02 2.693794079436835284e-02
2.463178883746103970e-02 1.339829291491992022e-02 4.200058483419083499e-02 7.997595410580816966e-02 3.808195660858236520e-02 4.415347917015819204e-03 6.705983862852620513e-03 1.066091701184855405e-02 6.025330934124017990e-02 4.040449459237972080e-02
3.089426247958844580e-03 9.522927010588258176e-03 3.827878243599466129e-02 1.568841406523483750e-01 4.027646000676322023e-03 8.362924291797298876e-03 6.695178868465093136e-02 4.811900224171507257e-02 3.562141673731829272e-02 6.857020908183602236e-03
5.724755346520625510e-02 2.094226854745593475e-02 1.601549282636151317e-02 2.525610379163780936e-02 1.462619286142750885e-02 2.451819187816458093e-02 4.218520997455270372e-02 2.668769940921986161e-02 2.107911111081920905e-02 3.190523476049335339e-02
4.499100927327852328e-02 4.439458757854514159e-02 1.735125711129476347e-02 2.098662560728459248e-02 1.141917063636855093e-02 1.040831109040703077e-02 2.401167542527367360e-02 2.026733746512240225e-02 3.985361946827176149e-02 5.496953397252460349e-02
1.064364148916472491e-02 8.152715256526912174e-03 2.544177110164510744e-02 5.608441212453466052e-02 2.281687337690643802e-02 1.320061709245044616e-02 2.001386796183662886e-02 2.100764495324086018e-02 3.519197671537212940e-02 1.004513092682420144e-01
2.904511291465490010e-03 1.845237431640533651e-02 1.379593406406637301e-01 1.307021609812567334e-02 7.551653903520586658e-03 3.628037387246967060e-02 6.836027329630178784e-02 3.514583371668530271e-02 2.943843707982286492e-02 7.298129182374545575e-03
1.482810516131288607e-02 1.138644966323116708e-01 3.561587696010076742e-02 3.109337565225553639e-03 1.409588508080412842e-03 9.051420645388785075e-03 3.561329435958627415e-02 2.795033193170085029e-02 6.268527265602713561e-02 4.599050435494415889e-02
8.057706485471842831e-03 8.798477445347136633e-03 1.436943030093904179e-02 5.604038199920863966e-02 4.179695387168425730e-02 3.912814671403241906e-02 4.417704388173498975e-02 1.811995153982293855e-02 2.415333500692210325e-02 3.945495163947701500e-02
1.344558196222723004e-02 2.674349145319476415e-02 7.292768351811004801e-02 4.231943837201138092e-02 1.732751282973318471e-02 1.483571821228732088e-02 1.529553790151793637e-02 8.901910237936561804e-03 1.987281924646444944e-02 7.219679864175110318e-02
3.054683217291195851e-02 2.521660892558655678e-03 6.465682436642833375e-03 6.288490209140544518e-02 1.031670930513709991e-02 4.291938211215208521e-02 6.279687239255352105e-02 4.606900436040319013e-02 1.910092491630265357e-02 9.748054044730272358e-03
1.637766189266688177e-03 1.462359322155010449e-03 7.163803693784455938e-03 2.746510090668265874e-02 6.834867912398125134e-02 5.576876769956314733e-02 6.090552880558312843e-03 5.755167644008416655e-02 1.751258439274087364e-01 1.307349831953587629e-02
3.470053820609936973e-02 1.360943004968274972e-02 1.941938259897204797e-02 7.928647774250366376e-02 2.748169071461546015e-02 1.645402041562342432e-02 4.295177759947255147e-02 1.481944746696720570e-02 1.744988735163833377e-02 2.478899464016564441e-02
5.523120274946287378e-03 1.504097959000671655e-02 7.221552763997043933e-02 6.770762923682153989e-02 1.310023836163978425e-02 2.135473901105051225e-02 3.498762021969134550e-02 4.789442429128900475e-02 1.910494223157419708e-02 1.414014712050947961e-02
7.465727309261174782e-02 3.006395976844577350e-02 9.003933411619513202e-03 3.606723961965348137e-03 4.278138250010543597e-02 2.454588578245973582e-02 5.253682840285510414e-02 2.617975232442406805e-02 1.189275680931159603e-02 2.812002501508734792e-02
7.325245346458019585e-03 1.572312310256728657e-02 2.511318371173766606e-02 3.131880371395750345e-02 2.507113717238523831e-01 5.327425540120044739e-02 1.132946529887450711e-02 6.791237221444915671e-03 8.601465323736231378e-03 9.185613986487100799e-03
1.093500122127595911e-02 3.456765529388786378e-03 8.897773431246898401e-02 3.303575444471707617e-02 3.287851929982105875e-02 5.254594506041265767e-03 3.090345986534045412e-03 2.219991651479097383e-02 7.920453821369609348e-02 5.963835710451111105e-02
5.500939855994733257e-02 1.069121453985821119e-01 9.443041810461776792e-03 1.118981968620331655e-02 7.822646425232220035e-03 3.129842582464957557e-02 1.901570002262518988e-02 2.010809243191646195e-02 2.074231202161828588e-02 3.509838471390001186e-02
5.287605256044548320e-03 1.045946494073645913e-02 9.085222868180288514e-03 1.003536947408172585e-02 2.208099740956389126e-02 5.423557818332826186e-02 1.028415491829817174e-01 3.093395452845159460e-02 5.594147238825659257e-02 2.513972353772327140e-02
1.474777699429828844e-02 1.179314949458849272e-02 3.475495886111368976e-02 4.882141347485792482e-02 2.093230080898448447e-02 1.206218647393724266e-02 1.144285966892138670e-02 6.111884909566527024e-02 3.305285832693811293e-02 4.473926217472443123e-02
9.749804302240967432e-03 7.296956043508415202e-02 1.132764358805152111e-01 1.540998420846817832e-02 6.558297359990064058e-03 1.957322575738414810e-02 8.392978655423832812e-02 2.975834279993125331e-02 6.365976382616343743e-03 5.888151464316695657e-03
2.331250126313919036e-02 8.128750215748371116e-03 2.642944561412622489e-03 1.459037042820446892e-03 5.244347562754049855e-03 5.585280848060423381e-02 1.461087813664605217e-01 1.894755740160622426e-02 7.526004798834140530e-02 5.596563446954516685e-02
2.563160838706814160e-02 1.509592929497962158e-02 5.860495170760853662e-02 3.058546966745281231e-02 5.499474299210679526e-03 8.930488864899522108e-03 9.534744227016546392e-02 9.692557001077031775e-02 7.681923285055379698e-03 3.322071363278643070e-03
1.224492380118144715e-02 1.447406148513483669e-02 3.641715054439816079e-02 1.071592931336304809e-02 3.890667214278931141e-02 1.211947220677450296e-02 3.287638207992211320e-02 5.005639975815859982e-02 3.633894627205287720e-02 3.597779627382349105e-02
2.161939144541477967e-02 9.324741225528291461e-03 1.329012762977959533e-02 2.773740668849706756e-02 3.872783002133419611e-02 1.663046089474237016e-02 1.014933213624951910e-02 1.154609625543330798e-01 3.232641552020232290e-02 2.861436904851706597e-02
1.576895302096449625e-02 1.482897575997612349e-01 2.199139459518409737e-02 1.772123870089646266e-02 6.668220721810214080e-02 2.603629974272216388e-02 1.621701338963140934e-02 7.793369989148844074e-03 6.576506984129334640e-03 1.764718023502341582e-02
5.259013725994894639e-02 1.666724263693058344e-02 2.549109014337155952e-03 9.570950530589410893e-03 5.037046776567882800e-02 1.556668622803220221e-02 3.136002825791181503e-02 4.727632021145512786e-02 3.761684187022446696e-02 3.484661466379992273e-02
2.620438602933884004e-02 1.230352987498254114e-01 2.494483886253070007e-02 6.680844102865976172e-03 1.237200017873404598e-02 1.034629852393879196e-02 3.147282573639986758e-02 5.908915789604209795e-02 1.170215973948781837e-02 2.203005618106784747e-02
4.380205097289625177e-02 1.562886826816722863e-02 8.395844447144643757e-03 5.089105015339537817e-03 4.072187143447574681e-03 2.514698363941419296e-02 8.957077968985134586e-02 4.112000846467249449e-02 3.516957811063217698e-02 6.208759380773230113e-02
1.114680932976200023e-01 5.773289277874735226e-02 1.199382247965457247e-02 1.369047214132086687e-01 1.107529893454343994e-01 8.490637786387752323e-03 6.995765600655364132e-04 6.035298199837895285e-04 2.327845497772699623e-03 1.492859881505426492e-02
2.375439448583894445e-03 8.313357239996908149e-03 2.408967444521708731e-02 7.271027801632259924e-02 4.693984118099237685e-02 1.797208690380264207e-02 2.466164418189691065e-02 5.279434396767743870e-02 7.689769282596270461e-02 6.264088763419730331e-03
4.525102006027014595e-02 1.024923999205993273e-02 1.227221164958862756e-02 2.591919712093570562e-03 1.199502628909568727e-02 2.029202290123577890e-01 5.013862952098059600e-02 2.558385301504046208e-02 7.621266432373393837e-03 2.130233471893344319e-02
8.580817353799823771e-03 9.747802009259107225e-03 2.217485885707223825e-02 2.424298309460173537e-02 6.365312953843249577e-02 2.966076786373421717e-02 6.072573618628998235e-03 3.451261575885473942e-02 1.139118706055348706e-01 1.647579751228289702e-02
1.282047255208623206e-02 7.328391424260111142e-02 3.039212134816993843e-02 1.965741626685782451e-02 6.737392842985817643e-02 2.659681740447178422e-02 8.798511283333701471e-02 1.559839570165236569e-02 3.947025521204107490e-03 2.526066590626669522e-03
2.432155135124509926e-02 1.127195362580426900e-02 2.412851550666469252e-02 3.531300656990611631e-02 3.534309971686412644e-02 2.217705765898263237e-02 1.105979569356351291e-02 2.124000920215358273e-02 4.857890224229968051e-02 5.358446326845358459e-02
9.947168267779495088e-02 3.199277383997579938e-02 1.383894719076622301e-02 1.164125914955155133e-01 2.140487085488158858e-02 3.394467135912138112e-02 3.423729211668684325e-02 6.123098272427444748e-03 5.692832673952064179e-04 5.595200619439353804e-03
1.954992157596133207e-02 2.314848821651553645e-02 2.111698378810343280e-01 1.974624788173725415e-02 5.001533597170314781e-03 2.802572892705421786e-02 5.275477316839943809e-03 2.769512064654680063e-03 6.351389972883252077e-03 6.959233822144361703e-02
5.117641492108183227e-03 8.702434883228462800e-03 1.989770245309816638e-02 3.906375009717609481e-02 2.116010195717078074e-02 5.526256840445928353e-03 1.952674507542334278e-02 8.676885469594357303e-02 5.066805805864538215e-02 6.970084460463032983e-02
3.830446110750226636e-03 9.322538615881691137e-03 9.278036032928782539e-02 6.226696077658008116e-02 1.016668470094641424e-02 2.732398822184144583e-03 6.975502575420166121e-03 8.270228863730914870e-02 1.061636221551123804e-01 1.371214956258261057e-02
1.803998689683933981e-02 1.054663367034527205e-01 6.255794019454327670e-02 5.456944080716395057e-02 3.623285851534573804e-02 3.992695102894294745e-02 1.532211431524260412e-02 5.921316937098161474e-03 2.734314825427325291e-03 6.118341582808635784e-03
1.911590842943438825e-02 1.225313294442817273e-02 2.513680276078383846e-02 2.642698903229134810e-02 2.647901386513443200e-02 6.109448550315661752e-02 7.774624638865626144e-03 9.749990449274468368e-03 8.370430441451953696e-02 2.996577562360545899e-02
1.587727631380120297e-02 2.449569283403395595e-02 4.715009935435209715e-02 8.394007818131075938e-02 7.294351140371167080e-03 2.122715630665858791e-03 1.152275215702360661e-02 5.252821502954138633e-02 6.540913032431903973e-02 2.064794487756696495e-02
6.228951205590685901e-03 3.724624184018976436e-02 2.952695185616265386e-02 4.697234050320907295e-02 1.970735175626950331e-02 4.960580562905508861e-02 1.482616051845450644e-01 2.945221336860952971e-02 1.711007515907274215e-03 1.567587110409687529e-03
1.955894868623413163e-02 1.360147364979119936e-02 2.100075906968926556e-02 6.743750400762407726e-02 2.549914784647369648e-02 5.521603959773581372e-02 8.146245822399198963e-03 3.341875417627348729e-03 1.804795677092065412e-02 9.077688471101105772e-02
1.934639723665654981e-02 1.879695345063188416e-02 4.327454935383829963e-03 8.015205811802874128e-03 2.543223689648123342e-02 4.063251260727427511e-02 3.812422514343340174e-02 2.348577770510205248e-02 3.983502435088522031e-02 9.191361841364276142e-02
1.432552627600279238e-01 4.294430216841740866e-03 4.666439826323951412e-04 9.960336952200127530e-04 1.119907499591864773e-02 2.120667915860334207e-01 4.808787438914217949e-02 5.691024135535677556e-03 1.616842249706713572e-02 4.846923141569708937e-02
2.256568191068856078e-03 8.189251542158586944e-03 2.731958031727313441e-02 3.279212658546745013e-02 4.436036406675988863e-02 3.708492124417055169e-02 4.634870052513864053e-02 8.040451646551874387e-02 3.861622607670228691e-02 5.405014334875712749e-03
1.536919929719873790e-02 3.842569483580976584e-03 1.591926242694459816e-03 1.298803387851316278e-02 2.217961432125896137e-01 5.376514263663258186e-02 1.000656180732540160e-02 1.344682478806387416e-02 7.835439188568282809e-02 1.065061846256778848e-02
4.101766642900438881e-02 8.825593885178457942e-03 1.049221833307280652e-02 1.486249019625342227e-02 3.644533767815150843e-02 6.000068327063786539e-02 3.909681196519347590e-02 1.468477650645191000e-02 3.522717255885442211e-02 3.184303017370439942e-02
6.162765071360943453e-02 1.315932917439986867e-02 9.313133172237704482e-03 1.999968783926031699e-03 1.708945970075924359e-02 1.727605436427657182e-01 3.887325464202859293e-02 1.213268089446432885e-02 1.254206106400478776e-02 3.828825199888300640e-02
8.882782540855085202e-03 8.938593753734453209e-03 9.739110736691798317e-03 3.051688453744731688e-02 4.654711552105942479e-02 4.011455371827811478e-02 3.778125830117022577e-02 3.383052346161561502e-02 3.185427016936009242e-02 4.401696699986122618e-02
9.010901904665814463e-03 1.460181532851362709e-03 2.848061186827132579e-03 3.945479720920039984e-02 1.792029714626458270e-01 2.153556441289529791e-02 7.530577605940463708e-03 1.525393199650578076e-02 7.969671852913427779e-02 5.812749497354734174e-02
1.086883200980574664e-02 5.381230847844579307e-02 6.461102692823031401e-02 3.680222785170302741e-02 1.884618858254283325e-02 1.074379841653248097e-02 1.002761689845845829e-02 3.376226716539386385e-02 4.362577743993911739e-02 1.738690802655743287e-02
2.915590093262501736e-02 5.314196058610170387e-02 3.325322976850025175e-02 7.657842995784573670e-02 2.876364287453106461e-02 1.966874402608135425e-02 2.894702800008252044e-02 1.786316873459550814e-02 1.019298327890292774e-02 4.746161733930434265e-03
1.217616779561155396e-02 5.925623741286030477e-02 3.453254527067591007e-02 1.901302951288191476e-02 6.556758123782658806e-03 2.327039208441579465e-02 5.781141379418756887e-02 1.940144419799015932e-02 3.812757613585027183e-02 2.192624095252104777e-02
1.479639842371151606e-02 1.055522627626873274e-02 2.459777466345198366e-02 3.382586759427378548e-02 1.107897001296821726e-02 1.305552205168829943e-02 1.823984089760189928e-02 6.335343408568271106e-02 9.409087199398716295e-02 2.890646396964176995e-02
7.503984062700908052e-04 3.204935260828442514e-03 5.288616378129186446e-02 1.399452894209119724e-01 2.158571568269061769e-02 2.424234293983341254e-02 9.117408191776926740e-02 4.797234184614723035e-02 1.540633321547256289e-02 2.186382635934704805e-03
2.051492650662125466e-02 4.281768563814410122e-03 9.805158117630472653e-03 1.592008530580478476e-02 9.436199771870570907e-02 5.509901333649312033e-02 6.798150668696031906e-03 4.636567066131172879e-03 4.313528923001524323e-02 1.130462936286772690e-01
9.276956885490695789e-03 5.728782086653023270e-02 7.224024340860081550e-02 2.634856497205564918e-02 4.452502423263527201e-03 9.886833170343828706e-03 1.321370177094799772e-02 4.084555934741598837e-02 7.821671441840100103e-02 1.468913975149017948e-02
2.212867080164625938e-02 3.709987045788137872e-02 3.598879496860912797e-02 6.463785996899575580e-03 1.000340729718037988e-02 1.331253421667541632e-02 2.933260186236295516e-02 4.844484972614764018e-02 7.707495625458496424e-02 2.222974354037143829e-02
3.791402760466159802e-03 6.929261225632733778e-03 1.794798833051515843e-02 1.499777069544573072e-01 1.367318533887384308e-02 1.217786136227778926e-02 2.679633631040854655e-02 4.914998452009790297e-02 6.098593560691353832e-02 1.812252889762678773e-02
1.330133637919578282e-02 2.412211499940169687e-02 1.717370206728183885e-02 2.797041169923140252e-02 6.809593719485912411e-02 2.461473568186077834e-02 8.286212112155237619e-03 1.562880944514945941e-02 8.594643364113753459e-02 2.176604971273262551e-02
3.378334785967788273e-02 4.629160310757911984e-02 3.379151257730043934e-02 1.284430764771461383e-02 5.525430939168768374e-02 5.218739527214139723e-02 8.545175981019257488e-03 2.227030471257562816e-02 1.508849569883815092e-02 1.190513437527643444e-02
3.610252991353708057e-02 2.024137106098117603e-02 2.568410485012936201e-02 1.392248838503810926e-02 1.632433250659524535e-02 2.056929318292088915e-02 4.106588884220420399e-02 4.848488044630558380e-02 2.726556891333740268e-02 2.939891681352219122e-02
1.176863162560259392e-02 1.995074666123803492e-02 5.794930689304939042e-02 6.593774973950017326e-02 3.339295120342729295e-02 2.469829736512406393e-02 4.281535557744836629e-02 2.817819023232945655e-02 1.139646515331909499e-02 6.640847383560967779e-03
3.725228109867949507e-03 1.161674707676966850e-03 8.609449077717330756e-03 1.376492119672571013e-01 6.179982689806911428e-02 9.317231491517863340e-03 3.119969588165742019e-03 3.288853182872145120e-02 1.304563449481038195e-01 3.533971349289011937e-02
