2.161602171043922049e-01 4.439322026675096011e-01 1.777881968908935351e-01 7.818262619767193944e-02 5.881093421927530152e-02 7.157632422268486727e-02 2.169504190307314229e-01 2.921255331140720224e-01 2.288686660214214463e-01 2.156048805313468264e-01
5.141016634185387180e-02 9.692059960997138901e-02 3.552877005030673496e-01 2.169224947314467855e-01 1.579322016208262736e-01 2.922784102671850404e-01 1.205018056843110280e-01 2.254540218832117582e-01 3.107177997995221874e-01 1.725747995586050521e-01
2.406020209374447882e-01 1.101318962446068556e-01 1.207561816051883341e-01 2.099146138259592731e-01 2.558043452151754771e-01 1.952762702301630571e-01 2.682603422547559791e-01 1.832116531638419143e-01 2.313770231532261967e-01 1.846656533696388602e-01
1.437515976419060926e-01 2.040145516762291444e-01 2.285027388083851752e-01 1.934051217114178267e-01 1.238841274940090109e-01 1.020636785237471755e-01 1.084560009958441262e-01 1.489361738446828565e-01 3.330326497113780260e-01 4.139533595924007048e-01
2.644758135210272809e-01 5.337409723436345454e-02 1.594267083446710420e-01 2.961860149859179558e-01 2.045175438502004339e-01 1.768490897230384495e-01 1.144720715936716759e-01 1.231032117390988556e-01 2.837705815010069799e-01 3.238248675070030114e-01
1.381910912594759566e-01 2.591727720931351620e-01 2.092761788043013826e-01 2.421724837191455149e-01 1.531549418483874603e-01 1.282060512046389045e-01 1.998353045551800322e-01 1.390879303886907170e-01 2.670269130593615481e-01 2.638763330676828778e-01
2.122877419322247994e-01 1.954263381318080972e-01 2.557119979571487178e-01 4.933696477825738613e-01 2.608557741952739484e-01 1.565393529035934428e-01 1.340810652385144575e-01 1.206372218479492137e-01 5.247290053776890867e-02 1.186179594731449904e-01
3.405362041630253800e-01 2.450530072029885043e-01 1.663321538267828192e-01 1.403509802180398780e-01 1.603497593341382532e-01 2.190442654705356262e-01 2.919593626102209294e-01 1.176314664341140959e-01 1.045713253538604337e-01 2.141714753862955511e-01
1.767169505798578399e-01 1.310494953694096021e-01 1.953338853877837900e-01 2.763503435109895823e-01 1.196167302526688347e-01 1.031160357967821073e-01 1.004348818611203731e-01 5.739484626778750265e-01 1.513053403859693502e-01 1.721278741775437993e-01
2.927474979484806505e-01 1.726881822557649881e-01 9.184096190801477322e-02 3.259010646703276448e-01 1.582128082168410277e-01 1.166238509103254967e-01 1.785536707500411380e-01 3.112643895988137510e-01 2.412511377344495334e-01 1.109164360069405525e-01
2.684834728597913500e-01 1.968938096906913127e-01 1.346240058674317841e-01 8.176047407258672794e-02 5.408397536718596854e-02 8.483350461592363556e-02 2.616429060417211905e-01 3.700072412579590853e-01 1.973041497540203304e-01 3.503664604726886567e-01
2.706389268483317956e-01 2.564056220959685661e-01 3.125129124081287846e-01 2.432726569842337261e-01 1.375713995567895420e-01 1.305980345091132533e-01 1.698768995866009324e-01 2.440705387267061988e-01 1.124170250055958192e-01 1.226359842785309379e-01
4.189270397104404298e-01 2.301734979323645791e-01 1.342079878724506126e-01 1.932455675581497001e-01 1.272837560366255061e-01 1.320726825726581399e-01 7.107859895242556181e-02 1.952402060248709104e-01 2.778564516991732236e-01 2.199142116408415726e-01
2.293501882905324973e-01 1.887914885538318766e-01 2.262617391325623395e-01 2.358009231323743293e-01 1.001344503563186272e-01 1.167174933363761408e-01 1.552401817464300060e-01 2.897381259879547311e-01 1.310036665277463097e-01 3.269617429358745997e-01
2.148201898088087092e-01 2.086822781685469252e-01 3.214595681770467950e-01 1.176788637288838368e-01 2.335462251186085636e-01 2.578926315766605915e-01 1.661687456046364308e-01 1.063323018000739972e-01 1.305983615259710684e-01 2.428208344907628324e-01
2.317298233317241773e-01 2.580056585006053060e-01 1.592626903192084220e-01 1.401892615330629366e-01 2.256042368602862169e-01 2.161343357869109083e-01 1.761211313087140684e-01 2.358198818668670316e-01 2.079271877112722766e-01 1.492057927813493223e-01
1.381298332212610724e-01 1.818379975240064228e-01 2.795203021547353894e-01 2.456663095898636850e-01 1.600703000609339233e-01 1.388221887314585179e-01 3.495129704996954856e-01 2.586363503114614271e-01 1.450426439877061102e-01 1.027611039188771891e-01
1.992906890861648461e-01 2.094258497408266195e-01 1.289298318889623429e-01 1.419397486972438782e-01 1.622335006951197700e-01 2.501538690515525132e-01 1.834016938156367016e-01 1.913935257167668214e-01 2.298055539867194241e-01 3.034257373210080821e-01
2.899338849112649275e-01 2.771580928337701311e-01 8.804984011144549594e-02 1.151948212039441699e-01 9.381591408600011006e-02 3.511883956534873619e-01 1.986013287873275579e-01 9.602588972365347364e-02 2.192836180525838397e-01 2.707482146365233211e-01
1.514903959904672082e-01 1.378645742880445502e-01 2.289789199556276078e-01 3.407477838775653800e-01 2.138119513086682577e-01 6.225721181463623327e-02 7.487995613769590775e-02 1.890970300597209219e-01 3.338352559210827630e-01 2.670369206464913714e-01
4.300035912616321371e-02 1.195498311296612770e-01 4.217423500369975597e-01 3.242034544941159724e-01 1.259545794394114626e-01 1.134045981013784149e-01 4.381013940839461607e-01 2.665522540274588570e-01 9.799404711464039519e-02 4.949713244622828967e-02
3.072654456162355885e-01 2.688664220627872137e-01 1.648201115190483235e-01 1.823645989920759380e-01 1.168154221295674700e-01 1.297201765650646266e-01 1.336104251700722112e-01 3.674210289160763643e-01 2.180414846462336020e-01 1.110748843828389815e-01
2.730838965594902801e-01 1.817338314891355222e-01 2.818910697874112414e-01 2.356910466548537419e-01 9.255384556337235835e-02 8.096557024263913160e-02 1.315732475852301187e-01 3.388615980143669937e-01 2.037772099167978468e-01 1.798686841867024599e-01
6.584268356537602285e-02 1.155257414660752907e-01 4.533591702947906699e-01 2.557192588666249433e-01 1.384982547046831880e-01 1.298444110559050235e-01 2.507813462140151550e-01 2.877508469427464410e-01 1.955568307005421669e-01 1.071214561892419870e-01
1.067994732046448625e-01 1.957529647994863953e-01 1.935489474796211751e-01 2.441785321396188757e-01 1.132874232444904261e-01 2.246002927389153248e-01 1.525456163320575431e-01 1.175077454445221520e-01 3.222356911523856504e-01 3.295433134642589690e-01
9.978987537036648758e-02 1.462453776045015696e-01 9.355717384314762852e-02 2.300872996614969079e-01 2.953618968990144866e-01 2.500779595250288700e-01 1.928393260264668063e-01 3.971962705986776809e-01 1.826244191629689262e-01 1.122204013083311219e-01
3.720748034547973759e-01 2.195884866540056823e-01 1.662288763843327577e-01 9.498288777413851913e-02 1.692372968787757836e-01 2.254075349383288240e-01 2.345426992298737801e-01 1.028797333910691225e-01 1.072911509978457523e-01 3.077665302968318195e-01
1.583654107903597619e-01 1.024365343812402712e-01 1.089947540960855554e-01 9.271286282219004526e-02 1.530185986139103171e-01 3.857193023627729644e-01 2.750399989387273814e-01 1.730278947188513272e-01 2.365087637391019848e-01 3.141758795367606272e-01
2.121468248904412324e-01 2.457665736237256704e-01 3.013899126606306433e-01 1.420172436006501004e-01 1.266628760009364529e-01 1.692782253127079750e-01 1.015275597213942393e-01 1.890632407398434578e-01 2.774824483741928360e-01 2.346650950754778364e-01
2.204903891007119476e-01 1.831930076069974711e-01 2.491957859663437858e-01 1.566114548838209442e-01 1.173553041314468470e-01 6.226129377254223385e-02 1.183811623214253983e-01 2.446923347571796081e-01 4.583268587119060933e-01 1.894924087476251851e-01
1.209235594705536654e-01 2.058735738072594024e-01 2.277735350625244570e-01 1.959641099386669194e-01 1.902860044905955728e-01 1.630661477675890703e-01 2.791412417448089767e-01 2.566703867183791066e-01 2.391199597441254765e-01 1.211814812554975473e-01
9.339676814967565188e-02 8.003822598133851496e-02 2.037761437536362852e-01 2.006213379102536609e-01 1.630102888469995848e-01 2.251312501939140565e-01 2.995931520267174353e-01 1.999044805471107689e-01 2.438367465212199214e-01 2.906916060691348003e-01
1.712021018815869378e-01 2.371047510726106422e-01 3.770482573882011357e-01 2.343850453376896403e-01 9.965551543197131990e-02 8.537140168783054206e-02 1.348158081773106476e-01 2.165860649062181231e-01 2.195452467512210015e-01 2.242858073653597462e-01
2.021906016140544715e-01 2.917374246049113662e-01 1.517323115162763636e-01 1.850149365895574494e-01 1.224096559482865665e-01 4.161659825288365200e-01 2.715703762506159191e-01 1.561555743063869905e-01 9.340169302591980194e-02 1.096214436151540794e-01
2.473581442769362537e-01 1.482047204223257142e-01 1.224331890912044168e-01 1.649111914877015583e-01 1.671167434971241317e-01 3.692306856813601934e-01 2.598564108098836423e-01 1.403671573550989149e-01 1.840860113783318597e-01 1.964357460000331901e-01
1.983448701036253370e-01 1.430018716847578641e-01 2.454845164107530286e-01 3.205145895834041192e-01 2.385795082875153683e-01 8.459309451578951589e-02 1.138613740567409049e-01 1.280818748755964132e-01 2.935655448958457980e-01 2.339727555859713315e-01
7.810480853605383800e-02 1.373875537844276018e-01 2.269952901162692327e-01 4.512221638747045405e-01 7.445914286325050480e-02 1.166131500808174626e-01 3.151676957440053828e-01 2.494804371988919023e-01 2.404410498922213701e-01 1.101287079093591220e-01
2.856259106709284623e-01 1.738471113294436377e-01 1.577198030859863209e-01 2.067388143095142405e-01 1.484635749299444696e-01 1.907514818617080943e-01 2.484021034564155295e-01 1.974006623628178914e-01 1.788944034594711074e-01 2.121561345337708848e-01
2.468874481528087472e-01 2.542442463551302656e-01 1.586970021485183957e-01 1.895037270751892544e-01 1.368364881785738008e-01 1.282848559228820795e-01 2.010353929187176925e-01 1.721681080588742807e-01 2.381530028683991884e-01 2.741897283209073222e-01
1.238336187317300302e-01 1.165003778748344432e-01 1.962817654357303931e-01 2.817641503688798066e-01 1.817645830416279584e-01 1.452660003074758011e-01 1.842724327838024534e-01 1.821209851785219325e-01 2.172041766478332858e-01 3.709919096295635765e-01
7.092015881989724435e-02 1.619146350549675040e-01 4.262644096446758235e-01 1.346672056289911767e-01 1.116831087111852805e-01 2.332410218212897512e-01 3.035525792951780377e-01 2.184347172165924944e-01 2.216004613941177370e-01 1.177217024131065604e-01
1.419689214032773816e-01 3.859483025970464887e-01 2.269438351519208474e-01 7.313546945113687248e-02 5.082148430650573756e-02 1.308159472036184434e-01 2.422205006986642428e-01 1.940249563796194732e-01 2.949973191068295253e-01 2.591232637013811124e-01
1.113137914984193705e-01 1.239904796868550041e-01 1.486076869780405540e-01 2.832301184108543812e-01 2.383798345811837527e-01 2.336534902298009475e-01 2.563485373228926445e-01 1.628097141316186824e-01 1.880422845653729469e-01 2.536240625949623961e-01
1.370343338875188721e-01 1.993060364117192063e-01 3.126631711599832664e-01 2.423595083177765286e-01 1.621747487753535666e-01 1.580449285095466561e-01 1.699552964363819085e-01 1.197689577460869376e-01 1.685576475971882482e-01 3.301353711584456008e-01
2.765483402751579556e-01 6.270893225319301711e-02 1.003937094358377385e-01 3.482457169488880622e-01 1.175222988234581878e-01 2.556107754867970039e-01 2.870868013655910600e-01 2.568053515242327278e-01 1.711686117161996534e-01 1.239094621706443577e-01
5.602436014283625892e-02 5.576540598394658793e-02 1.207078076150908397e-01 2.047556590067527993e-01 2.972839257578736016e-01 2.903243251367974009e-01 9.387318418844599333e-02 2.845802867686572646e-01 4.571519301440485350e-01 1.395331152555511489e-01
2.334613117604861787e-01 1.443938865404761629e-01 1.665062615800394497e-01 3.328520498781573078e-01 1.966795603519772007e-01 1.553463007437456966e-01 2.641618955835961513e-01 1.479779500397267467e-01 1.659382742229067731e-01 1.926825092988879995e-01
9.672490716412664169e-02 1.523910854677667515e-01 3.098371177256220022e-01 3.032553147234938740e-01 1.388422245393304832e-01 1.851388998219138382e-01 2.236516654607623167e-01 2.602910519852004723e-01 1.683818255884502457e-01 1.614859075233339991e-01
3.156116588971104031e-01 2.092931869457241856e-01 1.255557106735142037e-01 7.476712209930577724e-02 2.769943494075215451e-01 1.808645233887964388e-01 2.783268339874993558e-01 2.004136386626865218e-01 1.357402105696946526e-01 2.024327653681477768e-01
1.084206723344339901e-01 1.635914676558429814e-01 2.057270314283730916e-01 2.065857924579813099e-01 5.329968486459819577e-01 2.706524375994299736e-01 1.353829287508765689e-01 1.125932702875888508e-01 1.323454221235257633e-01 1.317041287159649576e-01
1.359926723378369062e-01 7.071473107684184134e-02 3.719629469876489791e-01 2.056458005075917361e-01 2.463775448799077061e-01 9.997936148354623354e-02 7.229883005371012805e-02 1.890867228586586013e-01 3.199460784346389031e-01 2.879953113796200892e-01
2.681274117711937022e-01 3.773753042731175511e-01 1.157197838929540368e-01 1.459014636233108564e-01 1.113661737569458104e-01 2.288215026777825623e-01 1.668962652976432315e-01 1.784341395764476312e-01 1.793359324755293416e-01 2.280220226550771223e-01
9.019642740817593318e-02 1.459839307781243822e-01 1.311131734222914513e-01 1.284681617416674193e-01 1.841153243912615478e-01 2.692776249398615707e-01 3.651927441570204103e-01 2.033286656826048533e-01 2.858197882444988291e-01 1.965041592344931587e-01
1.515327669100787478e-01 1.356171075169128604e-01 2.263374602388492640e-01 2.611118007439723332e-01 1.777527020289187965e-01 1.431751727046237654e-01 1.302873964085939917e-01 3.027973084396745618e-01 2.086766013900805961e-01 2.627116836182947779e-01
1.245009086243121510e-01 3.124442889615327568e-01 3.790802970198109412e-01 1.521565559415320457e-01 1.054081592067784567e-01 1.705831465533789726e-01 3.356765773102307615e-01 2.062804811553584916e-01 1.054039961117677338e-01 1.084655891152987855e-01
1.893493641887669110e-01 1.253803235440423824e-01 7.583937690089292971e-02 5.405670305214299587e-02 9.541636332169747825e-02 2.770726965239205253e-01 4.257449832344454288e-01 1.596755378250920288e-01 3.257468252651478102e-01 2.717178261438520370e-01
2.355112296042223274e-01 1.438947165997871980e-01 2.911604049089491220e-01 2.215235529552860294e-01 9.464374021840556150e-02 1.181300901698219552e-01 3.528402974347092380e-01 3.567014314080924064e-01 1.093737708957013555e-01 7.622076580502480658e-02
1.363656349473789664e-01 1.514893583522822218e-01 2.501320662815263995e-01 1.205588279443235988e-01 2.621017925026811191e-01 1.327555312752683458e-01 2.219031972039919587e-01 2.648418049206443525e-01 2.228615567017736276e-01 2.369902298701296595e-01
1.891427815450582028e-01 1.235546503138290481e-01 1.465514303017548814e-01 2.022272858499350456e-01 2.415620357459107026e-01 1.635431941270649170e-01 1.184395453121216690e-01 3.966237788416052679e-01 2.069834114218067900e-01 2.113718865409136283e-01
1.450387344445508708e-01 4.376882057564696060e-01 1.741443929906018317e-01 1.618954082483337054e-01 3.109054945038723372e-01 1.898185604537185878e-01 1.662807247093530671e-01 1.190027202391164829e-01 1.091023879522342727e-01 1.861233707017491412e-01
2.772713791271360084e-01 1.676568288891984171e-01 6.278704050973688000e-02 1.263005857255175557e-01 2.929930563724834069e-01 1.458971295800711443e-01 2.187059867606614416e-01 2.585881996165259600e-01 2.314546458416801844e-01 2.183451475769887795e-01
1.888585677875105340e-01 3.977012169667906161e-01 1.877157824177085876e-01 1.060182009257095159e-01 1.598920535699263901e-01 1.277971089345923406e-01 2.117552666233057379e-01 2.957894239083259103e-01 1.292784754029829286e-01 1.951939034631477443e-01
2.467838652390040299e-01 1.558261474265691393e-01 1.264815681151004179e-01 1.021544585135918948e-01 8.238631511215430137e-02 1.929925369151114234e-01 3.428976945252695252e-01 2.368145927745473611e-01 2.229211771163903677e-01 2.907416442622623443e-01
3.748585127898149683e-01 2.845836051325254523e-01 1.293431626292211867e-01 4.174084294860881950e-01 3.772453580247511207e-01 1.185613169936523825e-01 3.712339027564537375e-02 3.886078044704577295e-02 7.101047723389537769e-02 1.510049669873611833e-01
6.547659218011078752e-02 1.264291496228597822e-01 1.891799345460424553e-01 3.096862395088042508e-01 2.565569403357265132e-01 1.648823742770009204e-01 1.961386269669242455e-01 2.636039746951152063e-01 3.297649966878217209e-01 9.828117117959354887e-02
2.645807781829397909e-01 1.220666497052551314e-01 1.648970973138050022e-01 6.933908354376649985e-02 1.309495628421152580e-01 4.904341630609513891e-01 2.591543883547484661e-01 2.066939887370876638e-01 1.097074889622310784e-01 1.821767992970998729e-01
1.238718861625897061e-01 1.313841762433798355e-01 1.950182458471184099e-01 1.829672494670756266e-01 2.983049409018143083e-01 2.138647823481444332e-01 9.596965983466534955e-02 2.220181656716840868e-01 3.839300507547286356e-01 1.526708427687989977e-01
1.408154128086148704e-01 3.224571117569395295e-01 2.057082416464954822e-01 1.683159060029382204e-01 3.176977211696274672e-01 1.862687957678759720e-01 3.519412174112995784e-01 1.530409799934236426e-01 8.629446970591640731e-02 6.746014373686887167e-02
1.923691959300856680e-01 1.323043836162392517e-01 1.955596164330536679e-01 2.242305137687875261e-01 2.251168542289783414e-01 1.875978192174449499e-01 1.321298420090696868e-01 1.811453667539778267e-01 2.589512310285522756e-01 2.705951770138119716e-01
3.799905392304164797e-01 2.103993113514315283e-01 1.392468709209199740e-01 4.013323128635725712e-01 1.696569021098775221e-01 2.242721044130299712e-01 2.418442846900836496e-01 1.100910025103389589e-01 3.013158503603116656e-02 9.303508687429838664e-02
1.672556984446606776e-01 1.794331728025199690e-01 4.994626703041004090e-01 1.671605932343953049e-01 8.907441255845381656e-02 2.761240124077234959e-01 1.057984754374004105e-01 6.723436685188811934e-02 1.001711272626404775e-01 3.482854706962173474e-01
8.741388523254034482e-02 1.245635170877871789e-01 1.754933447457941442e-01 2.409051337810716731e-01 1.838580059542844203e-01 9.355845009134841628e-02 1.718013742952062273e-01 3.431909206953404068e-01 2.549799437299805072e-01 3.242354243866470975e-01
8.220403987318766759e-02 1.205619007483781369e-01 3.506249675718524639e-01 2.889425646445967777e-01 1.324048869145961205e-01 7.118571851389463023e-02 1.063447651272680233e-01 3.332265467771847733e-01 3.676096620764445211e-01 1.468949477525959835e-01
1.619639510294827445e-01 3.688548745666127004e-01 2.853964465610397960e-01 2.758979473142796346e-01 2.233310129974036551e-01 2.418895295466899076e-01 1.564095678807753687e-01 1.053373316235718948e-01 7.296331280926750262e-02 1.079560256708764765e-01
1.787872626543941523e-01 1.392167554709718980e-01 2.029347801111764660e-01 2.017832503445756986e-01 1.894776844340056166e-01 3.114218688723480177e-01 1.082300492494505384e-01 1.197606523680027485e-01 3.474761120330660535e-01 2.009115844620092406e-01
1.605229251572176941e-01 1.974989182152863121e-01 2.491674382296995560e-01 3.435932658750032731e-01 1.063828641638338152e-01 6.017291450502770811e-02 1.406234504224498916e-01 2.703858825108092501e-01 2.958156728316894135e-01 1.758366680889842382e-01
1.081750455286936557e-01 2.492719256745069001e-01 1.977025906518153076e-01 2.708748226699152495e-01 1.702358301030263421e-01 2.616562355872687484e-01 4.227130717771155344e-01 2.096661498365481879e-01 5.416693924371658586e-02 5.553738892739394639e-02
1.646648897729623418e-01 1.517824273636791954e-01 1.756044176560124237e-01 3.152965796314091684e-01 1.821832065867109440e-01 3.005017884434620923e-01 1.164015795425911159e-01 7.396138923743517113e-02 1.645558355884035040e-01 3.550478861773336270e-01
1.631045672209350816e-01 1.897833273593087788e-01 8.615114971627491069e-02 1.169328512814929028e-01 1.998326151424679731e-01 2.379717121290639836e-01 2.350603000682523758e-01 1.865161119553980229e-01 2.337534164791761626e-01 3.508939486476292391e-01
4.321209402834131907e-01 8.049027504159711466e-02 2.975762129064833672e-02 4.515222600916803108e-02 1.287230807944068356e-01 4.970225289547649528e-01 2.613556942149056761e-01 9.608531910350648353e-02 1.755193109214070180e-01 2.537730033861841372e-01
6.315887457527595561e-02 1.230471993631377381e-01 2.102756759900192562e-01 2.125619186040449415e-01 2.524528554456116347e-01 2.293936824851528222e-01 2.522076036181164493e-01 3.222548688302593334e-01 2.389500668273702999e-01 9.569725426101143018e-02
1.881751650785647989e-01 1.014329607716465409e-01 5.466359921952605727e-02 1.374493259000457712e-01 5.067463119542241490e-01 2.736583122162358772e-01 1.263735350392787282e-01 1.434683185443774711e-01 3.498358926982119144e-01 1.181965785778890388e-01
2.526582193096671980e-01 1.166930069597404140e-01 1.359013593036108025e-01 1.547726421344247372e-01 2.280172164859392281e-01 2.836339760290506606e-01 2.384803007876772352e-01 1.469563020102104267e-01 2.344635631074129811e-01 2.084234138722657059e-01
2.927536520063396264e-01 1.403191670821904158e-01 1.429005209798702714e-01 5.874247806107756043e-02 1.580191998266247677e-01 4.561220738175383316e-01 2.317467281971326010e-01 1.426737337554793705e-01 1.426188821617679625e-01 2.341035641119811328e-01
1.164815034044193731e-01 1.272193760520433647e-01 1.262872446044069896e-01 2.145104596793712126e-01 2.536763099590788606e-01 2.363302255333878943e-01 2.328672447819138402e-01 2.219747984653881179e-01 2.098473189061775268e-01 2.608055186138120707e-01
1.254665976764020030e-01 5.295070493900197461e-02 7.165958690523097085e-02 2.380444866007019877e-01 4.607598986791900941e-01 1.762074411713045741e-01 1.137897765097851122e-01 1.544868867178784133e-01 3.241316654467298886e-01 2.825029553537755644e-01
1.277148803549961464e-01 2.776600496241579119e-01 2.911885201125442579e-01 2.287747388753408606e-01 1.739548440542184049e-01 1.367552022197754402e-01 1.252766321902398505e-01 2.231617718054377808e-01 2.513874777797100446e-01 1.641258829835792465e-01
2.140996659953440240e-01 2.744602666585195805e-01 2.109664370863356675e-01 3.248322589753436240e-01 2.017232978774196606e-01 1.711939740969362078e-01 2.122032783381329057e-01 1.697611293857222148e-01 1.349578266644408941e-01 8.580186492180555402e-02
1.320439343160316192e-01 2.940360010082642139e-01 2.182081790557229284e-01 1.787511886297551422e-01 1.014920973373706209e-01 1.885405673821226036e-01 2.926536655140127285e-01 1.618523661565415828e-01 2.463221290439288058e-01 1.860998715562508787e-01
1.579834089913463857e-01 1.289418043278682813e-01 1.942706670065711405e-01 2.299893623259035014e-01 1.296399597886263577e-01 1.504549325539616400e-01 1.667692008571531603e-01 2.913045298365330438e-01 3.473988040633786412e-01 2.032473302486570710e-01
3.858730128732459908e-02 7.504117741101523631e-02 2.730880585367275737e-01 4.143052883404579889e-01 1.755219028046216545e-01 1.884689177483064304e-01 3.473115213986940897e-01 2.535662117300171992e-01 1.662732499120372076e-01 6.783637083079892272e-02
1.745252412883966930e-01 8.639345924997750281e-02 1.396975849158278993e-01 1.531363523916040581e-01 3.492080839708455176e-01 2.780819899664137562e-01 1.055212229718153483e-01 8.747240002043880913e-02 2.485667586746394819e-01 3.773969065500412112e-01
1.193473590970936110e-01 2.853162064142316101e-01 3.059690353669154983e-01 2.025639933523313840e-01 8.541709187068435849e-02 1.413077135496211001e-01 1.470220590912415248e-01 2.359570271914391837e-01 3.286547815425208685e-01 1.484447325239213744e-01
1.828127511375747249e-01 2.305666618443397708e-01 2.365997017003443059e-01 9.913445390946973301e-02 1.358229234794205431e-01 1.489097665096730805e-01 2.102733873898424144e-01 2.541773474769518648e-01 3.231752976184232296e-01 1.785277089339611656e-01
8.258809863640015347e-02 1.176922868592693017e-01 1.571349304457686502e-01 4.397597877140095868e-01 1.368953256106139604e-01 1.443207336837087074e-01 2.048865004486582486e-01 2.571411978566716661e-01 2.894877607687054155e-01 1.700933779761947817e-01
1.460596399427802061e-01 2.049933858885267246e-01 1.626013642418957239e-01 1.984663124560805403e-01 3.068497438395618171e-01 1.916234722167020343e-01 1.162047538473317265e-01 1.503463352543054632e-01 3.491044389564820771e-01 1.737505533563347970e-01
2.245610807110535179e-01 2.526635366318809028e-01 2.264554142751067922e-01 1.353626589427934790e-01 2.803958347979653709e-01 2.745153873587671822e-01 1.098479621198228118e-01 2.024852387444141533e-01 1.592446015061238229e-01 1.344682849120705237e-01
2.322827451578102498e-01 1.706309199166848312e-01 2.037535054822948166e-01 1.477212779409556587e-01 1.629905692680434226e-01 1.760959387064240655e-01 2.405167929714408237e-01 2.606533577103303245e-01 1.976243797084410725e-01 2.077305131375746794e-01
1.448144999133960109e-01 1.726471440414892866e-01 2.804199214670609064e-01 2.962174382069429623e-01 2.189378104588455831e-01 1.889834916427392542e-01 2.487233706770860808e-01 2.047003022662327032e-01 1.366779282704852772e-01 1.078780930557241002e-01
8.411725171746799179e-02 4.580121592586608448e-02 1.150972713689157184e-01 4.162190712008911886e-01 2.890561577782608804e-01 1.292260653853744556e-01 7.167031769188797474e-02 2.220381347040721876e-01 3.990882384237570135e-01 2.276862758035070877e-01
