1.575068966368759274e-02 2.262990280678490312e-02 4.036428996088077363e-03 7.713380592067834579e-04 3.052492826978308606e-04 2.798815541844968486e-04 1.247065472253906879e-03 3.772115781275769270e-03 6.998063015400323925e-03 1.354678762826422994e-02
6.271369359146225292e-04 1.353140532632155467e-03 7.299915587217211191e-03 6.575501613092039899e-03 6.248675724953009492e-03 1.147783502612786596e-02 3.989168872160536033e-03 5.068200272379394349e-03 4.885517760442777135e-03 1.966561464691588944e-03
2.775327536525508225e-03 1.166728694357732025e-03 1.544482407893902265e-03 3.811130742466450547e-03 7.202514162044876787e-03 7.807498427760617248e-03 1.210938424546664609e-02 7.141401389893379213e-03 6.134332732607461827e-03 3.110428573773826345e-03
8.960827204198879362e-03 3.680618813149701303e-03 1.217820288871550262e-03 4.244196107347137682e-04 2.158029682716034858e-04 3.311169502257678139e-04 1.164705260247406128e-03 5.532398600855646491e-03 2.922945189907788510e-02 4.537433757339112000e-02
1.066269320188105614e-02 1.182010630737315941e-03 1.563375167245057307e-03 2.044899246216637118e-03 1.397067435536601676e-03 1.698058960805458751e-03 2.219408423315279936e-03 4.735907899670149281e-03 1.586261511506478414e-02 1.921665155499779204e-02
5.295103716106919212e-03 9.002102725035284955e-03 5.793125871617057707e-03 4.910566903822527127e-03 2.400484822119065137e-03 1.761953504483307256e-03 2.813251064996473601e-03 2.521313440548598756e-03 6.705482750767103456e-03 8.663942044665457962e-03
7.091026512930291396e-04 4.074222080863555175e-03 2.512189014189016717e-02 8.443594686599062427e-02 2.208306587722136741e-02 2.781470162606564794e-03 3.609017172250678627e-04 7.116552919710937889e-05 1.872843980642795143e-05 8.725746368830877289e-05
1.750240600718605891e-02 1.208699140961459230e-02 5.958942134163839818e-03 2.895985419149449316e-03 1.861570390579226622e-03 1.851822477763320372e-03 2.468838175283070719e-03 1.455241516198603306e-03 2.478006508383685889e-03 8.093847522111554879e-03
3.266542723439079792e-03 1.191881744897020255e-03 1.123534487512514984e-03 1.549505488188033468e-03 1.052398700420241733e-03 2.029081335652580670e-03 3.617642958327815014e-03 3.564761395046705389e-02 8.661540788663865675e-03 6.617983929529453434e-03
6.660079868603443684e-03 2.995134270844669166e-03 1.251328377654112528e-03 4.178367291215886146e-03 2.531464220378583634e-03 2.683266665184200813e-03 5.290067056970984213e-03 1.127833975961670641e-02 8.899583367003739004e-03 3.539364753891459381e-03
1.070671749313212816e-02 2.765210499903358876e-03 6.678632647948198452e-04 2.143811683425930997e-04 1.527142796046738614e-04 4.697399864874934146e-04 4.187142708982735835e-03 1.623626052824787488e-02 1.701890286338134800e-02 2.820433779944610947e-02
1.128243421415821984e-02 1.946607799687983739e-02 2.479865432265690450e-02 1.140950178472712427e-02 2.655460802626450224e-03 9.549891104183476972e-04 6.403850317974485061e-04 8.422104707353755132e-04 6.963251947211043921e-04 2.059249088087003379e-03
4.393841402976664950e-02 1.270600461202706262e-02 2.307208529183757406e-03 9.128909052507439090e-04 2.540806726041450756e-04 2.194536019514457077e-04 2.427315308933418654e-04 2.204617609230307990e-03 1.040432321080187600e-02 1.987366494539875850e-02
1.210389377845234177e-02 7.461406306102607959e-03 5.157552918749363190e-03 3.027013732269256355e-03 8.927796001579475478e-04 1.003261992884846472e-03 1.731099783287956247e-03 5.239933826619152038e-03 4.269452697206752370e-03 1.603982245365419973e-02
7.204365093421905529e-03 9.066986771251785496e-03 1.371661464867928587e-02 3.910994500019176340e-03 4.909055144899227875e-03 3.657707112693037686e-03 1.810579138516727696e-03 1.202337960180654541e-03 1.906041583097370113e-03 5.307339118812550403e-03
5.483201920283726008e-03 5.510847413114670218e-03 3.202715206298479677e-03 2.809706750021927733e-03 4.640017359241472260e-03 4.916360464897080729e-03 4.476562681717691748e-03 6.409023768740886723e-03 5.759246481908138378e-03 3.968949248541636318e-03
1.862276179754528268e-03 2.733796013221635301e-03 5.583541480062910456e-03 6.605933747906056995e-03 5.709863803579615094e-03 5.197256140460623959e-03 1.115680045145430940e-02 6.297532953561277465e-03 2.611297838365778112e-03 1.533555716488858942e-03
6.984368081147975839e-03 4.342447163961881546e-03 1.619701659519044495e-03 1.290055325308912424e-03 1.474170056439622631e-03 3.144387193483005449e-03 3.926006124817122897e-03 7.049921928237347021e-03 1.146084073997150586e-02 1.484742719745007697e-02
2.093018390033924564e-02 1.193606225912620736e-02 1.664650687223589824e-03 9.015687626124455761e-04 3.964804869935940499e-04 1.524449913655815704e-03 1.443572387455217170e-03 1.819481936924264480e-03 9.741900992305095250e-03 1.977368876966733788e-02
6.239416513330769617e-03 4.855163035328321879e-03 5.341231651492389654e-03 5.676202536273194238e-03 2.506728505944979656e-03 7.464451192765922784e-04 1.102260674714359776e-03 3.553393958456733861e-03 9.445616945098756628e-03 9.642110926327803269e-03
5.564355999312246880e-04 2.676667546855088318e-03 1.881745062751672207e-02 1.881282526957951673e-02 7.202203829849120748e-03 3.359203516709572540e-03 6.149175533601996570e-03 1.958092159129910890e-03 4.957436250115576865e-04 3.459036169323167543e-04
1.220866413889254258e-02 8.681933210700132006e-03 3.660021493711259656e-03 2.747974801867399987e-03 1.408984074800355207e-03 1.532964532875124609e-03 1.904266886644768401e-03 7.827249592802492523e-03 6.658209109133916316e-03 4.632051020805618390e-03
1.339530657113468734e-02 7.378251742031854965e-03 7.389287271647212128e-03 3.655146475790007829e-03 9.764921568061489315e-04 7.696378272955007585e-04 1.396410152362752028e-03 5.649814989033126629e-03 5.677249753906816847e-03 7.812253961286924966e-03
1.093094747966237741e-03 2.781477540150112653e-03 1.784503952455341810e-02 1.159813102713258201e-02 6.116294802604408699e-03 3.784186230986166972e-03 4.096573161210387976e-03 3.174365774461280001e-03 1.687893269739420892e-03 1.068884138079897322e-03
3.770565004259767480e-03 4.718180433733224453e-03 3.132184371393923958e-03 2.925275112470343986e-03 1.263276443687094902e-03 2.978580253967626646e-03 3.036748941037701460e-03 3.577172359201062548e-03 1.278613056013595643e-02 1.374650469811723209e-02
4.741081970446233969e-04 6.054204186716499346e-04 6.379654532365834586e-04 3.581010797631746165e-03 1.056289551286682810e-02 1.608506093634971129e-02 1.361390545168625170e-02 1.787711731445485938e-02 3.739609279014036777e-03 9.984538829290521937e-04
3.875239149778948733e-02 1.575446276434212464e-02 4.706397444300814206e-03 7.954403709651392635e-04 5.052575759889971164e-04 4.874844244292828401e-04 7.052549220393902535e-04 8.668218645848463572e-04 3.320446522420104473e-03 2.300348890394665613e-02
1.161038884022415471e-03 5.093818747974840659e-04 6.079708418981166458e-04 9.488591142780177434e-04 3.383417167774827993e-03 1.777469828744546176e-02 1.809455469577234479e-02 1.067703818802587072e-02 7.728572786592015006e-03 4.782822722069163084e-03
1.246980702237286860e-02 1.169887675479408008e-02 8.606555333668048161e-03 2.130545531381399134e-03 1.084293527034436554e-03 1.117295988332900249e-03 8.505317120038372557e-04 2.713591251562313521e-03 7.584275607771025045e-03 1.091193960933358950e-02
7.903039129535781998e-03 1.932479540850529911e-03 8.875407271485629638e-04 3.028377216877879002e-04 2.601274326454455907e-04 3.720365964103282560e-04 2.415982979972532921e-03 1.389288719700254582e-02 4.747793498120760070e-02 1.668960168419260023e-02
1.534085783442840035e-03 2.142451629956749603e-03 2.698808916046770146e-03 3.272254290679255453e-03 5.018695265019100515e-03 6.378831408610922613e-03 1.249351082056733044e-02 1.026041300524693257e-02 6.784181953863496241e-03 2.287390454033590061e-03
9.237571706965060688e-04 5.200572536564479357e-04 1.290510850065711970e-03 2.044918045303949130e-03 3.372869901812969914e-03 8.989388564955307429e-03 1.771279943180134250e-02 1.171257170324364189e-02 9.130284540973745630e-03 5.531738959272520378e-03
8.106000234351465675e-03 1.658846729482976734e-02 2.396360807899141840e-02 8.434535082267838324e-03 1.664751429939999305e-03 6.500339789087808059e-04 6.265047752130689261e-04 1.134759945551299309e-03 2.057944248221685746e-03 4.682665475401573060e-03
1.085384839868022136e-03 1.881401672447791020e-03 1.712469541634993901e-03 4.605869506066681898e-03 6.106908908494712920e-03 2.786996905714900566e-02 1.501033633890335242e-02 5.040740207855652112e-03 1.478122938759692711e-03 8.233526220460562258e-04
1.824478471097814658e-03 1.112905288847124575e-03 1.416347206372374793e-03 3.518913069070473115e-03 6.412697357062596693e-03 2.056256651403168614e-02 1.408436234616763927e-02 5.320674827922219560e-03 3.596282005245019387e-03 2.082223737603336716e-03
5.933336460348289862e-03 6.180311764887752059e-03 1.073699721816876416e-02 1.156202114495253307e-02 5.640226949674387660e-03 1.335424721948534144e-03 1.307577618229429977e-03 1.310064710956025929e-03 3.750201500721853619e-03 4.445150775935622321e-03
1.304819643229469936e-03 1.805673367940179887e-03 3.138013165648584086e-03 7.737818698243166017e-03 1.759202585196410502e-03 3.898904832923631020e-03 1.091886919702541973e-02 8.122391600010605076e-03 6.192762231867291085e-03 2.257628156850620404e-03
8.358982361824352642e-03 4.102393954775381338e-03 2.951838854034607388e-03 3.251810498829826781e-03 2.346283035273023440e-03 3.426622089923970441e-03 5.553479207011389855e-03 5.609429516175696781e-03 6.008223280002220230e-03 7.096234155681636728e-03
1.466935624461196234e-02 9.548694524753164464e-03 2.945167903159369178e-03 1.741671110961828459e-03 8.551329239981910954e-04 8.347110214224783995e-04 2.033720739692497503e-03 3.574566890533710083e-03 9.839440224103438576e-03 1.688682200260151200e-02
3.355322521404888875e-03 2.416610355015412492e-03 2.963286122985796765e-03 3.869074078099225562e-03 2.675689254147251180e-03 2.768737596220355052e-03 4.736570692248884794e-03 6.014387297840013448e-03 7.842179157802497969e-03 1.251757656933219498e-02
7.402430635555045215e-04 1.295245083386347730e-03 4.310165216595696590e-03 2.076685033694712808e-03 3.376611786013566149e-03 1.024140444118925956e-02 1.543659633859667188e-02 9.204951498693400222e-03 5.961622301972125011e-03 1.901025743498845153e-03
6.629598402503477164e-03 9.386974987405706863e-03 2.641944358782358226e-03 4.883600611393742368e-04 3.029970147073275861e-04 9.803065649676109047e-04 3.461515505585409554e-03 5.856394588145385702e-03 1.567890553126376554e-02 1.652323810708148863e-02
8.437635396849737721e-04 1.286754041783044235e-03 2.619845410434043075e-03 9.033420083955976190e-03 1.178706399180981697e-02 1.299609026484056275e-02 1.087714534827003213e-02 4.047217630601175967e-03 2.469869751992012034e-03 2.091383776919686181e-03
4.308488288297036492e-03 9.094199791939009889e-03 1.504869135766299069e-02 9.185295247194866577e-03 3.967306168363047766e-03 2.313609034303898589e-03 1.706643855577586301e-03 1.140755193544982149e-03 2.006699834006973968e-03 6.044763536572256984e-03
1.534463163246794354e-03 3.011940747861297798e-04 6.720650724159750282e-04 4.301030380298475828e-03 3.481558534942356085e-03 1.458119643640324800e-02 2.018668392964888605e-02 1.406050747113578997e-02 5.104855941167962298e-03 1.524615880802236917e-03
6.869943061692440536e-04 4.244264878706026866e-04 7.562026926185614435e-04 1.841696275192156260e-03 4.989842841742747094e-03 8.707163887827362378e-03 5.134263295428348473e-03 1.491617041762072736e-02 1.853415561118721550e-02 2.862142451764520135e-03
4.053626376601237452e-03 3.407551726343034746e-03 5.108799296432613504e-03 1.185952078033584121e-02 6.939692992291621176e-03 4.586872489470600854e-03 5.710604922536758124e-03 2.506667163512361820e-03 2.421236774059208445e-03 2.829966092530149507e-03
1.528989462258387080e-03 3.282694046812674894e-03 9.512451680764177561e-03 1.152674977010270663e-02 5.587420241773048690e-03 5.996885998225404656e-03 5.008401164539425486e-03 4.126558209912920168e-03 2.094997554022138414e-03 1.967648414956818699e-03
7.262666192372056739e-03 3.629000018304270273e-03 1.871215878875588049e-03 1.077102016523497985e-03 4.369084537796967191e-03 3.947119243224585239e-03 8.148596625449672226e-03 7.058768060720298568e-03 4.996534670716670096e-03 5.949884327242103976e-03
5.138681809301578801e-05 3.919696126993979317e-04 3.342560649017163425e-03 1.906026756083578633e-02 1.013397573968200793e-01 2.727677447914302403e-02 2.851950367154828473e-03 3.035459779618772326e-04 6.210549541159620258e-05 3.099134496168718766e-05
4.207456704299000240e-03 1.895787729837504574e-03 7.491058658204020893e-03 3.645700375205899752e-03 3.849965757069275223e-03 1.713893912707262820e-03 1.515249392831139342e-03 4.209699460080012189e-03 8.826728298597720165e-03 8.617018077719140745e-03
2.025631978084508830e-02 2.187616884723039487e-02 3.249834069967867493e-03 1.677170667910465396e-03 6.104038064657515235e-04 9.442489980460039853e-04 9.516514128736135256e-04 2.121103544050346058e-03 5.204552632743788231e-03 1.346403793131556621e-02
3.653832191240484906e-04 3.517404673816715765e-04 4.158042563575698077e-04 9.913059134953846382e-04 4.243759916693458714e-03 1.570451195829572835e-02 3.371447557510285492e-02 1.496494182684073200e-02 8.975368839426336662e-03 2.140286304580643617e-03
4.258691275154579889e-03 2.898006012278069466e-03 3.681400651844552330e-03 3.849040756926699024e-03 2.745968127891871245e-03 2.794821774658888536e-03 3.296182655682474826e-03 9.353226012436269970e-03 7.225188447980822153e-03 8.663185626040913884e-03
4.173025365891280293e-03 1.702542715652088229e-02 2.394159871519153590e-02 7.222365133223517843e-03 2.743317200789583635e-03 1.887769862328242962e-03 2.290172333461723119e-03 1.193137602209437846e-03 8.630811752103576418e-04 1.825798931230307931e-03
1.823784303340844149e-03 5.295659693887036024e-04 2.386237654990988242e-04 2.481703147677598482e-04 9.441986324380355778e-04 7.295469491733480062e-03 2.500641600730452163e-02 1.349603196469516438e-02 1.859650565632624958e-02 6.973496987682123623e-03
2.736378872494445429e-03 1.567234207950377652e-03 3.703974289682738803e-03 3.724958686244741590e-03 2.639204471746898952e-03 4.299791609732219431e-03 1.417786749040833225e-02 1.307654975111996465e-02 3.008776237093471057e-03 1.427283071626267094e-03
2.865426599217052624e-03 2.012362683034769114e-03 2.538923402506771190e-03 1.295101349851780900e-03 3.797691325136309110e-03 3.204932528838146631e-03 8.265518152853357919e-03 1.214002575320516364e-02 9.618727339799142476e-03 7.547891905538571360e-03
4.039515431659817732e-03 1.551710162036906877e-03 1.281242196616425759e-03 1.755621178521167645e-03 2.870109708166039726e-03 3.342021290001207651e-03 4.262450991364684881e-03 1.980876764224975828e-02 1.029711675262147928e-02 7.662826777641334325e-03
4.214849527124767126e-03 2.114154691828526444e-02 9.638798120249257237e-03 6.946771660972446069e-03 7.484341722647946948e-03 2.541392475839796342e-03 1.411978396284217611e-03 9.090384622198357904e-04 1.078600748967655345e-03 2.971135989279612838e-03
6.547237085433896958e-03 2.088509298307616568e-03 5.117270082315969514e-04 8.670972745212212349e-04 2.700387860969512104e-03 2.524210129228211287e-03 7.374947760145344859e-03 1.358961467461372412e-02 1.331291440995290877e-02 9.172192880778876067e-03
9.109182094984295125e-03 1.859745124072494787e-02 6.073344554672976438e-03 2.102498591691705134e-03 1.852894047392916960e-03 1.152314018663977901e-03 2.029204064679844110e-03 3.941092728646099393e-03 2.958337931101439125e-03 7.449384725052272428e-03
5.367284416619442014e-03 1.496904173053290087e-03 6.661581226531862465e-04 4.812034885508634815e-04 5.949011917283362257e-04 2.932564413163551466e-03 1.175718698937561896e-02 1.439432986323672774e-02 1.554782348968847955e-02 1.318926432328663793e-02
3.142880618255249319e-03 7.155866964942705043e-03 1.028551023368420164e-02 4.246787396794839825e-02 2.447115135539576145e-02 2.824197142578018915e-03 2.933503413144624805e-04 1.049024197670217669e-04 1.218197775966299698e-04 4.314085681203226911e-04
6.355949485611999241e-04 1.418039114960087301e-03 3.276199678655151212e-03 9.066948363595537380e-03 1.087344842343127525e-02 8.278979445215665228e-03 7.696743325128710227e-03 6.480876791516610065e-03 4.863853218071390386e-03 9.634197402698882213e-04
3.546843249584590886e-04 1.503930126120015258e-04 4.220309810600177797e-04 8.041660022290161641e-04 6.311595745001241826e-03 5.702495519781208833e-02 3.005017128880617394e-02 1.132612804491922587e-02 1.539655266218208736e-03 5.833712103263621841e-04
2.271302939717379215e-03 2.232812901398652152e-03 3.384806914369323932e-03 3.705119432026643400e-03 7.338118198042533138e-03 6.072549194477696102e-03 3.117913824094294475e-03 6.254686102963682472e-03 9.648850833405999208e-03 3.078152588231691453e-03
9.461586428341348847e-04 3.744924754285322305e-03 4.775543270390295372e-03 7.694321285739800370e-03 1.941638180460618021e-02 9.860161308413875267e-03 1.122203249435492836e-02 2.432993807435227668e-03 7.601064007405764411e-04 4.262820091496544454e-04
5.727228650580291902e-03 3.294966469358967791e-03 3.736934162802095939e-03 3.675660225682141676e-03 3.576618280181036516e-03 3.308260589801684855e-03 2.972180913547828145e-03 4.983964617227812713e-03 8.221394869437063935e-03 8.871898926285112438e-03
4.911012561728830307e-03 5.856919788167364201e-03 7.553359832452948529e-03 2.643912305546623417e-02 8.625485376046411468e-03 6.004433226232458974e-03 2.936892720809155827e-03 6.789119440522838620e-04 1.548323033918895032e-04 5.755663933239027561e-04
7.083493165160279284e-03 1.390529259222571257e-02 4.038894660162854755e-02 7.387587513352473524e-03 1.437706123349110840e-03 1.440369225625225255e-03 3.427226142635891610e-04 2.512011773547172797e-04 6.527107318363442687e-04 5.530513782836312189e-03
1.819899680913441122e-03 8.344264659669087042e-04 5.578093801848792773e-04 6.819956822961131815e-04 8.391804604561053449e-04 1.248553595382009222e-03 6.815491592753108660e-03 2.759496167075451908e-02 2.306540407044922400e-02 1.761299861075663400e-02
2.306319973163686605e-03 1.772413801741885581e-03 3.717223316430807740e-03 2.783021500019456935e-03 1.505789901771162082e-03 1.447257752937206911e-03 3.090776314355681616e-03 1.303395706193449972e-02 1.604298631801678171e-02 5.368405128952895809e-03
3.461772152940655913e-03 2.173405970639813792e-02 2.775959648837190638e-02 2.138762472615560184e-02 6.989230448031502445e-03 2.390511182853837652e-03 5.576264165470531204e-04 2.216823943626962899e-04 2.019114412821004453e-04 7.323317474992438372e-04
4.171115027772449683e-03 3.380402025959700768e-03 4.855916209084083432e-03 4.817388074287453498e-03 4.434553244494540865e-03 6.991899044375913738e-03 2.541219585322316166e-03 2.741272006287052369e-03 7.731269995333485585e-03 4.532889549203498666e-03
6.496868603172611945e-03 7.153380702755554252e-03 6.876411294018370222e-03 6.701339663544804773e-03 1.501919036926016061e-03 8.121722874188176981e-04 1.806030949211727367e-03 4.584287415303361403e-03 7.123667687492040053e-03 5.821225919647493759e-03
2.711443924215937193e-04 8.368970419036433905e-04 1.559487885786123729e-03 6.011903683825758037e-03 1.028119523241273654e-02 2.341817159691430422e-02 3.022287820228983582e-02 6.655877842171012762e-03 6.374651006537590189e-04 2.440987841770864857e-04
2.781252547227073667e-03 4.343241927298579358e-03 7.191797363920761355e-03 1.434442711173356672e-02 7.037306841963703735e-03 7.892968881886395713e-03 2.017008800855566580e-03 9.192367947883020455e-04 1.606607406736271313e-03 4.163175603789553807e-03
4.116264378178501222e-03 2.451017734890443417e-03 7.059566053129412520e-04 8.107797913447200829e-04 1.777672592464162689e-03 3.728224399340750173e-03 6.987023014261567813e-03 9.502550595760496724e-03 1.364697272435097010e-02 1.585820037998565343e-02
3.423598976706602234e-03 4.187609358313678655e-04 2.585348148443616782e-04 6.306329587907506806e-04 2.850659856086651834e-03 2.179695432888347287e-02 1.355601763060047468e-02 5.012837846570672093e-03 4.785110796628287179e-03 3.479366305604297740e-03
3.233652798432840622e-04 5.138814281990234344e-04 1.361242693637197947e-03 3.080188592192358715e-03 8.619080881910923947e-03 1.489678989280931662e-02 1.827377932409806824e-02 1.533101685016874383e-02 5.246676282229335853e-03 9.102930333460328106e-04
2.414852194707225433e-04 3.072591929363617590e-04 8.243708459107472073e-04 7.198624819189051484e-03 5.942935665921821736e-02 3.000220125401811128e-02 6.740361557338567927e-03 1.712839390519095215e-03 1.130167370454015618e-03 1.682456333982460428e-04
3.051424342150524990e-03 1.311355066490750565e-03 1.858369543990680533e-03 2.985105619859148435e-03 6.534536643677129469e-03 1.108319460704678197e-02 1.026048772256727207e-02 5.511958189084245618e-03 5.908312573618140599e-03 3.493896579736320823e-03
2.108305147922246055e-03 8.436275030949799605e-04 1.130050854389127004e-03 9.842440715177355314e-04 4.987539750860784174e-03 2.489704330168545504e-02 1.340065206489442565e-02 6.609754348848364928e-03 3.413145707675754176e-03 2.706019780774121183e-03
1.052789365837310904e-03 1.069911494938000519e-03 1.382882873378061487e-03 3.884906564570085163e-03 8.047337770766889442e-03 1.128374802251653694e-02 1.231446722185652182e-02 8.994458860722137974e-03 5.020863227102741536e-03 3.507300503449527814e-03
8.162891543127186265e-04 5.986460660879184366e-04 1.435940953928404283e-03 8.034663782719296543e-03 2.453137269960512651e-02 9.239971266851661896e-03 4.667025785126882771e-03 2.999385647092957154e-03 3.447906674989825466e-03 2.007045139765723570e-03
4.068763758191537745e-03 1.314772085140987826e-02 1.552923881100323755e-02 9.673115657036331083e-03 4.529057175684047566e-03 2.007239759596296524e-03 1.152453313878021779e-03 1.794355009006078083e-03 2.560567014731687362e-03 2.780397210877631753e-03
3.870977049092595278e-03 1.042999266548014572e-02 1.312809081667361093e-02 2.098262709212340635e-02 8.546360210783204500e-03 3.470549734337818274e-03 2.005903458744019187e-03 9.759639838926939277e-04 7.356292762505208449e-04 7.473839479506475675e-04
3.457420535915997888e-03 6.328588898483865008e-03 4.089537553852018795e-03 3.110652234904588177e-03 1.906900842048396506e-03 3.864148292311113224e-03 7.037986584302708196e-03 4.521453994410134028e-03 7.432207584753990591e-03 5.570412867338441799e-03
3.567685774753409991e-03 1.096759851953811636e-03 8.152782005208812676e-04 8.384616215422638179e-04 7.585316760601755123e-04 2.175982241088516688e-03 6.220882801142896441e-03 2.055918601532892576e-02 2.806615603495850320e-02 1.063966835701857412e-02
2.221980774955751182e-04 6.030331199810819252e-04 4.718434732090367144e-03 1.543171900730483555e-02 1.076588453199682840e-02 1.188553142474434512e-02 1.314943186958169793e-02 4.638042258478214733e-03 1.383820112214912941e-03 3.597108881464198085e-04
3.008834438250933101e-03 1.738786519243883111e-03 3.047429480511133857e-03 3.584152943754539099e-03 9.294321911895209870e-03 7.400863671427549556e-03 2.873692141787515496e-03 2.150358380311460926e-03 4.814669750940203836e-03 7.078923439785843146e-03
4.461815007917907701e-03 9.492707966241919343e-03 8.535128681404645715e-03 4.132482086957527806e-03 1.408013653783214691e-03 1.958975309437550189e-03 2.091593381375500722e-03 4.153320869366317059e-03 7.683915279529732190e-03 4.632613221492359878e-03
4.856015658287109703e-03 3.005472988336128134e-03 1.777323811955636114e-03 6.280526532576065748e-04 1.141689281160320271e-03 2.276652377360274641e-03 6.365737594598423234e-03 1.298943013985039661e-02 1.979105351893632042e-02 8.693115496175045018e-03
1.280892395714535413e-03 1.515840431567783749e-03 2.044747187544804310e-03 7.678669257620411061e-03 3.248362011318286884e-03 5.021180419987093801e-03 7.728597130874274336e-03 8.909013984756977700e-03 7.897699382588614647e-03 3.311074024583178597e-03
3.109260957055898916e-03 4.724136282623061546e-03 4.191053568035437403e-03 5.343040917093026809e-03 8.268035641941517272e-03 4.847628465233516301e-03 2.825770720769073784e-03 3.114349594519270816e-03 6.794266677599166207e-03 3.384889964407976088e-03
4.855007455428254730e-03 7.412512924425061246e-03 8.170407656664579674e-03 5.157228139898491909e-03 8.785550360207476303e-03 6.421553699820197435e-03 1.857773356181038069e-03 2.723773752981093355e-03 2.163217620836933777e-03 2.205903886124184390e-03
5.435397753236583147e-03 2.736477119067445320e-03 2.509103133380396946e-03 1.788904341525856872e-03 2.436251727872899061e-03 3.751308762227878544e-03 7.416717795787627389e-03 1.033154641544406852e-02 8.204901221900925273e-03 7.008386760395105518e-03
1.630747174402657129e-03 3.966917102868746867e-03 1.231121947298774097e-02 1.841087124727619484e-02 1.261008134233272335e-02 6.462696585690417585e-03 4.088348198107876787e-03 1.763262487754516062e-03 8.265487178576042806e-04 7.326011815113963417e-04
1.346590072805174806e-03 8.179180722688206458e-04 1.731361364983373006e-03 8.098122736623967685e-03 6.596381214860906096e-03 3.625133898527628604e-03 2.357294358579780681e-03 5.596839775396260375e-03 9.152736513309901387e-03 3.941949368076341255e-03
