3.597510519632410309e-02 5.022313999841338666e-02 3.410431165562703704e-02 3.532021674339200917e-02 3.841708685652232141e-02 3.136281370288980519e-02 4.167533380898983536e-02 3.927573367495893614e-02 3.544073978333955183e-02 4.521735717626821499e-02 2.997485727609874862e-02 3.654695133000523261e-02
4.519177141054313285e-02 3.517708762416360546e-02 3.147516238420496743e-02 5.118814679618703678e-02 2.835396137027809682e-02 3.965688287441904158e-02 4.076024818365629049e-02 3.435168390056775323e-02 4.362339153390774188e-02 3.185752289155498879e-02 3.556313990951294468e-02 3.705538956681852375e-02
4.320461981669362211e-02 3.300559904981502368e-02 4.331929149607488538e-02 3.287182982220832050e-02 4.166068058480481423e-02 3.606990315616926540e-02 3.320980454968594509e-02 4.007786462943700029e-02 3.727485683913666498e-02 3.799916775618291526e-02 3.490357771203687898e-02 3.390882228023325146e-02
3.659882349261774775e-02 3.399008792761876174e-02 4.003458406539830289e-02 4.352776827916726710e-02 5.005654439665886690e-02 2.394336588874423216e-02 4.327240598360258816e-02 4.285710766882618733e-02 3.391484263064054733e-02 3.900323122573350065e-02 3.597999961199514762e-02 3.629785089726193098e-02
3.813432689605975728e-02 4.114121684599065382e-02 2.954553244489277475e-02 4.470296403050121742e-02 3.341414828851982377e-02 4.116975984312738063e-02 3.558353880395075108e-02 3.347639508950610993e-02 4.430262494448457267e-02 3.011484867750815683e-02 4.130902368600249119e-02 3.740985427750963266e-02
3.784142266088529744e-02 3.401805203461345101e-02 3.558776572268646660e-02 4.951091368892273498e-02 3.620916848266771126e-02 3.504663673566250914e-02 3.580254080319715537e-02 4.448314401406158053e-02 2.802876584843852839e-02 3.914295885468575820e-02 4.322391709288658790e-02 3.522870234872098327e-02
3.508862201036747064e-02 3.614527050676387410e-02 3.599787590148489924e-02 3.564737525282427044e-02 4.502767198302726898e-02 3.229829438557787341e-02 3.479966582015021209e-02 3.911514639040330338e-02 4.116818426931911912e-02 3.288704336931064232e-02 3.653608378972152820e-02 4.351356473386656931e-02
3.552940335071820555e-02 4.407572171120242854e-02 2.490930742451757940e-02 7.232996179336341480e-02 2.704936908459728770e-02 4.041282105750704234e-02 4.272420568990317746e-02 3.953828224953555293e-02 2.586524487404609149e-02 5.512553440402213900e-02 3.395108414300651578e-02 3.574524853971614707e-02
3.171690992135549336e-02 4.094142371622143395e-02 4.233887498965142188e-02 2.814278038338459756e-02 4.371644093765286038e-02 3.735407712661301810e-02 3.731878144806607955e-02 3.781750738315252380e-02 3.491054377589114521e-02 3.282277619339297320e-02 4.080674838194643661e-02 4.390972696091838268e-02
3.429740932265529230e-02 4.325306412083489843e-02 3.803140751888992727e-02 3.438227299040820528e-02 4.008568241456202802e-02 3.905072559663073234e-02 3.435813508188905602e-02 3.618202834589521327e-02 3.521274052822033485e-02 4.493346852302033262e-02 3.239557099992598083e-02 3.620464820472887174e-02
4.673209174041211694e-02 3.674134115136235001e-02 3.169707687559521897e-02 4.307937051191862432e-02 3.280279622056177236e-02 4.499862078892252759e-02 2.757954683165955018e-02 4.269081041608457222e-02 4.131561308370891583e-02 3.382832888941145894e-02 3.896577121348616946e-02 3.337620207269548916e-02
4.156306617583067214e-02 4.382084288259009697e-02 3.098945907705664277e-02 3.905092014984262033e-02 3.362160731502995825e-02 4.957519948953239414e-02 2.644741982211911216e-02 5.027900963010634855e-02 3.464426723211995462e-02 3.339479864643352114e-02 5.039296689885508496e-02 2.729541350383404147e-02
3.970521932021810890e-02 3.897927413270627084e-02 3.676463481072144573e-02 3.462105710984898777e-02 3.487143219403109062e-02 4.272235469706630456e-02 3.503576944623928296e-02 3.984765267179393028e-02 3.511347961791159294e-02 3.389461496678123492e-02 4.006350479260610553e-02 3.469744855047857124e-02
3.238661691597096576e-02 3.957238631168047416e-02 3.881960909816917216e-02 3.260975705120870705e-02 3.942791033811792606e-02 3.505263980846157895e-02 3.984375474891244107e-02 3.792088702893339075e-02 3.753069082695185965e-02 3.094648306703633167e-02 4.585858304021761533e-02 3.830921282821146689e-02
3.467721243789925051e-02 3.448405929279332177e-02 3.686324351317649128e-02 4.198956855578438174e-02 3.348821162167919113e-02 3.818459414371334903e-02 3.421656612222923749e-02 4.188437059676180380e-02 3.424472791455432374e-02 3.730379913027742633e-02 3.621902685935527583e-02 4.303544186486105844e-02
4.121189662923528674e-02 4.663603983039350809e-02 2.863957903633363583e-02 4.684158117279939304e-02 2.638485761775975769e-02 5.282311054108624476e-02 3.772964437111728936e-02 2.916371965396663546e-02 4.417264128817083996e-02 4.159040808834692932e-02 3.391405375598617600e-02 3.291003342354543310e-02
3.363533925110296502e-02 4.095944878258583888e-02 4.141015072044015172e-02 3.065016888225791103e-02 3.618561383859443537e-02 3.809838267980030641e-02 4.125877417132438330e-02 4.139199121253633179e-02 3.145385829680197309e-02 3.289494622305777494e-02 4.699191343540647797e-02 3.797503454976668136e-02
3.796906337241046786e-02 2.880616755250234307e-02 5.118043359657584862e-02 3.764320815850993873e-02 3.322553111628610834e-02 3.251772954545380928e-02 4.644423608689160488e-02 3.872589878144902520e-02 3.276217819466843012e-02 4.177369736328916117e-02 3.354972778087932095e-02 3.980910658102439909e-02
2.786162477212961869e-02 4.829384394106497891e-02 3.879642397866115561e-02 2.910478182135805073e-02 4.741953812220580516e-02 3.142973296766191776e-02 4.097916771352320964e-02 4.132640274854117168e-02 3.273415366392314757e-02 3.695472479383093284e-02 3.297821467060597922e-02 4.930084248883115361e-02
3.697179738118905323e-02 3.881636786279039908e-02 3.519585356865023024e-02 3.058198359745969291e-02 5.272223323432864706e-02 3.531184907438289500e-02 3.636770131268744072e-02 3.386793399039223634e-02 3.935938745189040272e-02 3.888583448399646897e-02 3.662694241535208867e-02 3.586680536188077695e-02
2.821143899278264963e-02 4.477948493658753110e-02 3.390310705454641776e-02 4.604085935003128516e-02 2.760016963021260511e-02 4.631281828856941701e-02 3.763978424804628742e-02 2.998289873188350260e-02 4.365047129310869328e-02 4.263341482454876402e-02 3.148201261210916563e-02 4.573601200576242476e-02
3.168895649602697373e-02 4.280440526404298562e-02 3.851320712496775212e-02 3.928404176705832529e-02 3.117703239945894197e-02 4.859600639212289380e-02 3.303617151469777358e-02 3.233937115102795967e-02 4.585499734128306581e-02 3.534859171012234152e-02 4.188475396140329404e-02 3.318220094074741944e-02
3.408184660872055904e-02 3.624751832343309221e-02 4.209330181177226016e-02 3.291492096322063549e-02 3.326593231573325010e-02 4.931326602110187168e-02 3.372879444340450700e-02 3.451739199074103925e-02 4.025129357986979156e-02 3.455053068501362512e-02 3.342167811908353103e-02 4.724566711892499993e-02
3.832756802716674044e-02 3.419480707154972515e-02 3.613597087129999386e-02 3.780700977051151823e-02 3.782840798608082256e-02 3.621004997075188275e-02 4.364807193461009427e-02 3.281425181408149233e-02 3.513212065566952841e-02 4.416253152651222064e-02 3.048640963258435546e-02 4.139589241035269290e-02
4.100703189229806811e-02 3.727698488130285620e-02 3.953346977695833958e-02 3.225085731136562855e-02 4.196974629131084572e-02 3.420427632943803115e-02 4.089223200323446189e-02 3.102628441744006288e-02 3.861024740789063825e-02 3.568102189589849454e-02 4.936352021422275166e-02 2.977766766709595905e-02
3.689436840688428004e-02 3.965495553009683316e-02 3.778895466512688373e-02 3.554141651568296090e-02 3.899939187411659985e-02 3.303953174187875680e-02 4.166280059098284583e-02 3.558840931200864949e-02 4.159228890498943565e-02 3.577184475491077681e-02 3.513582818375979994e-02 3.476857288499539400e-02
3.833284435225858128e-02 3.703026847575651564e-02 3.383334717699967159e-02 3.717848003513889860e-02 4.230254702644923454e-02 3.355965687935568570e-02 3.626627494176232203e-02 4.209518590069661476e-02 3.300085565687718020e-02 3.605619958888695020e-02 4.229987642491830901e-02 3.470183176777826700e-02
3.184776608252090635e-02 3.531837175483652780e-02 3.649954742128844881e-02 3.914175924880664015e-02 3.551749714380196543e-02 3.844757197039281454e-02 3.498309111950655831e-02 4.370506011547459213e-02 3.031759779532740284e-02 4.575237013849509787e-02 2.770767754561553539e-02 5.649232261597580962e-02
4.091140197185808708e-02 3.798328690446601402e-02 3.518721131734690866e-02 3.437262656633724434e-02 4.276659274275317058e-02 3.468599388062187927e-02 3.478686614324356247e-02 4.092811250505596493e-02 3.129436543754265942e-02 4.537870536886540185e-02 3.836354910787558720e-02 3.196607864187252235e-02
3.695521590010372726e-02 3.344459962955437238e-02 4.138233531586792135e-02 3.327986211632608798e-02 3.886268009502866910e-02 3.925180795916134724e-02 4.217888336890536494e-02 2.967359364677176967e-02 4.253081171874671662e-02 3.138880554101084602e-02 4.446470805654136049e-02 3.638526737436739711e-02
3.412483700632440442e-02 3.846469945107029720e-02 3.332074054906156158e-02 6.170550577869122338e-02 2.458724720883885551e-02 3.856724490714231318e-02 4.559997417842789891e-02 3.372897630039975447e-02 4.127472216907749486e-02 3.197160843703041044e-02 4.344914226429703874e-02 3.554546160103690122e-02
3.528203025102227136e-02 4.176667463836681443e-02 3.332257356429018519e-02 3.696461555162520313e-02 3.981286142985624582e-02 3.606788292531831058e-02 3.647309179612311103e-02 3.758503362328760589e-02 3.617084960689453260e-02 4.107256457993361393e-02 3.214120332697099208e-02 3.896972109494153264e-02
3.623573137165558150e-02 3.389456682964168965e-02 4.162816342085864235e-02 3.351216618265614317e-02 3.885220794670426331e-02 4.198684826739192133e-02 3.236643863242463087e-02 3.658086684591911608e-02 3.716292597405012471e-02 4.167208499225857898e-02 3.538877828160410383e-02 3.746086644062566334e-02
3.794829354527096826e-02 3.640917201447758933e-02 3.354581705095802807e-02 5.137031450990578452e-02 2.911660039832071264e-02 3.424261111426919052e-02 5.415635888592338493e-02 3.019945671415270178e-02 3.461782412919642282e-02 4.038665008936907774e-02 4.068922942566101375e-02 3.454322687310831114e-02
3.957301560220405356e-02 3.687691096096811644e-02 2.936550352419114648e-02 4.938041067709077886e-02 3.928957517609407007e-02 3.396855772396738249e-02 3.243024253599439966e-02 3.930231287051818428e-02 4.225659303684628498e-02 3.193619413945211066e-02 4.048601605779675316e-02 3.804295369642433228e-02
3.167561328443815882e-02 3.954760304027416656e-02 3.345868260490540008e-02 4.258766648493504670e-02 3.557810922050673452e-02 3.645861845976779841e-02 4.138924038986104004e-02 3.352269530517380802e-02 3.545233390741187735e-02 4.417043168450248553e-02 3.106285802621900835e-02 4.399143119341638458e-02
3.946550841014024452e-02 3.720214586628168424e-02 3.504281341814913936e-02 3.655003691298042839e-02 4.047624033196047660e-02 3.342085807108455264e-02 3.395231256623076899e-02 4.526278725013724996e-02 5.182909241568104536e-02 2.621320919467495791e-02 3.328955367613983807e-02 4.907206105050848644e-02
2.657290863234595957e-02 4.506420727138230053e-02 3.777534147231250555e-02 3.870299776985908907e-02 3.916310036124739241e-02 3.377816287760491976e-02 3.650907697486185932e-02 3.522518026925754858e-02 3.842592141808613693e-02 3.638669866961372762e-02 3.782059476231869333e-02 4.625822490959497629e-02
2.865670903524071902e-02 4.264196025510026689e-02 4.818403973924587774e-02 2.863992431624744553e-02 4.405443240789869153e-02 3.426749623582905219e-02 3.362959061210630402e-02 4.588268422006569480e-02 3.531878168326214873e-02 3.271565417272923743e-02 4.654220278291014423e-02 3.667982462682412709e-02
3.680153208762088068e-02 3.940023266365021148e-02 3.296482785125590814e-02 3.574005573724890056e-02 4.071288013982804488e-02 4.195440294460255765e-02 3.122553732535945925e-02 3.957032033732934412e-02 3.601432204203629944e-02 4.055920022294521449e-02 3.310455436855926081e-02 3.920970370253504950e-02
4.248843838575064313e-02 3.613196990971644790e-02 4.093493236018106579e-02 2.691473197833761308e-02 5.316658499189576281e-02 3.025276555047244978e-02 4.285692542077362138e-02 3.772937331936723759e-02 3.427627871594036285e-02 4.043594371898827367e-02 3.258019746552749674e-02 3.697670908155407249e-02
3.742599364892436331e-02 3.158092069821748227e-02 5.356486695508356349e-02 3.722918447117035123e-02 3.478870164982104246e-02 3.497394843959423377e-02 3.733069869394135126e-02 3.551294777251928075e-02 4.496213487813548876e-02 2.527831783274385458e-02 5.947251209970948888e-02 3.189715615039332569e-02
4.394462776931393200e-02 3.481644011976200992e-02 3.227411735846044682e-02 3.945888023465642103e-02 3.928276198099291128e-02 3.875652131559643998e-02 3.335644001091653960e-02 5.013895551876827034e-02 2.787382210634235455e-02 4.474133471076436469e-02 2.978476542259759705e-02 4.087915499340664255e-02
3.383070305719999837e-02 3.801084971740539831e-02 3.616765800418141052e-02 4.413676625832933798e-02 2.925496915322017832e-02 4.266027372119057109e-02 3.620620866546254979e-02 3.504579900347673527e-02 3.712429938493660986e-02 3.668826563724328360e-02 4.538216260686597781e-02 3.506161483791126604e-02
4.110958795625434259e-02 3.799199136052629905e-02 3.511305620728710081e-02 3.415941642833959097e-02 3.876995281629073975e-02 3.951546482471346433e-02 3.517104778168014118e-02 3.857758208041259934e-02 3.124052479435142013e-02 4.671689310328206585e-02 3.138746333265070299e-02 3.892044144499925973e-02
3.180323968829946307e-02 4.087914289851962701e-02 4.407055296488181229e-02 3.409875565005676679e-02 3.512521865944149418e-02 3.450222141159723505e-02 4.409995961375198781e-02 3.669831048849099553e-02 3.287969488015014818e-02 3.824943694751319762e-02 3.866832954469786449e-02 3.794716446166764706e-02
3.571947068573853856e-02 3.436351237040514983e-02 3.390164634263791860e-02 3.925967934207563043e-02 4.828063230622004626e-02 2.810577372381515421e-02 4.480393681079285900e-02 3.357048037742246110e-02 4.615838984877277534e-02 2.795865762147909175e-02 4.428878807851135274e-02 3.999728776257190782e-02
3.696997873438804399e-02 3.318950527452046995e-02 4.365364099454117908e-02 4.462228246404624510e-02 3.397856943636719251e-02 3.360833895692369455e-02 3.787389887137487116e-02 3.494633976890491878e-02 4.808361624907648429e-02 2.696825803938758190e-02 5.156884244808832701e-02 3.193065964428209308e-02
3.514902303948434087e-02 3.853804923862132886e-02 3.449322507687661160e-02 4.033073807462363852e-02 3.819698819854545901e-02 3.369537846282725374e-02 3.660916019256620774e-02 3.691727678345665259e-02 3.977095091620466705e-02 3.861482935892002893e-02 2.792246684896512038e-02 5.093314732463941757e-02
3.267394599181009524e-02 4.027899073166339022e-02 2.869017190026447103e-02 5.614277893189609930e-02 3.221009712917736328e-02 3.398378938374065072e-02 4.513283108200753097e-02 3.314484247351076607e-02 3.875433169538662626e-02 3.642936657078224560e-02 3.344669880745691076e-02 4.474565765394118017e-02
3.735977777821559292e-02 4.104802173934532505e-02 2.922545242827209039e-02 3.695751819097262830e-02 4.862674348076446995e-02 2.957494210080522518e-02 4.001989861400921666e-02 3.877607454436947376e-02 3.743678664437705833e-02 3.597733067201892149e-02 3.237384383902600776e-02 4.708244330557316559e-02
3.902908961920047853e-02 3.265947199770873749e-02 4.350908846197679147e-02 3.222144577663709625e-02 3.737397792565188420e-02 4.550602763339762352e-02 2.909041028726663813e-02 4.258052430702911895e-02 3.871815781793230826e-02 3.489512159332130992e-02 3.707984094664278085e-02 3.662892138916845619e-02
3.215961812817367399e-02 3.843434531302709206e-02 4.270747708825615302e-02 3.501721262563760317e-02 3.617349981640223533e-02 3.876029320084010271e-02 3.802819765160510290e-02 3.933033817103678831e-02 2.807669337998192072e-02 4.811279020438366527e-02 4.240720676317656646e-02 3.382224527891549565e-02
3.110228237621381550e-02 3.731995708282498381e-02 3.710475909665537919e-02 3.624013924395905889e-02 3.500064332982076587e-02 4.027285543472528678e-02 3.486477208735518085e-02 4.067905427222463094e-02 3.813030377048350766e-02 3.492345927989733839e-02 3.809031555311691297e-02 4.413456357129827423e-02
4.824367269949007136e-02 2.876935193588118708e-02 4.777846917196423848e-02 2.894021319792283373e-02 4.794517153523312342e-02 3.042819855003947235e-02 3.319332668144162751e-02 5.456027335307798293e-02 3.339249116371402482e-02 4.299272088645247208e-02 3.063145142714090649e-02 3.629795484155574209e-02
3.433236166312519932e-02 3.489502688289162352e-02 4.066835867220953971e-02 3.233931780314740906e-02 4.215295744584553195e-02 4.116348687038755977e-02 2.940545333647892612e-02 3.898704367650841773e-02 4.762259903448180787e-02 3.137765281860503686e-02 3.416575984596609966e-02 4.584193547539223285e-02
3.908027470019524718e-02 3.298114813089878666e-02 4.854699503299309687e-02 2.885289217801935424e-02 4.882137804138846765e-02 3.368800898584593806e-02 3.808837945646274814e-02 3.432305542313896646e-02 3.962591536484656729e-02 3.342123874745642903e-02 3.892992457061407452e-02 3.533368884355927997e-02
3.621927354943887956e-02 3.823697396776678387e-02 3.387333129621493411e-02 3.724009975705413339e-02 3.775139331532038206e-02 3.489458638577207922e-02 4.561359115694803290e-02 3.570877523136922055e-02 2.895517742312744142e-02 5.560008832478539886e-02 2.971898771617404247e-02 4.066983945049984506e-02
4.323693250863204496e-02 4.398888194591811518e-02 2.721081616551216872e-02 3.784974644382315540e-02 4.179698003554494640e-02 3.274811815492018052e-02 5.624983896935990130e-02 3.512287736725575038e-02 2.819282142029882338e-02 5.358907173537033608e-02 3.276117002733198308e-02 3.429782634909361166e-02
2.660883930639567144e-02 5.712531795153395764e-02 2.760459323132535836e-02 4.014539016174821506e-02 3.590333889098988596e-02 3.955808691349985140e-02 3.973545165189131673e-02 3.063836509390774343e-02 3.773997284629540538e-02 4.475704032669629989e-02 3.233214263950871109e-02 4.885944462538360095e-02
3.402548704980724870e-02 3.178714315122852657e-02 4.483573998345317252e-02 3.871535379507933666e-02 3.554389687922514252e-02 3.536214188606055103e-02 3.296250349873786761e-02 4.292803799447111185e-02 4.262005198515091131e-02 3.472442776432227429e-02 3.153025965809683889e-02 4.763673581140648317e-02
3.877547161698702977e-02 4.024769359049262113e-02 3.434038684691725213e-02 3.973227023163398985e-02 3.557239863042628569e-02 3.789818192868621427e-02 3.349311801567205621e-02 3.836390491919881851e-02 3.936866192129714198e-02 3.351304240983246641e-02 3.961893270041592918e-02 3.471695086662135443e-02
3.514895686975729600e-02 4.988333749590510846e-02 3.150390736693221144e-02 3.210318823918292125e-02 4.940065539550453355e-02 3.172713028520474793e-02 3.863213563409870904e-02 3.757414062767417545e-02 3.475660979781174109e-02 4.767044333897976077e-02 3.346755376624494654e-02 3.373045405247764722e-02
3.339437115098714548e-02 3.827319335735368533e-02 4.011711283110463988e-02 3.551867169524443313e-02 3.301373066310422238e-02 4.373172045979738937e-02 3.162333119275954896e-02 4.282123599312516460e-02 3.303317828963665131e-02 3.717152297822932244e-02 4.393765626280957126e-02 3.608801625520643291e-02
3.140849440560131156e-02 4.027118219334167165e-02 3.367147852808784897e-02 3.855672477630363304e-02 3.417634494211244794e-02 4.664391929917415663e-02 2.923989012981483351e-02 4.860832239473542732e-02 3.459267122011937950e-02 3.254267735412226525e-02 3.630844972932441295e-02 4.813800340684680490e-02
3.420301957960059785e-02 4.663296779392220315e-02 3.117137115442508016e-02 3.710541828820134586e-02 3.860689360850771967e-02 3.693357120670137661e-02 3.828771002240389382e-02 3.521851208949695888e-02 3.518585416123539561e-02 3.897813432075950685e-02 5.325495900344332650e-02 2.917895591565710517e-02
3.348551092970766113e-02 3.796696478188756746e-02 3.143366855957281658e-02 5.277142388774432730e-02 3.818390955224499478e-02 3.104974776092986333e-02 4.153493379171210170e-02 4.102888750945619944e-02 3.077816430581021764e-02 3.785161630452110043e-02 3.996179683760663071e-02 3.806995294871250157e-02
3.664573781652748913e-02 3.652730556198046513e-02 3.634358107697052004e-02 3.955171068605651402e-02 3.949929671223807726e-02 3.184896292660319844e-02 4.223026974318983690e-02 3.691924123827942938e-02 3.202104205253089586e-02 3.391054435091410413e-02 5.245328191114621841e-02 3.442590071599788831e-02
3.790716143654003500e-02 3.159252726476082657e-02 5.409398855475165691e-02 2.515783107478967995e-02 5.119189468602998450e-02 3.149429396805643322e-02 3.966116461098111862e-02 3.539410219315262257e-02 3.755012335202714824e-02 3.869534250083501298e-02 4.020631972173730612e-02 3.440986559233451259e-02
4.093077305599197163e-02 3.362907894140052673e-02 4.377817025898055742e-02 3.061293262549952265e-02 4.713113587842506641e-02 2.867056420021567298e-02 3.656177566457918804e-02 5.030690486418832458e-02 3.426284172489763719e-02 3.684317376491401397e-02 3.474683212128820003e-02 3.694978987702014078e-02
3.521032171501258662e-02 4.092290705852499183e-02 3.365411369350757020e-02 3.916170888128767819e-02 3.782681061545203199e-02 3.654728229647785653e-02 3.777428307286464365e-02 3.761202813592842698e-02 3.419980245940848484e-02 4.379811036851079253e-02 3.567628580363924745e-02 3.410799926968919454e-02
2.957797529148574120e-02 3.761501118442743541e-02 4.866319075344569672e-02 3.276543099113823909e-02 3.683987709292182999e-02 3.360318685843616260e-02 4.134337143961648586e-02 3.794589314735718338e-02 3.164429048724271692e-02 4.262332478878463893e-02 3.844676020770451674e-02 4.120122978371077577e-02
4.014564132866214191e-02 3.782997554508858024e-02 3.301458898717042623e-02 3.941213488079052529e-02 3.923160609487012090e-02 3.537330620446749174e-02 3.644845118371568826e-02 3.969837860676119629e-02 3.221353076220612177e-02 4.448669099074353817e-02 3.489928397922744535e-02 3.393759172472509550e-02
3.877252924107212062e-02 3.583300627631590130e-02 4.089037080678289277e-02 3.030443293018821385e-02 3.643210290685083841e-02 4.662604228705252707e-02 3.481978923437818035e-02 4.099586397681405370e-02 3.106224627457935400e-02 3.852091840617312413e-02 4.521519616646694356e-02 3.259108993423216055e-02
4.076178479361387830e-02 3.724664221470642966e-02 3.771153351828243627e-02 3.328752030094691422e-02 3.781672037269336040e-02 4.169343909014848470e-02 3.193765799210291495e-02 3.921090458449271593e-02 3.439250344085944405e-02 3.923492205237849584e-02 4.135278393269110897e-02 3.253706927354198947e-02
3.529424149892727847e-02 3.318211804265665948e-02 4.102488270544103061e-02 4.535009171455926108e-02 3.217661657387757557e-02 3.557627177600697355e-02 4.266033168318854318e-02 3.545130570465138825e-02 3.883741990735893601e-02 3.398135056035335444e-02 4.006725355889928508e-02 3.580408656819334540e-02
4.026829215665046063e-02 3.078878119874385588e-02 4.377215791557462904e-02 4.057676979518242549e-02 3.450735310542102363e-02 3.214138527684628349e-02 4.006169033375937133e-02 4.611034844458472559e-02 2.909430420831063055e-02 4.140001732101798032e-02 3.777227881403334708e-02 3.536552344891762817e-02
3.112518519959202659e-02 4.336637804423471021e-02 3.384589813659947405e-02 3.669767768908831912e-02 4.401249753073815246e-02 3.298913340513855846e-02 3.703416644758883436e-02 3.710910817109452919e-02 4.369498016021326758e-02 2.965298608207653924e-02 4.141149017444965830e-02 3.898647917805717067e-02
3.495164381074691157e-02 3.530124547359603931e-02 4.330084216630662036e-02 3.436292846925447647e-02 3.398635380632197833e-02 4.124134285846862980e-02 3.004304975622704849e-02 5.651033844334976686e-02 2.852206833957964677e-02 3.886620262115353386e-02 3.830463445495719405e-02 3.908802363371166599e-02
4.253319151924381258e-02 3.691383881776454101e-02 3.339001867115402172e-02 4.150835169581255230e-02 3.463823959445017087e-02 3.500142656928165175e-02 4.263957941570358651e-02 3.678691511432489319e-02 3.489275631331702210e-02 3.285758661851771734e-02 4.810125658075713184e-02 3.046431591362590285e-02
4.022168513419166480e-02 3.730996491990811598e-02 4.111935436504390862e-02 3.010850072084477955e-02 4.240380305844775044e-02 4.431034801293967651e-02 2.771096442289669448e-02 4.505789088342904147e-02 3.693425853399807252e-02 3.405366902912828481e-02 4.083956413255903500e-02 3.215310089789405468e-02
3.825856419111917789e-02 3.383830736565939662e-02 3.806461512219883048e-02 3.532596455242021510e-02 3.804608892804945547e-02 3.922016134694045891e-02 3.535565213071996393e-02 3.815578500960258024e-02 3.627798970191398187e-02 3.418652374512757414e-02 3.933047930698563288e-02 3.881799038256371348e-02
3.838775661688906271e-02 3.467665483838010959e-02 3.951934589015382998e-02 3.734139554931268506e-02 3.642509743210584766e-02 3.515369610745633366e-02 3.964050813522625172e-02 3.385427769305936890e-02 3.309561728807160902e-02 4.853874382362807077e-02 3.694345243202216272e-02 3.487579315657891865e-02
3.226505593271383754e-02 4.013858158875346915e-02 4.340520679944185473e-02 3.567060074153509397e-02 3.481182092326529781e-02 4.035710107741772440e-02 3.302167656157172643e-02 3.980055484156765078e-02 3.406392421373291568e-02 4.156235054570427828e-02 4.067591023700879022e-02 3.345452323585854787e-02
3.184190530285085224e-02 3.938784498092127301e-02 4.682709584479136100e-02 2.911150419838041264e-02 4.231295374678577942e-02 3.345663514549667567e-02 4.339448822551619095e-02 3.254604899727806672e-02 3.521903190692374924e-02 4.181522484053719346e-02 3.485435830924006606e-02 4.038807529972908428e-02
3.934029507618317517e-02 3.761782913628242825e-02 3.651674899807686586e-02 4.232827148718953936e-02 2.767635086988948223e-02 4.447373130122091872e-02 3.518913991265634755e-02 4.504621047109649834e-02 3.639419274266052218e-02 3.235017863293800089e-02 4.243974168741639075e-02 3.260835048143951448e-02
3.186484408965545301e-02 3.739351525750975180e-02 3.760595240488754515e-02 3.888665141166572359e-02 3.287456686577160114e-02 4.049371828452575511e-02 3.458204010563150493e-02 3.730194698116833657e-02 3.513361993755903523e-02 4.031727957807175466e-02 3.923653347049819301e-02 4.168639696108385889e-02
2.683996758443985345e-02 4.252870426056379327e-02 3.805733718715999941e-02 3.306831065500109162e-02 3.832038754618389415e-02 4.580667770894165242e-02 3.563587243517483266e-02 3.057188672899725443e-02 3.955161343232426602e-02 4.332948113135607487e-02 3.055610868106557396e-02 5.366586546142412123e-02
3.174644311813958758e-02 4.212945606874465843e-02 3.918395224721165498e-02 3.064719424530171557e-02 4.060948382539499718e-02 3.854626282789057334e-02 3.787284548326484007e-02 3.068490547712580258e-02 4.579582397764350027e-02 3.309923161413906578e-02 3.660087599724676927e-02 4.355302456566572528e-02
3.792363335322065931e-02 4.008286842562742980e-02 3.826324682246372982e-02 3.998620594041533277e-02 3.009202889360318434e-02 4.457756388771548506e-02 3.493665156423626100e-02 3.477344191179803506e-02 3.735478407278500224e-02 3.753450336605770876e-02 4.092338541256806267e-02 3.195845363199793093e-02
3.298013441866578382e-02 3.708986659061507679e-02 4.537163011872091117e-02 3.405049379819667654e-02 3.477299461480900383e-02 3.797778406341308088e-02 3.920551911563949915e-02 3.425425315748280297e-02 3.727864727174535348e-02 4.027515416924289798e-02 3.581560206041940753e-02 3.786783349041496216e-02
3.903023452781446273e-02 3.171142101129804935e-02 4.089075769271963839e-02 4.142673280769798572e-02 4.124864667533584967e-02 2.625354857090813829e-02 5.194338485773929842e-02 3.268597129499542508e-02 3.331399194223711585e-02 5.085211117999402508e-02 3.096008570009385966e-02 3.838676007960158121e-02
2.998347120556064949e-02 4.574222636451536622e-02 3.215668409211408507e-02 4.017730188435324201e-02 3.802910392311569659e-02 3.157437889755072835e-02 4.057554480684358311e-02 4.082382938923118793e-02 2.773579292685407482e-02 5.593439017426168197e-02 2.848553527942762967e-02 4.827837382083906975e-02
2.945186817150229758e-02 4.376012940858356459e-02 4.866554970108171591e-02 2.863685694340855140e-02 4.322113755453428630e-02 3.365346304838583158e-02 3.723120129365263542e-02 4.080718781524740602e-02 3.458367100777978709e-02 3.451190925683297883e-02 4.598359660696423740e-02 3.486494633543801847e-02
3.547851778306664733e-02 3.516454839614419764e-02 4.098719006857897557e-02 3.479456372825649041e-02 3.722894252113492092e-02 3.589745233567195881e-02 3.691946320624499983e-02 3.541792047302790014e-02 4.506592311599754569e-02 2.935734464749928038e-02 3.953518183215046916e-02 4.241895856813769627e-02
4.817150431883169409e-02 3.807680479876222185e-02 3.254095982298092771e-02 3.491808671007438913e-02 4.493242815470731982e-02 3.919111230086185643e-02 3.304536861720232949e-02 3.421894449402814592e-02 4.110087348838274701e-02 4.180883655356916473e-02 3.169534789047805806e-02 3.331261852906471088e-02
3.376851139560442527e-02 5.294199314280410851e-02 3.696032847151534129e-02 3.069749886994445690e-02 4.272069379841968162e-02 3.341943492635054275e-02 3.807038834159846841e-02 3.660215758601331054e-02 3.843388438584995070e-02 3.635136791934925199e-02 3.514288640051814461e-02 3.700026630668329375e-02
4.370651523288861251e-02 4.382326891134724622e-02 2.906778912014568172e-02 4.269573028496038980e-02 4.387815734168799831e-02 3.067961260236436519e-02 3.262776142531593343e-02 4.737810341932532227e-02 3.727796918430122813e-02 3.903989545026392838e-02 3.899308806543749090e-02 2.853308252976620787e-02
3.808626841896948362e-02 3.749103536674482096e-02 3.699340964246206759e-02 3.888735938661348063e-02 3.199145258433304384e-02 4.686959291182575538e-02 3.275078540551255857e-02 3.494801160989854244e-02 3.616562844900560875e-02 4.972151074875651167e-02 3.449625945321535547e-02 3.299458544279840894e-02
3.888504400023331392e-02 4.013120429945719880e-02 2.880295857511124338e-02 3.993143281812101125e-02 4.472703665538807494e-02 3.038061665397183073e-02 4.401209318680913973e-02 3.407669183425768300e-02 4.104993749844353113e-02 3.530678439738541008e-02 3.981038336669417282e-02 3.454645984962187444e-02
