-7.120074525616117533e+00
-7.687110584099603017e+00
-7.867973274117492366e+00
-7.373048719320772548e+00
-7.268484286080249213e+00
-7.504818583965005452e+00
-7.700683455233690466e+00
-6.811190922350759180e+00
-7.737966121920619500e+00
-6.696948155515817014e+00
-7.053902089216516735e+00
-7.523366477275198250e+00
-7.411456063786721060e+00
-8.235206563328040019e+00
-7.690396837216435522e+00
-6.593295065897120111e+00
-7.528199265145754104e+00
-7.740096372064732222e+00
-8.297497380148955770e+00
-7.164478598973426315e+00
-6.933269822690400375e+00
-7.737524587844388790e+00
-7.368883853719733423e+00
-7.601365788867102680e+00
-7.331143854789640812e+00
-8.016884058852976835e+00
-7.807962767316656283e+00
-7.390924886847891173e+00
-9.226769952004749697e+00
-8.240222920158618791e+00
-7.351168637849303522e+00
-7.437320375756363511e+00
-7.295813063327197590e+00
-7.622455510616358509e+00
-7.450506255325302973e+00
-8.462126908588631480e+00
-7.793523281872476893e+00
-7.730939754695221211e+00
-6.789854323241526046e+00
-7.340992800829724274e+00
-7.484904491506664925e+00
-7.181285354775709173e+00
-7.701715092466506540e+00
-7.872095164150035629e+00
-6.822414898711674169e+00
-6.735447017963246630e+00
-7.726131669017543224e+00
-7.468802709143068874e+00
-6.999103195286623169e+00
-7.605882544644341436e+00
-8.277224998694590496e+00
-7.459445864436549556e+00
-7.842146918177780535e+00
-6.735808556734915520e+00
-6.687095280925241525e+00
-7.445074221935845671e+00
-7.797361133348517548e+00
-7.459687219920491330e+00
-6.929370845480316454e+00
-8.149745133375764894e+00
-6.703738813776006999e+00
-7.340901485751603062e+00
-7.405745832109751348e+00
-6.439499808903741851e+00
-7.650121845157614509e+00
-7.681464616996531269e+00
-8.034369978654067879e+00
-8.310641911883449140e+00
-6.454390093315709898e+00
-6.829615005491968205e+00
-8.224706736517800820e+00
-7.966129551010534549e+00
-8.297701114146317281e+00
-7.697927550659334095e+00
-7.205492017632430191e+00
-8.065776672924187096e+00
-8.524771062700500224e+00
-6.639171453108938081e+00
-7.472410089971048386e+00
-8.432336181822055465e+00
-7.561829229374975370e+00
-7.062736139922503042e+00
-7.827540406716551047e+00
-7.431206209663113071e+00
-7.514849373198062565e+00
-6.977174523912085924e+00
-8.125080603280594005e+00
-6.983184077962546255e+00
-8.469114167166168272e+00
-7.971605392830349857e+00
-7.380543252652596919e+00
-7.304289083363845414e+00
-6.738925251422696050e+00
-6.716019455431836427e+00
-8.035536101264648678e+00
-7.806589596473338055e+00
-7.975872817266644432e+00
-7.190194742607215694e+00
-6.910137765441639601e+00
-7.414383943140974154e+00
