1.343465161238426714e-02 1.999938169934251803e-02 1.214735895616702102e-02 1.019468073544946805e-02 9.771716063223304799e-03 8.623117378983370315e-03 1.358760848302102871e-02 1.543732114849914044e-02 1.358042632981385466e-02 1.447573484641997282e-02
6.317468733515248236e-03 9.518723501578094798e-03 1.984795082439190159e-02 1.322858734531083894e-02 1.157469611186914306e-02 1.815175996262980568e-02 9.568321263658335907e-03 1.327743059525346436e-02 1.804400323426473551e-02 1.342593694186751049e-02
1.497766929020749940e-02 9.568730081380450239e-03 1.038199212186738732e-02 1.430387733378489686e-02 1.497181430419263631e-02 1.219763636396514750e-02 1.589496194636260545e-02 1.259835112118333836e-02 1.365902995578140849e-02 1.199346596201980066e-02
1.035762416792017533e-02 1.295617040932400647e-02 1.375133005792099697e-02 1.194376710894978245e-02 1.001278661393782514e-02 1.089505970252273651e-02 1.122055967667696941e-02 1.158042280418790544e-02 1.791928398512098938e-02 2.058138555132735248e-02
1.549290417335483575e-02 5.426691471924564511e-03 1.213262443211790900e-02 1.719414054310088730e-02 1.174716684108906284e-02 1.255608046201059022e-02 1.207826690845954613e-02 1.123730703211771667e-02 1.583650469298497621e-02 1.789176958656860453e-02
9.956861068861644695e-03 1.475971597506221637e-02 1.319345930427187966e-02 1.432029918392713035e-02 1.140452108479186877e-02 1.129386458697652709e-02 1.374867444868730151e-02 9.813893309329581663e-03 1.541472128413545750e-02 1.576426620850910135e-02
1.440577204882365937e-02 1.234189821964578986e-02 1.526216163922118618e-02 2.478952998192083396e-02 1.550645366030289733e-02 1.135356632348010104e-02 1.216559297091174448e-02 1.146494264951847253e-02 5.909002343321262049e-03 1.014823038976698892e-02
1.750542884691917364e-02 1.421079007621935814e-02 1.306156604627557033e-02 1.212851727069675506e-02 1.134304341194266458e-02 1.283457357094649511e-02 1.592775580878524194e-02 9.727158919319942726e-03 9.805878288582042454e-03 1.444809704887957923e-02
1.504571427848261193e-02 1.077037527724523415e-02 1.289677683305012756e-02 1.678001931466194599e-02 1.095086364938509943e-02 1.023236500209273939e-02 7.771447864792784162e-03 2.145128839824583800e-02 9.906181736367007315e-03 1.463727181265304239e-02
1.877713471753929969e-02 1.350117859938008633e-02 6.757685674037805859e-03 1.685599232010879384e-02 1.285591171876997868e-02 9.711583543296960566e-03 1.226718533394193476e-02 1.843656023896098756e-02 1.418997348986207607e-02 8.183237254669253891e-03
1.513621257902443736e-02 1.248517633665416696e-02 1.207622910446871575e-02 1.132256373858929119e-02 8.221377869931024984e-03 8.454412486347489750e-03 1.526696302963989268e-02 1.808348864870236439e-02 1.219370862615867107e-02 1.863813366028851254e-02
1.666353607307759915e-02 1.483759693271203238e-02 1.682596145329488813e-02 1.549665313262175298e-02 1.109630116664239372e-02 1.022861646685277459e-02 1.208177249406762292e-02 1.479538282649357599e-02 9.077850521282165158e-03 1.016568491685067820e-02
2.085012359838838564e-02 1.474031454602417988e-02 1.001716815205742558e-02 1.283647165992783667e-02 1.136511141708043682e-02 1.065467003019581263e-02 6.754953576044026888e-03 1.359131636700254900e-02 1.693954697801369064e-02 1.297973822745921053e-02
1.512918230247973367e-02 1.230370901655095627e-02 1.439916651930514199e-02 1.560826837554604718e-02 8.880715372160294732e-03 1.022451228458905528e-02 1.251879496541359604e-02 1.546096225082846908e-02 8.386197018302168557e-03 1.773986545886035299e-02
1.316430802055215676e-02 1.336830644996080467e-02 1.734438364676898353e-02 8.545723280750316952e-03 1.377647252170664631e-02 1.569411924371417327e-02 1.197424553797930141e-02 9.578269596528271590e-03 1.155929737887636741e-02 1.547350511396148459e-02
1.399834694375945605e-02 1.552394074671162826e-02 1.119696975280677631e-02 1.066264492617132603e-02 1.490509857386284644e-02 1.358074513711189472e-02 1.135175687989136220e-02 1.489868484522776163e-02 1.403001075561540432e-02 1.049122517370085043e-02
1.241248436759387168e-02 1.206017300724960412e-02 1.487809579613314989e-02 1.495537666980808512e-02 1.218151243783990346e-02 1.026939259678856867e-02 1.749130499383298037e-02 1.460401351423787006e-02 1.118330223708683888e-02 1.070634772445226701e-02
1.240834182634889538e-02 1.390790590908611707e-02 1.095310921426565984e-02 1.114126864291523078e-02 1.146086608311618418e-02 1.467350500173733238e-02 1.213532034870083189e-02 1.287912837102938267e-02 1.442323325996471006e-02 1.634866413758909176e-02
1.597476125677802991e-02 1.609925282708235192e-02 9.254668208857596765e-03 1.007040612326008666e-02 7.279224309711462143e-03 1.763228931526959059e-02 1.332924474385285482e-02 8.316920830426923622e-03 1.507114458038309734e-02 1.682995523666417498e-02
1.271958849970398868e-02 1.179146199565708417e-02 1.336783367842953561e-02 1.708923533110176182e-02 1.389570806595178884e-02 7.686889203084537603e-03 9.343114417638633332e-03 1.385294294959556888e-02 1.674510142971351312e-02 1.496663939640050824e-02
9.396938552714815401e-03 1.054483011928415356e-02 2.010958839876765547e-02 1.811372674194937013e-02 1.130840488437703795e-02 9.041654155114420971e-03 1.961008507956921165e-02 1.438643982602309454e-02 9.829110218006488139e-03 1.035883718755663957e-02
1.717919287252239746e-02 1.589886064570591312e-02 1.092635821002351827e-02 1.338044615826941564e-02 1.191646511016114865e-02 1.081474168437582262e-02 9.151950442161240623e-03 1.886764861163825469e-02 1.398025682954940133e-02 8.578418148608664417e-03
1.673304226773865422e-02 1.153095676386204499e-02 1.551159046816262196e-02 1.531753794499778748e-02 9.483999859529607113e-03 8.910049444583819159e-03 1.087802106118439943e-02 1.723619450532318936e-02 1.226916695589885808e-02 1.281744305309082642e-02
9.200400755629136590e-03 9.397438008615095761e-03 2.037168308282394369e-02 1.469540221745622814e-02 1.173918636804842548e-02 1.146620153877335804e-02 1.491803137083013049e-02 1.482865830670232477e-02 1.302507509930645249e-02 1.184310313254312817e-02
7.968677203600706138e-03 1.295788766053432815e-02 1.388165950589345145e-02 1.338900937204104413e-02 8.059873582187813967e-03 1.633954458147421351e-02 1.329392164526893398e-02 8.978233023893191639e-03 1.777341820783956416e-02 1.827501002773164462e-02
1.111877590264813073e-02 1.318705785406942312e-02 8.070882217876898523e-03 1.372891308720287223e-02 1.682777068518456765e-02 1.493174852570346156e-02 1.229315399810823259e-02 1.943239479036001915e-02 1.196970850866465805e-02 9.877175566709795601e-03
1.892610115226473627e-02 1.440242273458723632e-02 1.351399101858516763e-02 8.945297362630650825e-03 1.122930606138218892e-02 1.340659848741355617e-02 1.420769778593070770e-02 9.107498107890693237e-03 9.917291374800484005e-03 1.793076183107610716e-02
1.062475607424058673e-02 1.004755190027188140e-02 1.259066472248195241e-02 1.008523706030330612e-02 1.072315714578980783e-02 1.894705354128603525e-02 1.577369089567869781e-02 1.201889663011435246e-02 1.420804262436133579e-02 1.646389210308681766e-02
1.333333887538224079e-02 1.482084329412291200e-02 1.626545547127556876e-02 1.017849681240451734e-02 1.122081813663483238e-02 1.376352763371942525e-02 8.821487701554303618e-03 1.226335597965726339e-02 1.600416590195575042e-02 1.411084204995566825e-02
1.440136617712856060e-02 1.167383125149810789e-02 1.365508507122747094e-02 1.149317286736931121e-02 1.139613402497396608e-02 8.352714159462912291e-03 1.130055740358042356e-02 1.508480208569297834e-02 2.134882315364926633e-02 1.277414314800403086e-02
1.048508084712893550e-02 1.355836039613743035e-02 1.350666078792434922e-02 1.245099626691630566e-02 1.322677975314555388e-02 1.195968263416092095e-02 1.544135774559690297e-02 1.448903458201739741e-02 1.482405878910806468e-02 1.044958558633281298e-02
8.331686870661422772e-03 7.942152521450468808e-03 1.509529196438146384e-02 1.363411269860587485e-02 1.086572376942312318e-02 1.449773418036838513e-02 1.758913966075002083e-02 1.240860942545889828e-02 1.456037472140359057e-02 1.723662256528538453e-02
1.259213771605577001e-02 1.437785741421565566e-02 1.860065534264803214e-02 1.448051746271898123e-02 9.848063907912596449e-03 9.758789977910693747e-03 1.157648737957471356e-02 1.312394178443397272e-02 1.267131398797527106e-02 1.386980462020498232e-02
1.309503747385745015e-02 1.519591874603469853e-02 1.052842428420102186e-02 1.292386180979443466e-02 9.433118604151892461e-03 1.942224990116690406e-02 1.558731352357252756e-02 1.298365910830753117e-02 1.050550801077619091e-02 1.059760407130612772e-02
1.400407013475353166e-02 1.085071325004226261e-02 1.116211800046744591e-02 1.310349231327742614e-02 1.121747728078916623e-02 1.820325321534235069e-02 1.542287852500161260e-02 1.094816260387992610e-02 1.265728081881245873e-02 1.265573667491486781e-02
1.367718245753485502e-02 1.151977964337669649e-02 1.469661737576016813e-02 1.686844113939265505e-02 1.442056151975501174e-02 8.722786288317017564e-03 1.131044827468503759e-02 1.045134974845250177e-02 1.512970148443709695e-02 1.355932057113003186e-02
1.013256942306625316e-02 1.128907826330979337e-02 1.351920304766812339e-02 1.877763174584929501e-02 6.120541282703201302e-03 1.112785600771643013e-02 1.926004788652217747e-02 1.380069058545291619e-02 1.520162552059898219e-02 1.239594113870496651e-02
1.595306346923673624e-02 1.153573057206839191e-02 1.173958359575217984e-02 1.429429997564912562e-02 1.091252572394456680e-02 1.227545896883224658e-02 1.499211483448490215e-02 1.303489922806680759e-02 1.209891986989699957e-02 1.350899217877256017e-02
1.467734438125781367e-02 1.464347407340493672e-02 1.113482526740987993e-02 1.321742965432432318e-02 1.100212944030763695e-02 1.037712487970243389e-02 1.343719539330236190e-02 1.183213012793868542e-02 1.417574646395887254e-02 1.570353394978158540e-02
9.859496886426344364e-03 1.008869505514217724e-02 1.353571583409895161e-02 1.570317246515709475e-02 1.162026128759742309e-02 1.158005369991027891e-02 1.430205634308570097e-02 1.279207786496540725e-02 1.288088396332489997e-02 1.853295888875889502e-02
7.565383276846717603e-03 1.124859406671119277e-02 2.010911122171853832e-02 9.344147825735961074e-03 9.906248150376207456e-03 1.645478523875433877e-02 1.691379161408512743e-02 1.295727001337927328e-02 1.617949451715008230e-02 1.220542709919630528e-02
9.036261957597865879e-03 1.818878394912003954e-02 1.506557259667532650e-02 7.830355860245812732e-03 7.222418060099794479e-03 1.339839344153932223e-02 1.561192056881993695e-02 1.145123951673733195e-02 1.762798646932588545e-02 1.676771027918515927e-02
9.349634463115279528e-03 1.047753437177919439e-02 1.163990298598835578e-02 1.588434380277879004e-02 1.383745481289509575e-02 1.459810955317046924e-02 1.570336247998251750e-02 1.123216263243756105e-02 1.240351988068703892e-02 1.522658997134703797e-02
9.770390526922830346e-03 1.302900804501212761e-02 1.757756197731778769e-02 1.422466337462054489e-02 1.142462753964157939e-02 1.290923509722241222e-02 1.341742943419943317e-02 9.623282781991301937e-03 1.161602921859991588e-02 1.739929434657162127e-02
1.619566105617815596e-02 6.255167090262804888e-03 9.657970706292436092e-03 1.963449934366811797e-02 8.573601906127315680e-03 1.511875747445016668e-02 1.759508923686472007e-02 1.588053438298786535e-02 1.229649665344515266e-02 1.072078882422203630e-02
8.692722644229053733e-03 1.049131965550618995e-02 1.200589279861030527e-02 1.251044630836544228e-02 1.609060012226302613e-02 1.625905391055029042e-02 7.988090093156791083e-03 1.590595318455204771e-02 2.142147586733487638e-02 1.035179348816266109e-02
1.503535134180507445e-02 1.076625740322142630e-02 1.161185103611410072e-02 1.800721032117574144e-02 1.261947758932867661e-02 1.107775415838536774e-02 1.605054397147363809e-02 1.103184381791673038e-02 1.136408588692987796e-02 1.310730531113152991e-02
9.803112375130975872e-03 1.121355150556551696e-02 1.665691497690826445e-02 1.624612023279103229e-02 1.038976440634322221e-02 1.329130648596940287e-02 1.405690586810581788e-02 1.409837109744956594e-02 1.159055760816878750e-02 1.336531038914473210e-02
1.669970401187376163e-02 1.377877726287562651e-02 1.071288848884575234e-02 7.562991891755711620e-03 1.541147534325299807e-02 1.129879550161231282e-02 1.571143317627227837e-02 1.442756319426248025e-02 1.151433654897400169e-02 1.302189232505629457e-02
8.851996533435234349e-03 1.172142725743916501e-02 1.370957044003603964e-02 1.321916349827453353e-02 2.524034486492662474e-02 1.658901281359449753e-02 1.095360690953418523e-02 1.002139690133349928e-02 1.163047112049171196e-02 1.057277421162954728e-02
1.161983068723781293e-02 6.852827709923090503e-03 1.701574234700846400e-02 1.193378723289452784e-02 1.547069716146321806e-02 1.114550306018934241e-02 9.528470489571529839e-03 1.350700920026964846e-02 1.679556350421716401e-02 1.682623634214510180e-02
1.548578438169441983e-02 1.855278437549684120e-02 9.067593107730918464e-03 1.147213380791327689e-02 9.632801077401564188e-03 1.377503913207687308e-02 1.139947472912786544e-02 1.257447135657271953e-02 1.315624503653857469e-02 1.489643794472851265e-02
7.793117894117699597e-03 1.198319960101903482e-02 1.208329788800316558e-02 1.048279405159796562e-02 1.238470268988416112e-02 1.577809627345349783e-02 1.852232873280879044e-02 1.239838094649823620e-02 1.660056628187842401e-02 1.303390265640669461e-02
1.213196658570379720e-02 1.085056804342502193e-02 1.380727599616988870e-02 1.491722550119728777e-02 1.220145729654078387e-02 1.156860754212080296e-02 1.067164201141282930e-02 1.614499048761192102e-02 1.228425253103116593e-02 1.565885388686380150e-02
1.101892519126218203e-02 1.651225862492931851e-02 1.911209808144203118e-02 1.200425706536869391e-02 9.983068462639136526e-03 1.176887675436050738e-02 1.655959568617022815e-02 1.227160289753379679e-02 9.962754207821309521e-03 1.182199078865673464e-02
1.207347081333542960e-02 1.177436583801196382e-02 1.142442560312495296e-02 8.590530830528788839e-03 9.205744661682235125e-03 1.579033550267998354e-02 1.964078456846462400e-02 1.046768400379395440e-02 1.750512689079700146e-02 1.518475811295096067e-02
1.604766621754616027e-02 9.334892785314826205e-03 1.553510259823475716e-02 1.574813968428007485e-02 9.892652998030940920e-03 9.865832375212095495e-03 1.856710469834829680e-02 1.835110777246690833e-02 9.428648261913016859e-03 9.296611618309495381e-03
1.105853726336011693e-02 1.196208573056378559e-02 1.464909639712058328e-02 8.403871866016522640e-03 1.409934933256186927e-02 1.025066227171514237e-02 1.425456806936831189e-02 1.555433004748573052e-02 1.391604056608471834e-02 1.490969918129274666e-02
1.418009453651379592e-02 1.091405836719501303e-02 1.091888730476429578e-02 1.310719396147875561e-02 1.515841664664039669e-02 1.182756619405846490e-02 9.009851059037154650e-03 1.893365092497948515e-02 1.262476560166363344e-02 1.387280718004947101e-02
9.266641385691715485e-03 1.958789296663373050e-02 1.219481643868146163e-02 1.180036332968237289e-02 1.668333540675492194e-02 1.229111882641699752e-02 1.217721286323747432e-02 1.130774835811078870e-02 1.127843676569311240e-02 1.329572787186607090e-02
1.693177597187646433e-02 1.279611393196265073e-02 6.665477965286071942e-03 1.116223274440427890e-02 1.744055269063902319e-02 9.649554202516546358e-03 1.360213097329886212e-02 1.671406187623576331e-02 1.426263336225699896e-02 1.290514967705434606e-02
1.218079276550245414e-02 1.907486487707953440e-02 1.250621505066198090e-02 1.034148929652608032e-02 1.338312682034769815e-02 1.037612083895603568e-02 1.311470146459721951e-02 1.612347008144714156e-02 9.796613528929888626e-03 1.312446848357427462e-02
1.398229231250333431e-02 1.106872460046344833e-02 1.206225862833676214e-02 1.123224721330232448e-02 8.335076141818466983e-03 1.263441725078759750e-02 1.767233536296433996e-02 1.382639492078402248e-02 1.402577194079110585e-02 1.634975110380317009e-02
1.775320980553239322e-02 1.545754039496880644e-02 9.755250749081550293e-03 2.068580512226580667e-02 1.972295561035348685e-02 1.081564881838679298e-02 8.139184244755407610e-03 1.029775298508900545e-02 9.776690759405164827e-03 1.020838165289626384e-02
8.756412211519173580e-03 1.261441264545199586e-02 1.275884759585216646e-02 1.582112632004996355e-02 1.532425912007600449e-02 1.269044573695091507e-02 1.296082847613609472e-02 1.449012802569862174e-02 1.692797582807435003e-02 8.846047710228885363e-03
1.437017336600008438e-02 8.948151051576496220e-03 1.287981385212053770e-02 8.677725611857006749e-03 1.080657695209652838e-02 2.316612426406589736e-02 1.561557918796206701e-02 1.479156814431108885e-02 9.614901663029619405e-03 1.258252907141419602e-02
1.085306573461579382e-02 1.275186570045108714e-02 1.347909146329136741e-02 1.110997777138695783e-02 1.703426505517710576e-02 1.456559980996728274e-02 8.278570820842875294e-03 1.390293737032745509e-02 1.922192312843671799e-02 1.010926112546133189e-02
1.152914595646710970e-02 1.718199971729240938e-02 1.253700670461828023e-02 1.220768164050432640e-02 1.801840975077936835e-02 1.119618687676135135e-02 1.731776798854201688e-02 1.232950894771568315e-02 1.028080678168441162e-02 8.454191014565078099e-03
1.295117238245497779e-02 1.083613489358963011e-02 1.320958502899942030e-02 1.340876891225360398e-02 1.341340365027358927e-02 1.293731977975529079e-02 1.100179081310423412e-02 1.261519899730615887e-02 1.472319013689696136e-02 1.512237792349630655e-02
2.124829888164423558e-02 1.327347125458435383e-02 1.026762550731768683e-02 2.146659693932633992e-02 1.171007346931116078e-02 1.399675905227933288e-02 1.771886901378990145e-02 1.217034473807510585e-02 4.554299713594042731e-03 8.981301223653190280e-03
1.241767589505644517e-02 1.192166311385229119e-02 2.421924062459725538e-02 1.227724925829165245e-02 8.038017024205319772e-03 1.717389691609646010e-02 1.107626379460508771e-02 7.620432843156187130e-03 9.057063209392679157e-03 1.947709045619466783e-02
8.221072078520344148e-03 1.046590903231419886e-02 1.230749372461667317e-02 1.454886577659005378e-02 1.245730112554014300e-02 8.760272170386780577e-03 1.322373945540407728e-02 1.903289569018930955e-02 1.459836385970571075e-02 1.750598888867587605e-02
9.947259229840152081e-03 1.012349345838913124e-02 1.685483930799929614e-02 1.511335871114343962e-02 1.130861005143716375e-02 9.635196514521340849e-03 1.051100721705918936e-02 1.736123110204811082e-02 1.826946343370068615e-02 1.216511301073525293e-02
1.151072297610928816e-02 1.819004016364777349e-02 1.619934076171243922e-02 1.616800145835976116e-02 1.324299268325026917e-02 1.384869363434189718e-02 1.155268630577720688e-02 1.041020796646471500e-02 9.257889580720757988e-03 1.077294010802326042e-02
1.221165804755044819e-02 1.176674387530653523e-02 1.467916115700514980e-02 1.300141070739970449e-02 1.204167661184258123e-02 1.752229042388921132e-02 9.500092418140957534e-03 9.656743118335461840e-03 1.804657137118205468e-02 1.248676875861476181e-02
1.338823054625227528e-02 1.347705535231010984e-02 1.372126555990005499e-02 1.784655939027102525e-02 9.817056234284820063e-03 7.798678458253897362e-03 1.212432872540163999e-02 1.558740259823693762e-02 1.525936592626126256e-02 1.238086552426643366e-02
1.116543061531050790e-02 1.420932975808423919e-02 1.126150232248931439e-02 1.540035974124976878e-02 1.295546468114226052e-02 1.536365137837176695e-02 2.061632005745290402e-02 1.436849974698021885e-02 7.530529283764714199e-03 8.744984362020910562e-03
1.074950086068188898e-02 1.174777233946664064e-02 1.377416209870072072e-02 1.711397794650529325e-02 1.091324484630294689e-02 1.784144311504370570e-02 1.131309592060370482e-02 7.987418943707894417e-03 1.203402064019021625e-02 1.848245198941292702e-02
1.069276679633817013e-02 1.354742532481220847e-02 9.208615960214470292e-03 1.044086216097574182e-02 1.332875940900235708e-02 1.403184153105343016e-02 1.403719959948527239e-02 1.295943383450427408e-02 1.461725554750473513e-02 1.736449981466682557e-02
1.908008631500927865e-02 8.129499843338137272e-03 8.327498634165899499e-03 1.029433771461391207e-02 1.087023339351792482e-02 2.215262246446681599e-02 1.590336149771884311e-02 1.032366509526399558e-02 1.329286183082946382e-02 1.403672557704967010e-02
8.095384885852752871e-03 1.162542617899748297e-02 1.375146674171864002e-02 1.235913246315344799e-02 1.469529425830331734e-02 1.494571909956508848e-02 1.470492487807297313e-02 1.661536198175837462e-02 1.495677458005620700e-02 9.548263931385074510e-03
1.343295837066457894e-02 1.237388072171780908e-02 7.951940629996268051e-03 1.107577862044764778e-02 2.468514529343283220e-02 1.668565541309219302e-02 1.136389077760120020e-02 1.161847625097669687e-02 1.637500954910790785e-02 7.257526699180716183e-03
1.424104903657007030e-02 9.652043394327972092e-03 1.191703085464545023e-02 1.224561781351682366e-02 1.375181235815645456e-02 1.568343180826102523e-02 1.481204135616252630e-02 1.102969509816798324e-02 1.408426088359423720e-02 1.274308190558401041e-02
1.478288428249458636e-02 1.048634358090316972e-02 1.276497522088305969e-02 7.641491161850184552e-03 1.171840560332335947e-02 2.147554299166437239e-02 1.391927399308631394e-02 1.208685856827169600e-02 1.201065371479569967e-02 1.408571306528337216e-02
9.623195450584405911e-03 1.106546588582891719e-02 1.087571485583814154e-02 1.365126980891792977e-02 1.450591742201503068e-02 1.426971206568361863e-02 1.467763572431934373e-02 1.380840403185208329e-02 1.285579567673411985e-02 1.476592080860457054e-02
1.145928846069644430e-02 8.690583110985148144e-03 9.277282509848376602e-03 1.481315904675142847e-02 2.090178200774841025e-02 1.233374836478367924e-02 1.142611304073001821e-02 1.176407097342822144e-02 1.599874568543264292e-02 1.505975123412133659e-02
1.013117401807909004e-02 1.635206424583309295e-02 1.589601552017890981e-02 1.373784129206773522e-02 1.331523450315275775e-02 1.185245547987813335e-02 9.781091227544969416e-03 1.333365026057700686e-02 1.487807944242276054e-02 1.152724109134556363e-02
1.432505928414920353e-02 1.614866864331600607e-02 1.253115216316685182e-02 1.760356233526037123e-02 1.351771041926216194e-02 1.146508276213449584e-02 1.331021680247914535e-02 1.289111283700491647e-02 1.092429660902703367e-02 7.879200751351372878e-03
9.565465003702831870e-03 1.529040723219236668e-02 1.389041469647060018e-02 1.232811457636507659e-02 9.004252475775225556e-03 1.389113089406478381e-02 1.638776580159383156e-02 1.018789194277143831e-02 1.567553630798558528e-02 1.407123040850409568e-02
1.218373637715651492e-02 1.018994240211867040e-02 1.266365152562936441e-02 1.372146787746282917e-02 9.839508172236974964e-03 1.172538120340179540e-02 1.254735541266974348e-02 1.617873747283214356e-02 1.780157891861974123e-02 1.364663736332714580e-02
7.869872875710339291e-03 8.415719383030572862e-03 1.561966360934351726e-02 1.926943492899889018e-02 1.180445164885579080e-02 1.367811917374397827e-02 1.794564118873103256e-02 1.378286644447144528e-02 1.303597853776077009e-02 1.066808018125894181e-02
1.154785643601418353e-02 9.868642801032943487e-03 1.355202513790738569e-02 1.088733149648549517e-02 1.695883146242224693e-02 1.648762256700438134e-02 1.020810657938655240e-02 8.758062061019557948e-03 1.496052907374627837e-02 1.826325093418441209e-02
9.979665785179484341e-03 1.597538685428082084e-02 1.633211712195847820e-02 1.281559685177281749e-02 8.924418629249456295e-03 1.311892611161473432e-02 1.146145564973256870e-02 1.334021078537460381e-02 1.739294382826090876e-02 1.156419960324227975e-02
1.210600438657829375e-02 1.422827604231730395e-02 1.401871286332156442e-02 8.260955553268117466e-03 1.168335378004304974e-02 1.252896322517982330e-02 1.338674187919812811e-02 1.445648964189371645e-02 1.779366151982881422e-02 1.229408152685484978e-02
9.752759012910642775e-03 1.095312219673771556e-02 1.058903935667859959e-02 1.836095681430680721e-02 9.417622306280556965e-03 1.233875280020277354e-02 1.484394207529229036e-02 1.467494820668196857e-02 1.603552135620894131e-02 1.338299253191972335e-02
1.122068591667542588e-02 1.514556101304023739e-02 1.211514061937102142e-02 1.218206408888335146e-02 1.688935274871348341e-02 1.341043150976822113e-02 9.849046157637379034e-03 1.112664797160284845e-02 1.799021823606321291e-02 1.118375294740502589e-02
1.343065545207418679e-02 1.558170634737093135e-02 1.383798233345675741e-02 9.648980019960711613e-03 1.679671163424414221e-02 1.573225518740779122e-02 7.941186758626036374e-03 1.411687950336191003e-02 1.337956888860794731e-02 1.012134830778032776e-02
1.418354979828362512e-02 1.137093729232084571e-02 1.316701200678134856e-02 1.145921871130289177e-02 1.204374935053603365e-02 1.211765642371782220e-02 1.436989012534215480e-02 1.499747499565837021e-02 1.279678179835943078e-02 1.354048981939666961e-02
1.220438941482114917e-02 1.203499234207035598e-02 1.531906281483817051e-02 1.643395919102654673e-02 1.396210210081759093e-02 1.230769540626959480e-02 1.436071580668333778e-02 1.296560489107726963e-02 1.069370317553918967e-02 1.027589552068189187e-02
1.076131516954656128e-02 8.424965463377450531e-03 1.011534198032157383e-02 1.919152392240822819e-02 1.574594826816325469e-02 1.156892992868593407e-02 8.827122826422163088e-03 1.449109466107019462e-02 1.883691834413891986e-02 1.420867757474285863e-02
