-6.762360364565077830e+00
-7.068020272702613127e+00
-6.908775899248507102e+00
-6.910708169815741542e+00
-6.995287749658449350e+00
-7.000031537007209259e+00
-6.806724818756723749e+00
-6.854167131103484856e+00
-6.763896678167342635e+00
-6.975180746207238158e+00
-6.948753685383809220e+00
-7.052760543324167131e+00
-6.874630896936224644e+00
-6.905814164199648886e+00
-6.948678185516736328e+00
-7.047695285656059738e+00
-6.905922915383628791e+00
-6.890024728711183322e+00
-6.918276484699446449e+00
-6.937294104414213791e+00
-6.898994065955553978e+00
-7.082816142878350263e+00
-6.878718964645971212e+00
-7.211229668859054698e+00
-7.173583390730116527e+00
-6.812191313915334945e+00
-7.084654323740457116e+00
-6.893449041504217334e+00
-6.910229018408461599e+00
-7.109232560702385406e+00
-7.009620492217727872e+00
-6.926188107697273111e+00
-6.762068656793635668e+00
-6.974229370718575183e+00
-6.888107585139814582e+00
-6.958615387096169336e+00
-6.973067535243888670e+00
-6.749938681709943822e+00
-6.948039751077379478e+00
-6.932320377170658077e+00
-6.781625808880869855e+00
-7.034510723263190712e+00
-7.060019684949618402e+00
-6.940872292535717136e+00
-6.845503542102468586e+00
-6.767238701527396927e+00
-7.013825426263109009e+00
-6.846164852323572525e+00
-6.916704625419238361e+00
-7.034437482720383272e+00
-6.831457463254227314e+00
-6.822692175016118021e+00
-6.986047656450297794e+00
-6.745787005749571463e+00
-6.967138885204411380e+00
-7.084900106134468523e+00
-6.951199635616671202e+00
-6.875538302532625323e+00
-6.859339743047008220e+00
-7.058346743530675482e+00
-7.127969217471363805e+00
-6.917901635891774426e+00
-6.938159493851305371e+00
-7.252202157219162615e+00
-6.715271726534815855e+00
-6.980788102272152074e+00
-7.000113526603784386e+00
-7.020455133264586145e+00
-6.883714941884773175e+00
-6.943954437996181284e+00
-6.864716776755344085e+00
-7.007449580232742115e+00
-6.985577348126912334e+00
-6.942098085123968865e+00
-7.097988113969911694e+00
-6.857930742206708175e+00
-6.937314611114704377e+00
-6.677418280432096509e+00
-6.983815559037767073e+00
-7.044925891403559959e+00
-7.007675627835873833e+00
-6.896954314972724376e+00
-6.801036913689574526e+00
-6.952852304238912318e+00
-7.094961099820762840e+00
-6.988917546099804312e+00
-6.746854453736050417e+00
-7.092744911510376227e+00
-6.893184883434344989e+00
-6.969795043318852024e+00
-6.993909444410972398e+00
-6.911970251676194721e+00
-6.771560007607882348e+00
-7.217873523881632281e+00
-6.690407384001550994e+00
-6.906314016584889082e+00
-7.195355835435384151e+00
-7.209633769219332855e+00
-6.759736480997971420e+00
-6.849696909686534774e+00
