2.345312279337828914e-03 2.997490872914859109e-03 2.387648771316397498e-03 1.760259369448960920e-03 1.558919853232689553e-03 1.669149591324679306e-03 2.177953996618675440e-03 2.600670157527403253e-03 2.556634072098282542e-03 2.113029160513034063e-03 1.544518761109460328e-03 1.681736642603307453e-03
2.530953579492873241e-03 2.224021455225911725e-03 1.986325880029243211e-03 2.067380136837062253e-03 1.838474264340446331e-03 2.028046132528026676e-03 2.344035862737151640e-03 2.379895011579260481e-03 2.086288526892955859e-03 1.618101795978990013e-03 1.720791260279234524e-03 2.188600862392229857e-03
2.225547434658511903e-03 2.375931924576167760e-03 2.506547935354510020e-03 2.349685550749523906e-03 2.251347971041353126e-03 1.945556417158594755e-03 1.840457577898592465e-03 2.050207922455752479e-03 2.106981898738438663e-03 1.920628353932195796e-03 1.714149178763298533e-03 1.815159993245757993e-03
1.737683173455349976e-03 2.050142377813008766e-03 2.944549448229487679e-03 3.255488912016666139e-03 2.259329793654865377e-03 1.394131738127337089e-03 1.679331699845542682e-03 2.210690176804562708e-03 2.251734488858612038e-03 2.046168737104047189e-03 1.822126167915554592e-03 1.743753118144304249e-03
2.520846450430952717e-03 2.189784208437296244e-03 1.875052897131843522e-03 2.104693740252332884e-03 2.153287557654553867e-03 2.132045966367494653e-03 1.898323981964873501e-03 1.796914597125039668e-03 1.878060528349309154e-03 1.834559597651385559e-03 2.181706809590331243e-03 2.500563199898872980e-03
2.025224742733550392e-03 2.019980398066637158e-03 2.659638530306211029e-03 3.284159337793008879e-03 2.670550975843029480e-03 2.038679402182178458e-03 1.717110387525209829e-03 1.529234776264167288e-03 1.338818315200713486e-03 1.672167370123954716e-03 2.212956426832075191e-03 2.270887084901244968e-03
2.217243978218785307e-03 1.885904831744162572e-03 1.894561928683254981e-03 2.121839541349479497e-03 2.149015635760927190e-03 1.765929542306285665e-03 1.765476637629290278e-03 2.081277633814863741e-03 2.253019822600542572e-03 2.122667225719154262e-03 2.281726232085117163e-03 2.527549045309441557e-03
1.661502968257535162e-03 1.849865343253440011e-03 2.080861084753386422e-03 2.776327013572954701e-03 2.401216044298794955e-03 2.443785883648944349e-03 2.267687199085369719e-03 1.844461926385533752e-03 1.580870484039121129e-03 1.966259565535124088e-03 1.971183962462751908e-03 1.817038476476014880e-03
2.540898707985923995e-03 2.410141299586242725e-03 2.086548435705745490e-03 1.766649064588862597e-03 2.031692779473708976e-03 2.255624112417317553e-03 2.152008247405435074e-03 1.745907980654833047e-03 1.492635849833526436e-03 1.678503526876343362e-03 2.284621337923613271e-03 2.712959240249493940e-03
1.910938367403443219e-03 2.542208796799502474e-03 2.663400340733936954e-03 2.510713447223090079e-03 2.514873900561582273e-03 2.254641390801030796e-03 1.845766323019566810e-03 1.772199517312620385e-03 1.951724921258719218e-03 2.040454439613541889e-03 1.666050053873767076e-03 1.584770745676575276e-03
2.837811837539329536e-03 2.299825738262185892e-03 1.881234078252787354e-03 1.914412985571088167e-03 1.779430844942922734e-03 1.652978541230584915e-03 1.487596459896468448e-03 1.927564822436041245e-03 2.337459274082423922e-03 2.269284201584129482e-03 2.284823470168408609e-03 2.546011611167640735e-03
2.068571176365743575e-03 2.087224846821976194e-03 1.796942536591001390e-03 1.813582243020751307e-03 1.962268670331146145e-03 2.257007642713569542e-03 2.066987116517261282e-03 2.316908102847148668e-03 2.271806808750662272e-03 2.195008993670773297e-03 2.120863901742919225e-03 1.840159915731242202e-03
2.519822855933388089e-03 2.430932929781639065e-03 2.041468583375208659e-03 1.812589554591326072e-03 1.975727399675220909e-03 2.383383860647729502e-03 2.353575168002690430e-03 2.075955083339055696e-03 1.742268193963234955e-03 1.687665713492062175e-03 1.924964008766090863e-03 2.206874619597181449e-03
1.983233692720504700e-03 1.928007547364562558e-03 1.876633649004691515e-03 1.760773044676783089e-03 1.872657150275355972e-03 2.129305731140013289e-03 2.428208426737961216e-03 2.280535941604122131e-03 2.020332769731817898e-03 2.033186681816604238e-03 2.420926593466980314e-03 2.301640741158688004e-03
1.991263222013935942e-03 1.802391164321657602e-03 1.975936002309531224e-03 2.155757137465482472e-03 1.962176409613200501e-03 1.895379986864751797e-03 1.980504889604539024e-03 2.179160761068419522e-03 2.098726830516762978e-03 2.186201137847598383e-03 2.406109384348309281e-03 2.434759581681066910e-03
2.432225502077532860e-03 2.555895224572695811e-03 1.875283995923642975e-03 1.713964000908510792e-03 1.763016968993750318e-03 2.260671384382519425e-03 2.054126536001976613e-03 1.878311289195398011e-03 2.269740912800532768e-03 2.331558246220101233e-03 1.941406349843293778e-03 1.906671917188056380e-03
2.484539112808563290e-03 2.360588508262818387e-03 1.943601083094216283e-03 1.462702214552945041e-03 1.557177048157400026e-03 2.173251669693028205e-03 2.632250362982873834e-03 2.165181700621518664e-03 1.596439111433288873e-03 1.776103211421744058e-03 2.504087601481555861e-03 2.687822315067362258e-03
1.767164450385735755e-03 1.880652757145080158e-03 2.387249847365153013e-03 2.083168261179884836e-03 1.669672453322173502e-03 1.793613816110578097e-03 2.487131333659839839e-03 2.604976277734866522e-03 2.221278305979164022e-03 2.147507063984787409e-03 2.070835303094106274e-03 1.946650794385433158e-03
2.273040006812999426e-03 2.492673504706532581e-03 2.197576012079518505e-03 1.894307401819739830e-03 2.085015642155677983e-03 2.217532689796742219e-03 2.441238797351670022e-03 2.145619623324939926e-03 1.667327947795384192e-03 1.581532075719839329e-03 1.758788642606977674e-03 2.230080284663803116e-03
1.906950269703133662e-03 1.747082682363344493e-03 1.640681408807509066e-03 1.927120506251513415e-03 2.697088339084063608e-03 2.517189198589244413e-03 2.039201384316312315e-03 1.911292569617110406e-03 2.244213777885183461e-03 2.372303062287733216e-03 2.154723439389907153e-03 1.987155373211877633e-03
1.725351540116177446e-03 2.070081239590452170e-03 2.137747194941209614e-03 2.116201471035192034e-03 1.852071693259638770e-03 1.991987431323664903e-03 1.902245506991317742e-03 1.905180264388786930e-03 2.397410767290487216e-03 2.651147255303367388e-03 2.252446528126522945e-03 1.943303279810874732e-03
1.420113936370933239e-03 2.003918250580426566e-03 2.426548813921553145e-03 2.440473536918725921e-03 2.296695993157490782e-03 2.366276613589285774e-03 2.003411189839806716e-03 1.986245528474114928e-03 2.485159971040273603e-03 2.478847997850534141e-03 1.950565364566998576e-03 1.385197834406955760e-03
2.459036695176216453e-03 2.281722182338854002e-03 2.038402920540766366e-03 1.833480425796865610e-03 2.002001541666545599e-03 2.363135501080892206e-03 2.109739681277154714e-03 1.819221688279485695e-03 1.716947094005661029e-03 1.773130454613284883e-03 2.056390257736701727e-03 2.506025958745280481e-03
1.945643817476748775e-03 1.790958257798582875e-03 1.823238737173017536e-03 2.074240707797762439e-03 2.424854150112702375e-03 2.576010322207489094e-03 2.446315921315073832e-03 2.038013694454426233e-03 1.928496970484078329e-03 2.008831111774737888e-03 1.937771193601339412e-03 2.047803103677460664e-03
2.422819756311055117e-03 2.412526457013270016e-03 2.232906037132194668e-03 1.960045059884157198e-03 1.984753401835491222e-03 1.830255188582465432e-03 1.625043390635197427e-03 1.437730586111927349e-03 1.772979556819191064e-03 2.372572846102201198e-03 2.799741603146570137e-03 2.406472018404544159e-03
1.835884426624847512e-03 2.252733699042036315e-03 2.344316028612324684e-03 2.189422261572813652e-03 2.127185693697918305e-03 2.165732413650924351e-03 2.493597680897302691e-03 2.601783494775260566e-03 2.414785819622312750e-03 1.850074922141191260e-03 1.497188710447364774e-03 1.500383528573122653e-03
2.060355371741793423e-03 1.813001398182759617e-03 1.798222798435029175e-03 2.030772740400844066e-03 2.216747481561146677e-03 2.110634079099889954e-03 2.096174485602068233e-03 2.114113565040478745e-03 1.998531976923720310e-03 2.112541583590523027e-03 2.357787109891374723e-03 2.286137959300096976e-03
1.972325662106685484e-03 1.684995383894382324e-03 1.749621195162283501e-03 2.017976194478210330e-03 2.132677336045369406e-03 2.203274515191916329e-03 2.255929678176373399e-03 2.277626122589746990e-03 1.963656389387084464e-03 2.059429529945111439e-03 2.164099908970839193e-03 2.521696662410597214e-03
2.141563681751157671e-03 2.052355941558278024e-03 1.893735732603610928e-03 1.881674289169107776e-03 2.039593733255865449e-03 1.937982903728493935e-03 1.830741527269010450e-03 1.956932758478295998e-03 2.198544697161243424e-03 2.588575506159735730e-03 2.384300237564555489e-03 2.104243445990689691e-03
1.950686021330293087e-03 1.819547129088348219e-03 1.961662940525080862e-03 2.097608639978588724e-03 2.448627200331901770e-03 2.592171553292573101e-03 2.248215010319283211e-03 1.714490800859372679e-03 1.743651584222578226e-03 1.956169850209694971e-03 2.368654985244033912e-03 2.224447551302080432e-03
1.701813733971118629e-03 1.959764549896390266e-03 2.300762413033473775e-03 2.307333845175890165e-03 1.580109822189525561e-03 1.750375569619569372e-03 2.351105369860349847e-03 2.489135803520056006e-03 2.331175510028875904e-03 2.123618885916752578e-03 2.206806623282293357e-03 1.901924875875457815e-03
2.051986301515731220e-03 2.164043481832581689e-03 2.027399070576002549e-03 2.111381556057470316e-03 2.275174634036325645e-03 2.225383735409902294e-03 2.137722901257186822e-03 2.161270604006674395e-03 2.165735187279727979e-03 2.037467140252017736e-03 1.788399048079536641e-03 1.888539731905724238e-03
1.764689036307928293e-03 1.786071082568672789e-03 1.999223091085208879e-03 2.144856216573650179e-03 2.349410411464162782e-03 2.240069245861124776e-03 1.881262616032919419e-03 1.916687597382137715e-03 2.265350345729070115e-03 2.550458856053052469e-03 2.270151795819380213e-03 1.933256753545826382e-03
2.007769814274377486e-03 2.046755411078894811e-03 2.181272575633751327e-03 2.163825119106731719e-03 1.769689146191743461e-03 1.905769514159725946e-03 2.181642475883060518e-03 1.823247330467316334e-03 1.785465587964669108e-03 2.177771427190663273e-03 2.524429991743948158e-03 2.271699265560939412e-03
2.397509004915264301e-03 1.915277236195310007e-03 1.928649662811278680e-03 2.459961730067156994e-03 2.149107133666334438e-03 1.547459053281885575e-03 1.403123336318048975e-03 1.794449811356582224e-03 2.221002429370240450e-03 2.241195420912173684e-03 2.508474023467458999e-03 2.701364457323001886e-03
1.677754044541431792e-03 1.787118364203674030e-03 1.988095494011305440e-03 2.349896691391628600e-03 2.424116488440750117e-03 2.383834860462332068e-03 2.258262738666565878e-03 2.027406334452683256e-03 2.044826862445095830e-03 2.182593762367132997e-03 2.010831629513499304e-03 1.917368102988244909e-03
2.981350078112036603e-03 2.513651668916096552e-03 2.063695002863027896e-03 2.036238769477580288e-03 1.949716226200216319e-03 1.826608369371682510e-03 2.239373609557449452e-03 2.751635691308843609e-03 2.116071471873883468e-03 1.227365929395321130e-03 1.358152635014852391e-03 2.383747739427018609e-03
1.851491976983452286e-03 2.272302390354991302e-03 2.704087533232161535e-03 2.659520086758252778e-03 2.108081004066578602e-03 1.623550868913205139e-03 1.511813908136634991e-03 1.605403358156752124e-03 1.924587914855805434e-03 2.289313805608037163e-03 2.457624644649129917e-03 2.243277346364507940e-03
1.525718704184095276e-03 2.022884052903988449e-03 2.500299297605725751e-03 2.164728147509233439e-03 1.988753330455911121e-03 1.912557773705942689e-03 2.141659067164776963e-03 2.393757909281717024e-03 2.257011171591443051e-03 2.185682943131267951e-03 2.110342400800283881e-03 1.672153157639156510e-03
2.107992559343358895e-03 1.906341713365707416e-03 1.706314252768094224e-03 1.957739738370456797e-03 2.423312549745794409e-03 2.413745886527352523e-03 2.005557193909379698e-03 2.031702761147516356e-03 2.165298702107879177e-03 2.201621048449410242e-03 2.036271909363518602e-03 2.120125863109221728e-03
2.507657209001693931e-03 2.231696782502307335e-03 1.818697510626469255e-03 1.615983978361020977e-03 2.107941284388170893e-03 2.260721424818853097e-03 2.445824488190260874e-03 2.274260624966220438e-03 2.020397174782413968e-03 1.857625762425093663e-03 1.786208150606402416e-03 2.143153192512911500e-03
1.991006993287856505e-03 2.386072233759561553e-03 3.296156170943499112e-03 2.721825645796281667e-03 1.840571208281639596e-03 1.545967879275956820e-03 1.652176522574277245e-03 1.734787197134513362e-03 1.809985860941746129e-03 1.828591324874887479e-03 2.379791666150757844e-03 2.104040422591239509e-03
2.384161183600250981e-03 1.913057532921277329e-03 1.706811652640207420e-03 2.076232148108899181e-03 2.546497151093009195e-03 2.654150957001790399e-03 2.478346690341782631e-03 2.312971260856336569e-03 1.709694038074275387e-03 1.584437252929276436e-03 1.644922319561393457e-03 2.197784199971472476e-03
1.812063645161923709e-03 1.918113045883685676e-03 2.092720166660540140e-03 2.070252853519981978e-03 1.775352399694807206e-03 1.871075990731906709e-03 1.874518248186958329e-03 1.893673418034215331e-03 2.158199648060634204e-03 2.656460482586127988e-03 2.848452629436796536e-03 2.202447404914997971e-03
2.679370543639551707e-03 2.324348040515808109e-03 1.843885463976467675e-03 1.756155577365493868e-03 2.045952927471416261e-03 2.180221785204315178e-03 1.951647871504967081e-03 1.804025817977458236e-03 1.812626602809772709e-03 2.110610251404553602e-03 2.147110416570289365e-03 2.473765326473290407e-03
2.021023983968391405e-03 2.550038965703199396e-03 2.702278912204945059e-03 2.069204962344361153e-03 1.752896442000915784e-03 1.950840502533231083e-03 2.289730873047423655e-03 2.041802401567087422e-03 1.782400598128673717e-03 1.917596185836143493e-03 2.070445373413274011e-03 1.998281161140111860e-03
1.718263551017142326e-03 1.393321384883978303e-03 1.594181318138796193e-03 2.232899999927906963e-03 2.582793652155806682e-03 2.194772643172384925e-03 2.339523649091131141e-03 2.352097677835144826e-03 2.270140688323858767e-03 1.976369338025483428e-03 2.301026965645447571e-03 2.242125465249570834e-03
1.726516765276077088e-03 2.078050666684560979e-03 2.945734064932171818e-03 2.936899521420065738e-03 1.995032241818851283e-03 1.561999141667902999e-03 1.723088795482185121e-03 2.037110629623980519e-03 2.270502067231777200e-03 2.044162671058464848e-03 2.158370497076749286e-03 1.802135530992956917e-03
2.606232809211929662e-03 2.446609993135973396e-03 2.284937848226753932e-03 2.316736941894863115e-03 2.035631671070916270e-03 1.705887405852098354e-03 1.751655070749708575e-03 1.977416633700037393e-03 2.012243220826655937e-03 1.792386588348271340e-03 1.768982837101102734e-03 2.434327105633865822e-03
1.829280413313888291e-03 1.786315957355757728e-03 1.957172114035121268e-03 2.533687946680046599e-03 2.281349393429429884e-03 2.145644586191737882e-03 2.306518161155253661e-03 2.170438052417885798e-03 1.988827341324063934e-03 1.858824026558183844e-03 1.969243758808459071e-03 2.121936984032165262e-03
2.612208561585126470e-03 1.816064529943069508e-03 1.381716325889394961e-03 1.635844463385598569e-03 2.059018779936304475e-03 1.986013121538169300e-03 2.143589862433409841e-03 2.287074239125969077e-03 2.185056767083341615e-03 1.991562526978974020e-03 2.223819234693250654e-03 2.930862552923260353e-03
1.994880278853133383e-03 1.919781261027438124e-03 1.993833736137260067e-03 1.985599771776525718e-03 2.168803325865349425e-03 2.260266221914002290e-03 2.071349252157802124e-03 2.264724163366086795e-03 2.269903597988124060e-03 2.089809878574995939e-03 1.967477080155834255e-03 1.951912126697005626e-03
1.451645398117194698e-03 1.865999119387162612e-03 2.406117522982451767e-03 2.358348859242609917e-03 2.285447570990675227e-03 2.391561962555711733e-03 2.213204414646135869e-03 1.861276071528072777e-03 1.834722987900954403e-03 2.478015125974555085e-03 2.380221707417257658e-03 1.686807211381570470e-03
1.639592471787964427e-03 1.474705492561078930e-03 1.508265967158555669e-03 1.651677887714305109e-03 1.842474172971590805e-03 2.179424952505195929e-03 2.498724331180136610e-03 2.757894188784685251e-03 2.641500631907210336e-03 2.506880292544694591e-03 2.478065178438049708e-03 2.185034217866133315e-03
2.256114233189113454e-03 2.010624992402578002e-03 2.004514438204552714e-03 1.740202261080518471e-03 1.718435718903355176e-03 1.571786993504446393e-03 2.021192092510153832e-03 3.063104254322455110e-03 2.901092859467404445e-03 2.228284146449416043e-03 1.742635494964501651e-03 1.957897475047438995e-03
2.134453302027247961e-03 1.938866324332451114e-03 1.976586075258538779e-03 2.151336894171070740e-03 2.322841237028568182e-03 2.018409087653762809e-03 1.768014741531008299e-03 2.072926165746400221e-03 2.306690616892436135e-03 1.987173825427014564e-03 1.954269468065706651e-03 2.230132127736023703e-03
2.129456706992997623e-03 2.343179219490626117e-03 2.681351507827865049e-03 2.559973858189539073e-03 2.675598830979212910e-03 2.237874399865382065e-03 1.915774719604666949e-03 1.680554645138655507e-03 1.665152592644764465e-03 1.654991996743216797e-03 1.767756442173333640e-03 1.879733158057474846e-03
1.921675006836288122e-03 1.819341569967540539e-03 1.691101058500720520e-03 1.770502173145097839e-03 2.106365973261653361e-03 2.458602041630742526e-03 2.512345293596281431e-03 2.073625404004857294e-03 1.954965185852193359e-03 2.370022194923607911e-03 2.184526209120123564e-03 2.104959566207916053e-03
2.079024356470797388e-03 1.597575999165198879e-03 1.125855129831439261e-03 1.242506352555638755e-03 1.989019876633343897e-03 2.973072549585295023e-03 3.376128650375398443e-03 2.369240194393932263e-03 1.967527742635634576e-03 2.280607200235721266e-03 2.197638125758918492e-03 2.176145779548167760e-03
2.117046874793594800e-03 2.145978122167704547e-03 1.669130567618890698e-03 1.738968615792786578e-03 1.963311801844217028e-03 2.118054176503914206e-03 1.881481076845290066e-03 1.646744567627994420e-03 2.014061109768110550e-03 2.643297262012882926e-03 2.643883224120782346e-03 2.515093869361385327e-03
1.886848957602410125e-03 1.908691530288687431e-03 2.358801141939367157e-03 2.365104754304999789e-03 1.871561531420425561e-03 1.580496810754873855e-03 1.868076691300622847e-03 2.592691058686123068e-03 2.636452980457521661e-03 2.089942672513082998e-03 1.898549126248299168e-03 2.065640914622495893e-03
2.527755241490014203e-03 2.583772741720332528e-03 2.358883479770099070e-03 2.195076308118210431e-03 1.925552701219491623e-03 1.749716631875926701e-03 1.688611938301924457e-03 1.864269936528564547e-03 2.000104493179830252e-03 1.959857565810965100e-03 2.057693558114205221e-03 2.230777134617472311e-03
1.840613604360013481e-03 2.109512394356663663e-03 1.797334553168180356e-03 1.759268914946794139e-03 2.155322478471048686e-03 2.177543573046212145e-03 2.182595996518825205e-03 2.328512613950981663e-03 2.644079018365161522e-03 2.576598723194927811e-03 1.836651179630709955e-03 1.611398385784684794e-03
1.935782695033323687e-03 2.014111561230499427e-03 2.058037635838619577e-03 1.850853204314687091e-03 1.744692527250168382e-03 1.944485183372814032e-03 1.975409725098749725e-03 2.073455558784578594e-03 2.097147455289184986e-03 2.467556502619800037e-03 2.671379905562565240e-03 2.238368333958693293e-03
2.172620989591227646e-03 1.915225198507274204e-03 1.774798913361340944e-03 1.994602958438940459e-03 2.212016861034763263e-03 2.498164540331379233e-03 2.383734577330306591e-03 2.325729123943927942e-03 1.784414340254517495e-03 1.611647895738217446e-03 1.939260475417551840e-03 2.421522846144809338e-03
1.642802105922269284e-03 1.768212333479811382e-03 1.682536442077015070e-03 1.758639421442542098e-03 1.978456008321180515e-03 2.188564662403745184e-03 2.144122620427201410e-03 2.003703861192887743e-03 2.338809541418905222e-03 2.960450843849372644e-03 2.833438976752790384e-03 1.878214042209274499e-03
1.635458748793141648e-03 1.708090382249940684e-03 2.275804236257574463e-03 3.142558083807851007e-03 2.736176861216150363e-03 2.186755124146037930e-03 2.158237391913709301e-03 1.979680088557014307e-03 1.673510246559258919e-03 1.775995094987623067e-03 2.024352888009939549e-03 1.948888853338341795e-03
2.285886892928868427e-03 2.167224766037089377e-03 2.368822483056662841e-03 2.429895464595912581e-03 2.200825338010539700e-03 1.921428176991354497e-03 1.770325748560255775e-03 1.451669095267946793e-03 1.373923453434503471e-03 1.835948046903603838e-03 2.775329760384354430e-03 2.717906782130191743e-03
1.810248239423877187e-03 1.838796883708781462e-03 2.060132619826098976e-03 1.793919675275768401e-03 1.993042349261323412e-03 1.912521964795798951e-03 2.026256007121478037e-03 2.114079642498008834e-03 2.407640749464575423e-03 2.649506600284244444e-03 2.441332085480388877e-03 1.969314056187255156e-03
2.362831141964504087e-03 2.279864710213346836e-03 2.228280235575018711e-03 1.877567766759385059e-03 1.695082807153510361e-03 1.516414080562026884e-03 2.002642510841757140e-03 2.739704109151444751e-03 2.471873633841591925e-03 1.997511252877699241e-03 1.855934089388235368e-03 2.122008616469275681e-03
1.562390169064987143e-03 1.840696380458721991e-03 2.025002158991897477e-03 2.249831354760138680e-03 2.389214680968809734e-03 2.422423323906579447e-03 2.354779233410739074e-03 2.315045349725415244e-03 2.347906922858909382e-03 2.306939994981522992e-03 1.836254700772321519e-03 1.533122674199308404e-03
1.693710015244332887e-03 2.077377380846852362e-03 2.511576762128031430e-03 2.051953842293533121e-03 1.709974420629364845e-03 1.734634684244360046e-03 2.037577038855420235e-03 2.053862170334645743e-03 2.062141578969415353e-03 2.538934050277743409e-03 2.600371993971951380e-03 2.085236091823293621e-03
1.972845460552319786e-03 1.965777220130036744e-03 1.950311799955125941e-03 2.158145800445793183e-03 2.298866017884039405e-03 2.195080068197909854e-03 2.078032381774469733e-03 2.110764779987929496e-03 2.140792461352433122e-03 2.227420662685209579e-03 1.985639700792734587e-03 1.889802849265883418e-03
2.017275349863777503e-03 1.768365458127912383e-03 1.551263438238425791e-03 1.414328148830848106e-03 1.838251043616144498e-03 2.641792647632076017e-03 2.658963335921312766e-03 2.228052338736050825e-03 1.967764291313440269e-03 2.349633328026191122e-03 2.607770002148771318e-03 2.245653170652667143e-03
2.412366666782783491e-03 2.229663882088461953e-03 1.935586600018893502e-03 1.763167025817671298e-03 1.888149965905112828e-03 1.956080170232623369e-03 1.752032238316542870e-03 1.787619059911502032e-03 2.026273736354056599e-03 2.450334369762846402e-03 2.565041557628372840e-03 2.372195548656853576e-03
1.424409664831567147e-03 1.693999694493411850e-03 2.420414433647518574e-03 2.765737860087289467e-03 2.321965657374831706e-03 2.274064883322938352e-03 2.568755567105596681e-03 2.443578990106657321e-03 2.149531345381081038e-03 1.909601775916873641e-03 1.812076727210930284e-03 1.546558442031020688e-03
1.998708939565269418e-03 2.053213579407727005e-03 2.479562242303791006e-03 2.268703247299930920e-03 1.740119929340991356e-03 1.656727330717823552e-03 2.086922403235867609e-03 2.347849860513552718e-03 2.018338023639064394e-03 2.079704519699702905e-03 2.189598419131081469e-03 2.117802330682755710e-03
1.803686034269237496e-03 1.963834079427527295e-03 2.094656191040690941e-03 2.383319689859299088e-03 2.478523833090312718e-03 2.175792395993653410e-03 2.147142160234626236e-03 2.214933222472847095e-03 2.162253552113956815e-03 1.839832032063621736e-03 1.863217639561463379e-03 1.862466687123819770e-03
2.103378671089867202e-03 2.096623169188928642e-03 2.159203789240567162e-03 1.848986879939628920e-03 1.653601058020908593e-03 1.857781151720420054e-03 2.161625609908218899e-03 2.510230148007296970e-03 2.030377940420272781e-03 2.053594877463247627e-03 2.240716618506786821e-03 2.277616241095876005e-03
2.263968861205656585e-03 2.096116952154565560e-03 1.994464253396038573e-03 2.010713273782105404e-03 1.980791013214308095e-03 2.156155281924180059e-03 2.310436291881426928e-03 2.022192184860462788e-03 1.768179973750262429e-03 1.844586273178893190e-03 2.273878776485488765e-03 2.251857782197960820e-03
2.224408582763323910e-03 2.329735370664197999e-03 2.200433363780537714e-03 2.049869556396465529e-03 2.288389658486420387e-03 2.230060189182045318e-03 1.880487544944753949e-03 2.019918960962493060e-03 2.038707166451936715e-03 1.933903018980860124e-03 1.859481488806801527e-03 1.871732917540030582e-03
2.186902733443042528e-03 1.860837306219596289e-03 1.842211357704969660e-03 1.990678519369558711e-03 2.228798909211604160e-03 2.314662273641787931e-03 2.167401152400527317e-03 1.998788291751344478e-03 1.858753001573057104e-03 1.937087293861368929e-03 2.277007564301437338e-03 2.424826992683032714e-03
2.083807649242477942e-03 2.127496035754398128e-03 2.220901983474577335e-03 2.080220681901005092e-03 1.892574227089365273e-03 1.728775829367940097e-03 1.632429506139012774e-03 1.632048186327312396e-03 2.026423204272894893e-03 2.785306568876200033e-03 2.728050447068740194e-03 2.268792787263348640e-03
1.523157964483497001e-03 2.128669286314373819e-03 2.678685083607064941e-03 2.423546700028179034e-03 2.067131321836562438e-03 1.989391153210642166e-03 1.912467429784204479e-03 2.046733299678188747e-03 2.286954007206826612e-03 2.533792116486157948e-03 2.113204853633863720e-03 1.540292302522300360e-03
2.052726304975477974e-03 2.431056859605482297e-03 2.505440876221528331e-03 2.011978070006804377e-03 1.990969165822063965e-03 1.997074959722904171e-03 2.009165315679706590e-03 1.752369530630168860e-03 1.830380871236334320e-03 2.169816464198613334e-03 2.199523029671063886e-03 2.087102693118277584e-03
2.115236626270130312e-03 2.197935100629472456e-03 2.041552512380558852e-03 1.740648925122817567e-03 1.509399672228916439e-03 2.011752253859872691e-03 2.639213272791038518e-03 2.906140891260010871e-03 2.321326731670418989e-03 1.905431168202592444e-03 1.922166960765733573e-03 1.920759577327682804e-03
1.888096907663444103e-03 1.811495049743591830e-03 1.890026421086404406e-03 1.884106726864365547e-03 1.753694085979158124e-03 1.786045139973640745e-03 1.785429000035822092e-03 1.917512453371972032e-03 2.226159935435535579e-03 2.832902010856522268e-03 3.027332479287155736e-03 2.509481645019154012e-03
1.811989927616851782e-03 1.884559883657146865e-03 1.903079600077493350e-03 2.063125052851392822e-03 2.472975750295953925e-03 2.501436729521007950e-03 1.866831041456072302e-03 1.534040650417657636e-03 1.854495056385284521e-03 2.408486759684437799e-03 2.420089615251356206e-03 2.297764077594146703e-03
2.403259507141804283e-03 2.359481212235174825e-03 2.006617610516258678e-03 1.770579851793199983e-03 1.936943662394009433e-03 1.999772773960910473e-03 1.877065518244542142e-03 1.751469548406671493e-03 2.003734775895088700e-03 2.116373805974671070e-03 2.291974787645435861e-03 2.467669793179261446e-03
2.235282557303154907e-03 2.689881097792968037e-03 2.623825940520219200e-03 2.170863353684253198e-03 1.837186593456037334e-03 1.924201537424227899e-03 1.782819129410377103e-03 1.726180793112217730e-03 1.904365793347033344e-03 2.142217109799901022e-03 2.151442263784726205e-03 1.959051623438345067e-03
1.769760079501194903e-03 2.178184008368368174e-03 2.476702828172160087e-03 2.112717224169838141e-03 1.896124235469694424e-03 1.993908012111253805e-03 2.116154945964921277e-03 2.084355095568202199e-03 2.207427224698862468e-03 2.336736137751837996e-03 2.098015671189971173e-03 1.800157174715082175e-03
1.877548651723040920e-03 2.004058274672670861e-03 2.482796023451708679e-03 2.510443747866976903e-03 2.007985379329487851e-03 1.579271758251284824e-03 1.811580368133543315e-03 1.903426221545988098e-03 2.125511996895015389e-03 2.429712765491380457e-03 2.168589012948778181e-03 2.004297093496009048e-03
2.212734157324773056e-03 2.308600462916305610e-03 2.094001163328512889e-03 1.963478148762075413e-03 1.761158285524624207e-03 1.652979182493463433e-03 1.796063865106319784e-03 1.903520766019039124e-03 1.960456234956724393e-03 2.464386165798817651e-03 2.378910925436564325e-03 2.477351147086454160e-03
1.597043004840785789e-03 2.245569828026819197e-03 2.701419284354780650e-03 2.195035089526720801e-03 2.007759700799781940e-03 1.998650539342754304e-03 2.177511170828261289e-03 2.163709381556707442e-03 2.059771703876919595e-03 2.126188275419669052e-03 2.066744105168983464e-03 1.637306975842470896e-03
2.413033834276316625e-03 2.215621618035819220e-03 2.170921605759016000e-03 1.994691894224066148e-03 1.829343980384411225e-03 1.766433389643839742e-03 1.919461018588895524e-03 2.055910036671350187e-03 2.060130501963491467e-03 1.871471088350178287e-03 2.198933205160324630e-03 2.540318457263909639e-03
2.544135438090865120e-03 2.335000368292503535e-03 1.895041172502822877e-03 2.104474977832554352e-03 2.642427501925458371e-03 2.314521701726682777e-03 1.751367717531593371e-03 1.783220806122864065e-03 2.143193669033677251e-03 2.043671561072398120e-03 1.692584758609202381e-03 1.915169873081603094e-03
2.684557810687329942e-03 3.307254644496811311e-03 2.504689570186135767e-03 1.809622386768017666e-03 1.752082952976131459e-03 1.776229976459085943e-03 1.905347169124359426e-03 1.966991846385206244e-03 1.994681716713427640e-03 1.863217767080859680e-03 1.743445284366176590e-03 1.997167516632347359e-03
2.022730729633078709e-03 2.240290625886143510e-03 2.117417248307745369e-03 2.226708158015552018e-03 1.966794683491043718e-03 1.540024228954022922e-03 1.670692989477308996e-03 2.545002495976736012e-03 2.972509373970963920e-03 2.440069467706669840e-03 1.765118288236483274e-03 1.606872322143181563e-03
1.752596489319146978e-03 2.019628837101388949e-03 2.103829267305628789e-03 2.089677406462521481e-03 2.109513866334617252e-03 2.211206866621855723e-03 1.858197630780840121e-03 1.889996806618343857e-03 2.420420623084570868e-03 2.850269251950767867e-03 2.167157019746047963e-03 1.672819377786687219e-03
1.805537726242721413e-03 1.469022312024171857e-03 1.314884832438051971e-03 1.672408471259060215e-03 2.165799758944714735e-03 2.260815435983286586e-03 2.485397027245801402e-03 2.559969305997223266e-03 2.687064513764986576e-03 2.469132618666225205e-03 2.318378035714209646e-03 2.083420125669855922e-03
