1.709195008917341885e-01 1.972595048939343454e-01 1.654082637580127635e-01 1.584487499037294800e-01 1.574280983872484163e-01 1.486252634937607897e-01 1.742119893325785041e-01 1.786330199323202250e-01 1.719295900453608195e-01 1.775208833421243471e-01 1.463348817049474893e-01 1.532802543142459395e-01
1.875617180864241340e-01 1.625197652808561544e-01 1.578027359036758281e-01 1.846003131564943056e-01 1.477590988840656872e-01 1.670577990547816305e-01 1.785267066385265999e-01 1.666233250719545977e-01 1.744067159544936962e-01 1.516484494690749640e-01 1.527122532862883186e-01 1.687811192133637506e-01
1.764527095957708347e-01 1.678599181197022727e-01 1.818464297631640636e-01 1.669761798875594172e-01 1.761808043310083005e-01 1.631462078946249450e-01 1.552485232978705609e-01 1.690350113598746984e-01 1.678971646877617241e-01 1.634695038528426181e-01 1.544900977686509691e-01 1.573974494411682357e-01
1.596979604302079525e-01 1.637779821617496301e-01 1.814311458812513655e-01 1.965592622514429344e-01 1.796805906537026487e-01 1.285283159840131528e-01 1.631534610714883149e-01 1.795764042077050426e-01 1.616936861094065425e-01 1.673561462977576075e-01 1.616471149828089815e-01 1.568979299684667983e-01
1.769746214573422460e-01 1.730456993886804740e-01 1.528541607976264816e-01 1.749062107175413661e-01 1.642416341430069093e-01 1.717513396171588547e-01 1.593919261987704061e-01 1.560305844884962434e-01 1.706155315989043297e-01 1.520940704032910651e-01 1.723691066603533217e-01 1.757251145288279137e-01
1.677723980139203541e-01 1.637684071018746801e-01 1.736054873813471233e-01 2.036811547033568481e-01 1.757170920714058726e-01 1.594145404676850231e-01 1.611227302316920462e-01 1.616773293894813723e-01 1.324347471746807059e-01 1.566826278676830553e-01 1.784225664404943124e-01 1.657009191563794115e-01
1.657267376285615212e-01 1.621982255104579274e-01 1.607679048826540780e-01 1.645879412993503099e-01 1.782207171976454840e-01 1.528133628137770539e-01 1.533780192448994384e-01 1.711174135157664811e-01 1.763244387396511181e-01 1.600081000644054674e-01 1.705425196885985151e-01 1.843146194142318284e-01
1.631416806693689880e-01 1.674157806804503212e-01 1.454938122943065792e-01 2.158702183007676079e-01 1.570905578873963426e-01 1.723313209152392833e-01 1.867515060492065115e-01 1.579685617625569416e-01 1.359171232093862869e-01 1.869957831266103876e-01 1.593885847125595112e-01 1.516350703921532650e-01
1.649546507570986975e-01 1.813464427283552061e-01 1.735964602322245531e-01 1.450824234780448141e-01 1.738882909158851464e-01 1.713752369374248463e-01 1.644710141238977519e-01 1.619444359730544125e-01 1.507355645176930992e-01 1.484191427025204901e-01 1.761794356714659338e-01 1.880069019623341608e-01
1.594478754197330983e-01 1.835826794666321482e-01 1.791515474816884890e-01 1.712981208998830829e-01 1.802861632842912565e-01 1.731649290799895102e-01 1.580353025144202173e-01 1.569628081825324428e-01 1.612555381558989920e-01 1.741405630176479646e-01 1.509826988945262849e-01 1.516917736027574570e-01
1.928746104483817225e-01 1.698114238054494463e-01 1.543451461670066194e-01 1.687161110665658381e-01 1.568622345566548781e-01 1.623541448483617478e-01 1.383008405259842921e-01 1.675518233860828488e-01 1.780772625636223572e-01 1.661735556154834703e-01 1.736623029200003998e-01 1.712705440964069625e-01
1.686091729582171461e-01 1.786452350450820903e-01 1.503086599525765843e-01 1.584440737549818734e-01 1.647512934220763947e-01 1.812346835175774329e-01 1.497625775790880631e-01 1.884213084390099491e-01 1.661028492960453518e-01 1.629425375523235742e-01 1.853677568408328424e-01 1.454098516421923337e-01
1.767760749869374259e-01 1.770466709558528584e-01 1.658952767212391599e-01 1.568057248062622033e-01 1.625578679534648852e-01 1.791269287270867983e-01 1.683452275318648161e-01 1.699344162625201493e-01 1.564955451659598151e-01 1.531611311191957148e-01 1.676724299020147801e-01 1.661827058676010604e-01
1.552201657298630799e-01 1.686826562971548704e-01 1.647060051559401939e-01 1.518228854736291267e-01 1.654845546793435040e-01 1.656481692404095651e-01 1.745464687336854559e-01 1.746459922887883820e-01 1.654334010606268723e-01 1.558534650266211186e-01 1.858019868103785444e-01 1.721542495035595088e-01
1.615419883646857513e-01 1.554885029820538833e-01 1.650961000972695492e-01 1.739478381778088723e-01 1.588642672072174689e-01 1.627425656765037476e-01 1.617373091152702891e-01 1.741601384497759031e-01 1.645749009669406071e-01 1.681587695514555891e-01 1.722049059804655613e-01 1.814827134305531109e-01
1.808009106416762768e-01 1.825771227703615884e-01 1.519794183327807247e-01 1.674584115469562873e-01 1.431780496174219486e-01 1.868865228200405348e-01 1.680134084606522415e-01 1.468148988403550348e-01 1.788719470780473775e-01 1.803713943973374867e-01 1.566169616690942235e-01 1.564309538252747489e-01
1.670325974237316657e-01 1.800965396952982633e-01 1.683130572562814287e-01 1.415764814314496578e-01 1.529454139838208326e-01 1.686472861073377572e-01 1.803295179235915868e-01 1.741668464943312289e-01 1.468460395018715836e-01 1.521141128171531465e-01 1.891097524312199685e-01 1.788223549339124085e-01
1.607717129276407253e-01 1.471884946461319843e-01 1.879787150418999464e-01 1.693142655163648036e-01 1.476717345638138834e-01 1.539951810049305370e-01 1.878843371996998801e-01 1.761411153405095242e-01 1.640379653087475076e-01 1.752014164533861051e-01 1.605849133330275735e-01 1.692301486638461971e-01
1.545683886364460358e-01 1.893327958268921363e-01 1.709216136762187199e-01 1.499499750894617567e-01 1.812121762657058488e-01 1.618354080466797296e-01 1.750821364839380556e-01 1.754843023226760335e-01 1.510018465931784459e-01 1.502527076216369495e-01 1.578733171256758161e-01 1.824853323114893067e-01
1.625972494651426736e-01 1.642033998187471810e-01 1.519438803609342581e-01 1.522165512660306197e-01 1.958301139259470136e-01 1.722048345639597688e-01 1.631653805959354941e-01 1.612520346947752536e-01 1.726060516893531127e-01 1.747145263737295562e-01 1.678764834803132544e-01 1.613894937651335904e-01
1.478892277700686875e-01 1.702248087990116399e-01 1.679415238299118429e-01 1.743096511300550322e-01 1.460833879489686626e-01 1.774422994220760663e-01 1.650007293419026855e-01 1.493309738378879037e-01 1.824846808729641834e-01 1.835267030377586428e-01 1.611494633134827326e-01 1.746165506959109215e-01
1.410115312589550474e-01 1.700553298815349335e-01 1.780763826499405234e-01 1.730594770743987543e-01 1.631524988603103299e-01 1.888079388875368303e-01 1.586958674425401061e-01 1.574228813682847505e-01 1.857045349525520972e-01 1.705154958364173134e-01 1.683263410419586492e-01 1.451717207455716085e-01
1.678810026223676033e-01 1.684862123625021635e-01 1.771423360665650981e-01 1.530220616694397129e-01 1.577773171355045800e-01 1.898888649760112624e-01 1.593990957209756032e-01 1.550213951308926641e-01 1.675100681105801126e-01 1.548209272415378146e-01 1.587808392836945470e-01 1.902698796799282555e-01
1.677891331036569789e-01 1.541462048529838591e-01 1.592443969258606484e-01 1.702730794944258830e-01 1.725820605548272768e-01 1.751765385246179807e-01 1.838609527026209001e-01 1.579050168698564183e-01 1.617094566682777124e-01 1.753373901456403150e-01 1.523195635130987768e-01 1.696562066441332506e-01
1.781799096859809917e-01 1.768287022575122380e-01 1.708074609411410483e-01 1.579548688093228292e-01 1.693749859398444302e-01 1.575434479391583653e-01 1.587932890520671880e-01 1.445381637305243050e-01 1.580150097974554746e-01 1.709168275484813093e-01 1.942348124461997227e-01 1.628125218523131523e-01
1.605554863002032207e-01 1.730039315637931785e-01 1.716521693596473608e-01 1.679513958510569227e-01 1.707421479648364160e-01 1.643004829393355237e-01 1.805088499740625518e-01 1.748008372091513496e-01 1.776413140257104284e-01 1.602220075477898131e-01 1.494761687985873833e-01 1.491452084658270172e-01
1.678785695297188019e-01 1.629331563115527515e-01 1.536839349089269002e-01 1.655611806024273047e-01 1.779117392899825789e-01 1.600017657356897216e-01 1.657612488064878764e-01 1.765224753658102552e-01 1.578084254900463113e-01 1.656315917324172049e-01 1.806253448944922790e-01 1.656805673324499850e-01
1.571991605428092187e-01 1.516086222236033287e-01 1.607284404322314453e-01 1.682921519008784283e-01 1.647027491377035247e-01 1.703699249242424107e-01 1.689756317314787537e-01 1.763133422661271044e-01 1.581579042626318210e-01 1.738289525546286296e-01 1.545935356556202844e-01 1.952295843680449672e-01
1.742262675374049996e-01 1.694640672300603834e-01 1.565141321010016795e-01 1.590655796536888378e-01 1.741464838841224605e-01 1.579710748411281840e-01 1.588418759718625561e-01 1.701334500281789230e-01 1.594466272647385441e-01 1.868756488626953927e-01 1.754666640185485738e-01 1.578481286065693545e-01
1.613160134322393913e-01 1.568988713191275253e-01 1.709095052519251090e-01 1.621576225829959861e-01 1.739463489694965947e-01 1.813597480838532450e-01 1.735625646444973469e-01 1.490721149369936827e-01 1.652095429400689264e-01 1.565785936063134320e-01 1.788977723110708462e-01 1.700913019214188027e-01
1.561011317338248938e-01 1.612359246563140336e-01 1.660695862066450812e-01 1.951916207611627541e-01 1.345453475819542444e-01 1.571665074844755539e-01 1.859642868531009574e-01 1.688621515987193678e-01 1.750994813905838443e-01 1.630852705464104213e-01 1.753732988088987643e-01 1.613053923779112497e-01
1.648779110691823147e-01 1.739857900575914329e-01 1.599500608102791543e-01 1.669518162541643869e-01 1.753869595714711294e-01 1.680073644327769733e-01 1.674495599993499340e-01 1.689257943660975592e-01 1.674521141058974427e-01 1.701927723536042492e-01 1.541049373967282587e-01 1.627149195828585526e-01
1.576827737363959425e-01 1.560928143952501346e-01 1.713901271666367632e-01 1.619254348715678249e-01 1.731696977531462234e-01 1.774838439499681342e-01 1.557207774175298765e-01 1.614367679724951765e-01 1.723768696523014232e-01 1.802152898787248714e-01 1.674712044037542369e-01 1.650343988022290320e-01
1.707187095580469938e-01 1.624328344187451201e-01 1.633536202566763240e-01 1.881582563545288744e-01 1.446944166027279988e-01 1.552736819627276443e-01 1.927827029589731511e-01 1.492481317793002971e-01 1.522673476700169282e-01 1.773956643364626440e-01 1.782502755833915709e-01 1.654243585184023702e-01
1.777892978742585117e-01 1.629536713307628004e-01 1.506602816640212894e-01 1.874424736704979333e-01 1.711332715258999104e-01 1.456833446226424300e-01 1.425160118997738090e-01 1.646799317288263065e-01 1.754346877703708563e-01 1.622402784845977664e-01 1.796917170038003497e-01 1.797750324245466769e-01
1.529158947418461367e-01 1.601249562532228443e-01 1.604259564665186100e-01 1.796947097105025815e-01 1.704614564481516381e-01 1.720540338358395871e-01 1.780136021682781067e-01 1.592923838714603579e-01 1.643414615278595559e-01 1.774473963184673708e-01 1.559802220336155010e-01 1.692479266242375990e-01
1.832936622917558656e-01 1.741555245065536384e-01 1.656888097445057828e-01 1.645711794661714189e-01 1.706223456877294653e-01 1.577638681574080048e-01 1.599954697880462962e-01 1.897245155132467054e-01 1.804891749027939252e-01 1.252630296779083663e-01 1.405820852720740810e-01 1.878503349918087262e-01
1.461707862334133412e-01 1.796900620152269701e-01 1.808751087285224990e-01 1.770822961515096106e-01 1.703987990022247656e-01 1.520531583656389019e-01 1.502548345446250155e-01 1.546125247844528650e-01 1.652635715018807294e-01 1.665176322074113369e-01 1.765507855304597751e-01 1.805304409346338013e-01
1.360578758366314533e-01 1.738432007159002035e-01 1.875733728964633640e-01 1.523494856080150062e-01 1.762555795405563730e-01 1.611987969679486432e-01 1.595506300520093679e-01 1.880200327452763998e-01 1.665338308761520614e-01 1.586528148152395179e-01 1.840939748012872523e-01 1.558704051445203576e-01
1.674734208704826144e-01 1.659478922972807968e-01 1.526316753802962056e-01 1.602189610394468833e-01 1.791166252796144165e-01 1.783617423730400053e-01 1.565797178344697227e-01 1.686256100862735807e-01 1.689023688772134657e-01 1.723483909557216309e-01 1.608371028664204172e-01 1.689564921397405106e-01
1.809267771481747888e-01 1.702332168870094309e-01 1.611343114165469936e-01 1.430611826282012777e-01 1.839418331215739721e-01 1.607615122003514252e-01 1.789499442953633446e-01 1.725373016585828034e-01 1.609961263790017361e-01 1.667591701604586585e-01 1.551120242014644157e-01 1.655865999032727354e-01
1.615609496486919983e-01 1.664115134668915919e-01 2.058288997468255555e-01 1.758297363529053581e-01 1.579900923703174698e-01 1.524807522066112253e-01 1.546185388984176734e-01 1.599369065918412325e-01 1.664653051470041389e-01 1.417664565387424802e-01 1.935903214895021707e-01 1.635205275422475513e-01
1.825853800414626860e-01 1.587066280675774599e-01 1.502077508315063092e-01 1.706986049170434450e-01 1.805930659786445791e-01 1.769038531553763227e-01 1.712802257967329655e-01 1.839233083108474109e-01 1.460768836079595068e-01 1.626339297226267744e-01 1.471122679261309130e-01 1.692781016440925990e-01
1.565260789330814861e-01 1.635706207711380977e-01 1.673489721548789833e-01 1.723933713371905152e-01 1.479685379403964940e-01 1.677746881125204148e-01 1.627443181080575896e-01 1.594996762626294806e-01 1.681640785716258246e-01 1.769865017287226006e-01 1.906247659507094294e-01 1.663983901290468637e-01
1.847885606518562818e-01 1.721966938294956229e-01 1.583560130443893987e-01 1.561341383765192659e-01 1.676637604381233659e-01 1.706680905117196889e-01 1.620732512968750538e-01 1.600595200403476248e-01 1.534834890648019701e-01 1.791892673272797443e-01 1.607602387866474136e-01 1.746269766319452355e-01
1.573876596150169394e-01 1.799157084287539288e-01 1.870324158977860474e-01 1.621019768782653026e-01 1.559203586554021581e-01 1.604794898876729381e-01 1.797165266782805304e-01 1.645125924925726624e-01 1.526398177604870177e-01 1.641502261111598693e-01 1.704527880516797378e-01 1.656904395429230070e-01
1.550310441426693553e-01 1.460418794765748762e-01 1.490746584031489574e-01 1.721608034456409975e-01 1.884330084056675125e-01 1.561098727694052724e-01 1.792771048718701521e-01 1.711783009007343259e-01 1.792187288519397625e-01 1.514922080699348250e-01 1.780488924052852362e-01 1.739334982571305033e-01
1.562399365514649252e-01 1.616770762528310090e-01 1.892082023315125872e-01 1.896228491354352563e-01 1.596744303752220540e-01 1.507420781093009032e-01 1.580740192505167563e-01 1.650745069792856068e-01 1.800704079522430778e-01 1.501869001570075857e-01 1.829480235642095276e-01 1.564815693409691566e-01
1.755075292017152788e-01 1.739473735463446802e-01 1.692071133090004287e-01 1.757173625981536258e-01 1.666278179783714508e-01 1.540338009873545300e-01 1.570790375320617049e-01 1.628616929824511783e-01 1.707237605923236923e-01 1.599311797523151890e-01 1.457093266971465906e-01 1.886540048227598465e-01
1.589431760258307735e-01 1.593042430024430023e-01 1.518749214362999367e-01 1.976999463793962242e-01 1.622410923084490197e-01 1.623768804145922784e-01 1.840245024413428021e-01 1.620753780139095601e-01 1.663547089700670722e-01 1.623298240959076821e-01 1.576751300435052794e-01 1.751001968682563970e-01
1.777985094943989319e-01 1.637369820686266075e-01 1.362682462104960746e-01 1.555282239192485316e-01 1.812812090272599708e-01 1.519182960800498638e-01 1.688989039356000588e-01 1.758479780139237669e-01 1.693687474559912309e-01 1.635645582139752530e-01 1.643148117037385725e-01 1.914735338766907213e-01
1.642429485239418063e-01 1.577761804142664981e-01 1.739377781627512443e-01 1.560861387029385261e-01 1.687420220672863069e-01 1.822473336768304919e-01 1.535628845668424725e-01 1.764629471384182857e-01 1.753801361584849672e-01 1.615557106869974779e-01 1.640749697997447298e-01 1.659309501014962773e-01
1.436934908805698186e-01 1.644311951516771453e-01 1.800081770031945749e-01 1.687084437911767210e-01 1.700342460906202890e-01 1.746360892285604149e-01 1.729543015469517386e-01 1.642749280502204812e-01 1.466003894037690436e-01 1.850428610583109978e-01 1.798405403803947089e-01 1.497753374145537053e-01
1.457433151509086589e-01 1.509525784966625761e-01 1.553479218584167820e-01 1.533870951512983360e-01 1.577697192039401730e-01 1.738216045409068378e-01 1.715127966893030542e-01 1.846923135528526494e-01 1.816376016606699451e-01 1.707910977084968474e-01 1.773740566797393226e-01 1.769698993068052895e-01
1.826332547621846991e-01 1.538002810159436740e-01 1.714283335891004512e-01 1.502782828291481243e-01 1.707524556041013775e-01 1.450060536970253777e-01 1.574278177996878969e-01 2.032190125266324920e-01 1.753399992905565197e-01 1.766022052907335604e-01 1.512204514222842688e-01 1.622918521726022245e-01
1.610931187497820494e-01 1.607875170099816731e-01 1.719178798761803184e-01 1.586717543304405065e-01 1.782777955771680523e-01 1.729578497291890948e-01 1.447782157289722871e-01 1.678748487593486605e-01 1.878789074195617026e-01 1.525044880128902103e-01 1.588646737295803801e-01 1.843929510769059255e-01
1.675744714764530463e-01 1.680790019118083567e-01 1.919649621807823781e-01 1.641709584135939703e-01 1.916217922105923344e-01 1.669375786216827362e-01 1.609074726196059180e-01 1.557055848507048479e-01 1.597551524024798664e-01 1.505051235435899137e-01 1.605230605111197528e-01 1.622548412575853805e-01
1.662750819011314107e-01 1.603107141749582909e-01 1.519780854356729549e-01 1.626487407645283434e-01 1.669253601306321944e-01 1.687199559060313103e-01 1.892202976254963032e-01 1.620633082653755719e-01 1.516212507218928085e-01 1.950627822214038298e-01 1.575831339041687262e-01 1.675912889487094493e-01
1.803806384141935226e-01 1.599093611451532504e-01 1.222060399094069966e-01 1.477906649262660799e-01 1.729491616854543223e-01 1.705274539386149035e-01 2.130918792879102353e-01 1.680572420649768528e-01 1.493527739054903436e-01 1.958320943828576466e-01 1.621510800334468871e-01 1.577516103062293062e-01
1.536475559314507966e-01 1.869904814053912623e-01 1.457537329617771826e-01 1.582351853004118625e-01 1.628273312114917326e-01 1.708047855383069691e-01 1.645036476463019592e-01 1.468669858479438595e-01 1.662606053531892336e-01 1.861029975154918081e-01 1.720250333751928984e-01 1.859816579130508518e-01
1.571432642080304309e-01 1.525482879370266831e-01 1.830445072588268163e-01 1.733025440301091402e-01 1.586371920852316930e-01 1.547656353436020482e-01 1.551991051553825995e-01 1.815011689960550345e-01 1.863540140594501515e-01 1.602129901269098433e-01 1.545829634170434730e-01 1.827083273823317255e-01
1.776017187725083546e-01 1.814253565274502322e-01 1.684539542486441777e-01 1.718637051356524115e-01 1.629802684668432700e-01 1.588088578402114814e-01 1.519334001321173966e-01 1.637424245319383243e-01 1.671876163469274146e-01 1.588319297540174702e-01 1.699452801378466549e-01 1.672254881058445886e-01
1.596662172419671122e-01 1.848206129104890127e-01 1.478601908808179211e-01 1.510004260506411233e-01 1.857110393433756557e-01 1.599796242837099869e-01 1.706688286075110361e-01 1.751055387629450455e-01 1.717404049242992614e-01 1.896145528893147247e-01 1.581115544180406729e-01 1.457210096868886695e-01
1.567310413328846797e-01 1.682386640598692029e-01 1.710897963198118044e-01 1.562526701197332057e-01 1.543994883772510651e-01 1.712426392510750517e-01 1.567410087048118905e-01 1.735859619937586973e-01 1.628365069913175756e-01 1.721356911595087746e-01 1.883573523492247936e-01 1.683891793407553683e-01
1.579537103817010568e-01 1.663628115758453152e-01 1.591326358277900255e-01 1.632290885031071892e-01 1.678705899184519401e-01 1.857692349319527425e-01 1.594971728092123286e-01 1.859278850383716264e-01 1.590322405441222386e-01 1.448976183761176706e-01 1.633996349340729737e-01 1.869273771592546707e-01
1.524244958265255911e-01 1.747670354774330248e-01 1.474398044612738601e-01 1.557639795429484053e-01 1.689177472865586727e-01 1.673828370779216479e-01 1.690962197148562218e-01 1.666162647505057270e-01 1.672529575216942788e-01 1.844694583371119800e-01 1.990093154977835288e-01 1.468598845053865620e-01
1.533760892027746792e-01 1.597435911068714742e-01 1.603248241866129797e-01 2.037253466503022858e-01 1.797373028343931256e-01 1.579316262986219799e-01 1.775348375079041641e-01 1.699964707892501758e-01 1.453186110091065353e-01 1.599640715815563996e-01 1.705771704866643756e-01 1.617700583459441288e-01
1.709429087187273877e-01 1.713904205732273145e-01 1.699919601032294225e-01 1.787929557388761581e-01 1.713964374639130317e-01 1.528741495801981820e-01 1.673499134334252014e-01 1.540198687531709743e-01 1.377751217241146298e-01 1.545488238707212469e-01 1.982475110536274232e-01 1.726699289867688614e-01
1.580886895775080181e-01 1.566101062530922683e-01 1.815614428682919002e-01 1.421814464461614858e-01 1.770627669425236528e-01 1.583086937190177623e-01 1.659912662139987893e-01 1.671354622683925151e-01 1.738232995375127987e-01 1.790433424330371281e-01 1.781350722683758547e-01 1.620584114720888536e-01
1.761601656036428931e-01 1.675752735892727663e-01 1.738786413905796802e-01 1.549865555434286613e-01 1.698925391691043507e-01 1.407624977159879220e-01 1.600392959229783307e-01 1.957519786591803423e-01 1.685982965894349261e-01 1.636505541255700580e-01 1.612652147578034767e-01 1.674389869330154546e-01
1.531886703504979352e-01 1.666544500690790853e-01 1.593300389340475687e-01 1.724723701913368767e-01 1.753985704480158780e-01 1.720330649339171236e-01 1.755327248723869971e-01 1.725363423746940628e-01 1.669729695970175176e-01 1.803333168630034122e-01 1.591148954501907520e-01 1.464325859158138177e-01
1.463786188150170142e-01 1.657076197724922373e-01 1.892747362124169441e-01 1.586754290007232338e-01 1.554137284797339202e-01 1.553933148592709368e-01 1.715918185751782732e-01 1.669851823018324022e-01 1.586323050590074391e-01 1.807363079015271157e-01 1.798922352859272378e-01 1.713187037368740784e-01
1.705585572121833260e-01 1.657014199555316980e-01 1.559214672132725465e-01 1.722795548248126918e-01 1.749734343153580840e-01 1.646323091924511983e-01 1.682257039143684185e-01 1.705810550517416480e-01 1.599719785445432030e-01 1.799835821349944909e-01 1.617575046702542374e-01 1.554134329704890405e-01
1.644036939115252616e-01 1.614732501051136249e-01 1.580052067968438778e-01 1.389106978402495085e-01 1.589445218760002776e-01 1.883117876875514130e-01 1.735184495866277377e-01 1.755895494220400810e-01 1.570862874722185332e-01 1.729686606496337320e-01 1.882838195531595094e-01 1.625040750990375815e-01
1.775709809361934732e-01 1.720826238757631743e-01 1.630589451416567526e-01 1.531052223599620454e-01 1.640528374748766727e-01 1.687106178276615021e-01 1.516595788176447468e-01 1.624153197856374464e-01 1.622761701437316628e-01 1.763063976637374575e-01 1.824256372436164342e-01 1.663356687295199920e-01
1.477659251382061889e-01 1.500025240745414823e-01 1.770198548792593085e-01 1.904531909371762199e-01 1.637060391185541364e-01 1.698709676464824070e-01 1.848951502400443259e-01 1.713863960564501188e-01 1.694344239340672409e-01 1.590035560105247103e-01 1.628680067728977277e-01 1.535939651917955506e-01
1.700551101766378803e-01 1.568331058684682977e-01 1.802883086139442925e-01 1.770843715633616533e-01 1.537206072422822589e-01 1.475216303196247303e-01 1.725006351550157635e-01 1.818599838327949747e-01 1.519484431791755241e-01 1.725476871409535873e-01 1.708230494040611780e-01 1.648170675036785826e-01
1.502920014753931222e-01 1.730366739111359187e-01 1.631912139753432800e-01 1.698291533168579392e-01 1.853862118865502451e-01 1.635377718605313113e-01 1.653824174577441797e-01 1.732248336760763285e-01 1.744300697045201298e-01 1.487948278498524290e-01 1.686639138723797782e-01 1.642309110136166983e-01
1.621654020446474664e-01 1.656716147387189142e-01 1.761767559140027251e-01 1.558948904360302201e-01 1.545851365666029986e-01 1.651169267757762460e-01 1.576133363539320986e-01 1.954930922639733781e-01 1.539292433833985008e-01 1.649596321682499089e-01 1.750250100285717925e-01 1.733689593260957507e-01
1.773837209141186366e-01 1.680181245939976198e-01 1.580456593331897863e-01 1.727534719207541869e-01 1.619664294988942266e-01 1.624067224725290748e-01 1.795601197502517121e-01 1.662351736814707270e-01 1.529136582930193389e-01 1.577550257481534768e-01 1.837831692256886029e-01 1.591787245679334162e-01
1.697764822605456470e-01 1.751751539360311138e-01 1.738102443078902992e-01 1.538594726927123291e-01 1.799060806058188633e-01 1.777595188533620252e-01 1.462359235781353628e-01 1.756475664042849716e-01 1.666307662729394623e-01 1.568874349499119747e-01 1.675917968777833333e-01 1.567195592605854781e-01
1.688695808204657700e-01 1.581346793633418568e-01 1.632984484055586827e-01 1.622748911135088457e-01 1.707331907584687947e-01 1.741070765343236126e-01 1.654157039753155756e-01 1.669967924821655347e-01 1.617317891677749753e-01 1.590547797016075848e-01 1.730263881803942305e-01 1.763566794970730656e-01
1.711937567423069406e-01 1.641538329098927718e-01 1.720843464799288736e-01 1.682012413121015959e-01 1.587233911504064288e-01 1.559446965386457329e-01 1.621118523878313511e-01 1.506340100370137935e-01 1.575984163413468031e-01 1.944680284089534417e-01 1.773606185717359895e-01 1.675258091198349730e-01
1.449884170601651590e-01 1.713182721602990177e-01 1.860508115784658412e-01 1.689606099996097122e-01 1.647499169378434658e-01 1.696260141743110017e-01 1.583442253542343969e-01 1.695347401401093856e-01 1.661889715097319142e-01 1.792799962891683252e-01 1.727999434337945117e-01 1.481580813622665749e-01
1.583081074757057005e-01 1.764855751727820721e-01 1.864243584477592863e-01 1.535895403772545853e-01 1.688927312627315214e-01 1.625338266589333724e-01 1.712272401893395191e-01 1.525152321275866085e-01 1.581861946622101223e-01 1.737675258134271927e-01 1.668062365424242133e-01 1.712634312698461114e-01
1.683603949011662770e-01 1.687279301716110846e-01 1.660116941293497961e-01 1.631925209484406947e-01 1.410331071994354035e-01 1.714022561540112788e-01 1.750783849765489564e-01 1.906793277185260815e-01 1.698250236034642424e-01 1.570524849996222660e-01 1.705605830785625610e-01 1.580762921192631065e-01
1.552583514532963338e-01 1.602637797290907273e-01 1.652155778948577458e-01 1.622599451749226762e-01 1.523288228281809709e-01 1.640428815256972928e-01 1.578301918461532671e-01 1.624755964126021468e-01 1.685648879141980194e-01 1.839733088027939167e-01 1.869361729007787409e-01 1.808504835174287728e-01
1.455389893946189839e-01 1.665192215541183851e-01 1.694681844187818087e-01 1.578612930368742950e-01 1.731010261355169222e-01 1.887089235096974515e-01 1.568954926662357030e-01 1.425010178115018178e-01 1.684312533537525858e-01 1.783709466921538089e-01 1.629571169809116704e-01 1.896465344458354296e-01
1.636687974491932152e-01 1.796196807616485813e-01 1.695111503763909178e-01 1.478925136596161705e-01 1.669700680111578794e-01 1.705044927476973837e-01 1.584217041922970359e-01 1.502914566080142400e-01 1.776348218854366945e-01 1.608341527586489295e-01 1.697731691130121012e-01 1.848779924368862126e-01
1.711053773056660232e-01 1.819321822943594236e-01 1.795997217419872394e-01 1.706130012465187917e-01 1.514790376429393237e-01 1.722626096919404048e-01 1.581863896248328627e-01 1.532341603225623461e-01 1.621553123250203399e-01 1.695835060038055897e-01 1.722461602797841773e-01 1.576025415205851987e-01
1.534687699785245441e-01 1.670510875323055755e-01 1.856537949649376129e-01 1.620963131694345694e-01 1.579002606680246501e-01 1.683600411584867951e-01 1.704978779739397265e-01 1.617717656847676710e-01 1.700706225515905556e-01 1.754580777102761058e-01 1.651945335537446935e-01 1.624768550539660850e-01
1.697209772697022556e-01 1.559197599314215976e-01 1.758964587198335316e-01 1.852814312230632310e-01 1.635471116573524453e-01 1.387620028304412390e-01 1.806420179480064114e-01 1.556991881571108960e-01 1.585656613426603967e-01 1.925543880576249811e-01 1.581730769846415585e-01 1.652379258781435378e-01
1.632045905060374724e-01 1.794465481663743422e-01 1.598746872153460341e-01 1.689814182864165515e-01 1.597260547218415927e-01 1.466175089947643617e-01 1.671110878885010975e-01 1.659603103030102000e-01 1.495272284053223988e-01 1.935717700435956035e-01 1.622405515924380814e-01 1.837382438763526527e-01
1.397730337143030244e-01 1.792276786386419185e-01 1.908278187671944570e-01 1.540965827943544530e-01 1.749995889115221193e-01 1.618926442323894710e-01 1.662924447480685353e-01 1.768964072252088848e-01 1.608734953866534645e-01 1.610285997701901284e-01 1.814420392554094708e-01 1.526496665560638510e-01
1.689205804339796724e-01 1.672394883509673025e-01 1.753364071245970546e-01 1.605331365176482505e-01 1.607210551254931452e-01 1.600933066946015337e-01 1.597307826789096663e-01 1.644264575874091472e-01 1.769082593282728100e-01 1.500335504136952047e-01 1.704532006701992286e-01 1.856037750742257075e-01
1.900802595098675385e-01 1.725023475766410408e-01 1.549331483931362108e-01 1.646300129019520608e-01 1.871483068485011725e-01 1.731102972260144257e-01 1.530457914308992473e-01 1.545881117036362051e-01 1.735449020614681370e-01 1.726365295947921430e-01 1.481225033776327471e-01 1.556577893754579334e-01
1.711161037518514061e-01 2.072544874678454718e-01 1.714819810776455900e-01 1.511329894963611975e-01 1.685998244582877503e-01 1.556582845940320814e-01 1.606094457526343333e-01 1.645062379493548166e-01 1.657995770084716713e-01 1.595573270445627689e-01 1.594299203216201222e-01 1.648538210773342894e-01
1.744979802485936704e-01 1.806083981797775850e-01 1.502560734387970165e-01 1.768088399449855297e-01 1.764726050992635742e-01 1.406632674125920246e-01 1.504045265767325890e-01 1.900801093399892838e-01 1.788539573079025446e-01 1.775247053113608309e-01 1.635593933103147157e-01 1.402701438296911907e-01
1.621968451700921965e-01 1.651450684469233376e-01 1.674859579701293288e-01 1.680395378380489524e-01 1.594532730919250296e-01 1.812505922261664904e-01 1.583494854153488784e-01 1.566898679229426217e-01 1.718539007963912901e-01 1.959552724863935502e-01 1.622134795271347185e-01 1.513667191085041053e-01
1.651901131648886856e-01 1.544929968554997757e-01 1.322450788109843511e-01 1.596753918559995766e-01 1.791714364084350808e-01 1.590933093351710736e-01 1.830970049053903814e-01 1.750694136007279467e-01 1.816493434936043982e-01 1.749319858251105753e-01 1.743073519486131873e-01 1.610765737955766885e-01
