-1.125537613591062858e+01
-1.511024104443271376e+01
-1.291740126091341878e+01
-1.325045618980213646e+01
-1.409957574494949561e+01
-1.431351065327120686e+01
-1.161583847946560510e+01
-1.310740040548112439e+01
-1.121095874048965690e+01
-1.377276972092084861e+01
-1.364017002572385628e+01
-1.515596008297860919e+01
-1.241633979976611890e+01
-1.284778169618664734e+01
-1.333505615623067264e+01
-1.504698062811474379e+01
-1.302881175743010722e+01
-1.285255902924826543e+01
-1.334716801826373000e+01
-1.333574447192357049e+01
-1.308823682326931781e+01
-1.533643889729440879e+01
-1.261959212877343006e+01
-1.669085451937074538e+01
-1.638192360343717979e+01
-1.167766135074133160e+01
-1.502471389735467966e+01
-1.299934122369683642e+01
-1.292908330011379903e+01
-1.544442262945017319e+01
-1.467016802798988451e+01
-1.302107920439809874e+01
-1.101218155881798566e+01
-1.402081405171099604e+01
-1.282835655241016504e+01
-1.355622905689119051e+01
-1.410531512242702945e+01
-1.105963326032502181e+01
-1.364104100070215608e+01
-1.314252319543049907e+01
-1.155759681291415930e+01
-1.504044225093182341e+01
-1.504148533229876961e+01
-1.336998388759846712e+01
-1.213927492788963036e+01
-1.113704008391742661e+01
-1.454489266302190842e+01
-1.244275224329031637e+01
-1.313172900200686932e+01
-1.472797182335006383e+01
-1.220937048630092292e+01
-1.185755665285525495e+01
-1.400372402291154117e+01
-1.096093393467267596e+01
-1.424263896865451962e+01
-1.520512242811454762e+01
-1.365285184276750030e+01
-1.271425297347511929e+01
-1.294897988326896154e+01
-1.530546433754914659e+01
-1.577484737891530031e+01
-1.295685947327362975e+01
-1.353814969734462714e+01
-1.721999174554449397e+01
-1.068873262351339370e+01
-1.406530305597791042e+01
-1.424443273695589873e+01
-1.448742204718373117e+01
-1.290677624636488297e+01
-1.357438804586475278e+01
-1.233200800061906044e+01
-1.426738386384075952e+01
-1.379337252118739343e+01
-1.348786888353182079e+01
-1.526140362086660929e+01
-1.236102055081972750e+01
-1.335610981048501067e+01
-1.008325722730282692e+01
-1.409579534747038387e+01
-1.465372540200644380e+01
-1.425973592241261301e+01
-1.262540143697160033e+01
-1.158031181477999816e+01
-1.347664707897243730e+01
-1.534026343721158803e+01
-1.406537088449598016e+01
-1.089839848951153911e+01
-1.553012980148649724e+01
-1.278036764898064526e+01
-1.369943830778090366e+01
-1.389835949247373748e+01
-1.329938371682788656e+01
-1.173765643614244603e+01
-1.695302238256459404e+01
-1.016409521036687558e+01
-1.299198964709526116e+01
-1.662374673909491918e+01
-1.692567058828914739e+01
-1.113995833549349435e+01
-1.243198867066754865e+01
