1.420280158575523699e-01 3.600740619090685990e-01 1.096094175356955580e-01 1.103483749171742107e-01 1.282695653786541101e-01 6.227884189988912994e-02 1.880213080089117306e-01 1.909614115706020632e-01 1.441096302191556822e-01 2.338976357930321881e-01 5.446433054586487937e-02 1.235908558233282106e-01
2.665375027901091265e-01 1.239108957722818150e-01 7.441899012863995022e-02 3.262127645127975151e-01 4.769821039631415294e-02 1.526744568798549251e-01 1.999195457361816752e-01 1.190501772411693832e-01 2.268670642729679887e-01 6.424040944233590233e-02 1.134100346319867753e-01 1.508256963896697500e-01
2.418173916628779119e-01 1.114275140672783548e-01 2.761420625907422544e-01 1.107649805959353417e-01 2.235793682603089139e-01 1.167676697065339608e-01 8.686533322888391473e-02 1.788788874188101952e-01 1.301142410769941526e-01 1.466446792972991020e-01 9.373059313623975652e-02 8.761453503956524724e-02
1.271693476729477690e-01 1.088605798535138558e-01 2.501452980089362010e-01 2.652356777459849435e-01 2.570100670614648974e-01 2.033906833553414395e-02 1.335064421604301721e-01 2.111299565862801986e-01 1.000379477425820951e-01 1.701504833700008545e-01 1.050654312991094741e-01 1.180993237958413850e-01
1.804259611055910595e-01 1.946567626533786399e-01 6.291358150117332126e-02 2.561574412098546749e-01 9.870048660887430214e-02 2.007322306304188120e-01 1.046208953810455061e-01 8.065751767774549663e-02 2.233980882746113561e-01 6.098892186499824813e-02 1.935108418084065807e-01 1.698505478733641216e-01
1.653257525697304220e-01 1.248397299207055361e-01 1.639874958543181827e-01 3.811240668967482703e-01 1.793827339353183115e-01 1.219187938280450884e-01 1.097016189703723804e-01 1.611138103531623567e-01 2.818814768305795068e-02 9.076629508702037386e-02 2.194331028142856577e-01 1.182679599052273989e-01
1.246079014317614669e-01 1.315597575350343496e-01 1.218545216057844577e-01 1.175697677078995917e-01 2.351849531518030167e-01 7.247725654436577847e-02 9.701186772933040325e-02 1.666184754269910695e-01 1.998068624785009628e-01 1.140341606109459699e-01 1.479089390451172326e-01 2.578952932472962090e-01
1.065703491785685714e-01 1.945805190015285346e-01 3.276255199722005740e-02 5.809754750297568826e-01 5.963484904934422681e-02 2.390869734108668210e-01 2.239224954870357998e-01 1.424365126993849262e-01 3.284145320763822568e-02 3.057168245802027728e-01 8.979542721048665299e-02 7.663969152224618664e-02
1.177516870659153364e-01 2.148707491570918393e-01 1.925369995985890814e-01 5.106527982778545638e-02 2.125088025059621577e-01 1.432058434787885359e-01 1.393239339754220041e-01 1.272818327110940839e-01 7.705431802547879627e-02 8.156964560222704219e-02 1.897133302732895432e-01 2.750499769669427774e-01
1.078735231979366382e-01 2.407745360191444473e-01 2.028570248945343324e-01 1.527695418103527936e-01 2.209574042490697610e-01 1.740165602531983380e-01 1.078173890772759214e-01 1.090722182712371979e-01 1.045323179877983150e-01 2.128865538813416447e-01 6.905286543021879608e-02 9.349287922239817028e-02
3.310113398238008209e-01 1.288830749548149357e-01 8.982618294271897674e-02 1.877415682408648256e-01 8.259225108025619599e-02 1.842192203707921638e-01 3.566786431461248241e-02 1.450452722526932303e-01 2.101944226716503106e-01 1.136547488360415276e-01 2.141540144580041383e-01 1.268769399018414290e-01
1.745894757390691887e-01 1.957054653300565328e-01 7.378866189458188618e-02 1.663880751974596006e-01 9.665979139049503399e-02 3.362168449667788384e-01 4.734218468323246609e-02 3.124891661834043322e-01 1.078176550583923865e-01 9.318857189202237046e-02 3.022843102752320599e-01 3.869528530622438206e-02
2.066927125872796422e-01 1.821717641360837969e-01 1.475657059573859675e-01 1.094221808376359129e-01 1.096666214047077037e-01 2.355389696374930453e-01 1.250555921060785558e-01 1.796648886065627393e-01 9.617074890589100145e-02 8.415228315749098686e-02 1.736620632022847777e-01 1.212515033084104882e-01
8.862550604347546601e-02 1.616806705853965076e-01 1.366126820355911820e-01 8.082969813848535356e-02 1.549480499007011292e-01 1.243131329519297917e-01 1.991361625586363371e-01 1.681255323648348232e-01 1.565360624307775561e-01 8.541221470784148007e-02 2.664973815167101523e-01 1.586529221636682474e-01
1.128563555798097751e-01 9.716997421859480122e-02 1.325716342447101903e-01 1.916403342209631877e-01 9.916717157459492560e-02 1.426373293532008646e-01 1.073189852410738054e-01 2.092291220120160167e-01 1.180004822762021760e-01 1.635540832984155590e-01 1.548278273357907298e-01 2.370931598877441537e-01
1.945948993791279391e-01 2.539052098486678788e-01 6.103447071844164684e-02 2.376642691777637872e-01 3.885272773136660973e-02 3.058034583785622096e-01 1.164228687268099027e-01 5.412048468696206704e-02 2.411552936716392648e-01 1.943697393159448394e-01 1.169392317566171069e-01 9.397434205610676050e-02
1.450644829755980136e-01 2.034394508371238364e-01 1.725150984536310272e-01 4.863337480871024465e-02 8.914862665372537409e-02 1.571150079713063419e-01 1.979836641528801844e-01 1.939406635729815920e-01 6.178459527486381692e-02 7.924038426828407256e-02 2.980028731648927676e-01 1.950183123671676566e-01
1.212406267822456890e-01 4.983238293805743874e-02 3.200435906228635274e-01 1.282996886389241031e-01 8.769813500454859412e-02 8.677502638960664372e-02 2.682966939986375365e-01 1.910426465157686327e-01 1.098501534349901471e-01 2.202034180151586362e-01 9.935992885980822475e-02 1.717577359435565609e-01
5.980249110491725473e-02 2.948752337821543557e-01 1.385382825955651653e-01 5.917855172568531330e-02 2.890728418244254416e-01 8.605195469255864926e-02 2.166384946130737454e-01 1.712079042118024308e-01 8.583329514945006733e-02 1.119545645888638946e-01 7.712770981860474218e-02 3.174198654128429498e-01
1.185375856263975181e-01 1.463948769434859909e-01 8.984229644968674822e-02 6.068885536386040697e-02 3.727829901734326379e-01 1.353189851125601584e-01 1.567793044506936018e-01 1.072966251353777156e-01 1.839244449202417087e-01 1.803474084258041288e-01 1.421506998896727436e-01 1.287443594655641455e-01
5.280702070342096349e-02 2.372635917857850718e-01 1.104014990745938313e-01 2.550618379014464310e-01 4.877304426292880524e-02 2.191573016595451118e-01 1.292610451150090489e-01 5.744586053309320289e-02 2.294372385040312767e-01 2.158630534687575875e-01 1.002552385420250325e-01 2.276145100083060424e-01
4.708715885392567718e-02 2.078878095499401280e-01 1.670915803186777404e-01 2.224781288776517818e-01 9.530694750315413244e-02 3.233166125096381682e-01 8.816363684373412779e-02 8.466659085357798598e-02 2.865896261487281826e-01 1.258961374289173374e-01 1.955624263982554401e-01 5.113065774109829681e-02
1.347079000152153760e-01 1.563465719498867146e-01 2.066964039787691221e-01 9.271263980280151917e-02 9.055470343241486808e-02 3.060187544325768672e-01 9.397011746858847936e-02 9.680519909183116223e-02 1.600377724962456782e-01 9.680775162229135478e-02 9.901088040459629647e-02 2.987436925116034869e-01
1.382396673950472554e-01 9.231204771414186494e-02 1.266128310453441819e-01 1.490386688046833885e-01 1.896004330597384491e-01 1.617228737316273035e-01 2.624152823040897253e-01 9.442698603886198749e-02 1.101606857453978766e-01 2.216550893588224436e-01 6.522948223290152281e-02 1.820114665506953888e-01
2.421563940196352627e-01 1.685288853813138865e-01 1.888661298034961245e-01 8.995459656372953305e-02 1.732972819718884838e-01 9.649008425734981187e-02 1.190871148297203974e-01 5.569728635747885070e-02 1.296914302166259636e-01 1.322014591194350386e-01 3.558323074335088543e-01 9.203477862689600497e-02
1.127607521137286850e-01 1.756135223227205111e-01 1.654015374852230713e-01 1.382368936139746485e-01 1.875919441933429077e-01 1.132191334850678605e-01 2.465640789277447897e-01 1.528075632038787546e-01 2.212765837349676412e-01 1.053107977927143640e-01 7.963214860657624738e-02 8.348145228085671055e-02
1.598001154052767214e-01 1.256945798606528553e-01 9.449875423710316080e-02 1.352695287242268729e-01 2.107699029553332382e-01 1.086145975037569322e-01 1.334715173689425827e-01 2.096622651944712867e-01 9.959557227762366738e-02 1.343493494818207568e-01 2.262472236464558306e-01 1.265557859740306934e-01
6.538261623969947312e-02 8.507833592125529920e-02 1.259295545976654718e-01 1.409682669762291340e-01 1.339372847851962034e-01 1.639846897222678457e-01 1.296114297548022487e-01 2.423415843824799631e-01 7.598297561946409928e-02 2.790795743365086512e-01 5.640621492909406176e-02 4.063208110511821181e-01
1.954822165184206817e-01 1.519769743814679830e-01 1.135128534054743871e-01 9.548750616298537497e-02 2.052520669563154265e-01 9.893825954350771168e-02 1.003776351612425677e-01 1.909528621347027222e-01 8.844825377279116885e-02 2.830758417578602693e-01 1.676582238501909683e-01 1.042894458480394942e-01
1.261042029783447649e-01 9.701977564593058934e-02 1.822021279014331974e-01 1.108280264926372743e-01 1.884870476803091888e-01 1.960412742361118121e-01 1.992427629635854791e-01 6.225675021984226898e-02 1.779908569468989232e-01 8.187030890266649985e-02 2.323089575427930986e-01 1.384457774240932248e-01
9.386823882725517376e-02 1.670319294918695130e-01 8.767024369456474786e-02 4.377776061006832808e-01 2.039703225089966113e-02 9.053168066140987458e-02 2.764895593011953978e-01 1.159777545946614336e-01 2.451878206623755718e-01 8.680775507172756866e-02 2.503609543090452583e-01 9.904825554653279296e-02
1.196836860456648999e-01 2.016424095322603416e-01 1.047667600411844036e-01 1.407626235184952224e-01 1.951611703181680424e-01 1.394709402038386836e-01 1.504631163792480020e-01 1.530485102595329772e-01 1.381131167836847085e-01 1.798448919324153739e-01 7.911191690039416635e-02 1.502221179829767161e-01
1.142737356489176986e-01 8.791452428122287222e-02 1.934721237753706802e-01 1.053688127546588554e-01 1.718242776706187802e-01 2.060747989609032493e-01 8.860243793087028974e-02 1.409800663536303900e-01 1.537215780834131074e-01 2.335620246677194145e-01 1.303071240853104773e-01 1.434345666563056065e-01
1.572104872313107304e-01 1.518160333371474102e-01 9.780186861257372799e-02 3.294897962258908630e-01 4.369122292514404649e-02 6.931200324423700265e-02 3.499015867940232227e-01 5.316154975379858844e-02 1.064171352819307803e-01 1.958250744433916724e-01 2.228051662771135533e-01 1.366626070915825109e-01
2.094790315438710138e-01 1.301690819969370250e-01 6.254111774363253773e-02 3.039403999173561632e-01 1.438288281567006166e-01 7.603499132753145651e-02 5.735616562709398153e-02 1.268156910901508116e-01 2.159356857820513287e-01 9.930348568117186581e-02 2.298987261323537923e-01 1.921193821469018292e-01
7.060751047041922968e-02 1.422256924887370100e-01 1.063556551230769032e-01 2.182939111630932127e-01 1.553394697712114636e-01 1.531894653665879791e-01 2.188177821563702385e-01 9.979968763889868200e-02 1.222346128220549027e-01 2.237837584233802746e-01 7.700853836325016744e-02 2.072376826597330801e-01
1.977898359191198330e-01 1.915092440642981453e-01 1.229177168356802574e-01 1.454576320226644848e-01 1.754190312892558168e-01 9.769028869976455198e-02 1.224923872769590610e-01 2.450007258620147677e-01 2.556139359794374344e-01 1.893022817077211553e-02 4.079319200840191700e-02 3.010955731520026935e-01
4.732438046599492937e-02 2.569937359872889737e-01 1.807317920851170823e-01 2.032998520399548759e-01 1.551920133257262413e-01 8.046648012633969560e-02 9.993147248906231184e-02 8.754749486771985778e-02 1.402380521250343459e-01 1.484523225446091610e-01 1.600648810740047945e-01 2.672387641822075444e-01
4.119254490648296269e-02 1.620561241832992050e-01 2.847461073223895300e-01 6.442800657450513391e-02 2.316282233188466655e-01 1.085965470292559465e-01 1.092539356955459229e-01 2.780767923873923020e-01 1.353226438296645795e-01 1.056955415399943310e-01 2.557128539482078633e-01 9.856148022563744615e-02
1.392202859952642036e-01 1.505523302241925376e-01 8.512774451025331701e-02 1.148186408112970014e-01 1.993651588460285395e-01 2.131716492021126230e-01 8.791044622336641190e-02 1.754023831715281201e-01 1.385549948509224027e-01 1.938523427781684016e-01 1.025641734498293767e-01 1.667325861850111057e-01
2.199018949791488042e-01 1.459792197636764766e-01 1.588853146770904945e-01 3.658244221237452742e-02 3.476224649143352385e-01 7.616956703287963704e-02 2.322544733873085354e-01 1.488610343093194066e-01 1.052657167397023363e-01 1.785843422461198260e-01 7.405453393968189357e-02 1.411405746281759743e-01
1.818769086711680139e-01 1.113510169148536205e-01 4.278690654342627298e-01 1.501396184487722718e-01 1.086787546019229583e-01 9.167599663085465589e-02 8.522163181460153114e-02 1.043323642271279522e-01 1.769008408081344796e-01 3.061996670783407107e-02 4.278919173364267303e-01 8.504330493264067314e-02
2.351598411004198752e-01 9.026534675203731761e-02 8.179142237946379623e-02 1.776633081910025391e-01 1.955907679498397334e-01 2.151994466295089337e-01 1.220518551593136602e-01 3.127613508794123698e-01 4.659915475782568095e-02 1.826883092762994210e-01 5.980584835384724490e-02 1.418647441652464147e-01
1.085209682483003896e-01 1.438458446174195049e-01 1.249570918254300778e-01 2.148844014574993466e-01 5.202460632996114970e-02 1.791616878172812288e-01 1.208968233640686785e-01 1.041164717855553312e-01 1.691000192759621601e-01 1.633284875200770314e-01 3.090945954235208015e-01 1.181793246377821072e-01
2.260678018674670553e-01 1.734323519770348265e-01 1.140417205100439785e-01 8.895874015221418019e-02 1.592336923753956968e-01 1.579498402521253009e-01 1.163323978030894879e-01 1.374408232778377426e-01 6.956553935071276007e-02 2.698685032913394344e-01 9.102512796139360096e-02 1.928478689816858771e-01
9.490690758343055256e-02 2.113028809645628725e-01 2.596295188288340605e-01 1.150588645834862978e-01 1.112520537765173262e-01 1.041319481569574906e-01 2.324829630204741371e-01 1.222818135826997249e-01 8.368646642413417325e-02 1.435153002850481918e-01 1.573030847468996352e-01 1.526853427005121500e-01
8.912700948909803300e-02 7.802063317557912658e-02 7.234952326856460003e-02 1.414292735191284012e-01 3.050287810458401916e-01 6.561277426815152747e-02 2.960100580337458043e-01 1.196263326593840076e-01 2.980678990484256219e-01 5.646991642483956825e-02 2.252851136502767859e-01 1.623090796482679898e-01
1.128036145591833489e-01 1.176513145230410201e-01 2.492765774974125270e-01 2.823027413612277936e-01 9.329541172619339184e-02 8.948767200466832550e-02 1.243535148108576988e-01 1.058278519670745044e-01 2.830826040354021411e-01 4.740446566212169754e-02 3.228779635094453648e-01 7.379495175978158239e-02
1.417978619257562467e-01 2.156623601497484888e-01 1.296555253428067489e-01 2.043605138996449633e-01 1.414874703615875695e-01 8.200810723115511958e-02 1.212928289403009396e-01 1.167882776974886322e-01 1.667869440710428308e-01 1.272819779735853696e-01 4.431931548978752106e-02 3.416600910758093024e-01
8.836440764405334436e-02 1.755525071407839921e-01 5.852482679508432678e-02 3.964982005264656162e-01 8.703427917929075497e-02 1.075936740146450354e-01 2.627942719932958027e-01 9.756488911906545380e-02 1.711160442597079445e-01 1.117130861580087620e-01 9.590121491147601818e-02 2.317024128116391135e-01
1.630850664567928543e-01 1.729111989583796138e-01 3.348773594601161391e-02 7.724154825306739358e-02 2.756988890292565442e-01 5.567023544161833759e-02 1.811605104241584829e-01 1.723685036296889461e-01 1.653814915420744602e-01 1.459523665398029246e-01 9.963129465207549995e-02 3.432495424506551429e-01
1.622836412587908839e-01 8.416694118400448732e-02 2.181176846362290478e-01 8.703549836440024889e-02 1.333517488190904265e-01 2.580990175566399980e-01 6.568935332439761188e-02 2.306409000585751545e-01 1.642921955942132917e-01 1.300700722454140867e-01 1.384534535373846409e-01 1.293379471066797015e-01
6.160632615776758664e-02 1.259223024919499945e-01 2.304782691424110408e-01 1.348803487474309615e-01 1.605548437610933021e-01 1.844161252280343832e-01 1.703532090987032732e-01 1.509328184331208966e-01 5.225720483911054648e-02 2.776690786568097868e-01 1.938440206413294953e-01 8.262038601936355642e-02
5.527995008843545471e-02 8.484331325030416981e-02 1.040718548020671680e-01 8.952130163141071295e-02 9.957344568413324659e-02 1.941243358228278981e-01 1.483407481486952728e-01 2.582636628066098394e-01 2.090726447439996138e-01 1.701452305352120498e-01 1.789006133326727921e-01 2.214882598272014391e-01
2.700684011609690294e-01 5.984568623629122480e-02 2.872173949429059903e-01 5.191085911700543676e-02 2.484991513500436899e-01 5.997345401007946747e-02 6.047534633214580319e-02 4.359037959813527041e-01 1.203536212925365445e-01 2.591137940978572307e-01 5.509269056959843064e-02 1.091754497651261785e-01
1.092174713153458571e-01 1.160840616498731853e-01 1.852191198431422381e-01 9.703381017961590360e-02 2.158808285424438922e-01 1.739228655266712720e-01 6.250722890752023753e-02 1.468789773263422804e-01 2.796694142528534655e-01 7.963344626053815711e-02 9.981495499680073658e-02 2.617807604115553466e-01
1.833967774256262118e-01 1.092105690082979391e-01 3.670875163651131645e-01 8.397470322158187561e-02 3.627677582401053202e-01 1.062565520414958109e-01 1.474697561943959512e-01 9.156503252979238117e-02 1.146596082786624782e-01 8.310524129343693778e-02 1.216227692780053743e-01 1.096664117091828983e-01
1.212668548533719914e-01 1.337907110665993993e-01 9.469376825517876461e-02 1.134799156014799221e-01 1.659321994628371599e-01 1.322035566269092743e-01 2.804578899424031158e-01 1.143062096602689565e-01 5.534116956316869479e-02 4.003088729882149921e-01 6.866195881489030317e-02 1.981483713340836672e-01
2.067051612938674843e-01 1.328172024347924196e-01 1.784953607022709415e-02 6.016134359243726498e-02 2.092511724746016488e-01 1.206190174386146952e-01 4.710691537516186744e-01 1.284885323392613021e-01 7.237163024548458334e-02 3.650500580702108477e-01 1.077745350659142926e-01 1.154134130758688592e-01
4.876704989800646067e-02 4.179438732853972271e-01 3.796955288776600324e-02 1.332007369855935652e-01 1.295831928279786160e-01 1.432995698210739466e-01 1.639697726875551376e-01 5.318049882467714568e-02 1.142960949339910243e-01 2.837229653348363745e-01 1.102365183441454122e-01 3.456963542268875478e-01
8.713135254486223391e-02 7.477577529940326873e-02 2.547118363120565165e-01 1.599095764973854361e-01 1.238671980721137295e-01 9.331566965463315710e-02 9.057902935328694671e-02 2.446423248687298879e-01 2.402718321822026326e-01 1.245568668172592763e-01 7.510369106023249974e-02 2.757186295738945359e-01
1.983262391389626345e-01 2.211687086002236957e-01 1.375178795853112257e-01 1.871381157331181155e-01 1.156030775547079448e-01 1.282494847065987764e-01 7.863808353773778237e-02 1.292266551992417023e-01 1.587933378797554695e-01 9.509769562547042143e-02 1.801881323173735450e-01 1.335904567186688430e-01
9.472513034964909207e-02 2.934125272550557884e-01 5.881574490284873641e-02 6.009388664957002191e-02 3.062631506125982894e-01 8.740877873024822942e-02 1.819851153069904637e-01 1.765913634111559716e-01 1.496359762340613297e-01 3.025369613784587575e-01 9.476942103453396549e-02 8.903116998735365051e-02
1.098320644188718748e-01 1.429719189348587494e-01 1.775686260459987120e-01 9.669283382371096636e-02 7.886561854524774817e-02 2.101605194432963619e-01 7.985215106170798216e-02 2.164150740768531478e-01 1.094085434397859269e-01 1.637862476530629607e-01 2.679232465593637258e-01 1.435329915196846273e-01
8.915874085504864321e-02 1.692081393837555348e-01 9.825955957395424156e-02 1.655831017525558890e-01 1.185053957898806604e-01 3.084877711752153640e-01 7.749447185037273977e-02 3.024437275999885544e-01 8.918755924565287263e-02 6.290228100003097955e-02 1.159963242857459664e-01 2.774856882511317346e-01
7.460270282470884973e-02 2.327528895086045380e-01 5.202296564736430540e-02 1.069040349286140418e-01 1.585272052460358627e-01 1.351685360093013155e-01 1.813337849577399685e-01 1.238643273796967703e-01 1.671646409637204123e-01 2.116025014543964633e-01 4.015953629895417376e-01 4.785438161502254817e-02
8.588676880827410265e-02 1.355230680430151713e-01 9.206867560181174193e-02 4.092707263504628545e-01 1.974092735795357212e-01 1.079767240119917093e-01 1.998095392656818736e-01 1.722345755097825226e-01 5.879817364016967640e-02 1.113490575222087220e-01 1.648164452831449023e-01 1.215795598333262451e-01
1.823727153418585878e-01 1.594140493761432575e-01 1.732804251623123737e-01 1.956534152344723554e-01 1.797560748311606837e-01 7.699520963052626510e-02 1.675906304691007487e-01 9.357279064473865426e-02 4.260456295510173935e-02 7.220667951237821902e-02 3.676080826703094773e-01 1.474334719818428396e-01
1.150590341386316801e-01 7.045053354348138064e-02 3.235864653833756543e-01 3.259663789756666458e-02 2.907429609821159944e-01 7.826664584025365412e-02 1.555515431358784062e-01 1.406487706024263651e-01 1.595600373297958174e-01 2.072164335398652968e-01 1.850157293548280180e-01 1.221496538194008219e-01
2.081863488143856078e-01 1.161055165690687702e-01 2.377545941001929231e-01 6.849467811737165734e-02 2.377167522573496450e-01 4.382239648010682193e-02 8.508740730371688876e-02 3.466194202072461761e-01 1.162070388372225538e-01 1.604885259005963960e-01 1.057936352523081713e-01 1.457587878262329995e-01
8.719735794450479693e-02 1.610033093125094183e-01 1.011489780353271584e-01 1.814264375994977530e-01 1.782527301838266742e-01 1.746748055884239925e-01 1.821999901149081724e-01 1.813081449926668975e-01 1.295229481006825167e-01 2.327345570111581663e-01 1.025692898134766273e-01 6.744225773064885243e-02
5.709663969133806777e-02 1.212620641051074116e-01 2.964043304665088807e-01 8.797835701916967288e-02 1.251378356119346724e-01 8.650471090682239350e-02 1.813820126868164739e-01 1.513890763967128961e-01 8.717334411439602027e-02 2.561764020210920423e-01 1.796607059521761751e-01 2.029456743721747836e-01
1.729823621797571820e-01 1.362785212142734459e-01 9.900717321578902941e-02 1.734498024485197631e-01 1.851520089699821292e-01 1.362702142766755997e-01 1.406874480573368502e-01 1.848295456517916879e-01 9.433518717665632936e-02 2.437672296515884518e-01 1.066293020521505014e-01 9.464817514108241070e-02
1.576729011930814994e-01 1.082997756132557249e-01 1.395593966655296891e-01 4.529637289260637217e-02 8.842712882727751800e-02 2.976329168247023316e-01 1.388609690894750670e-01 2.264018492723376408e-01 8.630497401386129364e-02 1.765799813827816089e-01 2.689974498263581482e-01 1.096152386132649703e-01
2.282900101155851957e-01 1.509754437501043545e-01 1.484555635868208268e-01 8.145653415561296407e-02 1.255981345290818896e-01 1.749330835520240268e-01 6.837652824477034874e-02 1.465080577362177505e-01 1.174135664152629044e-01 1.831152241857218477e-01 2.380064268920626946e-01 1.188078168247237165e-01
6.925950811686716613e-02 8.138071404517363550e-02 1.919122589017092650e-01 2.907070019018671014e-01 1.173193233832369592e-01 1.521179791134961712e-01 2.580249632170284468e-01 1.490917892380473619e-01 1.747042298653083969e-01 9.539233586385791053e-02 1.475578801048186839e-01 8.948365474207511938e-02
1.854478279714751321e-01 7.963248977502490611e-02 2.482786593990553847e-01 1.782150596213656346e-01 1.012310011579366370e-01 7.445242229591281236e-02 1.522207616228705984e-01 2.604088485281336740e-01 6.174773523575587120e-02 1.956457753230917695e-01 1.536171793199551383e-01 1.286199466395554214e-01
6.101550504820215520e-02 2.136979760175487519e-01 1.073938440692337321e-01 1.500746144595552500e-01 2.575904875026426288e-01 1.142862137558058044e-01 1.687794349858654508e-01 1.473952092878926257e-01 2.313292229866608096e-01 5.673117882780435300e-02 1.647887743387282666e-01 1.388184924296531342e-01
1.317085317596142779e-01 1.100132409345431217e-01 2.311757865636072662e-01 7.964805012300325837e-02 8.726309036688453813e-02 1.845080405857918715e-01 6.451489110210734124e-02 4.238965033851825326e-01 5.445783852843037037e-02 1.695127122123039620e-01 1.720462041210487070e-01 1.824143362617185737e-01
2.239489448094971746e-01 1.358375643914456476e-01 9.680403477875683393e-02 2.008842500570484080e-01 1.063106700508555658e-01 1.271758589971906384e-01 2.161214520949177043e-01 1.402034854390733498e-01 1.055934670679843229e-01 8.107110696923928994e-02 3.009252467122992547e-01 7.966189175257638866e-02
2.000413089188156912e-01 1.573022700451901512e-01 2.168547460134929161e-01 7.904370208640083828e-02 1.991850810867946686e-01 2.144110472435488968e-01 4.637995818559303984e-02 2.310544440797151211e-01 1.213490190517621803e-01 1.001168971049512940e-01 1.774380657852790977e-01 8.110534167037393438e-02
1.642158458591120584e-01 9.885613029093279214e-02 1.422812630908010523e-01 1.216473686288380013e-01 1.580627879752739828e-01 1.845631658023364485e-01 1.265836796411617948e-01 1.563274567009681759e-01 1.216771060363957130e-01 1.071754192082839119e-01 1.828048333646165868e-01 1.791078702113269305e-01
1.687827249292351839e-01 1.292536718216527325e-01 1.785472581443115214e-01 1.428754563132692557e-01 1.167133250977437781e-01 9.396180075584742442e-02 1.386750157109024051e-01 8.384379505982283987e-02 8.683792496914732872e-02 3.302484870832033126e-01 1.767843845636538624e-01 1.516070889648012954e-01
6.757078839231482614e-02 1.668783500330932312e-01 2.494009026309348120e-01 1.465136311058902741e-01 1.255019554771699131e-01 1.840421422909677973e-01 9.617652665454208549e-02 1.808192666654074299e-01 1.225953184074363295e-01 2.118379291761668115e-01 1.725863495627281974e-01 6.962165790150263989e-02
9.293345393040630675e-02 1.734993283410103393e-01 2.732375666360570277e-01 6.737871173856187224e-02 2.141737340948041968e-01 9.708108102879085821e-02 2.145956404886569524e-01 7.620005140393258658e-02 9.278761919852920870e-02 2.121977595537013483e-01 1.155767679885699034e-01 1.983352440513136417e-01
1.753259760476431062e-01 1.403586215126416126e-01 1.320332083623467767e-01 1.649321500772016336e-01 3.698024824741159150e-02 2.179278693968651481e-01 1.477995769594351583e-01 2.994658491259303279e-01 1.346850510612883633e-01 8.978464786266940334e-02 2.080403309342497564e-01 8.193974889096204695e-02
8.695809339549720463e-02 1.241003261830888882e-01 1.353097998011110470e-01 1.278802199860252231e-01 7.840234662537910737e-02 1.481413492814930011e-01 9.985990189269666750e-02 1.397400391653664531e-01 1.397245027454103172e-01 2.446007068331556844e-01 2.307100517499227621e-01 2.346648039064372082e-01
4.052937061650562639e-02 1.877103571325519638e-01 1.457252692728005505e-01 1.016167857104279537e-01 1.886594461382697097e-01 2.602900908873814756e-01 1.130104007405004080e-01 4.952023200249675711e-02 1.329042314079984244e-01 2.332467805294383134e-01 7.984459388790875189e-02 3.710956175614828489e-01
1.043204712991634003e-01 2.336294234025195482e-01 1.463851498887649982e-01 7.087545144838257316e-02 1.639806390759458721e-01 1.511573227847361200e-01 1.290872814740056385e-01 6.381786970112990343e-02 2.374568006434519263e-01 1.056595970829633385e-01 1.432213380479472609e-01 2.612599403205662085e-01
1.658341145386725557e-01 2.240215193584455255e-01 1.922880424627594342e-01 1.804725654300683990e-01 6.340475982523620380e-02 2.200984282890544319e-01 9.158859591176542192e-02 8.892972654511555053e-02 1.384419494479690038e-01 1.389131369162316110e-01 2.017823542165471384e-01 9.010998729053706913e-02
8.775902025382882610e-02 1.340352464381353026e-01 2.635705257716937644e-01 1.082854930440422525e-01 1.156459019673439781e-01 1.493330603334684648e-01 1.729641596657716940e-01 1.181193213984319396e-01 1.523667578684743951e-01 1.970235801649758423e-01 1.274134551069703025e-01 1.390831287332391641e-01
1.497872831235387281e-01 9.353008748520805216e-02 2.287115443568361328e-01 2.174839662409869812e-01 1.673241679969543760e-01 3.123508683436934316e-02 2.872385805182233742e-01 7.694661178967231174e-02 7.483237332182673951e-02 3.427240431955566047e-01 7.247077203186259864e-02 1.700482734129486750e-01
7.757748898813231209e-02 3.039782785983015101e-01 8.316598050120041496e-02 1.609771170288574471e-01 1.245135476351129505e-01 4.366891054810374123e-02 1.506724537340238812e-01 1.481116398809584622e-01 4.183157693160227675e-02 4.401872884026207244e-01 6.802339416233671443e-02 3.777893816684647077e-01
5.006655760572593927e-02 1.974545410065888240e-01 3.067565249045468567e-01 7.050940241924218144e-02 2.241042585163121603e-01 1.088040191545134316e-01 1.492996690300059937e-01 1.965028127763472354e-01 1.143521316061450188e-01 1.113456266632636138e-01 2.425386337255911462e-01 8.292462115813303836e-02
1.530089359389580350e-01 1.407862405100744063e-01 1.950601703107114893e-01 1.149699344513382127e-01 1.204321356251645686e-01 1.136776055561889015e-01 1.219417812107268656e-01 1.149610605554465675e-01 2.332321339636725943e-01 6.411028270012196495e-02 1.713956761976477561e-01 2.387506424097864677e-01
3.023053734087798317e-01 1.616539774431546006e-01 1.036295515652616156e-01 1.230496830958225235e-01 2.717830163178291403e-01 1.681137679383925276e-01 8.879053604012532297e-02 9.582576745927240403e-02 1.776885976229534703e-01 1.851496757882599431e-01 6.774686175398671184e-02 8.481482383440414052e-02
1.374606533562910404e-01 4.181919334964864232e-01 1.410600896612897170e-01 7.944994321551562821e-02 1.843062270759120158e-01 8.505371135764090706e-02 1.349599309666399405e-01 1.237787116244121327e-01 1.440657126810924449e-01 1.231924539550582204e-01 1.031460306351247719e-01 1.596127404340602907e-01
1.950810111565787208e-01 2.196072526775188494e-01 6.878702184311250023e-02 2.041749787743482036e-01 2.018257529267307171e-01 5.502061019732479297e-02 6.912917348813918395e-02 2.969773597604743465e-01 1.817725648831887975e-01 1.987154838370533694e-01 1.339818006654271421e-01 4.869569283139071197e-02
1.395427599702976362e-01 1.323709152866714978e-01 1.416953426939309701e-01 1.637232573970307248e-01 8.699993219908218334e-02 2.803850837951090691e-01 8.606589911258236136e-02 1.249692969868966691e-01 1.524416480409385433e-01 3.410978684787317472e-01 1.049930263287766757e-01 7.675002000524494550e-02
1.449255723050700828e-01 1.092749296987486490e-01 2.390627597704053989e-02 9.970474536102255647e-02 2.382310346777420651e-01 7.739531218675627100e-02 2.984136638471410197e-01 1.404370487729221795e-01 2.811902237375851765e-01 1.475526782994029951e-01 2.197159022389415794e-01 1.025969394737598350e-01
