4.154421565875446865e-01 6.229247224015219686e-01 3.707819626834240045e-01 3.710957932302741957e-01 3.966689811234573870e-01 2.838404553293464860e-01 4.713187377332571648e-01 4.739575643805582494e-01 4.185927420300954993e-01 5.177836399948272383e-01 2.656459082318503029e-01 3.919473362738342681e-01
5.470581539788974546e-01 3.943083244102296159e-01 3.095827476572912129e-01 5.963013490799535798e-01 2.496458065729313947e-01 4.328463471438946386e-01 4.837977344093172816e-01 3.844233327906338982e-01 5.102738112363539580e-01 2.879226712092793905e-01 3.768695653064872975e-01 4.269701562047952814e-01
5.240947536801409123e-01 3.718728842983365923e-01 5.553832288327303912e-01 3.711584372804993537e-01 5.068350643820653811e-01 3.813723844089963455e-01 3.321737250912353279e-01 4.591624395093442113e-01 3.986778957317844707e-01 4.205671102982130316e-01 3.446040136072114901e-01 3.340980628794089080e-01
3.954376016335452437e-01 3.689559509737822540e-01 5.318099396773372511e-01 5.453386806675375453e-01 5.411294690853984957e-01 1.635377541784012179e-01 4.110534450122868000e-01 4.951065443712745484e-01 3.546715639371937900e-01 4.491081387562664839e-01 3.619973032384887768e-01 3.818536084685237308e-01
4.626396022691308119e-01 4.795086959707925978e-01 2.846581921430121898e-01 5.372757321896505234e-01 3.515804566493072603e-01 4.838196151646707577e-01 3.637215452864586140e-01 3.217043501011086493e-01 5.061082718995597585e-01 2.803501277251269075e-01 4.780934002856453979e-01 4.505400103155565161e-01
4.439050552485374057e-01 3.917440811850518845e-01 4.431824131075435824e-01 6.384517331658372541e-01 4.603089052205702747e-01 3.888824828008078383e-01 3.694032164908109817e-01 4.416826705906460870e-01 1.936285695852141275e-01 3.445548600084857305e-01 5.021771607936236226e-01 3.820788518028727099e-01
3.916370708578055804e-01 4.006305482847457577e-01 3.874624204384372606e-01 3.813199938438352476e-01 5.176238241657431516e-01 3.052744802952080949e-01 3.505641820418922139e-01 4.452076233296825558e-01 4.822052151471638570e-01 3.762723714417038900e-01 4.230121253415000115e-01 5.387901448122709436e-01
3.653490431649158987e-01 4.810159772179413706e-01 2.078437147557415376e-01 7.704454294562412819e-01 2.776920036950247805e-01 5.239406352127911060e-01 5.065205661410664417e-01 4.218481418939524774e-01 2.070460547204249213e-01 5.809790917327167792e-01 3.382489131991525122e-01 3.190704288100283947e-01
3.829478167717236259e-01 4.983731078275707715e-01 4.770057283894342248e-01 2.570697703218659536e-01 4.963792650256794170e-01 4.165528692279116818e-01 4.120455409652674095e-01 3.951104360595941722e-01 3.146265818154360128e-01 3.232587337397883620e-01 4.722548319563235619e-01 5.543753178993960917e-01
3.668944180540692490e-01 5.234058270158707948e-01 4.861550423191361436e-01 4.295665816597991626e-01 5.043108440836883144e-01 4.545318659134545136e-01 3.660881413321255273e-01 3.687026152418798608e-01 3.612764600593271203e-01 4.959979760294945250e-01 2.981242943320200345e-01 3.449459339591669504e-01
6.004349149670589192e-01 3.993171440379935655e-01 3.370333368970849230e-01 4.701308851307199888e-01 3.235220258317373920e-01 4.679740010713507314e-01 2.159933920369757343e-01 4.235820412036366833e-01 4.938036607962482116e-01 3.759310246717378901e-01 4.974073305130339295e-01 3.948702428424341049e-01
4.584092431045138083e-01 4.798312828357486626e-01 3.076045684804802338e-01 4.462143474212755812e-01 3.480575326099821787e-01 6.047170475601195694e-01 2.484473191415626503e-01 5.871070176213020186e-01 3.704471061416195754e-01 3.459712729466722925e-01 5.779541793002900274e-01 2.252390828364383979e-01
4.900246804820197477e-01 4.633762126375838286e-01 4.220314848885558523e-01 3.690365961806575945e-01 3.696533199748495147e-01 5.180424559705726351e-01 3.918634667174510922e-01 4.603783179696608885e-01 3.485233052992993685e-01 3.271366587560363692e-01 4.534578743479429352e-01 3.864756267754011487e-01
3.351358087907853056e-01 4.391364872672270936e-01 4.083832284167394078e-01 3.201124409920036440e-01 4.315469212773924701e-01 3.905978904654920925e-01 4.821167325221880073e-01 4.469122728868955008e-01 4.340950156942021132e-01 3.289000866013664925e-01 5.465548007557206045e-01 4.365083143299866020e-01
3.745471332777530193e-01 3.498369923829666162e-01 4.020688038061919212e-01 4.736739205454152390e-01 3.520273736909749207e-01 4.161058994176119463e-01 3.649957378261990959e-01 4.921386972835388729e-01 3.814095123373068552e-01 4.424096204846560965e-01 4.311308130495552504e-01 5.196554958978636396e-01
4.776055126217784719e-01 5.370965732783876678e-01 2.810225331124464043e-01 5.220178388568670336e-01 2.250388669916455475e-01 5.816951944855721646e-01 3.835152250289485254e-01 2.671310357967545124e-01 5.235381200844761995e-01 4.763439131388834680e-01 3.802292914269856383e-01 3.447658951772493152e-01
4.200870806493730014e-01 4.864042196230494719e-01 4.542494064139152021e-01 2.524452196891069367e-01 3.386632539463878544e-01 4.342461721945292674e-01 4.804087885935058311e-01 4.766653667407589889e-01 2.838430657307257632e-01 3.213166685002410983e-01 5.737974254120883355e-01 4.778733325063208581e-01
3.893065808757229518e-01 2.557630136199954274e-01 5.916280174693948624e-01 3.970645316872426500e-01 3.344339743851786340e-01 3.321826440783421930e-01 5.482545894611443593e-01 4.738831451772076431e-01 3.698421909442846101e-01 5.031887124629360608e-01 3.528798160375591353e-01 4.515727838010153983e-01
2.785158488216281647e-01 5.722713571089010909e-01 4.144487552421809440e-01 2.781762418428578298e-01 5.659692063474022206e-01 3.302096283187671011e-01 5.004943294773587237e-01 4.515950805227693654e-01 3.298013945380633971e-01 3.746410163374581659e-01 3.142664495568071592e-01 5.896106918857986212e-01
3.822997986225842304e-01 4.198530615247162423e-01 3.395322705943808472e-01 2.821796156521289012e-01 6.320810506732033041e-01 4.059486569385722943e-01 4.336843249099812114e-01 3.652809715337712593e-01 4.657729246057201733e-01 4.612937382470799763e-01 4.152272840552430067e-01 3.968463026426214402e-01
2.610041131552934823e-01 5.213440618699400897e-01 3.698275391673359613e-01 5.376086420091142903e-01 2.515975074594093419e-01 5.040436325867914125e-01 4.000822387931095570e-01 2.744442699461744906e-01 5.130014144189803948e-01 5.000016551083188432e-01 3.549507624381066373e-01 5.120941630474169504e-01
2.509955226366583081e-01 4.913977559527464845e-01 4.456163205871275235e-01 5.060872818061847855e-01 3.464479631636646073e-01 5.944109245209456827e-01 3.372440712382469563e-01 3.309273052757966127e-01 5.641426893432831546e-01 3.931712577025759936e-01 4.780121178039519747e-01 2.615467899688247999e-01
4.058572434493482595e-01 4.335928192363185385e-01 4.892580341642309150e-01 3.431303167134778231e-01 3.393922635307347058e-01 5.798691641927917750e-01 3.452551007740629618e-01 3.496888691101289748e-01 4.367400951644693219e-01 3.492757880660102288e-01 3.537958345452951181e-01 5.741444710531138362e-01
4.104039280109276211e-01 3.412817936838025701e-01 3.938356176084003568e-01 4.238780368785203256e-01 4.717940425424809181e-01 4.400086226470487638e-01 5.429787649713695430e-01 3.466097663741953827e-01 3.711333880098434124e-01 5.047279271276249313e-01 2.893939779045866523e-01 4.639541342411653280e-01
5.253084633253973790e-01 4.475857672299439205e-01 4.714611362440135345e-01 3.364009783126220010e-01 4.536801844253479654e-01 3.472086041654726674e-01 3.868626631863833487e-01 2.678424105326123739e-01 4.006599097198120241e-01 4.020161977767983119e-01 6.198270566764394474e-01 3.411466284051750675e-01
3.745999517984087701e-01 4.556840460522655345e-01 4.443158441484237331e-01 4.098841716716404848e-01 4.695163620120476056e-01 3.746924682505791138e-01 5.288265164932322016e-01 4.288928720142755058e-01 5.044258351663208906e-01 3.634590728575806118e-01 3.199734261034578031e-01 3.257294334317799578e-01
4.371207932525212336e-01 3.925564577966632607e-01 3.447770615488160439e-01 4.062058260237390583e-01 4.933620625741695354e-01 3.679820118843456500e-01 4.037922203763129603e-01 4.921237429417092413e-01 3.534431725767256949e-01 4.054557095949170575e-01 5.090115161914706698e-01 3.941694252385863351e-01
2.927124769544299787e-01 3.327416229675247417e-01 3.920195281395597586e-01 4.136947364417070117e-01 4.040140336515868902e-01 4.434064640112052036e-01 3.989125664791985937e-01 5.261698156788384706e-01 3.114498370980615105e-01 5.583300107279711710e-01 2.698866190827679534e-01 6.566622887671166309e-01
4.776284836749440377e-01 4.273088120766411757e-01 3.755323699124247239e-01 3.464947427088215237e-01 4.875920632798088628e-01 3.531466516460534111e-01 3.551715892310964851e-01 4.728253349598666722e-01 3.345086837436017646e-01 5.612697287785513023e-01 4.472262063569341084e-01 3.612953336312152430e-01
3.945422138044064053e-01 3.481099484362245589e-01 4.633632743241607455e-01 3.707936725342161344e-01 4.712127277747909515e-01 4.782944590632037807e-01 4.835883282658255400e-01 2.825791260614273770e-01 4.596325347660053517e-01 3.220388354226297878e-01 5.157896574638849430e-01 4.100552220832425765e-01
3.457196836042283339e-01 4.467201028883074354e-01 3.328699623817779063e-01 6.785307541962910527e-01 1.657948089370885891e-01 3.489861378722168839e-01 5.564972777131973469e-01 3.797089486365690103e-01 5.277102300950694547e-01 3.310527877287665066e-01 5.320369757036086389e-01 3.543723302428585242e-01
3.836534353412037746e-01 4.842497869933399257e-01 3.615063581605904020e-01 4.138298963886384851e-01 4.771124256719877499e-01 4.116768100732971503e-01 4.255601519390249665e-01 4.291449212884101971e-01 4.095455134589883750e-01 4.610145169229225015e-01 3.166825721184669540e-01 4.260236116431135867e-01
3.764971313275271569e-01 3.334828747054488507e-01 4.753343181151444830e-01 3.627527621137996983e-01 4.521204536064278301e-01 4.891762841450841837e-01 3.343923090971785417e-01 4.138492432482577810e-01 4.297032648648410058e-01 5.164177616748399924e-01 3.995741664758066247e-01 4.166994306256400771e-01
4.344190698244952409e-01 4.284211688597203138e-01 3.503978759224734563e-01 5.988423275525938116e-01 2.425742600329487964e-01 3.045314960189151599e-01 6.148860880153841357e-01 2.641225393507888874e-01 3.677193424395359123e-01 4.784876937228036420e-01 5.064274290785342192e-01 4.091707091817569086e-01
4.926106457045449361e-01 4.018008164386434045e-01 2.847508472088869924e-01 5.784509238388426677e-01 4.178338209458770103e-01 3.141611255140982495e-01 2.738932797525969187e-01 3.960764913271168641e-01 4.990016004361531032e-01 3.532902248881173435e-01 5.133162379866944569e-01 4.748139859584429301e-01
3.002148560590685022e-01 4.166956432734770788e-01 3.637049554782725291e-01 5.016391585314141643e-01 4.322312892373190718e-01 4.296292416678557102e-01 5.016316725174763125e-01 3.546192742413440957e-01 3.886421032036307954e-01 5.072781643019315112e-01 3.130034442927228655e-01 4.907101971954753727e-01
4.804307983900226731e-01 4.736152454038456971e-01 3.893683019905466169e-01 4.194713491528361260e-01 4.554949489343301794e-01 3.502915196925555641e-01 3.890884329354113991e-01 5.266140225525647311e-01 5.396597350578395957e-01 1.606399113889492025e-01 2.391960444784425599e-01 5.761296900226382522e-01
2.479155673621973033e-01 5.396097507244168590e-01 4.620572773744473505e-01 4.866804864110412798e-01 4.328540456289096117e-01 3.206873904231414274e-01 3.539762286400869873e-01 3.333628965527515309e-01 4.129780674908410942e-01 4.237536616001305045e-01 4.377802720646264967e-01 5.483443557274099156e-01
2.337130897805786978e-01 4.427050151749176710e-01 5.629302215869572690e-01 2.882648686792630977e-01 5.146057297287788268e-01 3.682593122046284861e-01 3.703580812803266564e-01 5.564501042602881808e-01 4.071001787594128452e-01 3.637763628848066366e-01 5.365792601837002795e-01 3.552577754763550644e-01
4.106691813473541952e-01 4.261362556056906836e-01 3.278722389647805713e-01 3.782490466233741633e-01 4.816973156688365010e-01 4.967267850219990732e-01 3.331538705168621828e-01 4.559552162904138006e-01 4.098011148003815052e-01 4.761966349690168188e-01 3.575896833640669348e-01 4.459526568272191294e-01
5.039244791875585605e-01 4.210407134676331653e-01 4.411021339831601162e-01 2.187869176638869984e-01 6.136547681438850876e-01 3.124814669853777094e-01 5.170136876968476347e-01 4.256856098413825396e-01 3.635749741268523572e-01 4.588650496133990786e-01 3.078212336298309371e-01 4.160489656601627506e-01
4.649093141908475224e-01 3.723664932383349280e-01 6.719640150608462426e-01 4.263506079471647836e-01 3.687863202624293568e-01 3.397307354023638148e-01 3.314687273860222883e-01 3.618294727106807773e-01 4.623422149818649518e-01 2.005490584284463917e-01 6.718556864603927314e-01 3.278473539306127060e-01
5.173843983912411737e-01 3.397928876995556235e-01 3.231020966482005541e-01 4.588382985323665175e-01 4.782259833618140998e-01 4.996978888398681540e-01 3.880910448952078484e-01 5.868459087135067254e-01 2.459919605363228290e-01 4.664126798784246075e-01 2.779237949633017180e-01 4.176930575402304502e-01
3.674501746842530059e-01 4.176853959264534843e-01 3.918089199236430842e-01 4.988598463326341936e-01 2.594362306608259949e-01 4.612376826760136161e-01 3.864416918515792276e-01 3.611894490818013392e-01 4.481768483598801422e-01 4.417443977030867108e-01 5.828216358215518866e-01 3.831477269782674333e-01
5.093067411114138299e-01 4.538243630082774427e-01 3.766232853793692881e-01 3.353874689975172019e-01 4.363507496555002474e-01 4.352996038413121105e-01 3.790124463809465549e-01 4.102283521509714759e-01 2.985667405986915379e-01 5.495944374669990973e-01 3.391468703958105402e-01 4.766589410131583104e-01
3.455794463621617574e-01 4.946448405162754414e-01 5.404716734877245132e-01 3.776068639084634859e-01 3.719971310285484778e-01 3.607084688959200092e-01 5.148934665506936792e-01 3.889191713618843638e-01 3.259465947888297022e-01 4.168515023349984583e-01 4.336591836182711046e-01 4.287216571462217907e-01
3.382299876871927569e-01 3.151939974935560329e-01 3.075154088811065112e-01 4.157622011652644112e-01 5.804166389216409705e-01 2.908662328170422695e-01 5.724004883604871807e-01 3.836608979771027883e-01 5.740234424787633571e-01 2.704684925271026996e-01 5.103610456303945275e-01 4.411011660603534890e-01
3.773944181006818055e-01 3.808150046640872977e-01 5.312689523177089868e-01 5.604949462291649587e-01 3.447503998134757164e-01 3.359722628225376706e-01 3.926833381392031974e-01 3.639014493825580843e-01 5.623009906114170287e-01 2.479342838387573189e-01 5.942861107033108325e-01 3.081978433770862780e-01
4.144134811021402687e-01 4.992032078256309902e-01 3.988171832099701164e-01 4.877058905214071149e-01 4.154750915008700862e-01 3.232562480339575828e-01 3.860270027593166731e-01 3.803771521460835303e-01 4.456937848434877614e-01 3.987724077177330351e-01 2.413387182043720824e-01 6.089198321350235421e-01
3.338378592990888238e-01 4.575517872086970472e-01 2.749909619884176593e-01 6.496627323112640351e-01 3.342917368896926589e-01 3.692031490884910561e-01 5.434006644234732342e-01 3.502631334329723289e-01 4.502823062246371633e-01 3.733035190076455789e-01 3.482149808144512915e-01 5.149971693111864424e-01
4.417439915705408948e-01 4.546338775157706125e-01 2.116012934652976019e-01 3.202927143520222231e-01 5.548596038713290435e-01 2.684092188998430939e-01 4.643340717927519901e-01 4.527888316621757614e-01 4.447962934595334206e-01 4.217784550240916697e-01 3.545504578282046571e-01 6.102111905584667317e-01
4.406293913092191872e-01 3.263191757216437061e-01 5.009402786702717991e-01 3.328357069660442535e-01 4.052360052020701486e-01 5.395556733581057252e-01 2.906772693559481757e-01 5.140685010700634106e-01 4.426967928105784988e-01 3.990655239318449676e-01 4.103677246906906606e-01 3.976079569135247960e-01
2.826262235818398083e-01 3.949330945370109758e-01 5.131430878914922111e-01 4.060599169738662306e-01 4.386818758171622257e-01 4.662243460882651847e-01 4.498050947421383672e-01 4.285511097209415698e-01 2.605332630817245310e-01 5.570117676060944989e-01 4.760096309688674476e-01 3.264205889905870128e-01
2.685715874848079721e-01 3.312123231345858176e-01 3.602369233503276424e-01 3.371564545482770847e-01 3.538377707566521813e-01 4.766399087458288997e-01 4.237200456015631778e-01 5.399500053342427552e-01 4.926242242181476660e-01 4.507811523159973577e-01 4.598591271202198127e-01 5.054104773893397518e-01
5.517789064769840213e-01 2.787311094489008934e-01 5.653448132088396694e-01 2.591063268154082389e-01 5.318033484053830140e-01 2.829777675772338075e-01 2.849189545341037078e-01 6.769578760012532337e-01 3.856967006347756799e-01 5.395242219156467511e-01 2.691428915817765111e-01 3.740170833996885325e-01
3.693082065675812320e-01 3.792515763850689003e-01 4.664053314278622797e-01 3.492697527863347640e-01 4.989682152741348187e-01 4.548163628739648745e-01 2.841643236347126122e-01 4.228282921622981139e-01 5.577107262957907707e-01 3.200044706908999892e-01 3.553691794028448481e-01 5.419035624985236721e-01
4.652295842412970672e-01 3.685750049816833296e-01 6.281463480853780590e-01 3.268012747975825860e-01 6.248867647350406784e-01 3.641305352330321266e-01 4.229111678120356377e-01 3.392047369144893798e-01 3.788421780536576633e-01 3.237191425370986031e-01 3.885777683695653684e-01 3.689754942391376691e-01
3.865145209973825935e-01 4.051649490123121478e-01 3.445159770222607221e-01 3.754779494197379441e-01 4.445445001601548984e-01 4.027998839750950855e-01 5.591090422794173787e-01 3.816667438016950742e-01 2.697457518579252644e-01 6.520180332226058750e-01 2.965621834536277257e-01 4.818804647978005562e-01
4.895228577274823856e-01 4.096113541577581785e-01 1.558640538404863773e-01 2.864728849791475795e-01 4.916225360208905659e-01 3.861652702356722089e-01 7.007499878740653942e-01 4.011846670684333649e-01 3.057494087380435155e-01 6.261672009255889737e-01 3.666946215887853522e-01 3.801951568436619522e-01
2.517931449442776803e-01 6.646863594208494153e-01 2.240725999537336310e-01 4.088154597468819929e-01 3.986458126479757724e-01 4.169934993951143198e-01 4.421735292939770745e-01 2.646180617763810305e-01 3.810788446202008073e-01 5.626470153183611433e-01 3.714062703616624050e-01 6.130694025205901676e-01
3.343046492265528968e-01 3.117054391413098813e-01 5.358152550175514506e-01 4.375521865311386982e-01 3.900416580447550463e-01 3.434238256254156241e-01 3.395519612385606845e-01 5.271030066035395922e-01 5.226367436155070489e-01 3.935148019220105486e-01 3.101196283973630674e-01 5.542308446362773644e-01
4.815148097266858107e-01 5.046809652284389713e-01 4.094019166036101387e-01 4.690234167451803882e-01 3.778128563013516406e-01 3.964449653066979273e-01 3.165590773954274906e-01 3.982957134283917622e-01 4.359324353888192616e-01 3.453786323044767403e-01 4.610815797047153608e-01 4.038736318662033420e-01
3.462493762001981334e-01 5.694699843637444081e-01 2.800270259043984300e-01 2.824810071210226980e-01 5.801076007898745557e-01 3.327255732835429636e-01 4.645373056809971590e-01 4.575863997371124037e-01 4.259472438116779780e-01 5.776178839486831862e-01 3.463146831979665996e-01 3.369359159608102394e-01
3.694393950760594958e-01 4.160020639046593249e-01 4.574350739156723966e-01 3.503490873162974362e-01 3.175611628318340540e-01 4.931469107308556477e-01 3.181703539181992002e-01 4.998819580949259711e-01 3.691474774347953680e-01 4.435185564778652001e-01 5.479152424854023540e-01 4.174327178134427663e-01
3.353676053658203315e-01 4.493548868719471900e-01 3.501454454739373334e-01 4.452203380890031315e-01 3.822373360755024208e-01 5.826901826192867340e-01 3.145556698778806948e-01 5.775619300037683201e-01 3.381473550074990397e-01 2.884069531768598260e-01 3.800295499693003842e-01 5.562827474691707241e-01
3.135340190333454347e-01 5.153280203941065230e-01 2.608649109042516789e-01 3.678703810985892164e-01 4.356919203644351590e-01 4.057658281754265017e-01 4.622291310041794499e-01 3.902005133901508271e-01 4.464595284176338108e-01 4.952430321098335586e-01 6.530315240020362344e-01 2.537811911060118275e-01
3.291252875782090803e-01 4.073721910802448054e-01 3.412269158839450478e-01 6.586531628732563703e-01 4.805108489839894359e-01 3.673093201208718073e-01 4.823925910294083463e-01 4.530592628028405899e-01 2.758393286786100518e-01 3.738816827502353668e-01 4.426655305933564488e-01 3.879638776250292631e-01
4.640942248065045850e-01 4.370934560827584026e-01 4.539650167142892934e-01 4.778576979433651339e-01 4.614459586276653535e-01 3.129526933795941934e-01 4.468986849194216404e-01 3.450996517638147409e-01 2.403957101805267171e-01 3.092528781988222453e-01 6.283945325370150492e-01 4.225494948462116818e-01
3.806392721025487758e-01 3.021392796590349761e-01 5.957583853109180705e-01 2.059534148256620956e-01 5.693145650004749481e-01 3.167985144429371624e-01 4.344993041886320295e-01 4.131150047723730623e-01 4.377755772267734047e-01 4.901427067815369298e-01 4.667723402263530552e-01 3.870916354627389477e-01
4.921099312886851873e-01 3.795560256964530810e-01 5.215411019832093542e-01 2.960273717014197392e-01 5.207426452209927836e-01 2.409893421715410822e-01 3.347690839683140629e-01 6.124711992179681097e-01 3.796992653016876273e-01 4.377242744135540486e-01 3.633637947764289389e-01 4.210059642597423490e-01
3.327827167263169850e-01 4.386645540248345077e-01 3.553666768304513113e-01 4.628554437662931731e-01 4.588823873115348562e-01 4.554609960872011976e-01 4.634649639269888821e-01 4.628659068587248626e-01 3.983368669360783376e-01 5.153270798089802929e-01 3.593386581401378788e-01 2.966537495824770332e-01
2.725071620926506899e-01 3.899993922871217711e-01 5.724093565694154950e-01 3.341796058708782491e-01 3.924550678525413061e-01 3.308772021310982803e-01 4.627615237361460410e-01 4.280514191286722281e-01 3.329108214589528436e-01 5.374610483618328383e-01 4.602769853428230196e-01 4.861104151678762864e-01
4.521888804364537773e-01 4.074069494388609658e-01 3.521518419283162782e-01 4.534099278154802848e-01 4.662948098779272632e-01 4.078798168119141532e-01 4.130029856185186699e-01 4.664751508757090104e-01 3.442845904559282966e-01 5.256997045936173674e-01 3.652981246389578329e-01 3.459072175082879008e-01
4.352458457026193717e-01 3.665257730828336280e-01 4.131580424789358386e-01 2.443913708703707721e-01 3.392329685437966424e-01 5.733658155781280463e-01 4.111322391496414208e-01 5.094687696054717163e-01 3.309775278494935802e-01 4.583305830164751127e-01 5.489398358644179687e-01 3.692312282578141813e-01
5.115522689825088287e-01 4.262585605311881576e-01 4.232836681249358968e-01 3.217887971035401362e-01 3.935262625127786129e-01 4.555307439645255307e-01 2.960205762538297702e-01 4.212453030805166643e-01 3.809412567270969441e-01 4.651833581371362936e-01 5.210639781944939042e-01 3.836052263874724089e-01
3.005629621724333900e-01 3.227891564527625712e-01 4.745884422543393821e-01 5.675587838957291131e-01 3.819207330980063930e-01 4.289655282376230172e-01 5.393888324994722261e-01 4.242930104014901449e-01 4.552290634350952825e-01 3.457181301831214748e-01 4.221289985736704775e-01 3.368563587962387640e-01
4.673515571354951992e-01 3.184031845029091645e-01 5.303609945347457222e-01 4.588060035483740862e-01 3.567016135431118617e-01 3.090101648692118452e-01 4.289357498774619692e-01 5.414622944569802421e-01 2.822868466781992547e-01 4.790261673257494857e-01 4.302942736248979716e-01 3.973611499028423255e-01
2.809200979684848276e-01 4.966702288295995471e-01 3.663153646193848534e-01 4.270813642535575827e-01 5.390522518127318641e-01 3.765608766546904018e-01 4.486575184221572310e-01 4.214720090650290185e-01 5.146347505008046497e-01 2.708923253862947078e-01 4.450561879835342460e-01 4.126870245036821094e-01
4.024390354110439771e-01 3.700465616589898032e-01 5.133081462222449654e-01 3.204318857919387087e-01 3.343439738366468239e-01 4.671822272842129364e-01 2.881448837173731237e-01 6.687059603192462287e-01 2.660913459836011796e-01 4.523159823644911648e-01 4.525629685235071920e-01 4.644270288866885199e-01
5.077296586191115679e-01 4.080070714902668816e-01 3.493642563616695673e-01 4.828856326860163084e-01 3.640921716731984059e-01 3.956638754061677643e-01 4.990421361783742293e-01 4.124144338286208078e-01 3.645483676296696340e-01 3.217814023158972470e-01 5.759172770175328138e-01 3.185537167934839875e-01
4.832242158476156568e-01 4.339353796071915847e-01 5.002711550281411235e-01 3.180599686456648256e-01 4.829157924269575908e-01 4.996523492726516746e-01 2.457149866159787643e-01 5.145505449591357694e-01 3.879619445215766738e-01 3.550409241957115380e-01 4.580343460180077431e-01 3.206383928614113810e-01
4.429558055218104085e-01 3.515942820112385458e-01 4.149630215185730053e-01 3.866915489828592345e-01 4.353299804274394225e-01 4.658775734866304474e-01 3.940193090677887588e-01 4.325613064148664533e-01 3.868659937173085650e-01 3.654099876552269199e-01 4.640668337603907068e-01 4.596643574358648676e-01
4.480784537174198889e-01 3.976872848135318828e-01 4.589995556329891646e-01 4.156351673094638710e-01 3.801676759798321426e-01 3.437062263630784598e-01 4.102856332138035134e-01 3.269745485635203730e-01 3.337213187672422032e-01 5.996916562382784699e-01 4.576771493859724815e-01 4.273753300148350753e-01
2.958287799264595064e-01 4.468607736522664520e-01 5.310722885760288392e-01 4.218633154779076744e-01 3.925110483801779182e-01 4.652954797689968780e-01 3.468966669496083566e-01 4.619253419298159358e-01 3.884941883073506075e-01 4.952376154703242994e-01 4.530498722798296241e-01 3.009646292812412360e-01
3.427638710797534793e-01 4.548107246605196385e-01 5.534950792618593685e-01 2.941588859975279302e-01 4.977691826820906940e-01 3.485448824755674746e-01 4.978176227689007916e-01 3.131567830653004814e-01 3.439774376638843889e-01 4.948639440423795999e-01 3.778485945387841660e-01 4.807929917634362615e-01
4.560862561108340874e-01 4.136411138123531339e-01 4.025809925116391463e-01 4.464389262336473929e-01 2.195713745416241480e-01 5.035908218587589191e-01 4.236195338331866789e-01 5.757169804177723060e-01 4.080633044284551203e-01 3.378053004366776690e-01 4.906969009243768443e-01 3.221884948907172697e-01
3.322526167679999420e-01 3.910750349306583162e-01 4.051031617764432324e-01 3.967889635826951644e-01 3.155565551273799008e-01 4.230970637116466260e-01 3.528802956275280955e-01 4.125900182140180839e-01 4.121394767385892499e-01 5.270866563265997895e-01 5.138462906530160135e-01 5.175838665434151498e-01
2.301321028094772125e-01 4.726134374010757533e-01 4.208999025968407359e-01 3.582907127415781989e-01 4.705667688856448594e-01 5.410131062260231660e-01 3.767661697312036373e-01 2.556702955014432677e-01 4.059926394210693901e-01 5.174432825743857656e-01 3.193966959982584841e-01 6.312148861129793787e-01
3.617551498085083139e-01 5.163162126866900348e-01 4.220562923785696752e-01 3.009632746393818836e-01 4.429550050989911059e-01 4.260304057397933386e-01 3.996352000110476865e-01 2.863658702386265298e-01 5.200261959680080315e-01 3.635665321383724224e-01 4.181948552356893334e-01 5.421350060563377982e-01
4.460167452795205656e-01 5.076748288626532490e-01 4.749493802073828652e-01 4.634850705749823385e-01 2.854846040696594200e-01 5.030220009750948629e-01 3.408549626998824689e-01 3.363958562301960775e-01 4.099264400689555665e-01 4.104544061122308296e-01 4.842421202502437128e-01 3.374935846691822228e-01
3.330614847474709928e-01 4.054063637311719481e-01 5.437558313567942836e-01 3.675402376480925715e-01 3.783995258447705456e-01 4.238061661862008167e-01 4.524800415704952616e-01 3.819454595876933811e-01 4.283291975878731339e-01 4.793973513290099575e-01 3.950538144092380355e-01 4.108245260011751387e-01
4.259211061839347501e-01 3.449371487674464665e-01 5.124798550846533240e-01 5.012180683611581200e-01 4.517190391088404811e-01 2.020560899012955602e-01 5.657492358953741807e-01 3.177993626672445115e-01 3.134538674015691639e-01 6.093283163379970002e-01 3.050222121277932352e-01 4.503156981626785238e-01
3.141676994279239965e-01 5.791546478136391229e-01 3.264359711240124584e-01 4.415303296830095370e-01 3.940014663237909609e-01 2.407399783627249545e-01 4.291201590245489750e-01 4.285755560285032240e-01 2.353948815214863821e-01 6.799252415070693445e-01 2.951121754526036534e-01 6.358418937306433705e-01
2.570592795115238527e-01 4.812196462873402636e-01 5.810792907444058963e-01 3.007949937668804585e-01 5.074534587164635235e-01 3.678887073031221755e-01 4.251443286766265484e-01 4.783977510519245024e-01 3.770979063183375057e-01 3.721593725021558052e-01 5.243269696501879906e-01 3.273782954710259818e-01
4.297631976075740878e-01 4.134769898696287749e-01 4.772686986151595256e-01 3.770131437605472868e-01 3.854077733668618833e-01 3.744506637218906753e-01 3.883130379362731421e-01 3.771230073073125744e-01 5.159918746644327481e-01 2.870020667793435898e-01 4.530822532417030368e-01 5.211072931292730637e-01
5.770042026986667016e-01 4.396913045158930000e-01 3.602573547892130579e-01 3.895879010830565758e-01 5.511216256720903317e-01 4.477163161662253699e-01 3.353145348032469664e-01 3.475491486041785705e-01 4.581132784497671806e-01 4.667026731799369110e-01 2.963886945181145038e-01 3.305529655196606242e-01
4.094582340962005240e-01 6.648399784196609152e-01 4.158956472968695639e-01 3.181525542152550123e-01 4.655886956038550739e-01 3.278186077301366019e-01 4.061088764584314670e-01 3.896773115085854222e-01 4.174204736668205573e-01 3.890940991231290891e-01 3.588055783775784269e-01 4.371399435034498682e-01
4.788531039529841937e-01 5.029316981657683261e-01 2.980445866202109384e-01 4.874012355955698039e-01 4.850562842831570576e-01 2.690522302489086193e-01 3.018331500070269291e-01 5.728402655262707643e-01 4.637076193700639948e-01 4.813489016288378108e-01 4.072276920058198746e-01 2.517032325954051131e-01
4.111346817196747105e-01 4.022596771780270197e-01 4.145410030871940488e-01 4.430188655209528203e-01 3.318049029133259831e-01 5.584938757482997840e-01 3.301563820982441610e-01 3.933941279169451688e-01 4.284555111791283899e-01 6.083429429530848864e-01 3.644476319181938484e-01 3.139503977668942070e-01
4.194080613188224671e-01 3.729124632186159305e-01 1.805416512550145347e-01 3.602863951284115962e-01 5.217602392442264314e-01 3.145986663664304128e-01 5.741970445508244314e-01 4.129993805396566797e-01 5.598130426547365257e-01 4.221630250485143843e-01 5.028654158311121058e-01 3.584546148436266177e-01
