-3.829480578171228000e+00
-3.885433170142440051e+00
-3.907554317041593617e+00
-3.857095226488207906e+00
-3.839419325557958729e+00
-3.864625561447793345e+00
-3.899880814461025746e+00
-3.792503487028422882e+00
-3.884801695626227680e+00
-3.769514437519146277e+00
-3.823297662013731113e+00
-3.872228058402795270e+00
-3.858016942233114754e+00
-3.944792389302771429e+00
-3.885784289692069571e+00
-3.766162263500094198e+00
-3.871241083179426834e+00
-3.894606940730799494e+00
-3.951165212628755974e+00
-3.833802220936527672e+00
-3.808970910724868375e+00
-3.889618002984241762e+00
-3.852511744183753528e+00
-3.880713606030194551e+00
-3.841213151533746206e+00
-3.924767438170452927e+00
-3.905404386934063776e+00
-3.857705051802857277e+00
-4.059508807813490883e+00
-3.953619880160276434e+00
-3.851756271569508172e+00
-3.860962018963840503e+00
-3.848327694000999166e+00
-3.879536962226269203e+00
-3.861937443003696568e+00
-3.974383685237727448e+00
-3.895528982872826340e+00
-3.892824762568167785e+00
-3.789500912172174107e+00
-3.848775100861340892e+00
-3.865343498064433891e+00
-3.831974427516678272e+00
-3.889643350685031642e+00
-3.907425131562786369e+00
-3.783792599777097809e+00
-3.783236637149770765e+00
-3.890590014423915832e+00
-3.864146699777820881e+00
-3.808353083154483176e+00
-3.889906413105965299e+00
-3.949600692262182910e+00
-3.861024996404999854e+00
-3.907479458275726625e+00
-3.781486324514530040e+00
-3.779379113530075607e+00
-3.864438190773880510e+00
-3.897928745629953173e+00
-3.857344043688801349e+00
-3.801522252802194135e+00
-3.935090791111018227e+00
-3.778299486630360526e+00
-3.846666501448195774e+00
-3.860082773714339055e+00
-3.756597176597707310e+00
-3.886379393855458275e+00
-3.888550949792094258e+00
-3.924539354563008065e+00
-3.957161021907850351e+00
-3.752056964961231422e+00
-3.791691349789116927e+00
-3.943267731481612692e+00
-3.919550360838749192e+00
-3.959667431297263285e+00
-3.894994774094414414e+00
-3.831500201126918803e+00
-3.932457024542943103e+00
-3.986144330098194022e+00
-3.769832788785386857e+00
-3.864190054533207519e+00
-3.975559867136163383e+00
-3.878948049923033548e+00
-3.818820296879502418e+00
-3.903373086730868913e+00
-3.859495389926781872e+00
-3.869584570458486361e+00
-3.814222422221673181e+00
-3.938038219327768541e+00
-3.810067103096223651e+00
-3.971608983198446019e+00
-3.922183054650564049e+00
-3.860161011108110163e+00
-3.846389083815112908e+00
-3.782621117530274191e+00
-3.780836448913668768e+00
-3.924482089178064292e+00
-3.900198682718507559e+00
-3.916267515684767275e+00
-3.833280000105259600e+00
-3.804310606665283867e+00
-3.862949279633133948e+00
