1.713609300300644430e-03 1.631863113593113538e-03 1.006702770306704435e-03 6.790390560071056254e-04 5.587727576219663796e-04 5.557189182974574650e-04 8.055595192928450155e-04 1.140029415200321476e-03 1.443697839552764194e-03 1.732972508518869532e-03
6.464803597846961259e-04 7.531113286713230067e-04 1.114470713218292152e-03 1.192892347169123611e-03 1.255769568681958624e-03 1.454808735416573051e-03 1.160015849430979899e-03 1.169855992816578975e-03 1.075337732454179985e-03 8.395601270945965032e-04
9.247082359147401056e-04 7.635062803474786889e-04 8.166272258240736331e-04 1.007665046347345052e-03 1.204126751121070748e-03 1.275366793103973120e-03 1.420072346010566207e-03 1.262193776084094554e-03 1.183299434372960413e-03 9.816707276285349237e-04
1.475469540186293352e-03 1.204109821723219282e-03 8.982037656637459257e-04 6.858123473330623217e-04 5.826094806125601579e-04 6.313525862615453413e-04 8.271693923717446818e-04 1.182388025213310318e-03 1.775115318919260428e-03 2.034260054169848703e-03
1.208256818001772655e-03 7.554764978179220186e-04 8.321771728401436983e-04 8.971235566729780005e-04 8.620793613757686893e-04 9.398618174819438516e-04 1.017995581269021685e-03 1.175330180117150616e-03 1.460281718749605745e-03 1.449970752498694945e-03
1.155704991906906023e-03 1.289595793656623862e-03 1.156648632671902635e-03 1.091690998647599489e-03 9.246073464735267682e-04 8.590118708074885286e-04 9.444659633903717275e-04 9.259464242314252450e-04 1.153803608791061086e-03 1.254622565057947640e-03
8.239014986855952441e-04 1.381286692622079931e-03 2.251022775897209855e-03 2.970296018721757959e-03 2.085616244737676511e-03 1.192474748899659091e-03 6.908855007293759551e-04 4.548630436123203644e-04 3.342992422542734234e-04 4.740733459333703681e-04
1.461550807411668169e-03 1.382873211593410936e-03 1.200200597294898445e-03 1.020775120413837779e-03 9.064887550322501533e-04 8.763698541448698481e-04 9.164657361870524963e-04 8.296727783834107264e-04 9.381886203493296954e-04 1.214236490405392341e-03
1.131307027807439526e-03 9.306162503468820004e-04 9.072540382391033149e-04 9.340247923817774755e-04 8.277542009879053451e-04 9.116506978229407766e-04 9.550684220342511854e-04 1.532398962351558822e-03 1.238456761155591656e-03 1.266457149820591176e-03
1.149523178661042942e-03 9.401083273176608687e-04 7.675852780468753363e-04 9.996347071185144630e-04 9.429348975169206826e-04 9.978203540674701784e-04 1.170849591170316541e-03 1.376793896094332921e-03 1.303373490139481550e-03 1.048231914042017585e-03
1.586469171115528938e-03 1.072050681252759239e-03 7.202186145448395043e-04 5.357991556154568244e-04 4.868066825675411717e-04 6.122289597141922658e-04 1.054653326808918049e-03 1.646377365261164714e-03 1.861809180861057978e-03 2.086720665674004441e-03
1.380803470180324687e-03 1.638975888582631501e-03 1.739293952236918919e-03 1.429010976256010583e-03 1.014018379161762311e-03 7.956279407533178340e-04 7.097689799565669007e-04 7.433744227818314503e-04 7.231375265383696528e-04 9.222155921218842855e-04
2.162376493055796853e-03 1.603807929008430576e-03 1.063557218910423990e-03 8.189322812863970326e-04 5.911709912037272979e-04 5.626631058236395951e-04 5.613806058370987995e-04 9.276773355531720694e-04 1.445025699721416397e-03 1.810940805711724801e-03
1.452458123964149497e-03 1.307242468040107014e-03 1.159060010252494551e-03 9.794417525569476968e-04 7.364441800243865096e-04 7.495022168334625158e-04 8.361882203515463331e-04 1.088220485624778007e-03 1.087793416362773779e-03 1.492162426380135845e-03
1.224383386467320280e-03 1.300259287740687187e-03 1.402893191245313314e-03 1.069097464501151057e-03 1.103384737878181955e-03 1.006632417606792389e-03 8.621056727325202441e-04 7.980167904253034680e-04 8.830744663979021468e-04 1.113397033657657085e-03
1.107643450288933046e-03 1.094861400568287015e-03 9.790871523994396520e-04 9.556267672766565998e-04 1.062638542880511242e-03 1.086268072960253983e-03 1.075971978714546041e-03 1.164232554571309084e-03 1.140707339852707093e-03 1.050569646285785634e-03
8.739987689382270730e-04 9.549947174296377498e-04 1.132836116044289975e-03 1.211058398437941811e-03 1.197330866098038479e-03 1.154405856841876805e-03 1.300872141938621673e-03 1.119781083892402822e-03 9.257078515703948260e-04 8.336134180404778608e-04
1.206202525067853748e-03 1.054034309703946216e-03 8.371840800033095728e-04 7.940380118788756530e-04 8.177921369373992652e-04 9.830068294706096298e-04 1.075071471711209299e-03 1.255664043346547357e-03 1.401932091072062916e-03 1.454945616077956685e-03
1.665810835317982743e-03 1.369652625275673751e-03 8.575170105384088189e-04 7.393547826674155875e-04 6.020414513288151323e-04 8.153527421840354571e-04 8.663507445521492073e-04 9.593561278513180416e-04 1.419260920300497797e-03 1.691639066375217812e-03
1.298074953737951868e-03 1.227897733939102998e-03 1.184149756438920842e-03 1.104425089415809634e-03 8.760196960401998856e-04 6.706622391160667199e-04 7.340364597776691475e-04 9.589241324466644175e-04 1.252352714729363780e-03 1.355762240875980559e-03
6.542903015360851350e-04 9.106712791261443399e-04 1.484075335294325788e-03 1.655639443382552877e-03 1.438410852710778065e-03 1.206976188682989601e-03 1.259445673031070858e-03 9.034292377294042770e-04 6.516162829094228207e-04 5.995892631363656513e-04
1.391844954440414443e-03 1.284219495536660606e-03 1.057931458439856625e-03 9.774056970104280911e-04 8.338628119173830365e-04 8.383198833057789109e-04 8.593233462669921290e-04 1.169934624631945638e-03 1.190222216347377841e-03 1.134674133838566110e-03
1.525338202027985918e-03 1.313540951099751017e-03 1.232636097702252600e-03 9.872736713415831197e-04 7.243790961047641593e-04 6.874013169297653368e-04 7.777013746127537947e-04 1.092709616973733472e-03 1.190853496717130932e-03 1.346203881834120075e-03
7.572585058040315993e-04 8.882123629808762449e-04 1.346899730862003439e-03 1.342849933373666893e-03 1.260991299620223965e-03 1.169654289573206782e-03 1.161632187785528129e-03 1.048205647145541335e-03 8.792557434590093186e-04 7.758483124910618787e-04
1.061261644568427254e-03 1.120740530292023245e-03 1.010064212062845119e-03 9.776916467092652829e-04 8.117976444521642207e-04 9.779914574295487696e-04 9.965528681468559941e-04 1.028414482530650050e-03 1.335572759950704944e-03 1.367888942173432201e-03
6.444407195049693064e-04 6.795852122464922113e-04 6.945692744731429141e-04 1.048020402217208092e-03 1.438685450081508398e-03 1.679599972180041050e-03 1.615991393333357637e-03 1.583614373838828282e-03 1.051415498457772876e-03 7.674984475844527122e-04
1.871423314867062641e-03 1.540855393348402290e-03 1.159716112772423650e-03 7.863165243756844872e-04 7.126222096177361413e-04 6.980843516711029029e-04 7.613042145587132180e-04 8.061068282099299008e-04 1.061809390563488165e-03 1.625898354854710039e-03
7.978238885064868309e-04 6.549319721016490497e-04 6.744877559745163665e-04 7.443404616943341502e-04 9.930478716434392242e-04 1.512320976139098095e-03 1.657419848752589514e-03 1.535365285134418804e-03 1.384015933246313069e-03 1.148566068440816119e-03
1.515238359925042593e-03 1.450164542091530832e-03 1.269088652589603480e-03 8.976566124738534665e-04 7.608772215143207477e-04 7.567037876412225977e-04 7.186644758244261277e-04 9.458346020466803020e-04 1.250329105053061196e-03 1.439301716598305469e-03
1.479555846518753985e-03 1.046826081164409445e-03 8.317936714054934271e-04 6.272034230735174139e-04 5.909757940633914150e-04 6.193828692225473737e-04 9.231840723739290775e-04 1.425528275830929619e-03 2.019239200795858169e-03 1.731416279723312166e-03
8.284905628374905672e-04 8.876137296795926683e-04 9.477258338627224258e-04 1.018263554136374744e-03 1.147391791734419554e-03 1.218367414983606871e-03 1.384934584943601143e-03 1.296121771328860280e-03 1.151753926290762127e-03 9.033706417829282529e-04
7.019161030913391962e-04 6.268158657032673947e-04 7.781471429140480837e-04 9.119988549433010686e-04 1.083612335366439553e-03 1.397246252181996414e-03 1.648823836206835328e-03 1.486863815967892589e-03 1.315369454974558506e-03 1.071358443226629346e-03
1.404873223602805385e-03 1.602530068353518172e-03 1.621904708292527244e-03 1.207787702980484901e-03 8.299749480928920965e-04 6.838679841438565811e-04 6.861205815620508193e-04 8.015742159908599562e-04 9.598519304999727098e-04 1.211597774094868955e-03
8.047527307936325810e-04 9.136146686998510100e-04 9.176176604350177839e-04 1.153726630895284466e-03 1.210019536854958170e-03 1.624962745436328094e-03 1.411878890971282087e-03 1.112215146359677364e-03 8.610765526807972938e-04 7.631545996099761914e-04
8.806971472304003443e-04 7.886631916205477655e-04 8.325662889088513482e-04 1.019319200834634381e-03 1.169238029292398546e-03 1.516102297521650186e-03 1.433106023380112479e-03 1.182114788409543982e-03 1.075661076772782034e-03 9.293913741836849112e-04
1.243350415997925614e-03 1.272075332802802576e-03 1.385097220568727843e-03 1.325097584234140573e-03 1.075324052830082438e-03 7.797675602544951439e-04 7.824076919428582001e-04 7.849246295987329525e-04 1.009712992818745901e-03 1.111440743968394916e-03
8.601216438883773361e-04 8.804791421185758976e-04 9.384594860497423325e-04 1.111502134773768857e-03 8.400495586401678094e-04 1.045018073017365797e-03 1.338610999708208854e-03 1.292158470075258298e-03 1.225341045405022424e-03 9.848635109617771138e-04
1.222088043172462430e-03 1.039227072228251364e-03 9.619809435028573059e-04 9.740183509946582488e-04 9.116405400343833339e-04 9.953306946393783525e-04 1.119403891010140170e-03 1.147311648688789567e-03 1.176528954207455490e-03 1.206235965936025773e-03
1.520945383981275271e-03 1.334802228639046882e-03 9.954117770797949079e-04 8.590580534028920264e-04 7.246665836548762778e-04 7.214929135428356814e-04 8.918955978953516887e-04 1.049989437130107589e-03 1.358981973737945518e-03 1.571488248304256071e-03
9.790636067050744861e-04 9.285031454656049585e-04 9.676910016003918182e-04 1.029049682284869857e-03 9.742256595686652051e-04 1.000031870461476086e-03 1.124639993496472350e-03 1.173557846217321027e-03 1.207946812108226260e-03 1.289475904136387283e-03
6.946891903735281015e-04 7.570314436441468332e-04 9.871900445428802209e-04 9.085436794364467120e-04 1.070612592093463751e-03 1.397817243651486990e-03 1.543692903592825717e-03 1.358530865309887266e-03 1.177085212595005859e-03 8.783345377530606514e-04
1.345328210678019103e-03 1.294355047306340991e-03 8.840974374384469314e-04 5.992801920077247104e-04 5.496054969249901910e-04 7.285707697203418253e-04 1.036717138305502184e-03 1.277708622251231023e-03 1.673263393317828314e-03 1.714565414630752618e-03
7.116459435914393667e-04 7.886858595577863999e-04 9.339692350801905452e-04 1.268231737404518179e-03 1.419226583307505807e-03 1.482538268109685319e-03 1.403896618812201314e-03 1.101205213825361996e-03 9.480152866076135875e-04 8.730414768163674956e-04
1.094934289889847251e-03 1.317739666544645496e-03 1.470094054753467733e-03 1.312131833913938572e-03 1.079966267660532539e-03 9.392263830637865652e-04 8.576544593822392915e-04 7.754054220238845415e-04 8.663489712195227401e-04 1.119831204075169692e-03
7.920100855730298917e-04 5.310411862160920255e-04 6.298788615730245696e-04 1.000460516950591166e-03 1.073819242293559077e-03 1.592399523562791847e-03 1.796299262120340523e-03 1.638953419299487776e-03 1.237728412825642599e-03 8.752255640355393945e-04
6.791731774209335600e-04 6.321320624682684984e-04 7.372647057767352935e-04 9.313470125819881982e-04 1.222420108755976334e-03 1.449864515192072741e-03 1.295520333943416848e-03 1.519426202220855665e-03 1.427492084184591196e-03 9.026684409101148670e-04
1.046730564266792202e-03 1.022832508118406286e-03 1.111439593374441469e-03 1.318643253996846110e-03 1.187293274470011461e-03 1.086951715208888921e-03 1.120403568397879829e-03 9.378633062154077826e-04 9.333994685121151840e-04 9.631186414427238100e-04
8.266133769382318433e-04 9.669139592686369807e-04 1.229301603276760279e-03 1.332285055498350600e-03 1.186883801302851234e-03 1.213892653955458631e-03 1.140603356543369497e-03 1.057983491728637163e-03 8.963587847464786137e-04 8.763925958268012351e-04
1.201161023570819410e-03 9.899329984532521595e-04 8.391043224657687358e-04 7.294309524734867876e-04 9.894027656084450340e-04 1.014944579473705828e-03 1.246998469903505243e-03 1.270242750048301448e-03 1.203896028559583173e-03 1.217197437686889710e-03
4.758963722060600933e-04 7.503782151540878010e-04 1.288932945756099966e-03 2.000744503282707223e-03 2.883859614128684006e-03 2.076212375848711985e-03 1.186759173428507137e-03 7.055449505119304552e-04 4.983053922658724471e-04 4.310949227875140208e-04
1.072268895085264941e-03 8.790420700752126859e-04 1.146371222477226507e-03 9.904089281547662823e-04 1.021327056196040702e-03 8.861801781455118810e-04 8.768702118104758142e-04 1.081204704768530967e-03 1.259752651074741913e-03 1.253198509410732419e-03
1.624645102091413747e-03 1.541131102249606406e-03 9.890582908996575686e-04 8.553383606198732394e-04 6.860155181555975274e-04 7.664060035616628670e-04 7.965489708513872431e-04 9.856011187021997740e-04 1.234140868345571336e-03 1.528904229666468119e-03
6.136989781936167971e-04 6.130473703286762810e-04 6.459349219077883085e-04 8.044964267348924617e-04 1.157088945948120525e-03 1.628623887897289379e-03 1.988341671606080885e-03 1.654654603528564558e-03 1.373097447661983644e-03 9.225214349649395401e-04
1.077005752284791555e-03 9.924554456389777027e-04 1.026497221357012928e-03 1.023116792106714985e-03 9.557040002896001951e-04 9.659117114020086608e-04 9.930719688414000029e-04 1.233879134237479214e-03 1.184962335458992306e-03 1.240970980069992270e-03
1.063230617837542056e-03 1.438987059104666335e-03 1.576215280536421952e-03 1.253151021382282538e-03 1.036065578919064239e-03 9.368115203744197287e-04 9.392209453135093788e-04 8.085406593810878784e-04 7.605936400348638129e-04 8.963904006577268864e-04
9.599034243240226567e-04 6.885662558670455893e-04 5.584800540223349785e-04 5.494080620663976304e-04 7.236325852875368468e-04 1.198052370478331404e-03 1.776287005905704186e-03 1.717800771013969696e-03 1.838740689955190152e-03 1.392614445546453165e-03
9.534043308695341716e-04 8.555862687338631556e-04 1.047805705762724264e-03 1.084389489552238213e-03 1.028261600988931729e-03 1.113348481759556191e-03 1.369725740977006771e-03 1.303097117004902751e-03 9.559071235777943541e-04 8.281879917100372010e-04
9.899812972045413800e-04 8.889380168349923089e-04 9.033167932714028124e-04 7.750661896518305175e-04 9.951764273214273350e-04 1.000417269129013969e-03 1.265847592265325824e-03 1.408984404918135975e-03 1.346779534927346113e-03 1.250252901083158050e-03
1.072174717170160021e-03 8.724770975383211447e-04 8.335920738312467505e-04 8.813826877058200237e-04 9.813870172916659435e-04 1.028841734411909065e-03 1.071603943130759436e-03 1.473150465892699313e-03 1.312924255977474496e-03 1.240773534230681097e-03
1.044208792664376223e-03 1.507192220028511333e-03 1.355152345854654904e-03 1.294859683055074508e-03 1.280945032804498181e-03 9.894559315622815029e-04 8.577816701922976600e-04 7.679521064185009871e-04 7.823129348377080719e-04 9.673309504587688417e-04
1.171014354408096789e-03 8.486339941886906872e-04 6.128258905313482092e-04 6.864581117086328288e-04 9.088022219533690993e-04 9.686957390212995542e-04 1.304128434968698314e-03 1.560400720221997257e-03 1.564457758519549038e-03 1.377709523716362777e-03
1.307468347641659815e-03 1.464654870651070032e-03 1.135370062334110442e-03 9.093182594962462111e-04 8.829630793575490248e-04 7.953834063174628410e-04 8.998532409051746526e-04 1.060288640972176103e-03 1.029689034093192760e-03 1.269685090245813641e-03
1.198377712075400633e-03 8.536423531861152790e-04 6.890140227236397560e-04 6.304323771113564626e-04 6.544548587561937114e-04 9.444500438468688428e-04 1.391262727696944684e-03 1.600815335230311182e-03 1.683468630697330980e-03 1.565708551560032746e-03
1.168485312254052833e-03 1.604617443494134885e-03 1.792451113640082180e-03 2.234968671607747218e-03 1.706967732302765292e-03 9.320262878913963475e-04 5.566892828851051746e-04 4.612652086791989574e-04 4.921133241081119538e-04 6.761917948033308208e-04
6.481082427187135047e-04 7.848874931517492090e-04 9.814992067881081646e-04 1.307798787180637070e-03 1.459782616124562140e-03 1.419359406765312217e-03 1.354342461276601467e-03 1.201722681288244906e-03 1.024627299049453346e-03 6.992454035128417697e-04
6.994698445576974120e-04 5.606670650506622756e-04 6.894693587210806805e-04 7.760685950035769911e-04 1.179824275369114337e-03 1.999006041988667104e-03 1.891870084756136494e-03 1.559860953367893247e-03 1.017140150731291959e-03 8.163068197677617434e-04
9.258307492680126422e-04 9.338921677092695091e-04 1.026590074457672634e-03 1.048580166998248474e-03 1.210355115526527778e-03 1.168973946617647350e-03 1.009026214224353424e-03 1.137430903570632416e-03 1.210872028843752030e-03 9.607222412742306376e-04
7.308280084826536968e-04 1.038418645059272860e-03 1.199740115532731089e-03 1.395288451684737526e-03 1.696642628736479272e-03 1.416306726998135292e-03 1.334416161287156751e-03 8.976593582351444353e-04 6.900658571910591420e-04 6.108880513821980532e-04
1.133691404269436542e-03 1.010312961072458351e-03 1.026829920550662327e-03 1.010645827963688615e-03 1.002707608525867100e-03 9.953595634325279780e-04 9.822718748713555378e-04 1.095642451105123495e-03 1.215024368690877836e-03 1.236870934038810863e-03
1.011272847740608957e-03 1.239996139744109233e-03 1.445204680511248327e-03 1.940759797297976139e-03 1.522468603036896155e-03 1.305558900782711508e-03 9.773968786703733907e-04 6.410644274629900266e-04 4.456029840065206548e-04 5.839813394337559690e-04
1.385189160483627901e-03 1.633107038279342548e-03 1.953570315916113975e-03 1.307498852037085237e-03 9.014854266397459310e-04 8.589689816316694974e-04 6.172475105581652112e-04 5.844975909420102892e-04 7.106009279261735418e-04 1.189378940838383162e-03
8.956656211448327503e-04 7.809130230945733955e-04 7.164955978225072538e-04 7.535544926956940599e-04 8.075461768222891475e-04 8.847691366827471369e-04 1.260643123048019350e-03 1.719280446930369997e-03 1.650321583134406380e-03 1.474177036324265987e-03
9.776403814751094198e-04 9.116325043576845250e-04 1.034271758543411912e-03 9.647316036455781067e-04 8.589724020814545587e-04 8.573758358333432488e-04 9.854221401643550697e-04 1.320174298275716756e-03 1.400672126399777088e-03 1.143042683911897964e-03
1.034792943869894226e-03 1.703836671017253720e-03 1.987372893347958813e-03 1.912501080225486021e-03 1.429060792106710094e-03 1.034290175731198682e-03 6.974380895202344187e-04 5.512475412195416659e-04 5.307735866660793318e-04 7.050677839754740340e-04
1.081993851157578073e-03 1.053922109458862435e-03 1.135487473992931621e-03 1.117362319972478417e-03 1.067782270156540777e-03 1.139675441142833133e-03 9.153672649381441699e-04 9.253323866238316467e-04 1.150146003030092781e-03 1.061986555111034186e-03
1.312019336717813126e-03 1.296672411294043110e-03 1.196311594595540371e-03 1.092642276000834606e-03 7.705582344080513096e-04 6.837741885003203362e-04 8.225709791941020026e-04 1.046284796636151766e-03 1.233417311870988993e-03 1.257890145003458682e-03
5.716278949232174618e-04 7.768203739694490555e-04 9.737055453308957314e-04 1.412950699145138758e-03 1.649878637742777879e-03 1.873506924220918156e-03 1.742564269322905823e-03 1.099602823485837984e-03 6.401410101288153168e-04 5.409576937973176701e-04
1.001271201537850186e-03 1.153832758998120248e-03 1.294880975527509456e-03 1.467124619819301992e-03 1.218674141354371887e-03 1.181505751893468072e-03 8.583358984686800981e-04 7.265953437311036033e-04 8.156147723270573300e-04 1.024336459925087855e-03
1.039147333517835559e-03 8.939809971195771757e-04 6.780041366686506352e-04 7.095785915247568992e-04 8.640936119700667667e-04 1.071217328409821215e-03 1.302143262386667479e-03 1.434785040512799982e-03 1.516208233870912879e-03 1.466083468295542288e-03
9.909527319621369741e-04 5.842548184897818986e-04 5.268025587749923565e-04 6.375470045940780746e-04 8.973054249901120469e-04 1.538297221986439749e-03 1.608548132738447413e-03 1.413256117897626661e-03 1.379705449247766976e-03 1.159387934609202534e-03
5.628338815261983881e-04 6.332243102239443460e-04 8.225826121316270499e-04 1.067032752310137240e-03 1.442312804427959639e-03 1.695602327445208581e-03 1.729560267551609552e-03 1.518989908261302209e-03 1.078291522534476077e-03 7.003308840159181781e-04
6.149679570383284784e-04 6.422354304099992060e-04 7.738926185171133773e-04 1.214808457784278964e-03 2.041544755539788890e-03 1.923686112502945951e-03 1.449329937698090468e-03 1.063677412392200535e-03 9.018612683962511914e-04 5.714185951049863092e-04
9.489188622942137724e-04 7.897914013754766659e-04 8.608016555118150901e-04 9.660098690641308675e-04 1.166997996029913841e-03 1.343947597532343767e-03 1.351948561382485805e-03 1.187556566792371702e-03 1.172164281092228982e-03 1.007745994778644870e-03
9.487012312731164711e-04 7.483178422372241618e-04 7.772498743969628605e-04 7.326723701330279271e-04 1.017679208936670332e-03 1.503772166138977583e-03 1.444049405748825147e-03 1.321685856564228361e-03 1.160819644338295610e-03 1.063209539835774679e-03
7.404404490515873426e-04 7.465093695150446657e-04 7.974744422848170080e-04 1.026832409900819542e-03 1.268803458526994790e-03 1.431070350352139225e-03 1.478211799555184539e-03 1.348746094347153630e-03 1.129493517341535790e-03 9.828984685988219165e-04
7.301319554069125124e-04 6.692357049237543636e-04 7.833143747183326589e-04 1.135401752924990442e-03 1.537492045603156780e-03 1.366932452726735830e-03 1.249481313686335790e-03 1.127570840114427942e-03 1.095252178004778787e-03 9.152825483482367273e-04
1.089473111229117587e-03 1.401600708968109071e-03 1.456903247825289648e-03 1.302996242176170886e-03 1.087214913013843324e-03 8.992633921240483731e-04 7.883803567603630972e-04 8.587058666057345189e-04 9.402008654530802714e-04 9.891704247529961667e-04
1.006044088694156395e-03 1.334161524531865366e-03 1.490077221119612012e-03 1.671831708668075102e-03 1.367153784845008936e-03 1.092376582033968485e-03 9.215142948151628559e-04 7.569488910890448006e-04 7.007930045045346681e-04 6.946955597061390229e-04
1.031080783707749929e-03 1.145130260125682559e-03 1.031454686969264685e-03 9.733817488477021062e-04 8.777488363376548643e-04 1.015507742757850579e-03 1.162247269532765397e-03 1.080906075152330724e-03 1.215651295473087722e-03 1.150640883220866318e-03
1.074963919164079228e-03 8.169707063495915350e-04 7.512811340733978023e-04 7.496116663764184175e-04 7.428683609067198096e-04 9.504877319876358375e-04 1.219670246554306007e-03 1.608799783866896906e-03 1.731068178606703098e-03 1.389825384798864345e-03
5.055497933296090310e-04 6.167648813098693811e-04 1.023671722669117125e-03 1.536291926605915219e-03 1.624164785391421810e-03 1.718303226203772528e-03 1.645174383709650323e-03 1.176958712291454202e-03 8.160610334554466161e-04 5.750517518267727474e-04
9.737488165098130786e-04 8.879433995099810656e-04 1.007548906478591228e-03 1.031444268149143148e-03 1.245586767336943467e-03 1.193459610555026688e-03 9.926182110404830651e-04 9.305783361825355248e-04 1.075000372430292119e-03 1.147607930661816633e-03
1.134261466589060264e-03 1.291358685656179015e-03 1.218484321155695934e-03 1.022171118535523514e-03 8.140596333102066923e-04 8.789013320026770526e-04 8.941222546037317764e-04 1.043417666680710246e-03 1.220610457974313648e-03 1.137643926106848141e-03
1.170335873492031088e-03 9.960295994917455799e-04 8.447642389206739535e-04 6.675667980922894923e-04 7.679587152934562021e-04 9.131260058221233808e-04 1.186820334252722394e-03 1.445112836110057841e-03 1.618952112445874118e-03 1.364392493074411024e-03
8.053637494425876535e-04 8.136930240353680869e-04 8.403636829557590074e-04 1.126438619848436906e-03 1.007582671274640396e-03 1.174977461726219551e-03 1.316921549452728085e-03 1.342051110936310406e-03 1.259578981522271792e-03 1.009410242218893462e-03
9.941268818751359745e-04 1.102791965640940574e-03 1.086140577837197991e-03 1.135368480471757096e-03 1.224587321202986155e-03 1.087682883449443347e-03 9.664284523376225153e-04 9.659025768961491606e-04 1.120299836166154060e-03 9.861774255719795400e-04
1.107398082614860588e-03 1.238449644507860249e-03 1.282874589620528654e-03 1.153519672176416076e-03 1.244072888774348969e-03 1.119404774323403198e-03 8.514236735900093146e-04 9.298757752124358397e-04 8.992239068996523733e-04 9.205836311459984116e-04
1.124499477824253630e-03 9.487593304614099464e-04 9.172414200799302144e-04 8.522649403573572327e-04 9.190825331337532838e-04 1.023064742496586528e-03 1.207119049212062797e-03 1.325332315201889358e-03 1.277476358527205799e-03 1.221057727551196591e-03
8.378371168054928172e-04 1.046042984979865097e-03 1.398417041598034151e-03 1.598331743035849573e-03 1.500283946247099598e-03 1.271972593767972410e-03 1.090577755038692285e-03 8.638505389216053583e-04 7.184863635975904635e-04 6.978472906876490023e-04
8.071490988552240892e-04 7.201826649892413904e-04 8.252551346222266682e-04 1.160309951099736721e-03 1.187668099080493823e-03 1.112089142252088497e-03 1.032452024654197413e-03 1.203080308496101963e-03 1.267538785176478651e-03 1.022755222021422923e-03
