-8.795462488501335940e+00
-9.566107363105427197e+00
-9.180643185926870231e+00
-9.154327271782513264e+00
-9.394958442465446424e+00
-9.379234826397112812e+00
-8.922355519346753638e+00
-8.990317298219462572e+00
-8.803583562714692334e+00
-9.337925887750353482e+00
-9.264771102420594318e+00
-9.522346469226794952e+00
-9.095968589173697438e+00
-9.170583315703186855e+00
-9.282615467972362922e+00
-9.504016574347378565e+00
-9.151951450336083482e+00
-9.117753682054196673e+00
-9.187916268975723000e+00
-9.243138785858270978e+00
-9.141325337626138747e+00
-9.596651977955870549e+00
-9.092871514333733529e+00
-9.934166770731634344e+00
-9.828711240371742264e+00
-8.935145137321651276e+00
-9.621611372061252609e+00
-9.132889210122781876e+00
-9.181182678607257230e+00
-9.678259513188242735e+00
-9.409227193004035428e+00
-9.229650963029929045e+00
-8.814632877216887152e+00
-9.322881289527405357e+00
-9.109780239518933342e+00
-9.303906252598345361e+00
-9.299968783466537658e+00
-8.770436502816968627e+00
-9.254744015127799983e+00
-9.240388870585807268e+00
-8.854123065464744258e+00
-9.459576372069411931e+00
-9.542260668050083439e+00
-9.254829147435096104e+00
-9.019185960411062908e+00
-8.820782619823493320e+00
-9.424388421966588325e+00
-9.003863732352584748e+00
-9.191513264623809576e+00
-9.482410659580029488e+00
-8.967611450909783954e+00
-8.964593212998911653e+00
-9.357770834891400824e+00
-8.758134441028797568e+00
-9.297972559256013625e+00
-9.607926564100061739e+00
-9.273971498639934197e+00
-9.084096565158940706e+00
-8.992318655571249764e+00
-9.535195171531984926e+00
-9.713255185115690082e+00
-9.204153548774328897e+00
-9.233174594399853774e+00
-1.003557611423677365e+01
-8.683721532530920939e+00
-9.337901422128691564e+00
-9.385586302332178832e+00
-9.437698852881529987e+00
-9.107698293062309602e+00
-9.254622784790470291e+00
-9.066332625219761354e+00
-9.415178732795730809e+00
-9.375078009679800317e+00
-9.247059801971692750e+00
-9.651414698962383909e+00
-9.038589207149675175e+00
-9.243291800364524136e+00
-8.597853833474786711e+00
-9.358686607149614645e+00
-9.518351421851235727e+00
-9.421142351841167439e+00
-9.156447358400988890e+00
-8.902606116266820635e+00
-9.282398820612153045e+00
-9.641787804613315416e+00
-9.371481627827447980e+00
-8.767424778300643595e+00
-9.620508196444388815e+00
-9.134556864263155163e+00
-9.329133291210361278e+00
-9.393841241263306330e+00
-9.167478807377191785e+00
-8.821919782043238456e+00
-9.934398232314014976e+00
-8.631897007026834601e+00
-9.157626274131144939e+00
-9.878726675928749756e+00
-9.903263534329944662e+00
-8.797743088187720772e+00
-9.013173720968437053e+00
