4.180694527390576565e-01 4.408745480568312947e-01 4.159212955059287120e-01 4.095069536407501265e-01 4.110692987474017235e-01 4.000018362840801478e-01 4.240619061265200607e-01 4.260037667718859500e-01 4.205327673044043091e-01 4.266435923367894456e-01 3.966397096056399896e-01 4.106748728807387283e-01
4.325662707920389094e-01 4.164389182738362227e-01 4.068092306328868757e-01 4.327569576162287324e-01 3.974801783311688319e-01 4.197465686553504827e-01 4.253476306653894978e-01 4.159640996238903043e-01 4.249434743862323116e-01 4.008456568203850323e-01 4.095932886463887201e-01 4.175077255562092970e-01
4.264758587905643772e-01 4.154911060014622737e-01 4.314701129020370729e-01 4.153944094439258050e-01 4.255026000931694252e-01 4.136737524528618093e-01 4.066189738851933022e-01 4.198830065165679581e-01 4.156726318595233005e-01 4.150647917170950385e-01 4.070633552558924340e-01 4.076894010817000424e-01
4.116525261589312201e-01 4.145514498157500949e-01 4.314813640996452149e-01 4.373197762088230078e-01 4.308990205276609364e-01 3.793681679434395271e-01 4.168259779290247602e-01 4.248702224844013164e-01 4.128552474875976652e-01 4.191111118239583266e-01 4.103970851447455992e-01 4.106680503759995160e-01
4.246818264296570167e-01 4.244950504959661419e-01 4.017993932080781150e-01 4.268562347420800096e-01 4.114043807830709554e-01 4.224409937619271749e-01 4.113448875960223905e-01 4.057263157384268792e-01 4.227410216041349589e-01 4.010208360644484937e-01 4.242495863433991543e-01 4.232394732328104148e-01
4.188084586251995534e-01 4.142959636422118841e-01 4.239590105104252271e-01 4.449194850306067983e-01 4.243770977102062636e-01 4.144796251253237696e-01 4.093671297162619904e-01 4.152055174045919395e-01 3.851794516683550440e-01 4.097832223816917918e-01 4.247511186694074015e-01 4.148739195157009618e-01
4.154324927390911082e-01 4.135827445230170207e-01 4.123292558857610812e-01 4.139512468440624260e-01 4.261342343736594929e-01 4.036794422821707862e-01 4.080775894656768488e-01 4.190085788531145994e-01 4.245165218825376341e-01 4.126351316092369270e-01 4.196833264658373364e-01 4.309694350758161985e-01
4.101016506484143065e-01 4.221628895540823212e-01 3.947953434165382136e-01 4.545404532944099518e-01 4.068287120704661142e-01 4.275898877537550602e-01 4.294816891061443709e-01 4.150400185749921200e-01 3.889564384938821173e-01 4.320023108375579124e-01 4.098916371830857996e-01 4.086089690666845353e-01
4.164968134742061401e-01 4.279624185482550081e-01 4.236791827996424509e-01 3.966765859097190483e-01 4.239517831097362466e-01 4.182396129219283498e-01 4.163542747406061562e-01 4.119269175819609830e-01 4.032218475575188865e-01 4.036334240119424654e-01 4.235279591395019194e-01 4.343291802049490391e-01
4.098283828662652173e-01 4.301742502767095799e-01 4.276809296960107365e-01 4.212375700340069695e-01 4.284947543588482066e-01 4.215576548841115656e-01 4.094570638798944451e-01 4.097493442949071696e-01 4.103562812331444931e-01 4.235076710275262890e-01 4.011730405466145122e-01 4.067830569019729170e-01
4.385692508886041563e-01 4.189495573375970894e-01 4.063317782744045870e-01 4.211755419613470997e-01 4.037839931540857519e-01 4.182621650566645255e-01 3.881371835113058277e-01 4.189985669299524096e-01 4.254539120870867719e-01 4.154634796433140376e-01 4.259653055321642179e-01 4.189092656234371104e-01
4.220871330346243622e-01 4.243062797568371014e-01 4.030136731617028900e-01 4.159572534827071788e-01 4.098640091686794884e-01 4.335958343878960619e-01 3.982152889169136012e-01 4.355326963129593221e-01 4.167267675755635392e-01 4.125990769549724435e-01 4.333990119225619164e-01 3.947029753245636652e-01
4.261767363039651313e-01 4.241076679125286852e-01 4.164568371906263167e-01 4.099891927570353256e-01 4.120554434649018605e-01 4.275247470296674179e-01 4.166687765933615450e-01 4.200791373879648738e-01 4.081885439699400875e-01 4.050612685621034492e-01 4.185937447018436286e-01 4.150979041260736135e-01
4.078198780674594515e-01 4.181230022893352438e-01 4.148114735457796853e-01 4.042776896294518751e-01 4.165350904791879083e-01 4.146014690838098482e-01 4.245241370430953287e-01 4.214150686622929465e-01 4.179058267106133817e-01 4.074763859608996341e-01 4.314059024243728779e-01 4.211040761037177504e-01
4.124078952437081891e-01 4.085058284707467902e-01 4.146247270496257187e-01 4.226571912162739864e-01 4.091942485803167773e-01 4.151336038873094658e-01 4.109499170896392384e-01 4.238393390076246048e-01 4.139704513123140250e-01 4.195763157025949042e-01 4.207234811624327442e-01 4.284170012774228820e-01
4.267894203202963199e-01 4.320106975322845488e-01 3.994292239719472448e-01 4.233415849350720683e-01 3.911929320804963250e-01 4.342093873931114345e-01 4.171228718104496580e-01 4.006499332529042112e-01 4.286811655064300397e-01 4.250233531567666478e-01 4.124106490543857362e-01 4.091387809858431646e-01
4.192927378292737872e-01 4.266434301864774348e-01 4.192053259071925608e-01 3.949031833077049081e-01 4.062256045640246782e-01 4.177301940662746516e-01 4.267457418827129700e-01 4.222905727260344300e-01 4.004625869264061833e-01 4.057843225381464469e-01 4.336974882943516740e-01 4.270188117714026066e-01
4.129920231715181744e-01 3.985670066483710805e-01 4.345209969207989298e-01 4.160684800091155600e-01 4.051969836741493025e-01 4.060441263622098784e-01 4.324285361259565530e-01 4.259074977510301507e-01 4.135712923330621127e-01 4.254672525250483006e-01 4.106156104471702095e-01 4.186201940315292802e-01
4.038465674251036641e-01 4.351170043205333515e-01 4.210778687062287085e-01 4.011240863867424622e-01 4.307809112017140230e-01 4.093683368227319375e-01 4.264910922497170409e-01 4.223531914075349114e-01 4.035182562844712439e-01 4.086520911982254312e-01 4.047481131286530531e-01 4.329224808683492243e-01
4.127812674777111557e-01 4.138854337334949562e-01 4.067830510613972828e-01 4.031930794187189582e-01 4.397298728112766231e-01 4.194346007233016871e-01 4.167780293438475003e-01 4.114631005002188369e-01 4.218710912260512647e-01 4.232744553851258140e-01 4.169224250051891123e-01 4.138835933136936207e-01
3.966039444782749612e-01 4.251192717228344797e-01 4.130056243948413419e-01 4.271332274734839229e-01 3.969770109987100781e-01 4.253622394002911089e-01 4.160117416443317451e-01 4.023723587155904058e-01 4.301384626326050786e-01 4.299723260562823279e-01 4.117182146364778972e-01 4.255855778462787620e-01
3.955564230683382698e-01 4.214468019870646343e-01 4.233179399331374881e-01 4.259543351208742723e-01 4.119587643300414159e-01 4.348548577095226464e-01 4.103582552815624451e-01 4.091312905388150845e-01 4.325061966828455118e-01 4.175204843702311486e-01 4.199671580410807570e-01 3.974274929365415598e-01
4.183308275084813843e-01 4.192278408357955621e-01 4.239840150719730305e-01 4.069892264504851864e-01 4.095717240002286763e-01 4.336080360424827695e-01 4.108185080340044926e-01 4.082408648627755543e-01 4.159150585034045999e-01 4.080397460921957320e-01 4.107800581438405541e-01 4.344940944543467243e-01
4.156233562257504177e-01 4.072693284351091014e-01 4.117249110356784314e-01 4.182090130276496787e-01 4.235922124914305309e-01 4.227354938476769464e-01 4.309300816179836291e-01 4.102669375913562400e-01 4.119633557382141875e-01 4.242271366972885094e-01 4.026237556890699398e-01 4.208344176028136485e-01
4.285991272735019120e-01 4.234478113282243994e-01 4.217497058358422590e-01 4.081037692647242476e-01 4.197971801215267806e-01 4.073825532151146289e-01 4.120840097534750335e-01 3.956534975861228931e-01 4.125805833434573744e-01 4.182544636553900963e-01 4.394402382206281654e-01 4.129070604020204094e-01
4.109725208523520301e-01 4.217300410836930524e-01 4.207118218712013746e-01 4.170635362198851226e-01 4.214633398381930074e-01 4.137793728884175404e-01 4.293575940964786120e-01 4.220555009110803502e-01 4.264842039673361063e-01 4.106546647914023351e-01 4.028966555318692633e-01 4.028307479480885966e-01
4.181684719610952450e-01 4.127438918669438239e-01 4.071152745262285877e-01 4.154744651722777071e-01 4.250315471242802068e-01 4.119918099190270078e-01 4.158683784285674423e-01 4.242263259062299396e-01 4.097629652242843479e-01 4.164153867487762062e-01 4.273491610620276382e-01 4.158523220602678427e-01
4.062772617779962792e-01 4.071029506765256878e-01 4.118524278804296945e-01 4.171976055341902190e-01 4.163687512857100481e-01 4.202437643227008301e-01 4.176461624518207350e-01 4.273960362831327187e-01 4.057151150882385982e-01 4.276098488063109770e-01 4.019442924693106267e-01 4.406457834236341964e-01
4.234430233599429383e-01 4.172474534255836698e-01 4.109279477559037996e-01 4.089479825081908659e-01 4.226641175426806285e-01 4.098716428360431041e-01 4.091930059313234613e-01 4.208630055850703933e-01 4.093719323579096958e-01 4.334879752512812434e-01 4.233079337816811893e-01 4.106739796643725793e-01
4.140318689389830831e-01 4.080338737452986475e-01 4.204338950463224478e-01 4.129442673120289342e-01 4.241263201911883995e-01 4.270042591285919120e-01 4.244308381227386850e-01 3.993101894105761662e-01 4.183462823798896890e-01 4.055719781340477725e-01 4.279892188315919110e-01 4.177770087587232006e-01
4.076829360926970125e-01 4.170143006697016874e-01 4.117326822672748854e-01 4.413657502973509228e-01 3.836216978644838016e-01 4.130783387234681081e-01 4.311746086293559155e-01 4.175596233660022749e-01 4.280925620769644446e-01 4.103740042382265640e-01 4.272443855453128547e-01 4.110591102291921706e-01
4.131620558002384036e-01 4.234478210700260425e-01 4.109162719872011538e-01 4.171728410776968654e-01 4.238309172934239810e-01 4.174857175216274974e-01 4.180363230316228584e-01 4.187032319034722505e-01 4.165610960351687764e-01 4.205662397656478868e-01 4.042707556981918748e-01 4.158467288157247088e-01
4.104967758982751569e-01 4.064951105080294447e-01 4.214940423868983044e-01 4.119574883352635775e-01 4.223255130379996447e-01 4.250502373728228811e-01 4.070262903950816469e-01 4.148159787076275418e-01 4.196059651490998688e-01 4.285495408618573698e-01 4.168466572751513555e-01 4.153364000718842153e-01
4.188512395602590477e-01 4.164328234253657501e-01 4.119276473136759265e-01 4.337413834684051839e-01 3.978080205487808385e-01 4.082999795395866327e-01 4.358543486123446220e-01 4.006390559049042288e-01 4.095407527699110317e-01 4.229232797422473600e-01 4.273901891936713326e-01 4.165912799208451034e-01
4.254002660987185047e-01 4.155715378374091884e-01 4.016327587777800412e-01 4.338269793475246772e-01 4.178282272712670053e-01 4.019373874458082030e-01 3.969903506321070807e-01 4.135597543457752989e-01 4.252203665638977226e-01 4.122322854553588378e-01 4.289423579895664806e-01 4.268577282348028912e-01
4.012418110022815676e-01 4.148934895046620941e-01 4.101666191465326849e-01 4.273344008611083544e-01 4.208356334968587631e-01 4.206301294791150447e-01 4.265591080377776345e-01 4.107363299427695957e-01 4.146094491671866167e-01 4.259339233896243249e-01 4.052188806938011312e-01 4.218402252783048922e-01
4.297208257699710598e-01 4.246247495430207630e-01 4.158465117131947553e-01 4.161880524237709933e-01 4.196466583322083777e-01 4.090243750850559579e-01 4.141544160842726696e-01 4.325970639682500951e-01 4.288992517307895214e-01 3.799089353783882128e-01 3.970716686662718597e-01 4.323174913048524193e-01
3.962212117459792404e-01 4.300670175050558819e-01 4.261599825115239826e-01 4.262720949903501255e-01 4.202100881856951631e-01 4.033947585609752862e-01 4.061448103602454673e-01 4.049554291603884026e-01 4.161867346751200181e-01 4.178887683519604268e-01 4.223000229936806349e-01 4.301990809590269804e-01
3.925638058131210029e-01 4.213431923737632756e-01 4.335204896675959318e-01 4.034077503634538875e-01 4.252997438466394886e-01 4.112813813888667736e-01 4.125821489105158668e-01 4.326569666924283686e-01 4.172840188565416497e-01 4.123436733146041977e-01 4.283921478142074246e-01 4.093246809582765655e-01
4.163347898886420873e-01 4.163177506593823685e-01 4.051078730912670567e-01 4.122434291806134077e-01 4.256163429140841226e-01 4.266557528127571386e-01 4.077238487444720949e-01 4.200383243376443754e-01 4.167565071278489519e-01 4.227456290728252020e-01 4.107637407928976803e-01 4.196960113775785040e-01
4.281041529465364759e-01 4.176870101251078382e-01 4.176557510459680267e-01 3.906824363153960089e-01 4.339124922671018236e-01 4.083217071317822855e-01 4.288767476693107206e-01 4.214852535977521297e-01 4.112576018257468324e-01 4.192776689201880846e-01 4.047906903195219175e-01 4.179484878355724242e-01
4.193787210354387729e-01 4.161563194291122425e-01 4.468970588934723098e-01 4.248302257282754457e-01 4.096171404902977375e-01 4.062937449206555640e-01 4.077005092718252177e-01 4.088252905210506549e-01 4.205038043640891288e-01 3.895241267672013841e-01 4.403851678208065001e-01 4.098878907577923614e-01
4.284061297131905865e-01 4.095092880193709206e-01 4.052472870656762538e-01 4.198275907455208955e-01 4.277225574436563926e-01 4.277546511057788159e-01 4.185963107024829322e-01 4.337764413269151742e-01 3.940909308203264239e-01 4.179165156539817461e-01 3.970532602549011747e-01 4.200990371481980734e-01
4.094962207841842394e-01 4.154271214272230450e-01 4.145484663989832397e-01 4.238554934628810944e-01 3.975509683369771730e-01 4.196422995074206019e-01 4.119744017923863133e-01 4.113541574330943362e-01 4.198950320543204939e-01 4.238223204534340982e-01 4.366513143620197601e-01 4.157822039870852082e-01
4.305357285116200305e-01 4.211759833487584981e-01 4.114919314702915054e-01 4.068537088500554511e-01 4.179289621523459286e-01 4.196512290223538000e-01 4.115774109999799646e-01 4.140394801536336766e-01 4.025755558592640782e-01 4.286574338470044432e-01 4.101954939597652339e-01 4.253170818249464857e-01
4.090500170722542461e-01 4.276204859427473193e-01 4.324622697702888985e-01 4.124936975171116238e-01 4.101169892844272469e-01 4.102809408678784742e-01 4.270328327092206555e-01 4.144531183419226661e-01 4.053629767126886718e-01 4.154662864256256083e-01 4.180545791260761868e-01 4.176058062297989260e-01
4.065860895547964704e-01 4.014914153542106789e-01 4.020505223019287810e-01 4.204321039397931892e-01 4.350417695386361583e-01 4.056257740869571027e-01 4.313010301028809002e-01 4.165278964725280808e-01 4.307700950899359671e-01 4.011331177131883807e-01 4.272866455602874480e-01 4.217535402848578419e-01
4.122367956891422880e-01 4.131951528808663898e-01 4.337887545383247723e-01 4.357514444102087436e-01 4.102355397442681850e-01 4.050679456149969271e-01 4.113173329117789101e-01 4.126140327965930887e-01 4.307197005612671825e-01 3.979361941679646630e-01 4.327899293712163531e-01 4.043471773133923697e-01
4.215943178317457241e-01 4.259594521779320742e-01 4.184289338590930774e-01 4.242777907764510581e-01 4.173866994706171285e-01 4.045903697702273316e-01 4.106380516074890075e-01 4.128777564910571241e-01 4.185629797474608171e-01 4.138129719658433237e-01 3.959264355350505804e-01 4.359442407670163222e-01
4.061338954587774275e-01 4.171212249875544953e-01 4.003828004100285498e-01 4.415495115369147960e-01 4.127502354177053911e-01 4.142216486046372270e-01 4.312530010405088987e-01 4.110969230374791339e-01 4.188098878196461206e-01 4.120000081296996131e-01 4.091708205791554920e-01 4.255100429779140048e-01
4.226720982361441559e-01 4.174890308064808653e-01 3.904355816958486880e-01 4.069679396491705514e-01 4.288482633856572912e-01 4.018298875082897958e-01 4.216472388089312351e-01 4.219623268895475454e-01 4.197735419846987948e-01 4.166085686044133096e-01 4.133680159048724323e-01 4.383975065259166914e-01
4.177012033749691877e-01 4.066670356058241786e-01 4.238130806630672209e-01 4.076605798872768305e-01 4.179189530993391299e-01 4.299378195669020797e-01 4.038764774513994293e-01 4.270261124714842538e-01 4.216865715076109078e-01 4.141304088708145370e-01 4.155428816021824456e-01 4.140388758991350171e-01
3.986476018966668144e-01 4.136977870618896436e-01 4.279612351563679695e-01 4.182561590341732916e-01 4.206047935355670675e-01 4.238999430804702429e-01 4.202732875723302897e-01 4.172512973578929030e-01 3.976392584763355220e-01 4.323241783429659368e-01 4.250821229202388918e-01 4.043623355650595164e-01
3.979907365751038095e-01 4.049436713998567638e-01 4.058939080668679811e-01 4.063667418749921101e-01 4.089080792905234185e-01 4.222903420686469067e-01 4.207483591106950804e-01 4.319982205500615402e-01 4.290886123512941408e-01 4.221336288781402102e-01 4.245008485474771609e-01 4.251368512863734628e-01
4.310150793601369434e-01 4.010130562340705751e-01 4.275436030145172150e-01 3.963608577866998273e-01 4.239210176051246837e-01 3.986549523863134881e-01 4.089793642658298145e-01 4.464576754107046908e-01 4.208038671614144910e-01 4.290787329116937943e-01 4.022447604360731566e-01 4.139270334274312568e-01
4.127954605249672948e-01 4.119859757862752714e-01 4.209306900683579267e-01 4.100996860756757068e-01 4.259133296571230298e-01 4.212147331482447576e-01 3.996041957921553922e-01 4.184423756729804822e-01 4.317820287761869880e-01 4.066202561733177623e-01 4.110280672904149113e-01 4.295832010342433005e-01
4.200173855947522128e-01 4.159156619116871623e-01 4.391087699637336028e-01 4.126928683324364577e-01 4.386552766108655077e-01 4.146622867439201943e-01 4.147657473456538568e-01 4.061730771531303352e-01 4.112145182469046922e-01 4.032299158825803365e-01 4.121022337446793027e-01 4.114622584696340235e-01
4.135219408260016882e-01 4.132654228765838544e-01 4.056638831958703784e-01 4.117104339573651739e-01 4.190495911558905218e-01 4.178728934702555797e-01 4.338022512529977615e-01 4.155206044751809102e-01 4.024196073583637956e-01 4.398070319294706820e-01 4.056056789696372289e-01 4.217606605324290547e-01
4.242215403260053419e-01 4.146728365810649630e-01 3.782546091973698066e-01 4.014237394985122886e-01 4.221755549589599754e-01 4.198904924113128212e-01 4.512802518808875507e-01 4.201396942727704809e-01 4.040395509531616858e-01 4.386918129880459372e-01 4.115310862931209068e-01 4.136788306388115011e-01
3.999704770850995850e-01 4.375508018840001956e-01 3.927774341101606392e-01 4.144044808621600851e-01 4.133661385784277997e-01 4.182603197824917296e-01 4.177896898217667854e-01 3.983381357960706914e-01 4.177407170316485008e-01 4.333148338826936508e-01 4.193418700199665339e-01 4.371451011455004254e-01
4.089514052333951266e-01 4.057663895004481880e-01 4.294551743804811417e-01 4.210848918819849462e-01 4.110652936443571770e-01 4.068658470687808726e-01 4.072327220331020126e-01 4.293175363090283581e-01 4.306809618923040928e-01 4.145671764749846444e-01 4.060505737300018070e-01 4.289620278511125928e-01
4.262811643753542934e-01 4.289088756780771727e-01 4.179145781849802344e-01 4.224729709825491009e-01 4.116434770622597883e-01 4.118762518095080982e-01 4.036739365603786989e-01 4.137147284899945765e-01 4.175906023081094598e-01 4.087546628281855665e-01 4.206676380105147661e-01 4.165011137100522731e-01
4.087938116841028369e-01 4.305680792248984812e-01 4.021935081380563215e-01 4.026293918385692727e-01 4.319463710109068821e-01 4.093845528439404857e-01 4.225663042672038738e-01 4.232351733537647043e-01 4.213459941662698327e-01 4.352068461876943961e-01 4.075870033790344182e-01 4.045429639055664883e-01
4.106992303745737871e-01 4.169449932909574663e-01 4.198675966574308971e-01 4.094510177586232480e-01 4.045189683032919259e-01 4.221370399480375291e-01 4.056515670955142538e-01 4.242305758007304806e-01 4.126189845812726076e-01 4.223907190463483952e-01 4.335198238391791969e-01 4.179694833039983015e-01
4.088547451162560797e-01 4.181473060481947779e-01 4.082405935837992161e-01 4.173454533295164470e-01 4.156168642310963390e-01 4.338558526142420324e-01 4.091587239187228775e-01 4.327847679432643702e-01 4.089385758389919578e-01 4.015139191714693911e-01 4.133804700840963964e-01 4.321627281203854753e-01
4.053980063115497079e-01 4.229107363281907617e-01 3.985818954236968192e-01 4.105839021024341728e-01 4.165897309250242708e-01 4.173493859249377547e-01 4.198347393708816711e-01 4.157860615989015241e-01 4.205528303207966001e-01 4.299070358805002767e-01 4.420748395524340957e-01 4.004308362606485150e-01
4.037736299735965595e-01 4.131931842663866261e-01 4.107869310823225040e-01 4.452585944407532748e-01 4.279425050624239835e-01 4.118881599055190801e-01 4.252634228272857975e-01 4.190207766032484349e-01 3.992234283437293696e-01 4.114826428031545524e-01 4.183624556707467579e-01 4.138042690208547092e-01
4.217861062566919950e-01 4.205580401849297045e-01 4.204804981142150622e-01 4.254451058705644995e-01 4.208177318855281235e-01 4.053004474322339790e-01 4.172199517306868222e-01 4.050412798641193635e-01 3.951880058301591725e-01 4.063421242439727576e-01 4.402773438455047095e-01 4.215433647414069673e-01
4.132446319666754353e-01 4.040757879970719446e-01 4.324876217629657904e-01 3.887083532914599737e-01 4.295407213353029108e-01 4.057510200950039114e-01 4.190836468495691136e-01 4.176306243524505746e-01 4.224050931903226003e-01 4.283488591740857165e-01 4.253541196698993332e-01 4.133695203151629416e-01
4.256489371103224784e-01 4.151097963186291540e-01 4.267618085349300650e-01 4.023695128130811427e-01 4.225116343115354334e-01 3.927740360514453410e-01 4.124854948088858553e-01 4.389898891214888965e-01 4.168387115537735554e-01 4.175485049251749792e-01 4.109133323163258744e-01 4.180483421344015627e-01
4.043417507853793169e-01 4.168526019095087909e-01 4.102024095764921219e-01 4.217940064461922489e-01 4.233475300968012611e-01 4.219612230040562517e-01 4.238374877840032084e-01 4.223030291637193123e-01 4.168719502844437930e-01 4.272684940339346316e-01 4.096339968136084586e-01 4.015855201019058462e-01
3.992584297000252302e-01 4.161531472027912293e-01 4.341005568888041122e-01 4.081721269478214009e-01 4.110041459551444509e-01 4.053312573310743350e-01 4.209902607058107482e-01 4.179067965595616441e-01 4.092840805225675949e-01 4.301682312258934271e-01 4.248435543611343568e-01 4.227874125993620336e-01
4.191966327217417909e-01 4.155316971130049164e-01 4.089001417736765065e-01 4.208559008588532713e-01 4.230763328484074548e-01 4.161802337798978790e-01 4.169853872656240634e-01 4.212284957850581657e-01 4.100331396653113525e-01 4.275856440556930482e-01 4.118780463851666740e-01 4.085483477475572722e-01
4.182207622322908769e-01 4.092213941365678287e-01 4.122441649720570700e-01 3.929948827320356997e-01 4.101679793027177556e-01 4.340433626912859610e-01 4.203603833810182766e-01 4.262393225874396285e-01 4.079443911807848488e-01 4.230097599586370993e-01 4.332456883575974693e-01 4.123079084675802530e-01
4.275892695897942630e-01 4.190921088499394709e-01 4.153908698083110806e-01 4.052376305859720085e-01 4.134203550064451393e-01 4.193268499670739780e-01 4.018769043010457231e-01 4.151288073845986193e-01 4.120184400937741409e-01 4.247695338244794061e-01 4.300825166968281765e-01 4.160667138916866459e-01
4.017453736322328384e-01 4.036509766055317305e-01 4.241141665027740593e-01 4.354159415298045066e-01 4.151101118652272826e-01 4.206322669665562564e-01 4.312823297694018398e-01 4.197503098748184280e-01 4.202141073056173126e-01 4.087189597639388494e-01 4.149180347563056759e-01 4.044474214278026558e-01
4.211750949209602801e-01 4.066781105786566042e-01 4.295094295450931909e-01 4.227661882065151255e-01 4.079605312311450627e-01 4.025222026127289188e-01 4.193695141242326230e-01 4.302506582369128862e-01 4.024729857967713209e-01 4.231364309902180265e-01 4.192421060162950797e-01 4.149167477404749338e-01
4.013138190701474040e-01 4.233533722018091305e-01 4.122743462164948358e-01 4.207304606311007555e-01 4.313256412709298715e-01 4.137441549109664995e-01 4.192822423778171936e-01 4.190117190121152024e-01 4.254739522643670724e-01 3.999282677003664910e-01 4.183541111297119364e-01 4.152079132141780482e-01
4.156468025885748929e-01 4.139260549123912059e-01 4.257493502471448310e-01 4.073264133722876434e-01 4.058243026699339673e-01 4.186068417321864854e-01 4.051497072319527604e-01 4.412880327157521765e-01 4.022096250089108871e-01 4.198349848546641949e-01 4.220700933049509329e-01 4.223677913612586265e-01
4.264893058481192822e-01 4.174724571960428121e-01 4.095189068272283017e-01 4.224074701656949093e-01 4.115453159863661226e-01 4.149902589959517663e-01 4.262324578490517268e-01 4.155603482360814560e-01 4.088934162869124478e-01 4.065717164957304286e-01 4.318605543159843574e-01 4.084577917968673644e-01
4.228469240271917062e-01 4.207450691778041874e-01 4.251156071465465591e-01 4.064650483108185330e-01 4.262390393010001555e-01 4.271316273994370527e-01 3.968896372806030026e-01 4.257791346316962544e-01 4.147590252802503263e-01 4.093936274181751434e-01 4.186517252872390404e-01 4.059835347393238036e-01
4.196260155147689686e-01 4.087577024939934023e-01 4.146788410835573480e-01 4.128121468733143562e-01 4.198515797838116570e-01 4.229161241591357090e-01 4.152875540529155640e-01 4.173227514848547592e-01 4.124160932494412846e-01 4.106746455473356816e-01 4.222556710703433414e-01 4.234008746864391659e-01
4.207011852332447344e-01 4.143074893422036276e-01 4.216548121231464830e-01 4.162901914037062667e-01 4.117518137372688236e-01 4.070037009389330107e-01 4.124086308700875558e-01 4.046646002405275278e-01 4.091028334486421225e-01 4.381654304607206507e-01 4.252350559019441034e-01 4.187142562995633810e-01
4.000863804650586220e-01 4.198236640521356700e-01 4.316786767594074092e-01 4.194863060301203816e-01 4.147129432303742202e-01 4.203240798060249306e-01 4.083141988681220358e-01 4.206103154899873409e-01 4.153314044576589259e-01 4.272076683141674547e-01 4.207864012071069193e-01 4.016379613197881282e-01
4.093464916811496157e-01 4.246369573598676173e-01 4.331766436019442446e-01 4.031571832437240155e-01 4.228369002276664013e-01 4.094075344364334068e-01 4.227779230167459934e-01 4.041834970944072625e-01 4.092821174754653901e-01 4.239111391023088204e-01 4.143107227730197240e-01 4.229728899872906012e-01
4.202695289836008152e-01 4.180353018689271227e-01 4.145219057392954265e-01 4.173722038504151799e-01 3.900688682235176064e-01 4.246614893864689710e-01 4.213009610396598048e-01 4.366523238106311822e-01 4.204752976055572411e-01 4.077762529585226559e-01 4.223753390600066826e-01 4.064905274733829899e-01
4.071474183115540990e-01 4.125489133636953687e-01 4.136497682204139936e-01 4.139440705579735535e-01 4.035682997973840669e-01 4.150299447901855121e-01 4.079220532432634716e-01 4.148224514419214803e-01 4.181911607937686126e-01 4.316421745677734290e-01 4.325856432828640852e-01 4.289481016292072679e-01
3.943693341964331633e-01 4.205193461196362614e-01 4.169655519042575476e-01 4.109739077694286036e-01 4.240589645214899450e-01 4.315651127881703908e-01 4.118030659841110941e-01 3.969322038661893814e-01 4.170757586617717116e-01 4.279951327476640976e-01 4.106527940718704417e-01 4.370888273689854664e-01
4.137271449354699149e-01 4.280340980140355245e-01 4.181257040214938492e-01 4.015270458148908483e-01 4.184309773159717305e-01 4.168498146910702973e-01 4.136721873800758287e-01 4.004490801608326933e-01 4.260191417154797211e-01 4.117092752769616615e-01 4.195917363600589201e-01 4.318637943136510726e-01
4.218057346834343524e-01 4.290964824225672603e-01 4.261032088810023377e-01 4.224644307691008405e-01 4.014884898297275129e-01 4.229911421920690140e-01 4.075189711386461577e-01 4.067031082196014835e-01 4.138610579369962350e-01 4.169087530445070855e-01 4.229808254629386921e-01 4.080777954194236279e-01
4.057636207621226343e-01 4.170351183698986497e-01 4.311453677566117193e-01 4.125244256756210315e-01 4.113375201882173982e-01 4.168862505813224484e-01 4.201787131534426845e-01 4.131887272909132713e-01 4.191598621559320947e-01 4.242228297161611539e-01 4.145247181617587873e-01 4.140328461880007360e-01
4.175722732841279927e-01 4.089432677839198726e-01 4.270172627043257174e-01 4.281060125947647732e-01 4.202214976950187086e-01 3.881594100250138624e-01 4.290306644392218871e-01 4.068201925535855912e-01 4.104711835254068464e-01 4.372265783294848052e-01 4.076006587495941136e-01 4.188309983155370508e-01
4.097592389573492255e-01 4.307317178116858991e-01 4.101729418311121922e-01 4.178935962374644153e-01 4.133282987660334418e-01 3.983282053255942090e-01 4.172978178561043139e-01 4.177767569536265380e-01 3.990796885873201805e-01 4.411061994053471214e-01 4.080874127113618410e-01 4.364381255569976803e-01
3.958488360476162260e-01 4.256419101797099258e-01 4.361942205570178421e-01 4.049488868168500399e-01 4.251208307192770874e-01 4.112627363771940714e-01 4.181083628889554760e-01 4.237785016673549232e-01 4.128175041276774815e-01 4.133546387183446580e-01 4.264501245417525177e-01 4.064734473582493623e-01
4.198343524599690291e-01 4.178479507730885056e-01 4.232382592432292201e-01 4.118491802223906983e-01 4.122029196647470917e-01 4.100688500096817957e-01 4.127656579903140055e-01 4.128877887793016566e-01 4.257287382570127954e-01 4.015197240092518438e-01 4.215598783050769627e-01 4.304967002859216851e-01
4.342389573776356260e-01 4.210510501862640975e-01 4.092868917720843824e-01 4.150898766682927787e-01 4.324283377148826490e-01 4.215781244075683665e-01 4.059231586726543828e-01 4.077776634693091040e-01 4.211659415540616735e-01 4.212175044833152415e-01 4.022133090727565419e-01 4.080291846211640538e-01
4.201166973027564699e-01 4.474948311827450231e-01 4.217916142740586460e-01 4.039925307358834261e-01 4.194515635956103106e-01 4.049135339814072809e-01 4.141948541584020704e-01 4.131888213680994792e-01 4.160337371226165981e-01 4.116311163060399902e-01 4.092454304336323734e-01 4.179452695387565475e-01
4.233498848105693435e-01 4.269652927630507300e-01 4.041021423891823505e-01 4.254881128583815064e-01 4.229304628507200015e-01 3.976761498376412129e-01 4.038259075140329113e-01 4.341668999483587754e-01 4.270615383816263599e-01 4.245507928710992585e-01 4.157105446100306523e-01 3.941722711652611011e-01
4.135160374759871971e-01 4.149778351377972907e-01 4.169980935092025276e-01 4.191538629286105655e-01 4.090190332001192308e-01 4.295408957707992914e-01 4.075503444463349223e-01 4.123039906604558102e-01 4.201192201613178634e-01 4.389531355393111456e-01 4.136944640210459267e-01 4.041730871489910282e-01
4.134057788757288243e-01 4.091284507728837339e-01 3.855122765001178786e-01 4.115752650932339995e-01 4.262341773403607870e-01 4.090275278240618206e-01 4.326020452719292475e-01 4.215067982949098346e-01 4.322286651621721765e-01 4.217854065315008172e-01 4.244076952207248565e-01 4.125859131124186563e-01
