1.754252763519707492e-01 4.425969667580545441e-01 1.623979762566892526e-01 1.678899268464482675e-01 1.706826866918186303e-01 1.095676952491432266e-01 2.631871723374730743e-01 2.674958517788213475e-01 2.066303145572888633e-01 2.940123897779995943e-01
7.818392399407429749e-02 1.245162648361646945e-01 3.963636796029307297e-01 2.378991721492815237e-01 1.529313091932267277e-01 4.399054990951390409e-01 9.687938385962915899e-02 2.814076394964019623e-01 2.754827511365828818e-01 2.633390996382942162e-01
3.346497624272796179e-01 1.128461585473696932e-01 1.883364686412248301e-01 2.209970246104152880e-01 2.950729985524861987e-01 1.585846810574617627e-01 3.472426818707201046e-01 1.516152903338914004e-01 3.072794675598342629e-01 1.405195196073481256e-01
1.220027886425161245e-01 2.644915388828081859e-01 1.967516033793664243e-01 2.180712345516189754e-01 1.500203989769629265e-01 1.701942824409735655e-01 1.878867705509164321e-01 1.796716602583718625e-01 3.169262634778350907e-01 4.504379293948769236e-01
4.019464441569340352e-01 4.199260004585236156e-02 2.430916244441227170e-01 2.776771528001126810e-01 1.850039595414306737e-01 2.257801123052793901e-01 1.941718939722744119e-01 1.648961227808176389e-01 3.292609373250801053e-01 2.468548953226195608e-01
1.189683821981739886e-01 3.394492912608661483e-01 1.686676306961267524e-01 2.830901682147813903e-01 1.795890624195641272e-01 1.514076311594946822e-01 2.979657115434839465e-01 1.222178114849674230e-01 2.885776680357431401e-01 3.022673329191166158e-01
2.275540451938154185e-01 2.053370488501410907e-01 2.530530072285618326e-01 5.333776328345488649e-01 2.470402512675526074e-01 2.038789205979634478e-01 1.573067007478274049e-01 2.541828923119414663e-01 5.432372044483791546e-02 1.858633848480315265e-01
3.296323677624252713e-01 2.288113166494919470e-01 2.235648665185325790e-01 1.882031225881049541e-01 2.002713226190369344e-01 1.857783921148344619e-01 3.265036667304745954e-01 1.248563922263834780e-01 1.701356244418132657e-01 2.338636121499496623e-01
2.265748686028841163e-01 1.760271573491291042e-01 1.797440236480418452e-01 3.583006458480796907e-01 1.145227552449905595e-01 3.201718215423712821e-01 4.892391488935450561e-02 6.431690862225531991e-01 8.130749596167866078e-02 3.277413159872130111e-01
3.697106906312889740e-01 2.212076431590603853e-01 6.328117585064411965e-02 4.390018915618368878e-01 1.548180834333532097e-01 1.907507666096130983e-01 2.025137135509663400e-01 3.123704111275977247e-01 3.034279670760084424e-01 9.206616179538143485e-02
2.230688284420366541e-01 2.257562030344494319e-01 1.876343576271620184e-01 1.871085986821849345e-01 1.251402444011023019e-01 1.275075437230965558e-01 2.610506587543856005e-01 3.688492571527305919e-01 1.567271379621998362e-01 3.997082567445483514e-01
3.230501602606653533e-01 2.285493535653833341e-01 3.134762987561073855e-01 2.731151723771413908e-01 1.664518052739992204e-01 1.884651038719074856e-01 1.691420077443520353e-01 3.028147310621228661e-01 1.211692834106011807e-01 1.467442217864510789e-01
4.224446601740924345e-01 2.444655937268607471e-01 1.374067205927541613e-01 2.917958177583118151e-01 1.275677901909193501e-01 2.796350256251691202e-01 6.730329646197003024e-02 2.575890515650433032e-01 2.890466521668681454e-01 1.898280789907982047e-01
1.960797837126396215e-01 2.328476565682497668e-01 2.018920739928323493e-01 3.129156884201131361e-01 1.008220314369003001e-01 2.418084558007962404e-01 1.369010480937796204e-01 4.194640471746930444e-01 7.189201477285915576e-02 4.322158250024383253e-01
2.395776835044348130e-01 1.751505177164330018e-01 4.251188947946103469e-01 8.222573917196798754e-02 3.031329027892343264e-01 2.329758616744903865e-01 2.101325521626247472e-01 1.509407262126444271e-01 1.732398726393569455e-01 2.771844333524355886e-01
2.502408074473894684e-01 2.625776544847068794e-01 1.844430739254013796e-01 1.631812300819781569e-01 2.614901998536862671e-01 2.304072405481236430e-01 1.758887883384457340e-01 2.583100913435733004e-01 2.430980899803032447e-01 1.546431080101903777e-01
2.256096652476571041e-01 1.761478230386072374e-01 2.833063301332339745e-01 2.272010369068092339e-01 2.335554027195705928e-01 1.264217650871178322e-01 3.705266416612140734e-01 2.191999662501911417e-01 2.005008865288560038e-01 1.532390728530619028e-01
1.614282636089031664e-01 2.924794921761350031e-01 1.385963033242922915e-01 2.247756514855845378e-01 1.527381463237886539e-01 2.959477544178405473e-01 1.657071825744731441e-01 2.432335080528858495e-01 2.083390977918546660e-01 3.357889668097102098e-01
2.476263641610716437e-01 3.887019091142839278e-01 8.463657569633123434e-02 3.320552999515228865e-01 5.942132704828935463e-02 4.047393530199033251e-01 1.742837431057914777e-01 1.052117190200834301e-01 3.057164554537826762e-01 2.862005191951239591e-01
2.065542255391219495e-01 1.908925070137508784e-01 2.251086908357481375e-01 2.924055973669114628e-01 2.621569945171540184e-01 9.708120253903772257e-02 1.627664237889770993e-01 2.221800647129928141e-01 3.078179557873713668e-01 2.532236290348820473e-01
1.513743130703018025e-01 1.424780145177172719e-01 4.270293138229661056e-01 2.890405256189776950e-01 2.137245010853045524e-01 9.531348571806098902e-02 4.375412000431904702e-01 2.276323921790493199e-01 1.583586202777197138e-01 1.687292116906924100e-01
3.505005562991058699e-01 2.645774959779949587e-01 1.576421671099128563e-01 2.852457463020194872e-01 1.444961681855624624e-01 2.524276995073277408e-01 1.046764205125554487e-01 3.868716846556555788e-01 2.274545973310110603e-01 1.089406239674517163e-01
3.428723448846450750e-01 1.534265998995604230e-01 2.905899017239050308e-01 2.697810700437950349e-01 1.302084695028752070e-01 1.785222239732273675e-01 1.360933600722589731e-01 3.686444191073539600e-01 1.836133148423534645e-01 1.956426856472687770e-01
1.664465316115024685e-01 1.045327049093276589e-01 4.666810340672530311e-01 2.078244813476723962e-01 2.224361294209720730e-01 1.626235113117351916e-01 2.712744426031399314e-01 2.521005606007418187e-01 2.164419187207492767e-01 1.846963957441381809e-01
8.051339847512556380e-02 3.425260917771309477e-01 1.517007067116596386e-01 3.611223858362035966e-01 7.507224433961724730e-02 3.374767717188990046e-01 1.834173265837644728e-01 1.301112281590955377e-01 3.141950930538589537e-01 3.946672060199869492e-01
1.313240012509396815e-01 3.130248511134893774e-01 8.000714958669154220e-02 2.925024755982909008e-01 2.362585294431912286e-01 3.116204643246265338e-01 1.456959309404885772e-01 4.368002286456160177e-01 1.533634658988411448e-01 2.077249974087462259e-01
3.737477203659095304e-01 2.083094883561628363e-01 2.849171490641201343e-01 1.013682926183461924e-01 2.306237692496272418e-01 1.891162513388787991e-01 2.774339261819094848e-01 1.240182041363441928e-01 1.425544084307200365e-01 3.357823623504407884e-01
1.630901557414171088e-01 1.564591976303554843e-01 2.176270787550766972e-01 1.598134708030895801e-01 1.555590782765577940e-01 3.761665901494648523e-01 2.571551426518434713e-01 2.041778218124993827e-01 2.251322340810340550e-01 3.070865246247706515e-01
2.377573469214420698e-01 2.288264399681910199e-01 3.212379373405204186e-01 1.467393448183572924e-01 1.624129814831686835e-01 2.802198398556986492e-01 1.061393454468575887e-01 2.362416121151882098e-01 2.660300400797274700e-01 2.362651967174129453e-01
3.243124655073060802e-01 1.342144355334976280e-01 3.046053227221895421e-01 1.402581419791245065e-01 2.495540144602881871e-01 9.053862658784694872e-02 2.273532900516723743e-01 2.078064038642571387e-01 4.921916767703868878e-01 1.451115939362047358e-01
1.709817444154814181e-01 2.289020872187605693e-01 2.340191023393599634e-01 1.882176740684908534e-01 2.536537849957705704e-01 1.600405398824612524e-01 3.161833755909718158e-01 2.078054212695003566e-01 2.898376526533567032e-01 1.483816212982950744e-01
1.091811704327559085e-01 1.102774299104962163e-01 2.849619751963752834e-01 2.148503643566105903e-01 1.840737888908088316e-01 2.303276223182120497e-01 3.307123960650474315e-01 1.998511053835771989e-01 2.379479592094254636e-01 3.445403849581834543e-01
1.963279306579509276e-01 2.424064345907969431e-01 3.445361028885216559e-01 2.458855142313638720e-01 1.516073691932980361e-01 1.605594394015940063e-01 1.783495422881211934e-01 2.371751855505520035e-01 1.932706020311320272e-01 2.501273398250591917e-01
1.823325868850940723e-01 3.374785062652059797e-01 1.057283680411837679e-01 3.589336354449149669e-01 8.297065473590113649e-02 4.827747755761370163e-01 2.142116725173555114e-01 2.389391481615376067e-01 1.509569608894657522e-01 1.816855912319367827e-01
2.725467675585404592e-01 1.621892341749004707e-01 1.587866647859205449e-01 2.624038499046734141e-01 1.425804214872690157e-01 3.764443478617017780e-01 2.650004520360627613e-01 1.598387192261207790e-01 2.485440073788905690e-01 1.756614518290639526e-01
2.730639535886139613e-01 1.525380350577300037e-01 2.831122658216181365e-01 2.539116957215618031e-01 3.007609943015753795e-01 9.168094427232004184e-02 2.774674506178226308e-01 1.145365086281633915e-01 3.436685392272545991e-01 1.777232825071458633e-01
1.498165174729700067e-01 2.416083762525698397e-01 1.577235759205670995e-01 5.205690233196684780e-01 4.591870097529771044e-02 1.960125838188217784e-01 3.403245466580041567e-01 2.157024684858851182e-01 2.938897601019024863e-01 1.927653002817369676e-01
3.032580329932602625e-01 1.771598973914935149e-01 1.811978988389816858e-01 2.685404074812481334e-01 1.570034135554860821e-01 2.111411230032230191e-01 2.606076052663071074e-01 2.058686958896842334e-01 2.137342453460421010e-01 2.053640026375569139e-01
2.261181464573757405e-01 2.967383454879782279e-01 1.448388739956532612e-01 2.548628444961801298e-01 1.664686763065284514e-01 1.481006826160999046e-01 2.635785105993448396e-01 1.668391201439436144e-01 2.589482504647023786e-01 2.787960070877684715e-01
1.108121308248856407e-01 1.982860991085482472e-01 2.008556547657482649e-01 2.977435173830074167e-01 1.771327658697809393e-01 1.862997868909935517e-01 2.392198086946502600e-01 2.314697562762239591e-01 1.742629760813759199e-01 4.207087935742631624e-01
1.275133913177163847e-01 1.478783102281087392e-01 4.476075579377971070e-01 1.042358702452171049e-01 1.792271144116328596e-01 2.674602836557999352e-01 3.281657612361890131e-01 1.926663483925475373e-01 3.027614566421579223e-01 1.912968236453617965e-01
1.016022702526368782e-01 4.144289576197695002e-01 2.223655348261130982e-01 1.372844792759456700e-01 1.034400716330068221e-01 2.098689689462870933e-01 2.890552050797502992e-01 1.729708351296499469e-01 3.039699143220591648e-01 3.473441202613848922e-01
1.072140748136615473e-01 2.317292765976473878e-01 1.493086147699165811e-01 3.243284708560268959e-01 2.141533044278175479e-01 2.455935726335709002e-01 2.850855323843681788e-01 1.748497783536966388e-01 1.789007058362934444e-01 3.194341584442111914e-01
1.136227633221471578e-01 2.532039264146895285e-01 2.957587214370857032e-01 2.457266455658285442e-01 1.883018237601953582e-01 2.047293563211795286e-01 2.369217575568530743e-01 1.560771657359528719e-01 1.543224784231990443e-01 3.864766454500997983e-01
4.596898607468661302e-01 4.644077215019400823e-02 8.828518322191479528e-02 4.610918663258124495e-01 7.487233629134722179e-02 3.937198754179830340e-01 2.871143596254078223e-01 2.827221325854736844e-01 2.833798767170145894e-01 1.114449971031855058e-01
1.540166540625908242e-01 1.493993764950582170e-01 2.040303679577787632e-01 2.174490828447317448e-01 2.386308978415825621e-01 3.582070263829199575e-01 8.835008366312455119e-02 3.234378305275364407e-01 4.153200842407103188e-01 1.451851774190968392e-01
2.845847362459238417e-01 1.652164655982708563e-01 1.727305040537586989e-01 3.461738338769929091e-01 2.073934387579465799e-01 1.528993621905375411e-01 3.448910051746327809e-01 1.363850253554874381e-01 2.292421505570129692e-01 1.882793231816558277e-01
1.262716405800555219e-01 1.948288595200993456e-01 2.734595417501668457e-01 3.252859401855628940e-01 1.322720116213480512e-01 2.689459120702360484e-01 1.952587932637543933e-01 2.916483049505715908e-01 1.491429500474928949e-01 2.725898556176336585e-01
3.299047295744738650e-01 1.866907013767149792e-01 2.511973488488673523e-01 5.955532510808188296e-02 4.368982505087981028e-01 1.145834050547149957e-01 3.460632927789525914e-01 2.132575520926687229e-01 1.937161011333414229e-01 1.949737190141133114e-01
1.320807926404741761e-01 1.834399347411115044e-01 2.528880509625263118e-01 1.796213911614003844e-01 5.596534042900077610e-01 2.741669344252246066e-01 1.836435623036097864e-01 1.525697526859523812e-01 1.867647169022749465e-01 1.807399115174042614e-01
2.606162168046186056e-01 4.799623672173739669e-02 5.055132747373435320e-01 1.131093407246669680e-01 3.600724914750659811e-01 1.454011212563198763e-01 1.488556074279361596e-01 2.332022539498048996e-01 3.149272191997635195e-01 2.562404993001533016e-01
1.993424184747837336e-01 4.586215871551345691e-01 8.046974381231744577e-02 3.312751900803639349e-01 9.116823703212648122e-02 3.320608953863955493e-01 1.351990415201908269e-01 2.393995755585299756e-01 1.824370038653478354e-01 2.912232857425047228e-01
9.461072328848646462e-02 2.464388947273154218e-01 1.749032815970056609e-01 1.693592435463787682e-01 2.219243027198274931e-01 2.420330153331330669e-01 3.902597998304491722e-01 1.702760210161468613e-01 3.057132291680213498e-01 2.311097202707194653e-01
1.700563873025868755e-01 1.818869847210720647e-01 2.259216117149661085e-01 2.723843465535009667e-01 1.734761695913090984e-01 2.400091303321936487e-01 1.197937409341149340e-01 3.819089219713071026e-01 1.447723852946514733e-01 3.321633163125677357e-01
1.498844451791310761e-01 3.146905901926588256e-01 3.666954136746948811e-01 1.742326300605723521e-01 1.812270070274778211e-01 1.682434356831180866e-01 3.165694767952048072e-01 1.942168082471483759e-01 1.392581655771046867e-01 2.294943666907856561e-01
2.184662946406841222e-01 1.819960736807275659e-01 1.891135978436822573e-01 1.253131700322252240e-01 1.527585098023284405e-01 2.502965519195131106e-01 4.448826205440627457e-01 1.140296920709920198e-01 3.936686936890825828e-01 2.176529443172288691e-01
4.037333157386701066e-01 9.183511770401397989e-02 3.595367234384316824e-01 2.431425499877743202e-01 1.697834839891884939e-01 1.397469326439879089e-01 3.626017948687803027e-01 3.348488024391454987e-01 1.484473055783771811e-01 8.948938816075266423e-02
1.719090524790778118e-01 1.487382852069775163e-01 3.634270151633890444e-01 6.912098777305700215e-02 4.150939131406702898e-01 1.024699428251336503e-01 3.031045697748420142e-01 2.557458900386367917e-01 2.209764342609498167e-01 2.772959890875467126e-01
2.383835868591681340e-01 1.652333087174760184e-01 1.844347002390951396e-01 2.200442098432546789e-01 2.379299837958878394e-01 2.390897223083651435e-01 8.701540433850127321e-02 4.736661024725474234e-01 1.534046591552732652e-01 2.725319335606068427e-01
8.257049653703277259e-02 5.022932711085338342e-01 1.561352327154437170e-01 2.002377882961710875e-01 3.343942898075837888e-01 1.682257618885080186e-01 2.178474963417320331e-01 1.910612965580457678e-01 1.329008846888971584e-01 3.353791616548288945e-01
2.922799522453984888e-01 2.409970312345407484e-01 8.879570013930662697e-02 1.554117156020664858e-01 3.662981760536437315e-01 1.121689677737740393e-01 2.826634273159698285e-01 2.606112945925312951e-01 2.613945875951773634e-01 2.072578979468467641e-01
1.365093088259431431e-01 4.256988193572074919e-01 1.860110197977496715e-01 1.489948647565067785e-01 2.676992714145030594e-01 1.460159703307817025e-01 2.011872502209113844e-01 3.486159219026750966e-01 1.003846943037879358e-01 3.352686435736742521e-01
2.412675146835296380e-01 1.770662588490052591e-01 1.905221512716460397e-01 2.009226200321364286e-01 1.139486901639470140e-01 2.173155176868229455e-01 3.207698482393911421e-01 2.233065777403460683e-01 2.399929261974991235e-01 2.820813737560647905e-01
3.170377326319069877e-01 2.998084472515309407e-01 1.172020179089523079e-01 4.611998107059701590e-01 3.477556563566877035e-01 1.789950657760126518e-01 1.133309283626793007e-01 1.651020461481426671e-01 1.599759107002627079e-01 1.531508673129325371e-01
1.319848846947851151e-01 2.307049118717854896e-01 1.869099915392156419e-01 2.999464643467829594e-01 2.640098059361470906e-01 1.961912462140059932e-01 2.428654424086687524e-01 2.106124627478430655e-01 3.638687803099255880e-01 1.071365184315730135e-01
3.177757242257154835e-01 9.080884993059482047e-02 3.221609205488842886e-01 1.028451906232741991e-01 1.472456727451721403e-01 5.042745899319214242e-01 2.220200306581990857e-01 3.185010737157553673e-01 1.255083322440521121e-01 1.976468863012867394e-01
2.248123988515006999e-01 1.689091824138819753e-01 2.779669992477609708e-01 1.528664457683933109e-01 3.118162112564537014e-01 2.572993897739250246e-01 1.150495769024899029e-01 2.292001082173142912e-01 3.856519377622671385e-01 1.283270112067927404e-01
1.705987267229098214e-01 3.234821098423729668e-01 2.201399357941618007e-01 1.609737746646952572e-01 4.289534816769380310e-01 1.140164114758728531e-01 4.262917574838963053e-01 1.450152215446104675e-01 2.060197186395629487e-01 1.178609168545726033e-01
2.284910441082990684e-01 1.559301121429859105e-01 2.396860967809120724e-01 2.152540000998760805e-01 2.232028318896426278e-01 2.260988601931028796e-01 1.637466326950086370e-01 2.181281399726099357e-01 2.484696608200274159e-01 2.549490438409147131e-01
4.071524489300307748e-01 2.622365478594171351e-01 1.245414830944776147e-01 5.265311133595159676e-01 1.250692796331491219e-01 3.079272883505274616e-01 2.575020200057009379e-01 2.447815519296340225e-01 4.239400564588065301e-02 1.219426946676934326e-01
1.778329770131726051e-01 1.882621738011799606e-01 4.873870942240693394e-01 1.820070555247067512e-01 8.527168976909681175e-02 4.245626146148271940e-01 1.253992371129653838e-01 1.828342557782769717e-01 1.010565486178644223e-01 4.410894223148575377e-01
7.092279518446943654e-02 2.350848694272290040e-01 1.719122581207337686e-01 2.522591598802624291e-01 2.147918951402117971e-01 1.235256799779253511e-01 2.228030156282609919e-01 3.917848356488553563e-01 1.818893525917809062e-01 4.481564799599274673e-01
1.883289523592549530e-01 1.298879452709917615e-01 3.409757752263470887e-01 2.424531254113886647e-01 1.817816573562900384e-01 1.597351750121629443e-01 1.487387259711089038e-01 3.278925594557128842e-01 3.468157811529148926e-01 1.777435247920056971e-01
1.473888757106557867e-01 3.878357646170325079e-01 2.346367508265186086e-01 3.182792888816778909e-01 1.876150486978935827e-01 2.649845238342406484e-01 1.662117440496323206e-01 1.962365841000765776e-01 1.185007990447763254e-01 2.198896704872266294e-01
2.602146805865405144e-01 1.629087716968458388e-01 2.684918498717553947e-01 2.376161351558637724e-01 1.635488736909673779e-01 3.801544938412891872e-01 1.205264766077676214e-01 1.239189293073107573e-01 3.944128365385742852e-01 1.585508561016918394e-01
2.246282630065783437e-01 2.412700366050171963e-01 2.027764260451876133e-01 3.727559145679698593e-01 1.276440883638027823e-01 1.177088948893254966e-01 2.142049494049279856e-01 2.528797980644511556e-01 2.843058226752624984e-01 1.907450577182014939e-01
1.397982758652414614e-01 3.186758387772085088e-01 1.359881872263466462e-01 3.312332736075232487e-01 1.751531533131094609e-01 2.879786267008739298e-01 3.680805424930554959e-01 2.545145496420054831e-01 9.436463290271264459e-02 1.766534339383456498e-01
1.242549643444683105e-01 2.577109162171741796e-01 1.647663328892699786e-01 4.103358689366284895e-01 1.117821847953378162e-01 4.109136614415309641e-01 1.388649235595925679e-01 1.475578642037873589e-01 1.681389548957065716e-01 3.990610359886001546e-01
1.134626889813146328e-01 3.356398048431300518e-01 9.853057240664699068e-02 1.881401255098087699e-01 2.182194264137428397e-01 2.304065991203096964e-01 2.388455782706579433e-01 2.250974113887877215e-01 2.134679405921048045e-01 3.987054924620589413e-01
4.815010011066326312e-01 6.962705747672066903e-02 1.264430959826213785e-01 1.882133832431024112e-01 1.224945359824927832e-01 4.951525890282117426e-01 3.004715644761359883e-01 1.405995103124280388e-01 2.966026793685158647e-01 1.713613047758348329e-01
1.197137432762117037e-01 1.909244893894642692e-01 2.415048251695737502e-01 1.908674812414094257e-01 2.635879682071538554e-01 2.458974594598911656e-01 2.509168910064577540e-01 2.938253509966985422e-01 2.592560438340594797e-01 1.511688590929876064e-01
3.349176495168755263e-01 1.547776219879671844e-01 1.450978805768986801e-01 1.626680882103439252e-01 5.314840459744485379e-01 2.505329468796638204e-01 2.224631913324428001e-01 1.098845704585800914e-01 4.439123837428369246e-01 5.717284351556570221e-02
3.298250192113912349e-01 1.083594795594675919e-01 2.413973299495066338e-01 1.727403770632685021e-01 2.500479084039398114e-01 2.460755614321187279e-01 2.906838885195051625e-01 1.361461919086549566e-01 3.122145470609146156e-01 1.537548606888149150e-01
3.250293572624183280e-01 1.145140721704474840e-01 3.211978747971947490e-01 8.053922277143805986e-02 1.821497702150771947e-01 4.256942560023072586e-01 2.130601273622907410e-01 2.187129295390538575e-01 1.926571923605847891e-01 2.185183547074995569e-01
1.083209216061565977e-01 2.404510698641220134e-01 1.426135994780403371e-01 2.529275134198895048e-01 2.341173396761067615e-01 2.446922039097798041e-01 2.380134357625629526e-01 2.549963426957450041e-01 1.738762848220355151e-01 3.281077490333432212e-01
1.899250175195728030e-01 1.277280169862037018e-01 1.490436688037466983e-01 2.393507149069192264e-01 4.458359491389251028e-01 1.636716869301630406e-01 2.253994546478114147e-01 1.590379502443057536e-01 3.102055941846399434e-01 2.454762325366616205e-01
1.356979848922207077e-01 3.211326825928371709e-01 2.561405045622287546e-01 2.412981470444961751e-01 2.105633594039750811e-01 2.068075059300806817e-01 1.382569934480719631e-01 2.462868171266396899e-01 2.369881847622959947e-01 2.074423997075874326e-01
2.748189897526995273e-01 2.832938457963539158e-01 1.814475520607342907e-01 3.574827933360751886e-01 2.007305462837987442e-01 1.858977878292376040e-01 2.472285448022333021e-01 1.807015340851872987e-01 2.291951216433750493e-01 9.225451233800627260e-02
1.190100087674968027e-01 3.481941829064260086e-01 1.792427573489172310e-01 2.658721334708298856e-01 1.189815224782087705e-01 2.271359631432720017e-01 3.260292136038738797e-01 1.308406876777987726e-01 2.988983723702791639e-01 2.422157312683096975e-01
2.269633610825237957e-01 1.473990668700851658e-01 2.022130530955593142e-01 2.601147154490270896e-01 1.262951665085954023e-01 2.332059545524055588e-01 1.820815941792848225e-01 2.953850844376631479e-01 3.365240807826286873e-01 2.038662228530612741e-01
1.253948433045773692e-01 1.258552131123934492e-01 2.723170559746110886e-01 3.772685100774864075e-01 1.757293152775789291e-01 2.263416451666828422e-01 3.365165741120399456e-01 2.158870866053168580e-01 2.350065911557635001e-01 1.601341135640749480e-01
1.930823519376230757e-01 1.203926042183463552e-01 2.953241680791798274e-01 1.313115521287546161e-01 3.601643943963686589e-01 2.731293312781691851e-01 1.672810518698978621e-01 1.255078520438854539e-01 2.687648645950316273e-01 3.267605833778264857e-01
1.422496470888615361e-01 3.147673023433114059e-01 2.465688123195300674e-01 2.653934920390847996e-01 9.959168107907873102e-02 2.826676981747702766e-01 1.584910725303339263e-01 2.301645282006478110e-01 3.196947351169779905e-01 1.806944656379313174e-01
2.318269035365353448e-01 1.987616595713008472e-01 3.038368904066057752e-01 8.908037955144314235e-02 2.505015747100951540e-01 1.669302322747034106e-01 2.595635648632744763e-01 2.114369280678250473e-01 3.600282202198903381e-01 1.689853672538909612e-01
1.168244394452755269e-01 2.673579250508038019e-01 1.018577467825909078e-01 4.953879745552606795e-01 8.897608353691394134e-02 2.575717060288069682e-01 2.249758831937837267e-01 2.594320044638855904e-01 2.689772994597098288e-01 2.408999424507962117e-01
1.860529347002959355e-01 2.685273554726331779e-01 1.922052699087167527e-01 1.919081870823904912e-01 3.212528734814134035e-01 2.033787548929026912e-01 1.831675506798975672e-01 1.424738914722218364e-01 3.855604768913907243e-01 1.512738449775706262e-01
2.577407874074726379e-01 2.296430602185542680e-01 2.835505073862987224e-01 1.281513130233097597e-01 3.007781141832949756e-01 3.177705300215726836e-01 8.783598250494455140e-02 3.033026450198576529e-01 1.918508951797022466e-01 1.548776439245871939e-01
2.689090039281949451e-01 1.531454782114188007e-01 2.674751982636619507e-01 1.551890006778874342e-01 2.249675299315017085e-01 1.842488170429257277e-01 2.483251010009140947e-01 2.581311564707013395e-01 2.104686794411610995e-01 2.136608076905261722e-01
2.254576598014342292e-01 1.763753646474232883e-01 2.834317568562577105e-01 2.742960692193130989e-01 2.441009189209810137e-01 1.878334532777206634e-01 2.595425314295745634e-01 2.050902817608720730e-01 1.848473565204208635e-01 1.474721296242323676e-01
1.762638195128166385e-01 1.346899487513815719e-01 1.300698467415224990e-01 4.126383180170759557e-01 2.373833026771730026e-01 2.219095465753914420e-01 1.115279126916493557e-01 2.701577815282083517e-01 3.445144693969930394e-01 2.325665870979769512e-01
