4.569218310315888987e-01 6.816842496749855318e-01 4.406280989290161099e-01 4.470925724670821166e-01 4.508465007266115321e-01 3.699511006646786226e-01 5.437770046869754292e-01 5.480938005844915306e-01 4.903945978505375725e-01 5.706102433840305466e-01
3.176497717488474537e-01 3.929808937857668383e-01 6.495483603558063201e-01 5.215924823327247051e-01 4.302002307734761333e-01 6.800842030658199588e-01 3.499707354726431796e-01 5.598904429967104246e-01 5.546457798114219351e-01 5.434370996567836620e-01
6.035376674284693710e-01 3.749887922032944521e-01 4.711211573892093996e-01 5.045321923723564694e-01 5.717626664816086723e-01 4.370134516581072326e-01 6.132280577645582431e-01 4.282627021943743451e-01 5.815894245098529591e-01 4.139638879981652475e-01
3.879234051274195183e-01 5.454108118727748478e-01 4.795997113186843963e-01 5.016863470992363183e-01 4.260657878457767556e-01 4.505312983733164023e-01 4.704011584380935473e-01 4.607257703889588996e-01 5.903774926131173384e-01 6.872782169226101523e-01
6.530933802423619650e-01 2.347933294840893748e-01 5.278202258392125090e-01 5.566180704297800652e-01 4.676109461284573277e-01 5.096191485651029307e-01 4.773538300140732771e-01 4.446832657848733272e-01 5.989993637588885145e-01 5.294084397531645392e-01
3.844790784864191568e-01 6.074560775327908502e-01 4.490450044565664767e-01 5.616400198475657302e-01 4.615425536832097331e-01 4.281869143661676258e-01 5.742875900107955456e-01 3.891213017112906680e-01 5.663186438665928080e-01 5.779228160386071789e-01
5.110675328393008421e-01 4.888283740428445157e-01 5.362277514802763489e-01 7.407798378974114195e-01 5.301689569895235987e-01 4.871046909578100603e-01 4.346654710818826928e-01 5.361901231704753190e-01 2.652007568482471767e-01 4.697665046922405163e-01
5.997528064474905163e-01 5.123539129543832615e-01 5.072521197753110389e-01 4.709747139462086007e-01 4.838167741602600325e-01 4.683554591964227964e-01 5.972573145503456971e-01 3.928820939056842931e-01 4.505360250970750768e-01 5.168187799668166882e-01
5.100648798692127839e-01 4.567197012972270542e-01 4.608854978168374639e-01 6.217557360994023785e-01 3.770596287985322204e-01 5.919694355178182210e-01 2.526352488499097326e-01 8.074879095182514455e-01 3.238966281211813625e-01 5.975253341116366634e-01
6.300646142466512778e-01 5.061962998732841834e-01 2.867353847427132063e-01 6.793335707866433593e-01 4.323137788711201024e-01 4.732813302259352151e-01 4.855829871288420141e-01 5.859755618155616519e-01 5.787004847302427146e-01 3.418159875790051649e-01
5.067656626069200199e-01 5.089639822641738309e-01 4.697848741538327988e-01 4.689688166050918205e-01 3.927107454898439154e-01 3.957160153540665304e-01 5.418205006602825335e-01 6.294710277086214001e-01 4.340644953340873635e-01 6.517338798230714048e-01
5.941040337580983932e-01 5.120798519554943251e-01 5.866891182875429989e-01 5.528461878786885553e-01 4.458199376400762137e-01 4.711851915498501131e-01 4.493466712962550513e-01 5.780278267903788958e-01 3.879904429488553741e-01 4.219107378947627440e-01
6.678146567823630697e-01 5.272118075605116694e-01 4.094902573475025509e-01 5.689896850920365123e-01 3.958262343343360579e-01 5.586643789769402124e-01 2.945695513042094205e-01 5.393269491474671495e-01 5.661367602564082446e-01 4.719697191982156204e-01
4.794310299042575663e-01 5.156899628778432998e-01 4.852348453586677879e-01 5.863323565032729778e-01 3.558625826636441225e-01 5.244381124114028125e-01 4.082048697916522695e-01 6.658681214167453399e-01 3.044412768598681596e-01 6.744968422126292884e-01
5.226088717914016968e-01 4.566751397517584410e-01 6.698373833460578020e-01 3.244149216173447536e-01 5.785521287194514972e-01 5.160879043087973628e-01 4.936242853053283142e-01 4.275874836390715084e-01 4.540336667826959660e-01 5.565782147380924361e-01
5.328783991418005739e-01 5.439080006764044350e-01 4.669505110904504930e-01 4.427262267435194687e-01 5.429388164498281100e-01 5.143458171819026425e-01 4.574448089653297411e-01 5.401950066194061151e-01 5.262600507261445681e-01 4.323523624052250103e-01
5.094152823100115413e-01 4.574213093266107366e-01 5.618854103919947995e-01 5.109088323810309085e-01 5.170327538458880934e-01 3.950685221208035669e-01 6.309180311398601138e-01 5.031000198745583241e-01 4.838552778869344984e-01 4.303945607222909309e-01
4.402880949450599934e-01 5.695328531764761726e-01 4.112712866942478396e-01 5.086626438073540424e-01 4.294670364835758702e-01 5.726033054750805373e-01 4.455620710440800214e-01 5.259659732016735978e-01 4.922425360353418489e-01 6.044041991370959765e-01
5.299255047594297885e-01 6.438248286235874751e-01 3.279000172314299189e-01 6.016428117213175053e-01 2.777354913454694318e-01 6.557650436388468007e-01 4.555871020707555341e-01 3.633377866852127713e-01 5.803063613801739962e-01 5.639750525437855488e-01
4.901986686376083036e-01 4.739743697579811288e-01 5.087269641178857604e-01 5.695272461126108521e-01 5.426946574365345555e-01 3.501212580341465097e-01 4.419920170491107303e-01 5.052324764561156867e-01 5.822472807199028377e-01 5.352850616781148485e-01
4.274235183001113825e-01 4.152911216617871104e-01 6.709948400164844617e-01 5.669414611015195504e-01 4.973356123626293535e-01 3.474089458249942641e-01 6.784760551576718424e-01 5.116208576494957194e-01 4.361662966400540742e-01 4.483412912852609011e-01
6.157523590724882645e-01 5.457579798390463921e-01 4.355789800739556794e-01 5.636959178206197851e-01 4.189176648809176395e-01 5.348019396397170055e-01 3.622542722624965128e-01 6.426931848269948899e-01 5.117564393177179705e-01 3.687912622660467488e-01
6.100961214357887297e-01 4.304615397908140850e-01 5.680770587058416865e-01 5.498361668729820906e-01 3.995844602853247385e-01 4.602680283125300531e-01 4.074414447268588368e-01 6.293960227077605163e-01 4.660908674067765767e-01 4.787482897553174133e-01
4.467288387015626583e-01 3.613583384811467902e-01 6.979195813035408147e-01 4.925559095152395317e-01 5.060992255914584792e-01 4.421227211864073858e-01 5.515618828616951630e-01 5.345224456634912746e-01 5.004649355906434227e-01 4.666661211048109270e-01
3.209117859435680065e-01 6.096366786295610574e-01 4.276151088288623336e-01 6.236143315950470889e-01 3.108014002008361309e-01 6.059746021503594759e-01 4.655938806831507737e-01 3.996716042803926672e-01 5.876596093954888911e-01 6.485209982927269134e-01
4.008052505067244420e-01 5.864578530808284285e-01 3.198679858070875293e-01 5.692584009491187258e-01 5.192257518585433607e-01 5.847298562501679342e-01 4.207973366134480919e-01 6.777583661459604114e-01 4.299660520714301271e-01 4.911331467166926701e-01
6.332829284934218261e-01 4.912463871765264667e-01 5.626474957679807876e-01 3.569852967501319085e-01 5.143838451429014746e-01 4.716526281935928266e-01 5.566495818815240249e-01 3.922771724606294308e-01 4.163605796830105454e-01 6.045140844502671085e-01
4.418391694629092425e-01 4.343796882698622852e-01 5.010657998809097124e-01 4.384209378978757288e-01 4.322486465124200095e-01 6.347953059349948912e-01 5.391801309737722647e-01 4.874506478902163042e-01 5.091158772191020088e-01 5.815037959579458793e-01
5.209272496690398047e-01 5.126983190851082117e-01 5.928959340949915280e-01 4.219275645518305029e-01 4.417328098679668136e-01 5.591444192282535308e-01 3.650844986554490079e-01 5.192311292452015392e-01 5.467110497172007477e-01 5.196470258849583690e-01
5.950338267932606673e-01 4.053401905510520264e-01 5.794659172598931596e-01 4.128132355604011705e-01 5.316549121303507652e-01 3.384391026762713084e-01 5.108967998666965604e-01 4.919903492373005616e-01 7.145583377866129293e-01 4.198073281381630162e-01
4.518014015900146951e-01 5.124719713769337881e-01 5.177541312274989149e-01 4.710651551220774724e-01 5.359171471774325513e-01 4.388634843883444936e-01 5.889988609652612173e-01 4.917827670269816487e-01 5.671773727588997893e-01 4.241677083665575942e-01
3.698517807549717151e-01 3.722861615775767685e-01 5.628146162509021222e-01 4.989671276724658711e-01 4.661587079715999726e-01 5.137269892875545585e-01 6.006281782156241977e-01 4.830929577754509707e-01 5.216056453033447449e-01 6.108678351904951453e-01
4.796039096470567920e-01 5.251964902191648132e-01 6.112323854648550325e-01 5.278458605777217594e-01 4.276371955215364506e-01 4.392374118388446824e-01 4.597047122682196285e-01 5.204867898076115384e-01 4.764452771890798077e-01 5.326099674659083849e-01
4.636070105911831996e-01 6.058374941040924888e-01 3.637013599900580374e-01 6.219944153060380510e-01 3.252264533067920071e-01 7.084687853457301010e-01 4.988362222002660218e-01 5.217582949304260254e-01 4.272570219252024293e-01 4.633129423002055880e-01
5.526439584662301563e-01 4.415950973609316099e-01 4.371733288670286433e-01 5.436553255423117736e-01 4.164803217432588855e-01 6.352926286359699137e-01 5.462779139936972950e-01 4.383367530094869347e-01 5.313464709601394276e-01 4.571982014209487466e-01
5.527734562508666016e-01 4.295313327111593416e-01 5.612939693616966208e-01 5.357393437979869333e-01 5.760789623701376705e-01 3.407852871437164755e-01 5.568504020399537291e-01 3.772885708252216586e-01 6.105230537559364068e-01 4.591356217433212317e-01
4.261720914478445144e-01 5.241550007651484266e-01 4.366208694349951180e-01 7.328565481287160344e-01 2.457396067124290595e-01 4.812780402675878033e-01 6.076150531073116756e-01 4.996600607987424225e-01 5.704522977938584205e-01 4.754504315433621953e-01
5.787037941650208239e-01 4.587474994913753323e-01 4.635207393493648853e-01 5.492144296680645521e-01 4.353226558436488203e-01 4.951522074012438823e-01 5.422394718640174416e-01 4.899068955171629880e-01 4.978212395194839268e-01 4.893710671806128509e-01
5.099195238388691820e-01 5.730160520062330676e-01 4.197412661849854176e-01 5.368987592066275516e-01 4.464102426698086656e-01 4.240743746278273218e-01 5.446445893741453936e-01 4.468194953365847155e-01 5.404831117051644984e-01 5.579925850497625683e-01
3.717895950022238605e-01 4.819222240321075490e-01 4.841929056532444098e-01 5.742074110331740755e-01 4.587142845131407798e-01 4.689968361714793588e-01 5.225494278249844804e-01 5.149528480845612100e-01 4.558677244381239557e-01 6.668067432469629852e-01
3.960209377544608444e-01 4.232440048962354817e-01 6.852365159199631517e-01 3.620214675461353449e-01 4.606034811512503824e-01 5.477079111367320063e-01 5.984319965712574518e-01 4.754082730038358129e-01 5.778945897244336383e-01 4.734308222956929435e-01
3.574136844763049492e-01 6.624381195973689795e-01 5.054403941349647766e-01 4.089981260374440097e-01 3.602456439642643393e-01 4.930359273157807753e-01 5.665474697217207645e-01 4.533636261903591369e-01 5.792159608846114693e-01 6.133010476771967312e-01
3.663763872950075440e-01 5.153426110243970459e-01 4.248859694797303410e-01 5.954341130693143747e-01 4.981109039740703182e-01 5.282646136295123807e-01 5.633607932683450947e-01 4.557969827218517622e-01 4.607741713690793883e-01 5.916534541686925275e-01
3.767164404024759827e-01 5.349974262307160000e-01 5.723165557451295182e-01 5.283005993202840589e-01 4.710039372993913842e-01 4.886166575391308053e-01 5.200837619986353744e-01 4.339299817509233437e-01 4.314388263590860362e-01 6.425958133542277739e-01
6.932478389949231490e-01 2.504972227196759493e-01 3.409267835150694426e-01 6.944151271757939003e-01 3.111516199651480630e-01 6.477573005036890708e-01 5.655448838335466188e-01 5.611020564605033734e-01 5.617224794974489122e-01 3.736346873342041297e-01
4.310356206627632414e-01 4.248451746175800903e-01 4.875128593773663255e-01 5.008929060749186535e-01 5.217440263984882698e-01 6.216401212466330373e-01 3.351235611797125369e-01 5.954870235226038533e-01 6.630090906591278310e-01 4.187096162608029970e-01
5.630526371038147015e-01 4.450987764390522128e-01 4.535004960620672154e-01 6.125700820774487854e-01 4.911645490207889320e-01 4.301300789020628401e-01 6.116816983290552789e-01 4.087328689719880170e-01 5.130151872984904937e-01 4.710536257952377404e-01
3.949428263284040508e-01 4.777525060355851672e-01 5.533032052411992474e-01 5.963179368661633006e-01 4.031510067728334423e-01 5.494288073044409915e-01 4.784899065245394878e-01 5.688571734200025265e-01 4.251742850819483222e-01 5.525823464248781347e-01
5.999440363105079665e-01 4.689257626930186662e-01 5.341515396628179202e-01 2.779605899585329554e-01 6.778433154281642281e-01 3.775842328369718448e-01 6.120881136969358316e-01 4.971574451167222741e-01 4.763682322959807425e-01 4.779767320003537323e-01
4.020665443283888418e-01 4.649735691421219563e-01 5.342835597257440394e-01 4.615734368078584504e-01 7.572572364868599415e-01 5.552711600550962467e-01 4.650841516320679547e-01 4.291641753677973847e-01 4.685948201672070490e-01 4.617313462868611884e-01
5.424748175529325867e-01 2.506804906986282999e-01 7.232722744068704746e-01 3.755128714827747349e-01 6.226794115853002687e-01 4.202195565697730562e-01 4.241846754676223963e-01 5.158651885279450511e-01 5.877592659231447580e-01 5.373514477850084292e-01
4.831549861879304020e-01 6.923266835993598933e-01 3.203538462588968461e-01 6.007764937700172947e-01 3.394992986743314844e-01 6.017814297949746205e-01 4.066141405147413179e-01 5.226281474257521431e-01 4.646953408021736731e-01 5.681696329718157745e-01
3.458893859460003828e-01 5.289408334650361754e-01 4.557522943244819436e-01 4.495788843792521416e-01 5.051327477163596313e-01 5.249334312104219080e-01 6.450562548878009395e-01 4.502877901852997966e-01 5.802598766868285463e-01 5.141685011985192011e-01
4.505085499224510404e-01 4.638649838346634580e-01 5.095649820781356087e-01 5.525758461190746207e-01 4.542690951096109431e-01 5.232022086480092593e-01 3.853736453178813193e-01 6.391734987613907348e-01 4.198469539259540584e-01 6.016202362828309003e-01
4.255504977767020081e-01 5.878895641021981699e-01 6.281736604658945122e-01 4.544692737521567327e-01 4.632970735335423251e-01 4.482584914601524528e-01 5.894145341385903514e-01 4.773968061214922676e-01 4.123859563341168988e-01 5.131641423151512837e-01
5.018550559364621799e-01 4.635422685603404203e-01 4.712806323071488945e-01 3.928433298231439053e-01 4.289209211478073325e-01 5.326178123961521349e-01 6.833891271137727541e-01 3.766344328729031021e-01 6.474539335196741741e-01 5.014624863225956020e-01
6.548535420613387226e-01 3.415568424347895649e-01 6.225458018914762359e-01 5.260652560714554893e-01 4.501791599389024512e-01 4.126035799818542071e-01 6.252268039504265129e-01 6.039995158234729988e-01 4.249207990235897014e-01 3.380486988226916734e-01
4.526041764296202530e-01 4.244297702417159091e-01 6.256842836104290484e-01 2.987835549722948070e-01 6.628695186942686890e-01 3.588919090759562502e-01 5.780425551326222600e-01 5.375353155127911009e-01 5.046055454342510682e-01 5.565533708960470616e-01
5.217119424140249651e-01 4.449352734098292461e-01 4.668682109536148594e-01 5.039544383961023222e-01 5.209108293086432973e-01 5.225619494037997415e-01 3.327798745845504946e-01 7.026286753607704494e-01 4.312395131520000424e-01 5.524092930166690785e-01
3.247152154917559708e-01 7.212903343997404404e-01 4.349628305075863843e-01 4.833849041100798383e-01 6.035615126136655295e-01 4.484719521788492202e-01 5.016366433907892830e-01 4.743704877445179546e-01 4.034547875944224371e-01 6.041513319686039329e-01
5.692848359715926287e-01 5.232887779299699726e-01 3.362105158340853994e-01 4.330931258512107918e-01 6.276250206394630160e-01 3.743966463589145643e-01 5.608744232977412869e-01 5.419161888935131177e-01 5.424354394720998229e-01 4.908750257514133963e-01
4.086103080938278120e-01 6.702261268785136838e-01 4.685068741335327025e-01 4.247435292058456824e-01 5.481253945600885746e-01 4.211351996317851398e-01 4.845392457870441039e-01 6.144639028024609928e-01 3.557181974104921540e-01 6.039312214964105419e-01
5.239973524966451413e-01 4.583672002217257235e-01 4.731929327373440297e-01 4.843003698156508885e-01 3.766257948872969719e-01 5.003386857133298449e-01 5.925059436779180899e-01 5.069700170032200859e-01 5.229306597331643269e-01 5.607710437136929071e-01
5.893763853596172275e-01 5.756199814317116692e-01 3.809292920920805958e-01 6.944957227119488152e-01 6.140916669136271544e-01 4.594293044290355121e-01 3.752647849745598951e-01 4.436279612629266400e-01 4.378806140508718636e-01 4.292842867736240686e-01
4.034800793278864317e-01 5.138409868728217589e-01 4.693377995192672403e-01 5.758607796654999778e-01 5.452540796254974342e-01 4.796383839750163469e-01 5.257340585807812605e-01 4.949044578446259446e-01 6.255771587372948028e-01 3.663722158513098570e-01
5.902184347908175921e-01 3.395350723890024902e-01 5.935212363896651411e-01 3.596441780928595344e-01 4.231290071971179900e-01 7.222812304534256267e-01 5.066700092506064568e-01 5.902882912081676148e-01 3.936938803257446495e-01 4.810186599025903509e-01
5.087347034942557578e-01 4.489251665807684200e-01 5.574352768026384908e-01 4.298946491750043064e-01 5.855980747534004216e-01 5.389249434808374151e-01 3.782367791605368290e-01 5.129944517066192811e-01 6.419470515944596389e-01 3.973089032514812713e-01
4.509716719119530870e-01 5.947030278162653838e-01 5.038743670647963802e-01 4.401792309603240749e-01 6.723981266945808777e-01 3.770073631095620104e-01 6.705049138806974396e-01 4.191012570668851689e-01 4.890253255894959628e-01 3.822347159054330645e-01
5.122465929707846755e-01 4.340005229122066988e-01 5.230913984404982342e-01 4.994276906910368741e-01 5.073032250656045461e-01 5.100975113289151208e-01 4.434279092532680822e-01 5.021087509889965439e-01 5.311759202866452867e-01 5.371204780620362218e-01
6.573932489014322478e-01 5.438801988309933666e-01 3.930481341736235534e-01 7.366511570976052026e-01 3.931007205484324252e-01 5.816256185778618804e-01 5.385859843818605608e-01 5.273694161627271448e-01 2.367138576887542478e-01 3.916316636367238591e-01
4.595643886068926931e-01 4.708918299639335281e-01 7.114910630400328451e-01 4.648300067525803492e-01 3.300203557291497281e-01 6.694302250831064560e-01 3.926200678596072358e-01 4.647342932405289506e-01 3.556503670631788738e-01 6.807674026610035511e-01
3.017839774600441505e-01 5.192092862606962900e-01 4.523047575580658730e-01 5.348368680627735294e-01 4.986899416997031542e-01 3.908677676900146336e-01 5.068478896071334505e-01 6.461751498288579310e-01 4.640485710007160591e-01 6.852357908319945956e-01
4.711808182108747634e-01 3.994004817844885036e-01 6.085009964359298085e-01 5.254491083622183645e-01 4.632644830511372658e-01 4.385992593630015923e-01 4.238144317620788915e-01 5.981993431619515578e-01 6.132006613612749346e-01 4.583904165070485925e-01
4.219610156621109720e-01 6.430375532445741227e-01 5.180195804835190376e-01 5.901938377913884537e-01 4.702262451334680016e-01 5.457757683204355059e-01 4.454163417940786851e-01 4.794696914052133385e-01 3.826559802059682491e-01 5.032439859592425790e-01
5.416876409553924576e-01 4.423235738537282802e-01 5.492524096641613340e-01 5.209639762053062118e-01 4.433355232045777528e-01 6.378570035367376878e-01 3.870758663072869643e-01 3.919957876987768541e-01 6.481914537372392981e-01 4.373167648368023186e-01
5.086941689170900727e-01 5.242458679335465499e-01 4.868666323197345935e-01 6.322678634136313924e-01 3.962368859073326921e-01 3.829911861264297390e-01 4.972944033503102212e-01 5.349432770140405413e-01 5.627245947790856517e-01 4.737351202388103144e-01
4.121760309915589726e-01 5.909279136603046156e-01 4.078998756313413909e-01 6.007625973866035363e-01 4.560785609499662940e-01 5.654610876276113807e-01 6.287784004410128524e-01 5.355028014218596866e-01 3.445473545790131986e-01 4.578653773107215219e-01
3.916209285680228858e-01 5.389463959964475581e-01 4.441063650027691212e-01 6.593079792403067074e-01 3.735452336511269067e-01 6.597977944069595146e-01 4.110503567452695184e-01 4.224786512236241576e-01 4.475641659156848196e-01 6.515821292498041872e-01
3.757671278474206678e-01 6.041946498247829922e-01 3.523119497204258432e-01 4.715259948374882493e-01 5.019165439688644259e-01 5.142679464773374232e-01 5.223289261919691340e-01 5.086742050478294530e-01 4.979134026545514180e-01 6.510992534293322809e-01
7.075857490609815947e-01 3.005714824678628050e-01 3.967184853192496363e-01 4.704115557589510499e-01 3.884491168804840022e-01 7.170556829400613896e-01 5.780458238996035725e-01 4.146175424701026291e-01 5.732615764467789976e-01 4.532829847559520786e-01
3.852421000718035948e-01 4.732758088522847628e-01 5.243697555466049209e-01 4.736661144680904822e-01 5.445207812192232044e-01 5.285072236111393318e-01 5.329388184425702946e-01 5.705386663707852080e-01 5.399829575089662992e-01 4.269577739085363977e-01
6.038992729951810912e-01 4.310067079067143592e-01 4.192251906862466959e-01 4.414726086014660877e-01 7.396996892795437706e-01 5.334054761220743401e-01 5.056489362371922036e-01 3.703811029571408842e-01 6.827601140032970584e-01 2.725009012111466733e-01
5.997948826330548044e-01 3.681978475165635922e-01 5.245766344112061663e-01 4.534252560824104661e-01 5.322784975739445201e-01 5.288123797185952935e-01 5.678678136415313826e-01 4.084584622004137633e-01 5.857536235312386097e-01 4.308346026910476745e-01
5.960054976543674998e-01 3.775298113817029400e-01 5.928780581527173243e-01 3.213538193421978661e-01 4.643247543646671915e-01 6.700812576862702485e-01 4.971853081989862089e-01 5.024320370537274094e-01 4.756890673025001570e-01 5.025203888628698712e-01
3.680214021060888574e-01 5.237457656891492119e-01 4.165936347186923738e-01 5.350199121894350096e-01 5.176278162168084229e-01 5.274076192099825811e-01 5.214025742359321702e-01 5.367482443685062110e-01 4.550032214272143882e-01 5.984298098381888309e-01
4.720478595585229087e-01 3.966818982826014750e-01 4.242603256802435219e-01 5.221528558880963455e-01 6.840795416724231304e-01 4.425211721121603548e-01 5.089086015129922203e-01 4.371966515395604991e-01 5.842212988594910339e-01 5.279297948939121188e-01
4.076404895180925081e-01 5.928224231427676738e-01 5.382233844220614127e-01 5.241985600678354951e-01 4.944101161359750751e-01 4.906735188153875660e-01 4.112931241446389219e-01 5.290296862819738877e-01 5.202664502971450222e-01 4.914422471741219933e-01
5.540706530931975848e-01 5.617608068202145644e-01 4.632058086407043751e-01 6.211234885647669568e-01 4.840943250325235869e-01 4.684042361872557403e-01 5.299687235338902402e-01 4.623875934972697666e-01 5.130452479080315209e-01 3.419391167221559336e-01
3.845968396748241647e-01 6.141058126476124368e-01 4.609938744266361965e-01 5.465981291758241767e-01 3.844691496449282875e-01 5.108226371573303393e-01 5.969248758547209821e-01 4.012042597897086948e-01 5.749820232025542044e-01 5.253023984258506918e-01
5.104425376915142643e-01 4.229971026874116413e-01 4.858728425781092541e-01 5.416319638643452006e-01 3.948203711164584573e-01 5.166057897902827101e-01 4.636194518959499966e-01 5.719383270446094514e-01 6.050876452942410832e-01 4.869839680370656176e-01
3.932979796867945854e-01 3.930461775110880573e-01 5.515846737836300751e-01 6.357615333385708833e-01 4.565023150814366826e-01 5.098262076682811283e-01 6.049049887535846715e-01 4.993376673177420400e-01 5.178443853519205664e-01 4.378940715069523648e-01
4.760297784841163171e-01 3.865523705438365654e-01 5.719476183422571580e-01 4.015332195006826588e-01 6.232139103396492352e-01 5.531592289968398912e-01 4.471748727791591826e-01 3.939422684242451234e-01 5.489812229282726719e-01 5.974655096609509108e-01
4.164872414685417135e-01 5.876979555799459742e-01 5.292448553686978086e-01 5.459313750076919547e-01 3.545623742866544359e-01 5.613884176451301444e-01 4.366408685415267277e-01 5.137540580510820964e-01 5.917879432678889717e-01 4.625049107828377304e-01
5.150864294705721491e-01 4.819194731703619339e-01 5.788726515291712227e-01 3.364005702351556826e-01 5.330225917261046664e-01 4.465498237932880032e-01 5.408374831562900997e-01 4.953347760864464933e-01 6.228675569998655126e-01 4.491086438327450137e-01
3.807287488072775838e-01 5.476492064557517692e-01 3.576110777038561395e-01 7.168654331849998451e-01 3.365298816641906221e-01 5.388352690991803362e-01 5.083133924484318777e-01 5.406199668570385031e-01 5.491645042719288661e-01 5.236825195073456785e-01
4.685769074155598513e-01 5.490679735059833533e-01 4.754029589833018710e-01 4.749727184612396735e-01 5.932430498748655356e-01 4.867756608472357804e-01 4.653367399906955248e-01 4.166027963177234006e-01 6.419566854677184464e-01 4.280645091356688470e-01
5.393413934270947507e-01 5.133884743468291045e-01 5.621087476139021710e-01 3.973987280995132654e-01 5.767125032881520452e-01 5.902505366867066838e-01 3.345957526191107867e-01 5.787919135440892093e-01 4.748409750225582870e-01 4.325709753520586842e-01
5.494962580329598723e-01 4.304548426352677315e-01 5.483408341048001677e-01 4.328728477324484403e-01 5.089777480219327410e-01 4.666599749405067055e-01 5.309662441428575352e-01 5.400182631141529077e-01 4.943893702154778524e-01 4.978236170596112009e-01
5.091364627088376116e-01 4.574846715655538354e-01 5.617258453824101050e-01 5.541826035252661597e-01 5.267755041905676228e-01 4.706475562319002437e-01 5.411915659054390426e-01 4.886107084994060212e-01 4.672879112317264161e-01 4.229571707589037111e-01
4.568087683562814805e-01 4.064495878239436366e-01 3.990955004008671647e-01 6.609992552016625833e-01 5.209876911495295859e-01 5.055303527517647222e-01 3.733529109429558623e-01 5.500674204962476832e-01 6.112276958760550771e-01 5.154808170006994761e-01
