-5.238128943726461983e+00
-7.967280945502669631e+00
-8.343677473242051335e+00
-6.158262457986642957e+00
-6.482297475205144544e+00
-6.743832906258592885e+00
-8.107367946055076047e+00
-3.719917389754936021e+00
-7.957156375945705129e+00
-3.569278275870362727e+00
-4.965294650406081089e+00
-7.021943085712508470e+00
-6.765668407230391423e+00
-1.018630537981446693e+01
-7.737903798298185976e+00
-2.590060003163377367e+00
-6.822440679022276022e+00
-7.706191699582658927e+00
-1.080419957078093773e+01
-5.455778754862270041e+00
-4.447696537069948164e+00
-7.869105055651429481e+00
-6.167453530881609858e+00
-7.231908099046544081e+00
-6.187391747703738787e+00
-9.280868127285515357e+00
-8.432152498687916164e+00
-6.292307169648167608e+00
-1.454724034182875769e+01
-1.019505372074180016e+01
-6.016639505342624261e+00
-6.625059664361858225e+00
-5.836352752370141950e+00
-7.369484296595608441e+00
-6.444334457941897298e+00
-1.110939378770163088e+01
-8.617980859049032105e+00
-7.621727379656343615e+00
-3.552907656075622533e+00
-6.000928710790745413e+00
-6.984150201213363829e+00
-5.546642320740576615e+00
-7.644827149723235848e+00
-8.388630807210732954e+00
-4.413468405675931017e+00
-3.583849179523658002e+00
-7.643029249217553556e+00
-6.580304551165941263e+00
-4.761888167486737267e+00
-7.390673318855810692e+00
-1.083328165000161114e+01
-6.674920360770829397e+00
-8.516820147294838605e+00
-3.286090470404372077e+00
-3.172405460799325283e+00
-6.573164377209456788e+00
-8.242691150529106281e+00
-6.692638579559619494e+00
-4.277106787075961591e+00
-9.599204619178413722e+00
-3.619566063082008345e+00
-6.081156160101901520e+00
-6.454958065581590354e+00
-2.234771827294037561e+00
-7.506119613477848063e+00
-7.841809576286485672e+00
-9.190603568512218047e+00
-1.038449481502586025e+01
-1.998191839345570209e+00
-4.408996889714027034e+00
-1.017776267741566976e+01
-9.257582391399834520e+00
-1.043787123566537467e+01
-7.740864020169515136e+00
-5.445195998846439345e+00
-9.375176467504838129e+00
-1.157770428286101705e+01
-3.001633681600226033e+00
-6.648690852780219984e+00
-1.113940171931786871e+01
-7.152948262930737044e+00
-5.251738911194265391e+00
-8.163826633257786014e+00
-6.652451791467728803e+00
-6.784574841479121154e+00
-4.533015485243355513e+00
-9.534736975102864776e+00
-4.582512331045744070e+00
-1.107576174616415976e+01
-8.913255070515802458e+00
-6.411821731573887462e+00
-6.034894303312205111e+00
-3.479346516338314377e+00
-3.314865633964078739e+00
-9.242054661360773693e+00
-8.026416335282362979e+00
-8.975251529090542135e+00
-5.214975605660029601e+00
-4.052923687197556468e+00
-6.723874587510625389e+00
