2.497335002520189792e-02 6.398243378519288815e-02 1.685235353688081805e-02 1.611633517240579697e-02 1.340054020455325699e-02 6.682092027239512448e-03 2.924293932133345195e-02 3.629326863758820798e-02 2.966954506404577419e-02 4.015333503574383678e-02
6.051839380907465989e-03 1.106180600227877481e-02 5.926525034647772694e-02 2.704002235156368825e-02 2.083877495287337830e-02 6.595821757172481981e-02 8.792877127875079607e-03 2.708770334084571740e-02 4.058309676775966046e-02 2.397277252214522272e-02
3.807498813963780537e-02 1.158280528906566881e-02 1.616486360281025464e-02 3.064110754871226389e-02 3.573483216492385345e-02 2.257030678291013434e-02 4.519970655527006526e-02 2.109402039467207779e-02 3.747971304571152962e-02 1.955065375971499694e-02
1.495933610561320237e-02 3.328695527818602284e-02 2.784563593365079262e-02 2.565532661668783188e-02 1.758107768658792938e-02 1.780010620227556045e-02 2.374438961091683217e-02 2.254211902081871416e-02 4.009700946738823518e-02 5.723297327094547388e-02
3.081242487747487893e-02 1.017958982114112055e-03 2.157767123112283580e-02 4.057670182472395554e-02 2.117544973474907305e-02 3.376404482154077985e-02 1.836030702321496400e-02 2.023673231014608623e-02 3.866007990454626425e-02 3.365465258135407617e-02
1.161229110333786459e-02 4.771506301886710433e-02 2.346506716578007981e-02 3.907064662523936083e-02 2.282565810544671947e-02 1.710504920147929916e-02 4.390822863904331880e-02 1.248271529395079786e-02 3.504001842664113825e-02 3.647596397397973034e-02
3.552424658867582574e-02 2.686414193127058953e-02 3.446896698561559280e-02 6.876343821572915294e-02 3.035772135805685223e-02 1.987362264160696251e-02 2.102426630725974868e-02 1.991541100190159785e-02 2.912683811836177389e-03 1.848353168646987496e-02
4.289996918389624853e-02 3.108216246187576332e-02 2.664610362031749613e-02 2.356132330015168336e-02 2.101425981566034523e-02 2.337098904040471603e-02 3.867969332940542071e-02 1.116707888063750258e-02 1.578549407713397690e-02 2.916749149732544497e-02
3.516170272779423067e-02 1.537904898986417086e-02 2.790681267245123665e-02 4.505673802017898244e-02 1.971048092692625348e-02 3.205278026976014077e-02 4.591720145948333803e-03 1.337437590443487367e-01 1.303778904715901382e-02 3.500151260777204648e-02
4.475464207398693883e-02 1.998550025893933851e-02 2.886988327876915342e-03 6.291985599853748556e-02 2.437456336206665977e-02 2.764560769627613310e-02 3.438909055162420875e-02 4.256338285329170495e-02 3.327414705625797442e-02 4.873839368035307561e-03
3.060634433689837786e-02 2.736519536975042660e-02 2.283780920479853635e-02 1.853016079702414151e-02 9.625113902133223404e-03 8.647939386538263523e-03 2.879983851173184908e-02 4.847176092492112842e-02 2.334135649029974932e-02 5.462570872290561236e-02
4.130110136336395676e-02 3.057284937854784154e-02 4.169069599876008142e-02 3.263593472791088967e-02 1.841325914127314722e-02 1.880013570317749447e-02 1.968469338105438213e-02 3.450947466125728336e-02 9.983971780269072782e-03 1.370097266262923844e-02
6.217693630863689591e-02 2.575054063828166248e-02 1.604619207635764669e-02 3.653502252994311056e-02 1.700556761234628053e-02 2.167043114434981030e-02 3.266981200248563356e-03 2.423927501938259385e-02 4.138038741344968879e-02 2.505778980889807397e-02
3.106558018379913452e-02 2.916372371320761006e-02 3.419816194352283401e-02 3.476803500526812196e-02 1.057585173813997519e-02 2.052244996115708611e-02 2.066866173259539197e-02 4.743818862919715190e-02 5.359404181523304105e-03 4.774519679692811047e-02
3.000306429128240387e-02 2.522253743721451780e-02 5.346278478685563551e-02 4.899968203704896039e-03 3.028291367205105181e-02 3.294494840957116338e-02 2.187588799725998651e-02 1.870891984805889488e-02 1.666712143464109744e-02 4.010689222594340103e-02
3.069314267189599682e-02 3.450611070305201200e-02 1.996723316583537758e-02 1.744148215985657363e-02 3.348153578677558195e-02 3.052255424556704622e-02 2.132556792986472355e-02 3.523069768101424332e-02 3.043500560653264811e-02 1.650689503144159992e-02
2.578235672340960585e-02 2.431119798470629187e-02 3.618005426210349484e-02 3.185227268751854995e-02 2.536057454569056596e-02 1.231932571644110512e-02 4.497208417021837656e-02 2.921525574091677832e-02 2.081425612643369658e-02 1.833866046707702605e-02
2.283712204920732708e-02 3.494157391236021870e-02 1.583942573780842966e-02 2.194431331737744725e-02 1.898125687545661189e-02 3.569057417229778983e-02 2.168436666081136402e-02 2.802590718917633006e-02 2.963146369284647488e-02 4.277477492683384036e-02
3.532214339322040098e-02 4.636000222483850630e-02 1.419730533221208284e-02 4.930193231823115640e-02 5.353594046611884205e-03 4.543467667267905158e-02 2.143138596603719540e-02 5.087088890636292174e-03 3.399167748667698136e-02 3.480811206726017876e-02
2.233446067246654815e-02 2.241658369855372909e-02 2.549203430607353826e-02 3.966135465885009537e-02 2.636421659405292772e-02 6.392910407596715840e-03 1.611606165583064770e-02 2.964128488554857235e-02 4.042419708599155614e-02 3.282056618750392452e-02
1.400947555399609246e-02 1.816231178539314678e-02 5.728998903670932952e-02 3.928194664150348042e-02 2.186719191776664503e-02 7.410529698373799663e-03 5.755785329004348139e-02 2.916549430102501062e-02 1.844640390966465621e-02 2.521927433928755624e-02
4.524770154856612436e-02 3.425176678892979248e-02 2.366682385116547493e-02 4.069454934819957681e-02 1.961169033783964274e-02 3.442905507575380608e-02 1.107094627917181925e-02 4.801192219722025950e-02 2.452354972745754771e-02 6.568751410084217729e-03
5.084112606230085235e-02 1.927676619391029827e-02 3.945796307792236862e-02 3.279023370417137595e-02 1.222107545681519990e-02 1.751801098690925970e-02 1.493954378548075987e-02 5.169787469480895820e-02 2.323075422502825574e-02 2.371689392831068458e-02
1.501229274234861660e-02 1.031968430805303358e-02 6.252339436743920009e-02 2.719543567719437394e-02 2.507577493046523470e-02 1.952366865485273897e-02 3.334344875905252692e-02 3.569577303457655698e-02 2.778678605384700753e-02 2.388041743380762624e-02
8.008736736974834264e-03 3.862749904347641955e-02 2.572895385807942581e-02 4.072835978737802953e-02 7.738471034859894723e-03 4.328502350959859135e-02 3.048445813072604357e-02 1.486851651423067196e-02 4.724720150118581069e-02 4.166771035963486719e-02
1.640840335789325519e-02 2.684736106975279396e-02 4.860135725739107501e-03 2.801191590389581418e-02 3.628783963780689292e-02 3.940405481452634306e-02 2.493472445265505766e-02 5.935362807522238937e-02 1.902155839640745985e-02 1.693889094236968734e-02
4.361591808830798250e-02 2.982260825640830476e-02 2.954023925194905476e-02 7.735199892013492479e-03 2.445557416881121229e-02 2.779601578666032399e-02 3.139509666999354409e-02 1.259004458013581254e-02 1.192408222839021377e-02 3.910179238143113301e-02
1.640983820361380241e-02 1.463589152232069174e-02 2.360085450897273299e-02 1.465652161872521217e-02 1.538227814394057050e-02 4.948485743223832167e-02 3.567226326298069544e-02 2.785316021074725826e-02 3.202869927373935832e-02 4.147824996002734410e-02
3.370100203016499624e-02 3.072680606984165563e-02 4.213346559910866040e-02 1.149146126279696964e-02 1.725379949805712007e-02 2.817651309582227398e-02 6.564395114206247536e-03 2.493547934801549487e-02 3.707818694842641288e-02 3.311072214856296964e-02
3.862717901458029290e-02 1.802328450216619804e-02 3.582858159104394813e-02 1.936499002230035807e-02 2.050828384030338805e-02 7.841342597434365277e-03 2.178381100568439060e-02 2.968559236257544559e-02 6.542924999370638983e-02 2.304086421385470249e-02
1.551436267157998636e-02 2.941750326694521356e-02 2.821977789231199310e-02 2.374519311326964144e-02 3.132363823671581449e-02 1.928387392089147070e-02 4.000403627812473828e-02 2.923903266936933240e-02 3.498614983476013018e-02 1.555444865674128832e-02
8.337744735780609415e-03 8.427363079341445087e-03 3.388354804134480203e-02 2.668826902545553062e-02 1.988731218662292619e-02 2.931444177275805904e-02 4.600413099401674810e-02 2.677945038540019071e-02 3.181122588375384641e-02 4.331805898350682416e-02
2.521986580358561575e-02 3.076678346514408885e-02 4.682228279069719501e-02 2.867102809344922176e-02 1.465809054629801066e-02 1.457976696556408276e-02 1.995989935012270830e-02 2.936020262343832718e-02 2.393808600558083866e-02 3.272483022671775210e-02
2.633778294704405831e-02 4.000668679463502408e-02 1.486616913140434426e-02 4.923987715228202861e-02 9.654941591600617670e-03 5.741826156737519365e-02 3.033405365684949812e-02 2.707889466663589498e-02 2.049151262123098324e-02 1.540953913014846306e-02
3.578965244848096583e-02 1.817623958844952203e-02 1.725194958694369063e-02 3.521786667964986461e-02 1.824923039030789881e-02 5.045873228478271744e-02 3.149096382710606795e-02 1.763231774017125567e-02 3.267819758775995093e-02 2.188955239557643234e-02
3.298069658082208172e-02 2.177966040476130016e-02 3.340630255879808996e-02 3.790089586605693839e-02 2.983873434637651992e-02 7.787690035615514768e-03 2.623693841416784370e-02 1.471079242251857426e-02 4.216761425637451099e-02 2.678667231742442797e-02
1.858197625189095259e-02 2.311145014730517366e-02 2.185040149576466043e-02 5.699326361235637628e-02 1.626642626270676569e-03 1.752918903527049196e-02 5.031491861828416012e-02 2.800588929446021572e-02 4.119900374756097633e-02 1.793357168390062942e-02
4.155008038742934173e-02 1.999445727355499136e-02 2.058584748120427521e-02 3.493144355255977523e-02 1.640121548883573255e-02 2.499628112385988629e-02 3.476170646285015042e-02 2.621535507921145952e-02 2.691595443862287301e-02 2.615740017337814249e-02
3.051441976757422736e-02 3.723676876978861822e-02 1.510625935434745798e-02 3.206616872312055555e-02 1.760507279871531203e-02 1.397241300585117148e-02 3.534140205991524730e-02 1.980974746862221650e-02 3.296499690856281861e-02 3.725352392696838072e-02
1.005318215244640351e-02 1.988350682697596905e-02 2.689586466146174498e-02 3.748996679511526486e-02 2.212406872972137728e-02 1.899549183483607503e-02 3.402337928539229950e-02 2.798770575486618853e-02 2.409344398359184944e-02 5.594428664535572304e-02
6.612495761888282850e-03 1.466051023932326419e-02 5.769011492862310964e-02 7.541124249881336720e-03 1.704136146773636146e-02 3.495365869939119630e-02 4.336800431493030572e-02 2.872909782038378032e-02 4.017982600813638228e-02 2.246026542931862241e-02
9.143649882551414115e-03 5.308517942508724635e-02 2.804376338120277701e-02 1.042849643386526554e-02 9.703014277071896065e-03 2.451574627243608903e-02 4.368106579401501849e-02 2.401417780514484429e-02 4.284456498536024643e-02 3.859429419580515108e-02
9.739148347028271993e-03 2.526522238126843387e-02 1.924445913295923585e-02 4.170590394375429943e-02 3.057828871511169069e-02 3.103525160880004144e-02 3.984832564475873640e-02 1.698138010706167628e-02 2.238414032139220827e-02 3.665698210985705169e-02
1.023863289456723551e-02 2.747670055067719108e-02 4.180321342896722858e-02 3.298676641662300069e-02 2.560320644913529134e-02 2.564850837322530872e-02 3.351405492298920735e-02 1.397788755173547462e-02 1.763948441160409844e-02 5.273254924345870814e-02
7.241956085962887590e-02 2.521575982684751572e-03 1.057922011522638081e-02 7.600530767399232834e-02 4.680868538875054309e-03 3.595834042779381262e-02 3.536331774200701661e-02 4.039761774555748058e-02 3.407064967494136815e-02 1.856603736588445519e-02
1.977041676645747981e-02 1.582369578161538226e-02 2.995792324014303135e-02 3.060581923941424823e-02 3.386394747047487275e-02 3.956374136174977546e-02 4.210624619422576216e-03 2.672862242470120525e-02 5.568159659367240277e-02 1.766381862199703501e-02
3.635825262635495464e-02 1.944910191581127740e-02 1.793207545847812570e-02 5.125968435254150274e-02 2.388193262910468656e-02 1.892752842946793246e-02 4.829039848550648051e-02 1.563325964315669808e-02 2.663409125424271232e-02 2.581410552304460454e-02
1.342111644601233673e-02 1.910715539819889119e-02 3.773025371106808468e-02 3.669476891706394128e-02 1.464380153850403099e-02 3.164585057346160774e-02 2.822921966752792167e-02 3.638557039283633887e-02 2.114651856134421026e-02 3.221701962557551452e-02
4.025727832130416434e-02 2.937150270747036773e-02 2.416742887005958462e-02 3.568493158083128024e-03 4.998169297061375721e-02 1.849421183774296179e-02 4.079873871179746231e-02 3.025010770680057817e-02 1.712621985295631824e-02 2.697012079087356129e-02
1.029447531704892616e-02 2.332393985197703939e-02 3.279568788300633170e-02 2.509172390692564203e-02 8.341538762437583632e-02 3.314338680305181639e-02 2.039023200785237272e-02 1.512091201042687315e-02 2.122437998063205628e-02 1.971472040178123483e-02
2.270534984717361912e-02 1.905906577647496422e-03 6.298244800612727567e-02 1.998508313653901691e-02 4.223710598233682001e-02 1.866824473120869479e-02 8.333376858298635267e-03 2.800620634004312437e-02 3.708845129925076450e-02 3.810020098231929608e-02
3.062428326325809108e-02 5.206331142565678860e-02 8.190506747287173289e-03 3.297580375779293749e-02 1.151252067809124639e-02 3.772524961751652639e-02 2.001331648738273461e-02 2.715234668960532505e-02 2.873833983021371538e-02 3.603531119468192379e-02
4.680669080353748977e-03 2.295223342018530913e-02 1.998878519333559950e-02 1.479450486220171279e-02 2.658593160649525694e-02 3.135042611985859595e-02 5.507046852548504179e-02 2.447911778935550273e-02 4.203270569912551796e-02 2.393215659373195900e-02
2.111617137694157126e-02 1.637100256892150274e-02 3.074003150144854341e-02 3.329828957715189053e-02 2.361520852827589390e-02 2.704656650061831175e-02 1.265156422632503566e-02 4.959233686923113227e-02 2.149181086247498387e-02 4.146576167502193794e-02
1.895836348739247251e-02 3.857022376288882226e-02 4.712185051621114312e-02 1.958032614292600643e-02 1.952982805951168285e-02 1.788196329557154365e-02 4.277528021758329052e-02 2.275272947984215491e-02 1.360107880921703968e-02 3.077627666432165843e-02
2.607376240607217621e-02 2.394401449830552836e-02 1.840016890860137269e-02 1.219460160454408255e-02 1.321179413587993123e-02 3.039864906572061626e-02 6.123819919766203962e-02 1.719046116870474525e-02 5.366001036792529544e-02 3.069088808552411854e-02
6.067680376653798724e-02 1.360570477967014066e-02 4.324745637783462132e-02 3.366637341544737039e-02 1.528757056488267048e-02 1.703168821397795657e-02 4.260421175016927686e-02 4.722928993577987095e-02 1.496506886383506055e-02 9.669576474590518833e-03
1.605390043951641227e-02 2.043792379146766591e-02 3.950891567609086247e-02 6.339662819133852142e-03 5.587026500665976531e-02 1.419357470170360021e-02 3.454861324723715321e-02 3.854451138327959908e-02 2.760767406123070325e-02 4.155038809055671550e-02
3.248241074480701790e-02 1.471730870532527054e-02 2.447765381374424065e-02 2.590190409059956247e-02 3.414835645949060999e-02 2.475524434305415716e-02 6.100430977606128430e-03 6.615907495284685524e-02 2.191074444394643800e-02 3.330606823581348103e-02
8.678856839438985754e-03 7.801904903392273272e-02 2.023653644958685327e-02 2.282890098668225592e-02 5.181888940339748895e-02 2.049508329342327601e-02 3.210214846339370931e-02 2.064014305504005553e-02 1.758450512218252826e-02 4.078661302189783705e-02
4.043605226238035366e-02 2.471173710831241210e-02 3.078718647051450867e-03 1.481195838356200341e-02 4.665686674759079999e-02 7.123446185723560954e-03 3.036842717472244477e-02 3.558275873461635985e-02 3.659364574404842807e-02 3.053169616875439640e-02
2.069094051123288036e-02 5.911422994600046971e-02 2.259611780463910771e-02 1.428744770131762550e-02 4.290816721857278887e-02 1.510388721206642505e-02 2.595872263077020695e-02 4.376880349285355853e-02 9.300950010309890631e-03 4.383420831191868483e-02
2.967358372517049647e-02 1.673222848901961823e-02 2.169266368827749841e-02 1.804357296792968857e-02 6.996115237836250493e-03 2.196155562288111540e-02 4.417825417398522220e-02 3.084435105335064584e-02 3.357956131888012452e-02 3.772561519474754849e-02
4.441403599592601975e-02 3.940885705570117831e-02 1.812390465800416822e-02 6.650806421056933149e-02 4.602797501157199211e-02 1.897046758107366962e-02 8.841119335910902974e-03 1.438165987774742485e-02 1.885183037254970981e-02 1.516716238450733362e-02
1.038589548765312710e-02 2.791869030542119823e-02 2.377452549648526384e-02 4.003843744242067265e-02 3.403093735315345508e-02 2.576950139403075268e-02 3.102771180297509562e-02 2.808690674242216023e-02 4.564720546588275918e-02 8.544614185836164888e-03
4.144401864684203046e-02 1.093642565870692890e-02 4.490970675623835728e-02 9.502452655267274242e-03 1.507168199698638057e-02 8.009081962842520830e-02 2.936584278096838335e-02 4.129891291794302727e-02 1.206088009419716695e-02 2.677988824184106276e-02
2.884392870605657216e-02 2.218784155945678280e-02 3.919934790957117776e-02 2.260350010085456635e-02 4.130806358183691795e-02 2.958012540162208853e-02 6.072687884616162664e-03 2.348874186930389324e-02 4.883836380133781130e-02 1.460042739082633920e-02
1.684205541118840438e-02 4.817756189771236347e-02 2.475337624037162940e-02 2.092194424029283906e-02 6.184698862423457927e-02 1.643047762585412436e-02 6.002229791382734242e-02 1.980770594451747649e-02 1.947136464904199865e-02 1.219323285717452063e-02
2.689170045366594611e-02 1.495959494117576200e-02 2.961490602636223518e-02 2.762807368377327710e-02 2.827524918022895906e-02 2.803460444048448685e-02 1.597795710424814580e-02 2.609555493331762802e-02 3.227050224867663436e-02 3.366016902655193793e-02
6.624740168491012604e-02 2.272377997798647603e-02 1.280990998372246933e-02 8.491204594057745469e-02 1.916133618184177184e-02 3.448718851431444715e-02 4.128156715398774435e-02 2.090654119490454807e-02 2.152916041587261790e-03 1.022168670588873007e-02
2.763252902960538354e-02 2.530626956017505841e-02 8.410229250236855858e-02 1.607546287565347204e-02 6.187794147152586056e-03 5.627369058274966918e-02 1.642675280489215572e-02 1.482640819446049904e-02 1.090150403336538100e-02 6.176826074619199552e-02
4.090452125057444932e-03 2.827904823920113914e-02 2.661757563395859838e-02 3.325346375388835152e-02 2.862614646250018907e-02 6.385569328650496368e-03 2.177431695872163522e-02 4.798826535932453757e-02 2.587025242700192670e-02 4.730818119709043201e-02
2.024155517890654371e-02 1.208822552364779632e-02 4.146969907865600408e-02 3.233645222232825467e-02 1.988699577872900942e-02 1.832842027991952311e-02 1.469164692969034645e-02 4.012643822369036523e-02 4.336171306781751167e-02 2.177683992789381309e-02
1.798691468373674746e-02 4.816719026110891783e-02 3.307580488460179491e-02 4.053387023467904665e-02 2.654189253147861555e-02 3.256911759692519143e-02 1.980591761621173022e-02 1.655486263652037118e-02 1.095819084935744335e-02 2.204356922744512073e-02
3.335052175961958354e-02 1.942951559821439952e-02 3.549158883826609989e-02 3.103315253251959227e-02 2.093397045735053211e-02 5.484242931730311243e-02 9.797046226987024889e-03 1.185721203407388673e-02 5.437662697114203220e-02 2.099146244888376936e-02
2.767547004922897916e-02 3.072149504144206997e-02 2.595173121161512345e-02 5.030879276931270183e-02 1.169184859589961212e-02 8.438113122094047236e-03 2.323351388323553063e-02 3.438964604134889247e-02 3.690008469577904515e-02 2.268552741035395615e-02
1.680458749554885473e-02 4.175081521236647525e-02 1.823239019205710743e-02 4.333732746223297599e-02 2.666369492961687127e-02 3.525081433765898942e-02 5.111171129620228210e-02 2.378393946717658261e-02 6.346416175741366461e-03 1.151679978489709988e-02
1.561915661509939365e-02 3.054013036364103262e-02 2.406213213002463686e-02 5.709057053108986673e-02 1.813252018237144700e-02 5.500763621485477844e-02 1.639550136817720036e-02 8.475215450927379990e-03 1.955175779075064499e-02 5.083339353355157547e-02
1.428681665538261009e-02 3.825874561682239550e-02 9.098017458448509967e-03 1.724262157126427858e-02 3.046898486078348026e-02 2.879523477633742085e-02 3.490596423079514454e-02 2.752548243144730539e-02 2.965889278910404867e-02 5.059284268420605885e-02
6.613047666333508878e-02 6.054271975294641880e-03 1.050040798046759753e-02 2.255385879706497607e-02 1.595527685113420566e-02 7.299110464186542302e-02 3.430295500911787615e-02 2.003213128221337930e-02 4.075152215957097979e-02 2.573977673825766227e-02
7.810318964074918109e-03 1.895268929995033713e-02 3.070697136220471718e-02 2.218415271835322972e-02 3.426052134921522829e-02 3.274511940839418961e-02 3.330490382815812223e-02 3.917039030800140847e-02 3.179763755498687255e-02 1.354764319776945863e-02
3.131956007056677788e-02 2.010683605682819786e-02 6.390139517424009430e-03 1.544097778344990721e-02 7.190385466431950534e-02 4.098835095377251908e-02 2.898644112387498487e-02 2.081643466085407110e-02 6.727511428460870857e-02 3.601904448871465561e-03
3.671176396737381442e-02 1.098392997957368944e-02 2.564886917113733816e-02 2.447828053990782488e-02 3.028128965635628472e-02 3.633235446770111121e-02 3.286852445234800940e-02 1.622958734394692668e-02 3.726295156390764529e-02 2.209214800097899015e-02
4.084599039495372813e-02 1.522662372996163097e-02 3.397958154367321237e-02 4.951904488606734094e-03 1.627276134879699493e-02 6.402511013653751359e-02 2.706489287959339476e-02 3.030401094971302972e-02 2.230027635704208422e-02 3.102223133904962946e-02
9.844606241569553093e-03 2.168931455887020132e-02 1.609886702594056848e-02 2.867215035934814193e-02 3.346807158156644979e-02 3.077738672632761296e-02 3.483178830529493064e-02 3.135332048881465938e-02 2.430073719436289664e-02 3.945761908349906116e-02
2.068643113353263105e-02 1.372958902650808430e-02 1.327995126719176168e-02 2.892479452781953481e-02 5.970029258361536639e-02 2.043572383439670737e-02 2.511443530923920808e-02 1.866939210126907639e-02 3.859345987517095317e-02 3.464599052701217152e-02
1.244151270856042393e-02 3.699077986078607577e-02 3.561713376580474821e-02 3.142208324872072106e-02 2.879293966500925950e-02 2.308548710504551918e-02 1.367751305728120460e-02 2.707295097892427685e-02 3.152128455337590424e-02 2.078517908490791488e-02
2.802176286608377975e-02 3.881965757975895659e-02 2.417762247281204924e-02 5.187927552835164269e-02 2.299167530197370607e-02 2.272560924932342727e-02 2.957135401029160893e-02 2.391216560988753542e-02 2.245074395402274492e-02 5.210498564363274035e-03
1.238853111687149809e-02 4.503811838171466186e-02 2.581999663735672079e-02 3.119410525400781800e-02 1.079056651157271444e-02 2.501121647327637920e-02 4.706972608150081228e-02 1.587330307102503835e-02 4.366197141199548715e-02 2.852311745770629361e-02
2.770736954759964177e-02 1.217615455249999520e-02 2.350486188310360602e-02 2.956681913659843161e-02 1.037708323943739401e-02 2.871354056549189557e-02 2.396928896973146358e-02 3.701250956654538599e-02 4.421862700453548650e-02 2.648922907664127274e-02
7.749715654311308162e-03 9.215359512601693087e-03 3.012432725543934958e-02 5.336626945774042285e-02 2.428967048215226882e-02 3.103858372370340429e-02 4.746664049282643683e-02 2.843406902244061465e-02 2.916833677393701821e-02 1.538459134141587775e-02
1.976238940484541240e-02 1.195877505422424623e-02 4.007017674807817481e-02 1.913042114181063430e-02 4.471578003091046527e-02 3.506771632964743313e-02 1.487487647963009994e-02 1.151900014626638935e-02 2.740465462456590645e-02 4.569719247946360530e-02
1.481947980437411244e-02 3.582454797145370740e-02 3.494695441437571659e-02 2.699035718060665764e-02 7.775196804573003551e-03 3.583284560152515119e-02 2.255224698002473646e-02 2.847088397104403229e-02 4.685368423346521205e-02 1.659052473272317613e-02
2.479475421110592659e-02 2.833265473015994518e-02 3.072509750250283084e-02 6.728428741866537659e-03 2.535769050268856656e-02 2.372920580617131001e-02 3.134418148468196691e-02 3.097648276986766577e-02 4.581278498909686914e-02 2.257577498229251453e-02
1.333866068923588062e-02 2.555669882540752974e-02 1.432997879206347573e-02 7.112795696290462322e-02 8.419199919636327634e-03 2.612221252689670217e-02 3.416814785684961497e-02 3.216725786171491241e-02 4.031088012597901921e-02 2.500461574221815586e-02
1.983755997387240746e-02 3.925985679706311959e-02 2.328891338790125762e-02 2.559859750169570652e-02 4.337796756027303274e-02 2.583200868874656331e-02 1.811269604998304306e-02 1.521719837612273661e-02 5.236900789785548654e-02 1.756660241029407363e-02
3.731823090675034926e-02 3.219159484728190135e-02 4.066340304717196152e-02 1.424823667770167696e-02 3.788994551293609764e-02 3.332711741132975136e-02 5.246341162402159281e-03 3.752817464598154351e-02 2.567863554806485565e-02 1.842016347214800800e-02
3.314654361573204921e-02 1.788746752092035958e-02 3.146862790984019526e-02 1.774988577126963493e-02 2.511704351044452554e-02 2.318199586268378590e-02 3.067232098445220323e-02 3.616300191216351850e-02 2.548866597583186039e-02 2.881399967946086244e-02
2.552355111741492003e-02 2.191242548643596369e-02 3.572846694658483868e-02 3.782874793974540933e-02 3.057511448684811090e-02 2.398800993217500149e-02 3.290890715883010298e-02 2.561143196950409553e-02 1.790802605881348583e-02 1.476267385057329108e-02
2.140701185994488970e-02 1.032118478838464290e-02 1.450166660486149235e-02 5.420050227763418410e-02 3.183008357458252946e-02 2.293561142351778492e-02 6.725365099786154675e-03 2.514107483295309128e-02 4.613674436326122008e-02 3.120776090791064702e-02
