-8.530365272886985650e+00
-9.895697455726500280e+00
-9.141101867193606623e+00
-9.236510887018262395e+00
-9.543411119415834420e+00
-9.628858477536297755e+00
-8.690196033059018887e+00
-9.059174126165789431e+00
-8.524130249216741007e+00
-9.465979130697126820e+00
-9.379100612665233427e+00
-9.856363241296929090e+00
-8.977889538536951264e+00
-9.129927842188591214e+00
-9.313644290401670744e+00
-9.860800803212038446e+00
-9.189588957579426065e+00
-9.108254233703103608e+00
-9.236485551385779758e+00
-9.294375950171813727e+00
-9.154930367395799351e+00
-9.984118632235233548e+00
-9.024612180910176917e+00
-1.050117336540106017e+01
-1.038238885660130428e+01
-8.710956964732528007e+00
-9.918226248757081365e+00
-9.118254005464104139e+00
-9.150749950589203152e+00
-1.005637360145281356e+01
-9.684781978262325453e+00
-9.201381705342573269e+00
-8.472337164562251388e+00
-9.490060304524613244e+00
-9.109608420661009731e+00
-9.370275947388583049e+00
-9.560434862333060835e+00
-8.461618310056074677e+00
-9.371310507586240846e+00
-9.246205328818602354e+00
-8.608004724321876466e+00
-9.832780104619715189e+00
-9.882086196383628618e+00
-9.304834263682819184e+00
-8.866993079088253182e+00
-8.524589899204899623e+00
-9.695007144313208869e+00
-8.935050721864312706e+00
-9.209680029091181552e+00
-9.751457002159083842e+00
-8.854828076811671167e+00
-8.753420379206676927e+00
-9.545599889357198720e+00
-8.442862313159514187e+00
-9.509575682997020607e+00
-9.960409757272282505e+00
-9.373736834367509374e+00
-9.029429625877783749e+00
-9.073938393153817117e+00
-9.903364716557716108e+00
-1.017074282030843335e+01
-9.174507041938158025e+00
-9.332514607497145676e+00
-1.069718579880921183e+01
-8.310108002194414922e+00
-9.526077193466864657e+00
-9.616439224775312766e+00
-9.696802525834646858e+00
-9.084499453881132780e+00
-9.346722172367460502e+00
-8.946779946317191090e+00
-9.629113721214780597e+00
-9.471550296472457831e+00
-9.338581598247380100e+00
-9.997325348523572686e+00
-8.953867122173534199e+00
-9.299850227189461194e+00
-8.110111350484260129e+00
-9.519123063495483095e+00
-9.758450690335733313e+00
-9.607146608310369373e+00
-9.064459657076552546e+00
-8.671858163361649829e+00
-9.360506432875638438e+00
-1.000268873450389329e+01
-9.533391304795273413e+00
-8.429595661557883091e+00
-1.002901229897798352e+01
-9.085113927261852851e+00
-9.427911343891802076e+00
-9.518731989464184196e+00
-9.213721079732422936e+00
-8.594631267169480893e+00
-1.058217462721107616e+01
-8.162505987659844919e+00
-9.191372254547838239e+00
-1.047332177222268790e+01
-1.056299322145489938e+01
-8.501967149258529588e+00
-8.928429454017296152e+00
