2.593295785530655428e-01 3.455009065236670507e-01 2.403127020053131835e-01 2.206255717064707356e-01 2.263049289892816174e-01 1.996780136866432298e-01 2.735599228627118018e-01 2.823641917024943826e-01 2.645896971959753041e-01 2.895587711452463076e-01 1.831864700054678385e-01 2.149892456236607297e-01
3.141502499227830092e-01 2.382072785731316200e-01 2.154884925406873875e-01 3.137484549753797314e-01 1.920020585645537681e-01 2.511096288376153396e-01 2.802481154851141909e-01 2.519922124929808716e-01 2.775225730210468256e-01 1.935717653501359825e-01 2.119714250005415856e-01 2.599877452360397911e-01
2.879305752420012743e-01 2.479294415815755936e-01 2.972539154543890616e-01 2.458150569831616672e-01 2.859179544464726663e-01 2.380586045260462691e-01 2.124870910015012326e-01 2.593252415618161333e-01 2.545462541134956291e-01 2.417902861342473009e-01 2.115597888970155993e-01 2.173857900582919500e-01
2.345942676515482550e-01 2.276581020147435686e-01 2.936420985103638248e-01 3.376955052709810223e-01 2.949384389433469811e-01 1.326996424104500694e-01 2.443429219383228546e-01 2.908490970304716816e-01 2.364103189171943287e-01 2.442317572583119767e-01 2.303834941711485340e-01 2.325543558831163482e-01
2.821347900501659511e-01 2.731629595583808245e-01 1.997019930347482264e-01 2.838637054131507020e-01 2.383285102763975094e-01 2.675173876455533284e-01 2.242636324946170046e-01 2.148683668110636935e-01 2.709826051512257972e-01 2.008577580084234260e-01 2.690089896065241959e-01 2.753093019497381833e-01
2.510026249408759957e-01 2.335791481264021530e-01 2.753288381200279522e-01 3.623536332289641893e-01 2.706861021402899858e-01 2.333286858382200568e-01 2.326962359093702748e-01 2.452976297722029297e-01 1.452186522958616166e-01 2.134697847595848352e-01 2.848947157522366269e-01 2.521439491159662705e-01
2.497228885543156807e-01 2.287180988768042766e-01 2.296207049705507042e-01 2.471698352651868213e-01 2.903153828524738245e-01 1.990524530913499734e-01 2.105097858783407383e-01 2.670751020926958041e-01 2.858218477199742646e-01 2.260669946913262951e-01 2.568470489862454409e-01 3.090798570207503038e-01
2.176567836255907940e-01 2.642117185940283663e-01 1.807099461962528575e-01 3.907395232280895803e-01 2.034467914969089186e-01 2.864734251579154067e-01 3.078267847385590672e-01 2.362925810189722697e-01 1.505218777048080991e-01 3.152932684779243822e-01 2.274712655976743880e-01 2.193261931059238001e-01
2.404629791739871236e-01 2.949947162253452326e-01 2.803882088034912456e-01 1.829935454388099125e-01 2.703264268411894045e-01 2.605130725917762513e-01 2.493041001970883463e-01 2.287999889872892045e-01 1.953607681134405527e-01 1.989917979595158815e-01 2.831255126272091971e-01 3.147388830408643368e-01
2.254677821428722473e-01 3.082571786702135164e-01 2.868907344664463621e-01 2.570723539203474961e-01 2.950867448045552122e-01 2.761392203805337897e-01 2.193423524069827435e-01 2.179634844767631696e-01 2.323735477158083429e-01 2.818926831354957585e-01 1.966788121670623446e-01 2.028351057129124668e-01
3.355592671403508920e-01 2.559081643720943489e-01 2.047189936706954594e-01 2.665999051150620414e-01 2.180797525520856983e-01 2.469658448810134188e-01 1.547439246850298433e-01 2.538065464733917920e-01 2.895777873801935742e-01 2.476416879689672945e-01 2.658724731078796477e-01 2.605256526532348516e-01
2.633717497768329752e-01 2.855607684770325450e-01 1.976286811761711615e-01 2.345079487365919202e-01 2.334315187236664091e-01 3.094595178271798419e-01 1.884025663788928551e-01 3.152688604360562863e-01 2.480394017559310327e-01 2.393642201003756409e-01 3.052252933961552284e-01 1.797394732151083308e-01
2.820102235478341712e-01 2.812048880335644707e-01 2.490230450560720066e-01 2.218647629673025090e-01 2.339825588792608380e-01 2.913314774617161707e-01 2.523037032889230424e-01 2.589053142715046496e-01 2.178241491019265452e-01 2.114473081755895434e-01 2.564818101605395029e-01 2.436207590557722680e-01
2.132974127860658153e-01 2.532509609524269401e-01 2.491672215274751412e-01 2.065857733056628565e-01 2.439472038324301817e-01 2.397278537333648873e-01 2.816711724641511871e-01 2.706581887756184246e-01 2.462535026368566915e-01 2.144460440238362409e-01 3.131881876066524018e-01 2.678064783554564565e-01
2.300212155548641835e-01 2.153506032140563020e-01 2.445539495449778888e-01 2.792444272822511842e-01 2.215638098600303807e-01 2.374371570908379581e-01 2.319332082950313900e-01 2.821771910034946429e-01 2.386026810840075896e-01 2.528537840303960449e-01 2.656359295147484034e-01 3.006260435252972596e-01
2.928041331090165400e-01 3.131077777991539968e-01 1.884170439490370219e-01 2.545155190798529254e-01 1.746813443673808641e-01 3.228996634713766634e-01 2.452856965123524635e-01 1.847659397658955871e-01 2.944588674182668231e-01 2.983428076234380111e-01 2.197645078707751720e-01 2.109566990334624803e-01
2.447262987651381838e-01 2.933656188974751999e-01 2.680332142927797645e-01 1.741574472675331553e-01 1.965030363639561906e-01 2.522860394083808466e-01 2.970052668808133012e-01 2.697328767536384397e-01 1.815148063334738882e-01 2.078173977157085628e-01 3.268642021247734064e-01 2.879937951963349452e-01
2.233701885925789832e-01 1.837026134178511017e-01 3.259932456221169561e-01 2.598518818845326761e-01 1.951564119951246234e-01 2.035709757488121108e-01 3.200238608568922727e-01 2.870396056477824698e-01 2.293561950806500271e-01 2.745076764853149887e-01 2.374415507260514147e-01 2.599857939422882680e-01
2.044390525097474487e-01 3.193244323643592564e-01 2.671808316070282130e-01 1.993097199552967547e-01 2.944114068513274951e-01 2.271892059740428516e-01 2.825149039346078750e-01 2.726942075034418655e-01 1.999302213903203229e-01 2.109354544483382221e-01 2.157763746557598283e-01 3.062941888057241213e-01
2.440955786912567815e-01 2.451910308709852049e-01 2.060228022508499013e-01 1.966341861211576558e-01 3.431587105759624778e-01 2.673781744907604008e-01 2.381972038206370823e-01 2.259620256673973426e-01 2.761210892651110305e-01 2.776170454384542241e-01 2.463525242017652883e-01 2.332696286056530621e-01
1.819729114712473339e-01 2.786362881630186639e-01 2.425611302378080647e-01 2.815891193375165691e-01 1.800758949735672410e-01 2.882509663028035574e-01 2.435187904414500837e-01 1.983417915118820818e-01 2.945843258992575930e-01 3.063457074923547907e-01 2.275904174364584143e-01 2.765326567326360507e-01
1.693120588400041371e-01 2.719593447543530162e-01 2.834352756174386423e-01 2.713166226073459031e-01 2.321234818788586174e-01 3.274622433078763217e-01 2.307958934522924554e-01 2.146452503863675587e-01 3.070290948699757605e-01 2.627140776214397788e-01 2.569645060837930650e-01 1.722421505802514685e-01
2.521572279678431228e-01 2.590103869701915196e-01 2.800597271140832234e-01 2.120038804619104877e-01 2.219641158071768983e-01 3.196614360202342242e-01 2.288440515124010588e-01 2.156819584248471644e-01 2.462652347043892964e-01 2.184506419816572009e-01 2.275910416171971484e-01 3.183102974180624933e-01
2.493960809706044501e-01 2.158355187310947998e-01 2.293282098161301130e-01 2.571380857394899855e-01 2.705606511398346292e-01 2.737734259223567057e-01 3.015195887328923074e-01 2.246735805215573367e-01 2.338008082180828284e-01 2.782851919328773738e-01 2.031969575833600938e-01 2.624919006917233455e-01
2.914300671563062606e-01 2.820342329796101666e-01 2.684132285918578997e-01 2.119578696372600990e-01 2.642907091475460990e-01 2.234534296356588123e-01 2.339113290176902393e-01 1.710574599907438431e-01 2.261027738401014953e-01 2.632874740447402329e-01 3.396218060487360413e-01 2.244396199097507261e-01
2.313965276075982680e-01 2.701121119152269934e-01 2.655672663851413318e-01 2.500738385700923549e-01 2.681430797411068490e-01 2.413205827695555916e-01 2.937571340902978001e-01 2.694468634785471273e-01 2.871150122975564267e-01 2.282637344987897832e-01 1.988059276531671804e-01 1.959979209929303412e-01
2.539682032371066711e-01 2.332432404896228051e-01 2.136337395126823024e-01 2.485987552977287629e-01 2.837086427712600667e-01 2.287288760551013100e-01 2.470054869190310143e-01 2.818106263852174775e-01 2.252978400614190080e-01 2.447587723615182176e-01 2.907633121869737103e-01 2.484825047223403471e-01
2.122249213261727663e-01 2.100206140464458970e-01 2.287697124276825145e-01 2.612493837296429033e-01 2.435005967683537276e-01 2.605768429383030771e-01 2.511255239005895090e-01 2.931432770736879800e-01 2.125689645002512840e-01 2.807842005416054665e-01 2.015188345217246435e-01 3.445171282255398704e-01
2.769784286149366559e-01 2.590899597977412983e-01 2.229692183898684676e-01 2.206058106078878089e-01 2.742919465542025814e-01 2.278362332683372404e-01 2.223926456136873231e-01 2.579567150145504195e-01 2.253398479396275800e-01 3.162169248904161956e-01 2.742039245033213168e-01 2.221183448054278031e-01
2.370631862873077145e-01 2.189741042749779043e-01 2.697097113855695394e-01 2.309354022950168006e-01 2.735118484322355270e-01 2.904498993065293133e-01 2.791322282039918612e-01 1.887996713221783696e-01 2.506029928378770699e-01 2.132135107277036423e-01 2.952230768048131893e-01 2.523843681217965984e-01
2.054762195911831457e-01 2.380980060914065777e-01 2.461092113907684398e-01 3.456386686559480559e-01 1.434988278711281651e-01 2.207522422189273081e-01 3.117701838601778519e-01 2.586146933573264528e-01 2.725954589325826349e-01 2.292348858046229232e-01 2.918583114031946257e-01 2.363532908227375107e-01
2.430535092206667358e-01 2.772962181885181843e-01 2.244213492339130755e-01 2.505424967943955528e-01 2.790018496962657357e-01 2.560855043935367781e-01 2.480199372612481856e-01 2.568498173308698673e-01 2.532529763849111770e-01 2.651350735728918995e-01 2.040458171689573108e-01 2.422954507538206403e-01
2.265727448994560023e-01 2.192202216528666425e-01 2.650977088418398075e-01 2.306765962851276552e-01 2.718142212925311885e-01 2.858018327682423365e-01 2.152654612377650212e-01 2.354966006159859016e-01 2.644243618188497624e-01 2.957034934891409339e-01 2.482466814774819674e-01 2.416800756207109213e-01
2.492612726526513001e-01 2.423434472862893707e-01 2.428234047542546514e-01 3.146979545794568178e-01 1.782055126526297384e-01 2.172959597535207010e-01 3.333800802897092241e-01 1.979081511464997611e-01 2.083054700681408189e-01 2.757454679340012871e-01 2.940198231383269745e-01 2.460134557445195214e-01
2.874069898904764164e-01 2.323422807518833455e-01 1.936292229623230166e-01 3.239536547138164302e-01 2.659257195178721389e-01 1.847227244729532369e-01 1.708519247821496667e-01 2.465147623631308571e-01 2.878617734332326039e-01 2.302264801727630927e-01 2.821554189457934347e-01 2.944090479936081750e-01
1.983363244321737218e-01 2.389219332435812693e-01 2.284774953836031519e-01 2.912349537199802607e-01 2.589295953950263574e-01 2.666323309482349080e-01 2.854375047407725630e-01 2.296660437762272078e-01 2.385023439218106889e-01 2.858471886364850612e-01 2.127274253594167441e-01 2.652868604426873445e-01
3.074890695018395181e-01 2.584597800174540660e-01 2.386034465567932750e-01 2.586101899204371612e-01 2.720838656817586299e-01 2.071019527817786754e-01 2.255808053131701518e-01 3.269567261606058373e-01 3.061177143840330128e-01 1.218431046810983243e-01 1.585111871244851423e-01 3.186421578765517015e-01
1.817750094549662188e-01 2.948860125881782035e-01 2.895429358271918718e-01 2.830260210757539752e-01 2.560600570812888166e-01 2.047697735563442367e-01 2.078359582980531250e-01 2.128523536905199132e-01 2.411839049604484475e-01 2.507562965675176891e-01 2.771053064543466116e-01 3.002063704453995507e-01
1.623863708652901194e-01 2.697302128993979142e-01 3.200642560817595350e-01 2.028092253678935586e-01 2.723266816128233625e-01 2.283413651779012121e-01 2.369895401696006654e-01 3.108558991174037445e-01 2.451216713335049591e-01 2.295249922066411319e-01 3.042764408837257406e-01 2.175733442840577514e-01
2.550260690695694832e-01 2.521841041040522868e-01 1.995524087199282981e-01 2.297523636706200745e-01 2.904990131461379077e-01 2.912140810218036280e-01 2.097435696000340133e-01 2.590772748637447664e-01 2.581722966978638456e-01 2.739710546470340846e-01 2.214115302246962846e-01 2.593962342345135230e-01
2.976208341393309365e-01 2.563078149350354051e-01 2.406682807797439483e-01 1.680028560315856845e-01 3.141865022133475960e-01 2.239610501489293082e-01 2.898682698018337778e-01 2.630107362716452846e-01 2.372666934049342258e-01 2.551100653579331246e-01 2.095848386799541441e-01 2.444120582357197646e-01
2.453444108244228761e-01 2.337909282160506863e-01 3.722448148578691995e-01 2.807081366320162141e-01 2.131741146908276152e-01 2.028628308707201011e-01 2.270015810589009198e-01 2.272842120378986697e-01 2.561729459099628681e-01 1.599576742462801293e-01 3.449762001580117809e-01 2.364821504970426314e-01
3.001510911922167235e-01 2.241584671680244834e-01 1.962808265464584812e-01 2.663383876591800536e-01 2.938701741931818434e-01 2.829388506345278387e-01 2.505102178535207891e-01 3.153491948866870009e-01 1.836207549863369537e-01 2.434970288071982847e-01 1.786079214556232087e-01 2.646770846170413138e-01
2.143572975683636916e-01 2.462657393902855651e-01 2.514908707580818525e-01 2.729760771016349064e-01 1.832092953962893012e-01 2.592625448332551708e-01 2.407263316928442420e-01 2.311524375501695094e-01 2.495321894923570316e-01 2.785834519938034104e-01 3.274167287127301429e-01 2.450270355101809017e-01
3.049791510045020138e-01 2.702752881865742030e-01 2.220974743521823003e-01 2.140506502994737603e-01 2.558555894098435424e-01 2.665613181438512558e-01 2.290167318524208295e-01 2.324989279653270069e-01 2.070948580922736260e-01 2.984068991169392393e-01 2.244949133131211028e-01 2.746681982634883723e-01
2.117853071625868111e-01 2.924521682235258213e-01 3.188078807159023809e-01 2.304873954010828452e-01 2.121529619714656867e-01 2.315042473502526565e-01 2.979949872757693408e-01 2.405382592033219469e-01 1.999152595771637730e-01 2.457934496489078691e-01 2.677699903201727905e-01 2.507980931498404731e-01
2.162109769142670501e-01 1.745643893134028179e-01 1.949838557754007551e-01 2.733453732660626745e-01 3.262738358431404029e-01 1.996195759381178825e-01 2.970977799724245916e-01 2.619960541128333320e-01 2.994201343165964202e-01 1.863083343242347145e-01 2.925758352633918147e-01 2.776038549601211880e-01
2.282537136103947040e-01 2.225001548645551552e-01 3.214478689830528313e-01 3.239558616798993151e-01 2.195219407690378599e-01 1.944229173428968505e-01 2.346511534203688520e-01 2.424989875866273570e-01 2.982259182004650677e-01 1.837744469033190664e-01 3.131356111344749671e-01 2.176114255049096946e-01
2.760936884371606448e-01 2.716977880523830935e-01 2.496922687225426318e-01 2.856944816462818615e-01 2.548504758051390318e-01 2.037284580251328969e-01 2.175021296648552704e-01 2.437527964667249580e-01 2.643110432195441284e-01 2.314577431056949741e-01 1.758983816804999267e-01 3.253207451740554035e-01
2.167149539929376090e-01 2.366471807375001013e-01 1.980826593165124772e-01 3.501527379159267150e-01 2.340973791181021890e-01 2.344840234824218661e-01 3.036564870913600611e-01 2.393459659614619039e-01 2.492981011253370405e-01 2.290439642160687905e-01 2.215334846687665171e-01 2.869430623736054509e-01
2.808402273039201091e-01 2.379328164428105019e-01 1.557650361260468352e-01 2.183758869099630684e-01 3.030424931780001940e-01 2.001022423990606314e-01 2.557934858174495396e-01 2.777626298934523508e-01 2.676469870507878213e-01 2.410706732692326770e-01 2.292300772599631109e-01 3.324374443493156028e-01
2.510381002361432579e-01 2.184999768121055064e-01 2.712592547038815138e-01 2.167335342534834342e-01 2.578489626198114948e-01 2.993961629248331202e-01 2.049601335760244669e-01 2.843428925810708163e-01 2.748981742587089938e-01 2.374886810656197667e-01 2.406158943017900897e-01 2.429182326665256797e-01
1.710605671887019674e-01 2.448177506446742313e-01 2.999134822233495701e-01 2.526203013847846401e-01 2.485837657484481211e-01 2.814242264001894922e-01 2.742540442032025960e-01 2.410779447198876380e-01 1.770151175519398268e-01 3.171327706830782134e-01 2.959299130444141834e-01 1.961701162073284377e-01
1.840879323554339975e-01 2.011004629743151917e-01 2.122721291704144642e-01 2.146338539555557590e-01 2.228700147008454147e-01 2.691894804506893557e-01 2.630160559445299251e-01 3.089933092933881409e-01 2.924318700745535127e-01 2.626810438204542630e-01 2.826315329120330233e-01 2.860923143477871466e-01
3.080308619053820363e-01 1.963820457369503114e-01 2.784500618358474178e-01 1.933392669088212779e-01 2.779810371797257207e-01 1.807839262650346446e-01 2.125278984208668620e-01 3.602982716747628600e-01 2.735870426201101879e-01 2.767184355605482038e-01 1.995295990724739177e-01 2.423715528194713975e-01
2.403006744353450019e-01 2.275943287173722851e-01 2.565961094364054285e-01 2.273915796734192196e-01 2.903545025241098254e-01 2.637102620161997368e-01 1.833920730337508243e-01 2.598536905240578787e-01 3.181198258223040254e-01 2.081535928097993371e-01 2.206795647441718300e-01 3.038537962630588063e-01
2.605686241422979776e-01 2.493588668595499991e-01 3.315028481490218670e-01 2.306577113610212004e-01 3.314144858457185872e-01 2.461681452982717178e-01 2.404665460262753185e-01 2.102195652204819354e-01 2.329267192402582620e-01 2.010420066330690647e-01 2.358114303480399188e-01 2.298630508759969548e-01
2.395080698991337020e-01 2.402445642315348961e-01 2.089477804324071097e-01 2.318423696433291881e-01 2.489736064253104675e-01 2.590855480965494340e-01 3.166114179974354181e-01 2.392461390892026418e-01 1.990337727673361923e-01 3.410541773984977487e-01 2.157872733675497146e-01 2.596652806517127376e-01
2.870482229987901812e-01 2.426275305948268901e-01 1.260591437907414292e-01 1.793693068038196559e-01 2.589781787158327298e-01 2.603632444869635743e-01 3.799629106538964796e-01 2.553839655890162152e-01 2.040630708071143329e-01 3.436801519472760802e-01 2.318270853765908579e-01 2.306371882351385683e-01
1.976528747666652097e-01 3.291266768317750446e-01 1.727536850601221197e-01 2.296193828270492732e-01 2.361742456287738712e-01 2.670399152347344707e-01 2.450804319571924239e-01 1.868223269881089665e-01 2.488610744058130653e-01 3.175734594106568998e-01 2.553794743807318302e-01 3.139164525083753543e-01
2.235633197731659028e-01 2.014780877833075023e-01 2.982043357606770639e-01 2.764251718084756448e-01 2.268383175191604484e-01 2.027631250245615357e-01 2.099513166873431258e-01 3.048393562498399878e-01 3.077147674892019014e-01 2.268920143106220866e-01 2.129066284171952650e-01 3.084235591764538653e-01
2.862332419813189976e-01 2.943570675018464256e-01 2.513590574437302161e-01 2.702821674597792323e-01 2.370771072545179436e-01 2.291886011689171498e-01 2.023900081701046072e-01 2.399577495645680847e-01 2.549277293254664234e-01 2.243486731176183580e-01 2.601819742951363423e-01 2.496966227169901409e-01
2.314996916930266435e-01 3.124968208004639258e-01 1.921987356524514634e-01 1.924710282642266845e-01 3.105802836199061390e-01 2.339804830476808206e-01 2.625180090959349233e-01 2.642999803921788349e-01 2.694542295998850756e-01 3.246970261108756972e-01 2.123294619905262692e-01 1.934742497328377775e-01
2.178778811962743256e-01 2.570492473401270184e-01 2.677826919877628331e-01 2.205480328013754709e-01 2.017484522685077108e-01 2.693499335794914407e-01 2.193971219086046365e-01 2.761349228873274386e-01 2.277812311338269224e-01 2.706676280470983187e-01 3.186027185054653432e-01 2.530601383441419272e-01
2.200332217950556335e-01 2.501280698190211371e-01 2.182200814130534627e-01 2.537572629688501502e-01 2.475883369079248109e-01 3.091009221796356954e-01 2.197506228898470915e-01 3.159748796193700970e-01 2.216484088326955981e-01 1.918915045519460072e-01 2.353024805609734149e-01 3.166042084616338403e-01
2.048411615951722942e-01 2.808651392850910478e-01 1.938777365392441721e-01 2.178344536917178886e-01 2.475623932322130183e-01 2.575203534469384103e-01 2.649648768949168787e-01 2.420624704877275823e-01 2.482238174042091794e-01 3.090749561315048743e-01 3.500132764474115366e-01 1.831593648438489819e-01
2.030675845223109399e-01 2.235482144423901196e-01 2.268387477947248487e-01 3.660398857389782767e-01 2.875440299349281692e-01 2.211745551744829230e-01 2.888450665892421387e-01 2.681974940540823305e-01 1.839995242276541987e-01 2.238651482113605817e-01 2.617865668341284868e-01 2.450931824757130728e-01
2.577446528869510312e-01 2.611586179403972974e-01 2.692295813192918663e-01 2.842483400992353859e-01 2.605467023838402563e-01 2.092267955749530783e-01 2.583778296066224223e-01 2.094117714948908748e-01 1.660432402603194968e-01 2.075131935833385843e-01 3.470144267034522279e-01 2.694848481467010393e-01
2.333613147126725185e-01 2.098395358627020146e-01 3.089832390867035539e-01 1.627297614467532738e-01 2.928648892625625999e-01 2.148281781190514994e-01 2.591098848962218870e-01 2.443903885353898020e-01 2.704764752392981864e-01 2.879894131338670560e-01 2.863514609356131446e-01 2.290754587691627986e-01
2.845886035747358656e-01 2.393214010488438348e-01 2.816954012489838455e-01 2.104619158680588187e-01 2.697366631460218489e-01 1.645799561174009495e-01 2.274066545478594104e-01 3.397363193949237692e-01 2.561146763846705587e-01 2.370461294042731926e-01 2.310313812751096652e-01 2.582808979891237922e-01
2.050880667374732069e-01 2.536653712603516020e-01 2.278301085995272368e-01 2.667159251839598677e-01 2.731481314075857592e-01 2.713551352586474619e-01 2.756696776269121907e-01 2.663299293764423981e-01 2.499058519994493410e-01 2.947815053561145815e-01 2.247757018703943621e-01 1.907345953231364688e-01
1.797363898843037378e-01 2.494968317941120839e-01 3.265936514728192686e-01 2.212667894107686606e-01 2.111027880756707331e-01 2.131884348934689200e-01 2.756332879704923577e-01 2.552629303549560635e-01 2.125453885062593695e-01 2.960971487693733195e-01 2.931914898195582819e-01 2.658848690482257249e-01
2.622877644195278357e-01 2.488846328542011488e-01 2.171262698352244835e-01 2.655514578986178376e-01 2.757151667861669209e-01 2.478194753174823017e-01 2.485795295935660509e-01 2.637831848821156067e-01 2.288305322818729448e-01 2.925740439671942750e-01 2.301082031052166521e-01 2.187397390588165791e-01
2.488089081356802401e-01 2.341863470044868167e-01 2.335750235480086312e-01 1.648310406084155244e-01 2.167435953743127586e-01 3.179016560591418905e-01 2.699912303073648823e-01 2.727923714251096476e-01 2.151680595007111063e-01 2.785184274589972420e-01 3.187037227513085935e-01 2.287796178264672187e-01
2.886428554267047586e-01 2.670540772869262058e-01 2.409881580111390142e-01 2.046957825222079919e-01 2.408644773040656828e-01 2.627996452068516731e-01 2.017885316760874015e-01 2.353362058089915332e-01 2.334523294708274188e-01 2.844082939387230780e-01 2.985555653401761877e-01 2.414140780072966397e-01
1.877705071396555958e-01 1.949339563865954139e-01 2.857697752959434956e-01 3.267601873768434251e-01 2.352601041570787643e-01 2.574505088364318350e-01 3.121009964631804579e-01 2.640536908424278018e-01 2.542693432660885766e-01 2.229007519256811509e-01 2.482345845495787517e-01 2.104955937604922056e-01
2.553034797138381551e-01 2.095204941034494450e-01 3.019332939444352992e-01 2.829624440532924057e-01 2.069655990234863518e-01 1.906939583407825656e-01 2.710098763911179542e-01 3.065527843354469706e-01 1.970898910956314642e-01 2.633260377008795894e-01 2.658304484134415002e-01 2.488116928841949405e-01
2.012583802749637607e-01 2.689927773459657168e-01 2.333245604425261410e-01 2.643263600890319864e-01 3.084215474724606443e-01 2.349700250451194627e-01 2.519819037017944630e-01 2.665201834214858678e-01 2.817819100242476837e-01 1.904126585316725240e-01 2.536157428367830646e-01 2.443939508139618133e-01
2.335009024391412336e-01 2.433899888166640713e-01 2.865572121229783553e-01 2.209307939277644905e-01 2.027281941831922119e-01 2.487494505673022438e-01 2.170777814990229593e-01 3.443479312742501741e-01 1.972845497635738465e-01 2.530582335385989090e-01 2.764934750546977904e-01 2.758814868128096620e-01
2.819058310738987161e-01 2.506887940228984535e-01 2.290695597219843116e-01 2.698986416438355906e-01 2.306347707614835874e-01 2.379775608704225442e-01 2.920287055128934495e-01 2.475009672900244651e-01 2.138428288208785444e-01 2.150671728474749800e-01 3.086791797355654676e-01 2.227059876986270393e-01
2.697861213033001526e-01 2.727653981034992015e-01 2.725107368993836543e-01 2.081928824355496754e-01 2.938181343006987523e-01 2.914344611030365018e-01 1.829225123067419467e-01 2.762912486497834386e-01 2.489632946246780332e-01 2.240755165650303860e-01 2.498958471046180407e-01 2.093438466036889878e-01
2.587005685634957697e-01 2.203031026476109933e-01 2.418311080192485363e-01 2.377729753997126216e-01 2.624015756898407936e-01 2.706901423790248340e-01 2.457365015534002661e-01 2.533551965672985462e-01 2.354036510456099796e-01 2.251101031045611156e-01 2.702444015804237321e-01 2.784506734497790847e-01
2.632470616868072266e-01 2.456415177370940561e-01 2.697092538577416931e-01 2.476397063262570641e-01 2.288018634094972359e-01 2.192453994311949761e-01 2.375687230182180754e-01 2.013015529321054709e-01 2.182656730772891962e-01 3.354071813571934402e-01 2.846526636930513110e-01 2.485194034735480895e-01
1.810994890131585044e-01 2.670982600732372259e-01 3.122387346649472262e-01 2.538072051493587278e-01 2.361159313950026428e-01 2.680722657843330192e-01 2.278617990949300676e-01 2.577832331214862105e-01 2.395315959407748607e-01 2.946983145919981339e-01 2.708940435111729661e-01 1.907991276595953356e-01
2.184887649233522577e-01 2.853034144973535247e-01 3.180815266163905530e-01 1.992213065962651908e-01 2.625939818115450297e-01 2.343023818899729604e-01 2.745461174788598191e-01 1.992360793489687254e-01 2.168504996058456813e-01 2.775053358282303373e-01 2.512779598773763889e-01 2.625926315258391153e-01
2.540796271309302412e-01 2.551002315125577291e-01 2.474687390007889731e-01 2.473718154310036166e-01 1.645319112281711793e-01 2.690862856801242708e-01 2.709287200399580486e-01 3.241436885042336957e-01 2.551813110251528460e-01 2.203068456427008659e-01 2.712847683828758516e-01 2.205160564214984076e-01
2.110344540376353217e-01 2.360041579170502335e-01 2.450975862783111026e-01 2.403043671394605452e-01 2.007916815353182338e-01 2.436768924476850895e-01 2.235605202403084524e-01 2.438406583759029911e-01 2.496656462821341405e-01 3.018158204547969348e-01 3.106981879710145611e-01 2.935100273203747889e-01
1.788742748051009301e-01 2.648746472363331383e-01 2.518660157897817387e-01 2.213829161389904709e-01 2.724055181429547723e-01 3.181723398774625178e-01 2.230565568343072236e-01 1.783134399604010545e-01 2.493506362604399618e-01 2.944873054551373492e-01 2.285404618622048911e-01 3.186758876368833704e-01
2.397482597733797127e-01 2.924798323303881564e-01 2.557943820403821844e-01 1.925947929386893076e-01 2.561369196853745533e-01 2.585741503948701947e-01 2.329040419606774048e-01 1.927933571672141577e-01 2.847498890750570499e-01 2.336082553376425119e-01 2.600974377164089191e-01 3.005186815799046340e-01
2.609935738556546925e-01 3.000338822635333913e-01 2.871675510578809987e-01 2.611059168442441680e-01 1.990713780636650942e-01 2.770739808420111805e-01 2.221989165605480765e-01 2.074930239822600497e-01 2.343674436210312073e-01 2.594060541076815829e-01 2.743142600199112158e-01 2.167740187815865860e-01
2.052014014990868329e-01 2.542025635824052832e-01 3.114765039204228092e-01 2.317505692530297812e-01 2.223637861964842533e-01 2.566920523589902303e-01 2.681991079682046752e-01 2.329264800632548649e-01 2.541906445072030785e-01 2.807259011342062571e-01 2.480765295625741440e-01 2.341944599541410377e-01
2.541665955204313043e-01 2.132722721896092022e-01 2.865446095872745680e-01 3.008672051344998266e-01 2.497301050486964435e-01 1.595460578439160670e-01 2.969078487580085746e-01 2.151607894229470297e-01 2.247541079367901262e-01 3.233125304100752384e-01 2.230383211533865373e-01 2.526940300539622375e-01
2.242390533425179244e-01 3.000016404897438704e-01 2.259533528812081582e-01 2.586080516004745089e-01 2.282459456855946422e-01 1.931023562520389758e-01 2.504099882169316116e-01 2.554255221037992074e-01 1.884118340904167299e-01 3.381398940526014751e-01 2.224679516974481519e-01 3.149944095872265204e-01
1.697229126354742323e-01 2.909814964766244683e-01 3.331538496406517558e-01 2.032554293894612840e-01 2.702704896206378771e-01 2.334507019764230640e-01 2.591285452732281502e-01 2.721170800926691058e-01 2.280607539092815994e-01 2.376247169705112405e-01 2.982988379441262050e-01 2.039351860709148201e-01
2.590261983657377587e-01 2.454683999055480847e-01 2.780385868158425366e-01 2.354224679929929898e-01 2.327523965560041597e-01 2.203030455760359718e-01 2.339090347715521989e-01 2.428019450780651289e-01 2.848422063233387869e-01 1.929556251497900610e-01 2.664494921170578179e-01 3.080306013480353933e-01
3.300881618246989668e-01 2.751983558810616182e-01 2.057546388904120949e-01 2.357466885904563325e-01 3.218718372541412576e-01 2.734822879404043006e-01 1.956617118566442715e-01 2.106714493078876149e-01 2.816226609000538339e-01 2.755105117346692278e-01 1.859859484633541171e-01 2.084057473562280216e-01
2.607182657047641405e-01 3.709163899493682637e-01 2.654676187558328015e-01 1.997101268504193616e-01 2.615555492164386431e-01 2.170060971280514117e-01 2.361260743209722401e-01 2.356220161933923196e-01 2.488282681155947196e-01 2.353739713533689881e-01 2.261267197013289432e-01 2.425489027104655582e-01
2.825977582613484751e-01 2.903028440263342169e-01 1.970095416322433235e-01 2.852223769326445169e-01 2.859988232660523044e-01 1.796056640278317351e-01 1.914961032837485255e-01 3.149902700417436252e-01 2.909225994403446536e-01 2.728195779325443548e-01 2.321009069487143806e-01 1.769335342064496108e-01
2.367082255635796495e-01 2.536496123639002120e-01 2.504820457316513371e-01 2.504397838659538356e-01 2.241931755215656741e-01 3.062989936607199981e-01 2.197147546008785257e-01 2.199421972262362024e-01 2.632916080932553582e-01 3.438532080890455145e-01 2.332537145079212615e-01 1.981726807752838826e-01
2.446917873030141632e-01 2.121561991437349859e-01 1.473638216959433089e-01 2.273691004070991784e-01 2.918989263592485228e-01 2.232932860299128852e-01 3.008211842768854227e-01 2.699510171327758057e-01 3.050424148280310721e-01 2.674377788878359308e-01 2.740903730304284358e-01 2.358841109050902607e-01
