-5.742929461410359870e+00
-8.026839562302365394e+00
-6.849022955793734546e+00
-6.865103122296709159e+00
-7.497361333353496526e+00
-7.514549215139582294e+00
-6.072928821421891499e+00
-6.350692694886694412e+00
-5.754965383835680015e+00
-7.350336658330703266e+00
-7.145862303171472973e+00
-7.896416771495691656e+00
-6.594611662753726122e+00
-6.814967161803000550e+00
-7.144396873337320208e+00
-7.857626324952931007e+00
-6.824175967085118089e+00
-6.681899632955101254e+00
-6.894293924840223298e+00
-7.043072585111488593e+00
-6.756694553663525227e+00
-8.142687899674225349e+00
-6.594635989391075981e+00
-9.111030523404954451e+00
-8.827231865153352786e+00
-6.127282592040252496e+00
-8.159676927281783065e+00
-6.712779672706997935e+00
-6.846615327545924501e+00
-8.351449067874016308e+00
-7.587954922536515490e+00
-6.979458587165946248e+00
-5.746070414657884484e+00
-7.296788897944193941e+00
-6.680573176668676894e+00
-7.219403002779759326e+00
-7.323316416146494312e+00
-5.652026496021670177e+00
-7.104705698988684759e+00
-7.020414764102771876e+00
-5.894549538981925352e+00
-7.749160980923545772e+00
-7.980933423355367040e+00
-7.083007002228929316e+00
-6.371728135556857353e+00
-5.772878079068720858e+00
-7.618469236033884151e+00
-6.356480150554647324e+00
-6.904548957206035453e+00
-7.761459950963774723e+00
-6.255748903515036652e+00
-6.191210681382828263e+00
-7.417593522385047322e+00
-5.631252447689628404e+00
-7.252793983346193407e+00
-8.135807950625379092e+00
-7.153608326241482906e+00
-6.570309657818108384e+00
-6.414194380336934564e+00
-7.960529669453170420e+00
-8.467527220414257982e+00
-6.920441209229930557e+00
-7.039286599006728373e+00
-9.414778759827962418e+00
-5.375060438562768717e+00
-7.357086111462824540e+00
-7.504828687693392730e+00
-7.665537957718396633e+00
-6.656914487128185343e+00
-7.099093793477336156e+00
-6.517616161622349580e+00
-7.571202789121234566e+00
-7.416902390711988424e+00
-7.084827175791815534e+00
-8.269085630149850985e+00
-6.456561547665057077e+00
-7.044951561761003234e+00
-5.103683937825243433e+00
-7.388808290658248623e+00
-7.856417135536745810e+00
-7.574845093418328901e+00
-6.762465243542863824e+00
-6.028147954262015773e+00
-7.177588534732365133e+00
-8.233497944141470626e+00
-7.456090530291262120e+00
-5.634953707614664964e+00
-8.205912539925503069e+00
-6.720134414082473917e+00
-7.302779958637446001e+00
-7.479984910222773564e+00
-6.845429747331639447e+00
-5.796193285143877993e+00
-9.134136865354177459e+00
-5.202557538124115588e+00
-6.799704010985250235e+00
-8.970488142134980691e+00
-9.076723977173319469e+00
-5.709348639235099832e+00
-6.406508601101878142e+00
