2.812730060053606276e-02 3.862561755563470589e-02 2.762921030136811923e-02 2.589316893140995723e-02 2.732827435714927158e-02 2.197000536481004407e-02 3.139964441724006627e-02 3.222610785265998118e-02 2.975960938802874392e-02 3.273733774989171647e-02 2.026538834360894215e-02 2.595435420161285728e-02
3.552396055803178077e-02 2.820344634317479421e-02 2.485833862670513983e-02 3.710851089998137842e-02 2.093480394642746253e-02 2.968968803739435725e-02 3.222358146542390195e-02 2.814420715512997925e-02 3.235222472143536865e-02 2.214412206274315661e-02 2.583207651712894626e-02 2.843889340916328987e-02
3.297201728575660518e-02 2.810126046748357906e-02 3.509185297756503563e-02 2.808010428331999403e-02 3.257336148999068204e-02 2.725437278345077888e-02 2.443588416261864571e-02 2.980530944421460118e-02 2.805805607355164530e-02 2.777079983111926248e-02 2.476285149811919065e-02 2.478267112024779353e-02
2.718997991386207583e-02 2.814680956847848831e-02 3.364222023338271639e-02 3.594274687067106760e-02 3.127587688251925319e-02 1.371659957661336936e-02 2.791716904762037849e-02 3.221105881533609799e-02 2.729578207778373886e-02 3.045845328892795786e-02 2.629344902379384882e-02 2.729759898185646350e-02
3.165001884841832369e-02 3.181058372303149223e-02 2.259032955693227387e-02 3.355578840282730235e-02 2.633909605098972220e-02 3.116448290872786756e-02 2.647275596050635213e-02 2.425189653998497535e-02 3.208494849309481700e-02 2.249570851968432997e-02 3.169196358321527129e-02 3.116082061237934742e-02
2.999817115882907545e-02 2.758733231347517550e-02 3.061624892429457012e-02 4.029412003396237729e-02 3.113374214811037363e-02 2.773337442951644138e-02 2.642827644630859479e-02 2.842685003635437094e-02 1.662730802454290280e-02 2.490469677648229907e-02 3.193248501772301406e-02 2.750404501161383269e-02
2.784084304211001740e-02 2.755304605825377451e-02 2.687127283360328522e-02 2.730958423958612311e-02 3.258588755619473004e-02 2.321604062538106666e-02 2.500636257601967019e-02 2.957998941650471711e-02 3.224622378683830726e-02 2.715981475308544557e-02 2.991121639009203595e-02 3.483129113415397299e-02
2.677147330227236041e-02 3.173420782062107842e-02 2.012003539190927379e-02 4.838219441332715365e-02 2.506838559280406137e-02 3.323944441548357109e-02 3.431345741210049122e-02 2.724656892207535236e-02 1.774393359348732518e-02 3.566190590040028974e-02 2.611644770176382510e-02 2.549200261437476606e-02
2.839545010188946131e-02 3.352394628521246367e-02 3.121345748779846482e-02 2.026373302626359105e-02 3.149989713299249094e-02 2.907346142870171832e-02 2.815841786229596883e-02 2.696300307881821165e-02 2.328660953745908743e-02 2.329789087980004697e-02 3.085764832141641573e-02 3.615777671323798514e-02
2.546521206246663352e-02 3.408987235438325908e-02 3.310770375280970568e-02 3.054881046280776002e-02 3.374803882318130194e-02 3.044288287406131041e-02 2.554061867850986739e-02 2.550442458520758501e-02 2.567679971844634076e-02 3.093900197443918629e-02 2.212171792317055991e-02 2.459920122356790487e-02
3.815460238895050649e-02 2.867048726348101970e-02 2.447090955442392940e-02 3.044651424922444408e-02 2.372299232794965879e-02 2.895737470777603670e-02 1.761326392177996886e-02 2.880161344283454702e-02 3.262345062496398856e-02 2.847504937323877203e-02 3.307536678743753372e-02 2.946241628844386076e-02
3.074666950342219360e-02 3.196313377950384810e-02 2.334796398497048647e-02 2.888013080712140135e-02 2.599802019090721728e-02 3.695490232884705850e-02 2.166640933010554812e-02 3.759143286669897055e-02 2.854868478263240111e-02 2.702301421218132951e-02 3.690541036212641873e-02 2.003881900714044734e-02
3.234182798028619604e-02 3.151854152900651629e-02 2.832084420316833759e-02 2.590866299445874002e-02 2.645385634191746438e-02 3.306861863286931352e-02 2.837047189560747140e-02 2.997340377756514337e-02 2.519492347401391941e-02 2.399232183696947338e-02 2.966568452848614493e-02 2.797026604814143586e-02
2.500093274653685319e-02 2.959522624314245287e-02 2.794934618419802480e-02 2.370003789306785943e-02 2.879158243673842973e-02 2.774231531430903369e-02 3.179466816240867494e-02 3.061165282043075767e-02 2.925330502723755624e-02 2.477382196537987469e-02 3.505809282620302864e-02 3.019695392575448209e-02
2.664815188131701776e-02 2.525102964782437523e-02 2.770303509972882675e-02 3.109620364564684436e-02 2.552814807152999077e-02 2.813730418594641638e-02 2.626916426980153291e-02 3.195485856210421305e-02 2.768528553692969560e-02 2.995411095653171402e-02 3.018427641933684250e-02 3.355060776065594413e-02
3.281546422698997795e-02 3.476053767226636865e-02 2.206921327926397725e-02 3.279194395148533198e-02 1.892663568334394461e-02 3.633290778293354201e-02 2.876183602827592917e-02 2.233143851905227545e-02 3.422818177825892594e-02 3.230618636695335721e-02 2.733885179459745463e-02 2.579871614234443070e-02
2.981745231537141078e-02 3.325962126717154493e-02 2.942165421926094815e-02 1.992047161982601552e-02 2.431981983805364331e-02 2.839290596565556199e-02 3.210565415690273816e-02 3.005409242241294243e-02 2.145988637013981903e-02 2.342236708175797141e-02 3.543784500695740941e-02 3.292883166898287473e-02
2.734665423012396998e-02 2.130008090916959973e-02 3.621128236369763886e-02 2.783390742360495815e-02 2.376312071483259458e-02 2.399230392395033593e-02 3.520016733733064007e-02 3.228859777992656999e-02 2.770199959735297063e-02 3.311593133723074456e-02 2.649823397293530128e-02 2.997707075121372119e-02
2.376948281883066449e-02 3.676264895767591967e-02 2.999599889668263034e-02 2.228571027585359368e-02 3.570798822871338457e-02 2.570702233467102651e-02 3.252677145892652472e-02 3.088918896666588768e-02 2.331792303235311059e-02 2.588792893545799334e-02 2.388656328242409060e-02 3.636519459960286388e-02
2.730716773284849047e-02 2.787773069668143117e-02 2.475234037662799730e-02 2.270802378075817418e-02 3.854677108829355353e-02 2.918581869472334708e-02 2.868564382494528595e-02 2.675418307476357810e-02 3.093110681229645220e-02 3.134202356047571802e-02 2.883891859335071736e-02 2.767396668813869656e-02
2.083608030656454446e-02 3.225040147058192558e-02 2.725262657593060731e-02 3.311211185484536079e-02 2.118661795292175326e-02 3.290401862656962273e-02 2.886027929701927286e-02 2.300526271730155697e-02 3.419187263785596759e-02 3.395365476513319269e-02 2.651679918912140665e-02 3.312170572477347863e-02
2.022268686435318291e-02 3.011461085401679477e-02 3.142327578578912872e-02 3.233650084859567009e-02 2.681227959546453668e-02 3.724775677502998456e-02 2.564642859134745254e-02 2.512224579760578488e-02 3.515973509365520611e-02 2.863102179182729079e-02 2.961183072766409435e-02 2.101992454921092907e-02
2.904095840803018122e-02 2.977886514479713420e-02 3.209565704030433592e-02 2.462527167379104445e-02 2.519491248432859445e-02 3.615344978739015724e-02 2.586402211247474520e-02 2.533036640809284076e-02 2.895804109044508232e-02 2.535550125708391916e-02 2.590561933140156023e-02 3.656675005069486700e-02
2.815567152995605144e-02 2.465540225626360049e-02 2.676567434988754574e-02 2.932107896744650527e-02 3.137372261135745050e-02 3.090988198248854554e-02 3.473410767304575819e-02 2.585213417942389819e-02 2.677936270126721890e-02 3.230332154486174889e-02 2.294698090623892295e-02 3.022361212194853500e-02
3.399750219914302735e-02 3.142205449552282204e-02 3.060865124895685921e-02 2.494420414342322923e-02 2.983228216818168896e-02 2.481239653542439624e-02 2.648507203669943008e-02 2.043585225972201908e-02 2.656981779390746659e-02 2.869701660096647330e-02 3.875400886707022069e-02 2.713408755498456990e-02
2.606399102915105820e-02 3.046119219109342038e-02 3.003277729532511514e-02 2.857877906379750754e-02 3.083987600369987592e-02 2.726786510390826965e-02 3.385911845218586569e-02 3.042798137815017068e-02 3.248101418609118662e-02 2.597069757140775884e-02 2.322529788961073122e-02 2.320911767463109190e-02
2.935229310654011159e-02 2.716758193301470337e-02 2.473297678059627192e-02 2.792153481676307863e-02 3.229191247200607906e-02 2.659307603905723683e-02 2.833894762656861965e-02 3.217994959110197228e-02 2.578308613861262852e-02 2.837267234614519046e-02 3.324764719584250017e-02 2.810354174590667595e-02
2.405681537148579574e-02 2.469505443770615358e-02 2.705159800477777501e-02 2.910241198484770156e-02 2.872639973670496408e-02 3.041396101869483365e-02 2.906648168685255912e-02 3.353650052805780268e-02 2.430050878974689479e-02 3.399306080816406894e-02 2.270989143503189187e-02 3.964994162261389204e-02
3.189067281297837397e-02 2.896132096649495224e-02 2.624929273293464399e-02 2.543766058351766210e-02 3.126662933990819598e-02 2.573419729941058345e-02 2.561325951164726902e-02 3.084082226226204579e-02 2.547534779736548502e-02 3.581126865418540056e-02 3.119617214437134245e-02 2.623983381731232606e-02
2.734699363317176501e-02 2.530556266665491896e-02 3.066005455099991492e-02 2.727212018306915745e-02 3.146059720435625401e-02 3.267550347820408208e-02 3.125565929468751558e-02 2.164963412686220223e-02 2.995608011261672796e-02 2.411384721862874433e-02 3.312197906028448158e-02 2.892500710209949810e-02
2.569980206770415554e-02 2.838716846905115290e-02 2.648145071519204807e-02 3.917849554399290002e-02 1.544505361689689840e-02 2.610295194983384276e-02 3.488579126052038237e-02 2.926479439473760741e-02 3.403530410136260814e-02 2.666622081739139505e-02 3.409244546109081037e-02 2.623643527257569705e-02
2.712772996418134214e-02 3.155847817123888510e-02 2.627012226580312595e-02 2.877711685059363214e-02 3.175867174732146386e-02 2.892520864083553481e-02 2.932818724118273560e-02 2.952724485134049573e-02 2.856936254415537446e-02 3.028433455280799685e-02 2.362333154612036162e-02 2.830069764363776427e-02
2.632820864229331453e-02 2.452234819608917205e-02 3.097337793877263934e-02 2.668601126417166278e-02 3.076945371897751164e-02 3.212067833109102932e-02 2.451728629322325395e-02 2.786296467966074830e-02 2.956383607399223554e-02 3.345484059751580030e-02 2.851023978106607265e-02 2.821345764454988650e-02
3.024559658440869117e-02 2.890938273874732109e-02 2.672772329456209878e-02 3.688760477076714200e-02 2.095849142446377586e-02 2.472132473775911707e-02 3.770676927998604239e-02 2.203986325667597196e-02 2.567578434276419908e-02 3.124503783348818800e-02 3.322122628785276893e-02 2.873974136652914652e-02
3.203769810320156175e-02 2.790434286955016663e-02 2.211168334820032277e-02 3.552364034778157653e-02 2.833676352772958318e-02 2.223095554701018731e-02 2.105149000432357878e-02 2.725191867252783201e-02 3.283603413125649184e-02 2.727724824803823625e-02 3.394797108388471207e-02 3.265740751922650842e-02
2.255539723491828755e-02 2.808300222104784596e-02 2.597137484113524672e-02 3.320057489313799071e-02 3.022100965349117443e-02 3.021372947866456452e-02 3.305324605306129288e-02 2.604078127435132534e-02 2.772887201584335257e-02 3.257678043180227412e-02 2.402269192382716981e-02 3.094745356828444358e-02
3.351013645001846980e-02 3.180724457118969117e-02 2.868945556856795226e-02 2.914941578896169602e-02 3.032802507399203276e-02 2.597968849807363867e-02 2.657473468982680942e-02 3.457892917058365961e-02 3.104607292401866461e-02 1.415878013064631943e-02 1.985834048433246166e-02 3.421959307646980919e-02
2.016520639189593733e-02 3.389276651826083481e-02 3.195848410141100687e-02 3.219710417402599223e-02 2.998002238758540328e-02 2.347902729077050443e-02 2.510026255613313426e-02 2.415110541966233870e-02 2.870218108805034501e-02 2.903729887698141068e-02 3.059968827412819573e-02 3.445497767837439607e-02
1.875047149284444353e-02 2.955667982535625099e-02 3.561618354749392784e-02 2.323070717896428758e-02 3.326244783179940073e-02 2.653792608346983856e-02 2.689197249768788753e-02 3.596187520335853566e-02 2.920226313480015282e-02 2.714234215459629743e-02 3.427380701076625930e-02 2.531550347835056364e-02
2.855359463319987606e-02 2.854888887763089300e-02 2.406470129890225448e-02 2.644789614302944791e-02 3.207461726368401878e-02 3.258172369771256127e-02 2.499910668142869483e-02 3.036024135422577333e-02 2.872011521719620986e-02 3.136221581961536053e-02 2.634524766821541575e-02 2.998963812039786778e-02
3.313948642357739116e-02 2.873843473922656905e-02 2.887084915718690289e-02 1.823941297598083780e-02 3.700275192045789779e-02 2.537672368597168951e-02 3.371848633708898757e-02 3.069552642051080055e-02 2.641372912823666125e-02 3.056481565319253690e-02 2.377369611290165025e-02 2.884981181312329390e-02
3.053694130225985057e-02 2.846738594737734801e-02 4.183035669886538827e-02 3.068775839500278643e-02 2.547086858837346174e-02 2.509533080050939738e-02 2.489243808192749194e-02 2.563563741599618820e-02 3.007150701452206837e-02 1.793150243597272167e-02 4.052580178920912185e-02 2.632517105612613637e-02
3.328441174760317367e-02 2.487239507591836388e-02 2.394662013795952060e-02 2.952464510792411623e-02 3.316947940506984743e-02 3.295331291423635872e-02 2.949842174543178611e-02 3.607291329266546637e-02 1.996195841158455997e-02 3.043868539283378291e-02 2.106389523468438219e-02 2.912438659499607535e-02
2.589206457549563661e-02 2.815006019198282652e-02 2.773171937961461594e-02 3.147703228847408691e-02 2.117153513246928381e-02 3.016420899060163335e-02 2.706772551972934371e-02 2.675093534717610383e-02 3.004426416045312756e-02 3.111449996827364214e-02 3.686611895762614832e-02 2.769958630848276537e-02
3.425742602808067028e-02 3.003087057248408562e-02 2.647076694657536297e-02 2.451880940136306683e-02 2.905061597142132718e-02 2.961958135175018006e-02 2.648378426419490533e-02 2.770585098294368540e-02 2.287264063509176354e-02 3.454970778745330984e-02 2.619861270755811933e-02 3.195416603655665266e-02
2.569499971344155198e-02 3.285912575389705881e-02 3.500166334074983343e-02 2.651627892374086581e-02 2.616684761571754295e-02 2.584949729791130232e-02 3.306571610905731373e-02 2.748311768143096509e-02 2.413259557471279793e-02 2.835905880613609487e-02 2.950215955549485500e-02 2.948558393255792248e-02
2.428508357869153117e-02 2.309000065857678974e-02 2.256713372815807861e-02 2.959004369156411490e-02 3.676779671407347932e-02 2.443699400636534930e-02 3.560680469795264591e-02 2.844517550590285049e-02 3.529502690931767689e-02 2.226723085589021184e-02 3.299863187682837429e-02 3.036858824624666039e-02
2.739481434898014683e-02 2.695440421713091173e-02 3.504704701198099043e-02 3.571093163810986487e-02 2.537546801045140188e-02 2.442012903083237013e-02 2.657774438387491139e-02 2.704385018158518561e-02 3.471997284188248906e-02 2.165113566075596227e-02 3.677499273771371591e-02 2.386614064322132786e-02
3.041797542857967857e-02 3.266262795703066268e-02 2.979546972143541986e-02 3.215485444664987341e-02 2.894604662256890226e-02 2.366716561126913990e-02 2.623989555057595208e-02 2.682338850589287629e-02 2.920925635023020189e-02 2.722613285914872450e-02 1.983385687823520718e-02 3.678136426325379765e-02
2.450696473037050280e-02 2.917717730192705139e-02 2.196172749196323784e-02 4.040760351619961804e-02 2.685155341645709126e-02 2.768084142286741586e-02 3.555135707784654042e-02 2.635093046142059081e-02 2.993793902264180185e-02 2.684238726324957719e-02 2.561179738251838020e-02 3.253166994568459924e-02
3.044677845217383036e-02 2.828081129768325597e-02 1.819932192533211049e-02 2.418774757744428933e-02 3.406947409156417528e-02 2.280300428596814671e-02 3.083045983367798878e-02 3.092038811491164968e-02 3.032174987659236667e-02 2.903071893254823010e-02 2.731466726992291122e-02 3.763367711861605180e-02
2.917118786823204302e-02 2.463656173505483424e-02 3.214160528660355703e-02 2.496198032141722783e-02 2.893753669921807908e-02 3.471919695315140580e-02 2.347903966582032612e-02 3.317791080576586865e-02 3.069103832842149868e-02 2.760933425626416193e-02 2.835505795173418053e-02 2.775225274508067233e-02
2.161363142720078637e-02 2.703789529308267200e-02 3.371888980019369098e-02 2.965175723638171015e-02 3.074155361537712905e-02 3.202382692699875383e-02 3.022178863216083353e-02 2.895945570417544912e-02 2.062755028222374581e-02 3.428815969444701933e-02 3.123258002150033213e-02 2.286320758847323886e-02
2.069501361419191082e-02 2.350441325524097944e-02 2.405181663186127528e-02 2.398751665327148938e-02 2.515004157184825423e-02 3.080309734940416336e-02 2.994394191253898010e-02 3.491667896317464381e-02 3.380076415160358089e-02 3.085977381354987684e-02 3.186761300018394610e-02 3.177778573826534059e-02
3.511387401702153327e-02 2.298724328302338346e-02 3.368770733711590887e-02 2.134524765972485583e-02 3.299250961793187553e-02 2.187477123692008543e-02 2.462230815643633164e-02 4.146589354372959974e-02 2.955501903627180335e-02 3.382041483911622098e-02 2.302302497263736605e-02 2.773495255525394720e-02
2.703501850184928876e-02 2.693582469960987061e-02 3.107061554107330703e-02 2.598549099036079335e-02 3.263369624697150251e-02 3.050139715173346214e-02 2.173181002162823464e-02 2.899116149410804755e-02 3.549776251452642362e-02 2.449886964166024528e-02 2.643109250933748169e-02 3.469051991395473433e-02
3.014480379964144113e-02 2.806912274275379440e-02 3.875801872596328773e-02 2.680559341902487638e-02 3.849942404065799517e-02 2.742050876065482701e-02 2.784762359776505464e-02 2.442246797893645599e-02 2.632336526692160769e-02 2.317633750295642475e-02 2.671755802487054202e-02 2.650529558841301439e-02
2.765653634938577271e-02 2.728681193767159077e-02 2.449227521979367717e-02 2.683890896141970239e-02 2.975533351377549970e-02 2.892379198749241154e-02 3.610692760443236921e-02 2.769923046179415677e-02 2.273421279964239414e-02 4.012488785077752973e-02 2.414836715719753321e-02 3.078111909132675433e-02
3.197031636240831032e-02 2.634330632627090996e-02 1.465511218470586657e-02 2.258316497915294555e-02 3.103449043977244554e-02 2.898413824969075375e-02 4.379982172909117205e-02 2.864426383207766685e-02 2.364355952323162618e-02 3.969599782955263167e-02 2.641494404120908052e-02 2.659534007302436984e-02
2.259483694950693844e-02 3.982659884538350403e-02 1.914402780899050749e-02 2.789312697869901839e-02 2.726064093698973151e-02 2.913629008538149920e-02 2.918552245453803415e-02 2.105803733789428714e-02 2.848068740981142197e-02 3.550059722247760757e-02 2.952530056954928359e-02 3.763462042946700420e-02
2.559788217982626041e-02 2.410593839722986742e-02 3.400439699691287787e-02 3.004819471108778617e-02 2.622989082476715264e-02 2.496887047493171266e-02 2.447965857603962014e-02 3.325384719737348865e-02 3.431096990396296370e-02 2.755299370049320642e-02 2.472937021867069665e-02 3.503280902091292226e-02
3.241496834219133316e-02 3.364893264593747657e-02 2.905992065503867905e-02 3.120691942972592461e-02 2.656417276962549576e-02 2.677343363190771985e-02 2.324389956267572388e-02 2.718456538237106965e-02 2.890456892962100371e-02 2.520077456216113579e-02 3.048865560136786862e-02 2.840606776552675322e-02
2.494695039485746862e-02 3.457978611717796996e-02 2.236233478254055426e-02 2.264744295098576610e-02 3.618327594228930300e-02 2.602932483712559406e-02 3.159358018104740234e-02 3.180329344128806496e-02 3.035229949288200182e-02 3.660523575544488012e-02 2.445947229683731114e-02 2.365144395494250124e-02
2.628274486287303369e-02 2.881813588847850771e-02 3.011991929052990763e-02 2.545637182573253290e-02 2.379622539630975656e-02 3.124769946441828539e-02 2.423360096954086523e-02 3.231269077153122588e-02 2.709999393182343022e-02 3.062087494756274980e-02 3.575085318370951198e-02 2.884183923114461146e-02
2.521612484369317037e-02 2.967181091078188379e-02 2.538530672418940967e-02 2.920679412917969245e-02 2.813573079517467379e-02 3.641052670011730996e-02 2.568329346601095839e-02 3.608841364061315254e-02 2.519469571548149309e-02 2.234584249229358208e-02 2.670880445135435585e-02 3.520746028230354457e-02
2.416658903284349402e-02 3.184441976514765238e-02 2.161419852644359471e-02 2.609718419079264107e-02 2.884313235234229472e-02 2.897039815769790472e-02 3.056273651272189279e-02 2.890756243873918163e-02 3.009432755999414885e-02 3.336224578219000592e-02 3.905926007814349010e-02 2.143859042775519280e-02
2.354618186788786510e-02 2.741193895341930212e-02 2.546023162166442463e-02 4.075046895554599452e-02 3.279030464626028762e-02 2.703723651353184820e-02 3.310729973116513514e-02 2.965634759976150739e-02 2.152472645987435831e-02 2.613496044043189456e-02 2.914904456481666808e-02 2.706191153466103866e-02
3.103568003330304387e-02 3.071430658199101119e-02 3.039112847776196530e-02 3.217226812710371336e-02 3.019503094178987296e-02 2.381874776150418732e-02 2.893186615398454092e-02 2.388917294013028630e-02 1.996136990404309697e-02 2.337854518171165324e-02 3.862376969524544679e-02 3.012921377732265954e-02
2.722531505366599866e-02 2.370263623772680961e-02 3.562785269475996636e-02 1.812202834679633306e-02 3.458734692513573683e-02 2.446257006599605877e-02 2.990621247707012098e-02 2.941428847128688129e-02 3.107585560335087912e-02 3.337318712765252604e-02 3.212450914937210744e-02 2.744870587995109842e-02
3.233720412422066981e-02 2.822361536306640384e-02 3.299212505704558068e-02 2.340581948406353710e-02 3.216644103403287769e-02 1.927864173337316342e-02 2.564744082976387271e-02 3.804687931256414690e-02 2.806332215112887149e-02 2.915946711515704851e-02 2.641477410965439171e-02 2.936284000402404615e-02
2.362036596929932217e-02 2.872016799959976538e-02 2.583470516645790943e-02 3.064458829722922079e-02 3.127220473307513321e-02 3.072510540621016181e-02 3.168822505008601909e-02 3.104574341884263483e-02 2.853457672960947253e-02 3.309115848308753771e-02 2.538604870871283628e-02 2.241147872678462757e-02
2.144261088273772056e-02 2.770983947926573127e-02 3.599923040377929484e-02 2.493277757783914778e-02 2.665989344883777992e-02 2.422446445660850906e-02 3.093982275251914993e-02 2.962745594644209182e-02 2.603206586643949660e-02 3.438791646545897446e-02 3.173203461428129868e-02 3.093276431094630838e-02
2.991932132040975995e-02 2.823659237836289443e-02 2.543153653040886031e-02 3.038404908285985764e-02 3.132213877812523722e-02 2.837783420215345825e-02 2.892718358006245161e-02 3.076680065144819787e-02 2.582050494613446351e-02 3.352327075346574203e-02 2.653691359323617077e-02 2.524672151358253389e-02
2.935971031730674752e-02 2.600989736141916600e-02 2.706732255765523926e-02 1.938187126953510100e-02 2.507815018480506752e-02 3.568768536006826364e-02 2.964204612496160532e-02 3.288321101528534490e-02 2.516860071728356865e-02 3.110834417170266555e-02 3.565522342900940417e-02 2.680467755707457642e-02
3.350096125652786416e-02 2.951754685800742073e-02 2.811845070357865337e-02 2.370837816608912033e-02 2.708716943732308521e-02 2.943493647138087713e-02 2.250914434603903599e-02 2.820816119411101094e-02 2.658365556643584385e-02 3.174300174664010377e-02 3.437085925219931365e-02 2.845144163076114910e-02
2.264848842568413165e-02 2.301031734529605105e-02 3.086279626283849539e-02 3.662590621222160114e-02 2.801472646360599755e-02 3.047965688437441131e-02 3.506375263830049244e-02 2.956547018890744866e-02 2.993919242418648444e-02 2.528256298359762150e-02 2.777021998436389819e-02 2.368977315893131333e-02
3.109567473378690300e-02 2.474073101289753565e-02 3.397753399683496600e-02 3.085734675887070316e-02 2.491436171811336336e-02 2.285509776866702022e-02 2.939729610148493141e-02 3.456281810180421299e-02 2.309655325995922312e-02 3.177059116267448580e-02 2.986914214867062572e-02 2.810293952274725907e-02
2.239015374925780802e-02 3.197210986083793421e-02 2.683039192947685170e-02 3.002886805214632221e-02 3.515167929955951426e-02 2.752761970629779079e-02 2.993739445248934372e-02 2.964197017693071326e-02 3.246775308470040838e-02 2.180638956896735134e-02 2.944764504801649849e-02 2.800468065561736650e-02
2.834800211050476568e-02 2.770517022788782091e-02 3.283015598514128081e-02 2.470251571630883297e-02 2.452911035562067854e-02 2.964309720069716395e-02 2.385892246932093397e-02 4.035782611125569852e-02 2.277134559339890132e-02 2.998205760161327602e-02 3.102468865208721574e-02 3.126625216988127010e-02
3.297898410226162563e-02 2.898835150324296020e-02 2.573296028137602581e-02 3.157884968966640643e-02 2.665956171452381340e-02 2.776720230629288119e-02 3.273594444333086106e-02 2.797095469885815117e-02 2.546976409195342989e-02 2.434625318888807011e-02 3.568211083972748499e-02 2.528810643832032565e-02
3.125308475460291530e-02 3.038975947608887548e-02 3.256489094713689580e-02 2.471275038662575779e-02 3.279375301401867698e-02 3.293633391039679087e-02 2.071493808479397264e-02 3.284815293680486831e-02 2.781603821689822981e-02 2.566945003495953864e-02 3.006271004398403460e-02 2.438933337485123948e-02
2.958318574549616622e-02 2.540849892915665598e-02 2.806882321245153522e-02 2.701866695954202591e-02 2.983772315762756727e-02 3.118709893427606961e-02 2.795813077341352190e-02 2.907535868047135888e-02 2.699092274944994707e-02 2.610831755668861429e-02 3.068742360752617360e-02 3.120328099270407857e-02
3.071856997085047405e-02 2.776557052487108393e-02 3.069271287230471851e-02 2.844485304586593516e-02 2.648576930273810470e-02 2.486288105469412410e-02 2.721039225343566473e-02 2.391602220697888748e-02 2.484555355598355719e-02 3.753860255104281285e-02 3.155201757406184138e-02 2.942247141133732050e-02
2.179621433386111015e-02 2.904574587650233380e-02 3.466532703586328729e-02 2.942082942538907370e-02 2.796500140923097871e-02 3.066386525508951397e-02 2.526131101826404809e-02 3.051244712133262954e-02 2.791655919412542458e-02 3.272299471410567567e-02 2.983803052379602888e-02 2.226704910030409892e-02
2.576547820617014831e-02 3.169841488814983260e-02 3.566191783972700452e-02 2.322046514674121556e-02 3.167607306560987768e-02 2.580424380873472257e-02 3.144178069947240611e-02 2.364857882634271297e-02 2.550736240762086632e-02 3.189279559104594292e-02 2.771882255474656526e-02 3.180086787732699927e-02
3.027128722701086586e-02 2.911399283340466645e-02 2.769868844483146936e-02 2.914502292914900733e-02 1.797799656517625258e-02 3.136506604715230684e-02 2.988854816377296483e-02 3.660303923281665178e-02 2.972298298981836812e-02 2.510664069751688404e-02 3.210796546565033993e-02 2.439487984262452003e-02
2.458934445812126224e-02 2.707626305183362045e-02 2.744857278767185924e-02 2.727057082954408365e-02 2.336813382981982670e-02 2.811355747073148587e-02 2.528352734759514372e-02 2.814904165926241861e-02 2.912451437700983720e-02 3.425156311032443585e-02 3.442308029631512001e-02 3.303508065900626067e-02
1.974601672853640300e-02 3.094686234386247181e-02 2.932643112020258402e-02 2.678337072315519624e-02 3.157207809174619739e-02 3.479707816689232153e-02 2.593093916821127484e-02 2.049655723736547308e-02 2.860765691221583279e-02 3.319598497883533006e-02 2.613565391502640015e-02 3.812658213603642432e-02
2.740345004867218368e-02 3.370688672959431392e-02 2.895012766934114065e-02 2.245813833339278462e-02 2.905880374943887318e-02 2.871474391455139732e-02 2.701137425438198195e-02 2.215241474304163044e-02 3.316224347225257829e-02 2.673916134127917940e-02 2.977224830519558871e-02 3.550107117889662184e-02
3.060943802171874409e-02 3.350145703110774670e-02 3.217837910213250385e-02 3.075408599975736068e-02 2.263688000822522417e-02 3.188165265251905606e-02 2.491811442130631785e-02 2.459448713049855115e-02 2.752929830178261345e-02 2.860617172484041654e-02 3.160761569058747472e-02 2.525829442149891621e-02
2.414666772433845393e-02 2.822801538935738874e-02 3.470401403650311828e-02 2.662403070684358358e-02 2.656085034391170510e-02 2.890665285122524103e-02 3.039803438465606480e-02 2.726741863875128610e-02 2.974162883848310845e-02 3.178553333011758381e-02 2.766130298853108904e-02 2.778561649601523145e-02
2.949487571087829052e-02 2.579251379862743804e-02 3.248818896541513096e-02 3.319590071671715825e-02 2.897784333405940133e-02 1.763354228771288681e-02 3.522916201479235621e-02 2.497245171831845995e-02 2.588799933430578279e-02 3.840671016536455207e-02 2.471655010137789599e-02 3.010869550611307288e-02
2.601572525684642603e-02 3.536809211603299252e-02 2.600609586528529124e-02 2.948244494835135579e-02 2.745607771383810555e-02 2.136699436737589386e-02 2.906899527401943586e-02 2.922439245163317018e-02 2.146606623872223882e-02 4.053968439989860673e-02 2.509425066588959197e-02 3.781861395339571053e-02
1.993774431746658110e-02 3.128641830154536146e-02 3.674231444189763468e-02 2.388632914121834733e-02 3.316780099777266039e-02 2.661261977307186055e-02 2.944604630641039014e-02 3.204673176110226646e-02 2.741171612375514072e-02 2.744740802357337195e-02 3.321176921502483337e-02 2.430291809097961941e-02
2.982010429043998115e-02 2.930673537132500242e-02 3.171221220811430014e-02 2.671157723139616288e-02 2.685165157594843199e-02 2.618866030939602171e-02 2.687359666500523450e-02 2.698418900389137551e-02 3.275297499613710750e-02 2.238680862183736395e-02 3.017886388521844737e-02 3.447361164818755347e-02
3.636674456671971922e-02 3.040464536148469038e-02 2.607969062988905670e-02 2.813394923103061315e-02 3.550686949737646980e-02 3.024109443246905324e-02 2.439186396412857533e-02 2.505103609648631421e-02 3.054214923654231112e-02 3.049861420997180064e-02 2.286626687681334383e-02 2.470396971886755152e-02
2.906834880603314381e-02 4.167336406358770201e-02 2.938555389540482843e-02 2.364432346190471421e-02 3.080955670740190278e-02 2.413574004952212873e-02 2.757751985229045175e-02 2.738627484461585507e-02 2.825037244500602091e-02 2.689482070142617393e-02 2.589387189287058189e-02 2.922768021305764338e-02
3.119179819126331396e-02 3.357941905102090202e-02 2.405023337186645502e-02 3.300113999441077473e-02 3.111298889234002246e-02 2.105766984932298108e-02 2.272355954271510631e-02 3.545676833426051472e-02 3.201465231096686098e-02 3.150247043000434233e-02 2.801444494024819126e-02 1.968663405252543686e-02
2.776826187531937148e-02 2.807947872245914606e-02 2.896363182399715533e-02 2.992195508952162283e-02 2.554879620179514865e-02 3.495652134938301292e-02 2.501367722349191747e-02 2.685507012662167320e-02 2.941059697296573294e-02 3.799982859498821780e-02 2.657161674347051708e-02 2.363755443197482903e-02
2.743559647253106942e-02 2.516164405153930445e-02 1.652888265299655782e-02 2.570723508793780823e-02 3.297513094261907141e-02 2.535446833764398028e-02 3.574244889130130665e-02 3.027972797056443718e-02 3.511449903664667915e-02 3.033651216103480305e-02 3.200279504959104709e-02 2.656602359579235406e-02
