4.302513267454802226e-01 4.680604443132286852e-01 4.310336526804725565e-01 4.007026692551969305e-01 3.911402405017601613e-01 3.716094407916070708e-01 4.367761788061191308e-01 4.503528665799990671e-01 4.404208008978158784e-01 4.349957749216359915e-01 3.526182921586720198e-01 3.920383123480172260e-01
4.541690861202006824e-01 4.265016915118716723e-01 4.010160835213448238e-01 4.395898337400390710e-01 3.673120344059976339e-01 4.228233272106087792e-01 4.419320897089196731e-01 4.285661859835047105e-01 4.316878612171659024e-01 3.701099388229687204e-01 3.913134077129241661e-01 4.249784600444680427e-01
4.363500508401402245e-01 4.284883075163864463e-01 4.523646594670699406e-01 4.276172569367981402e-01 4.356563332749659456e-01 4.058135254222284827e-01 3.878784874180951636e-01 4.205915119824491510e-01 4.186889799498952902e-01 4.100768839697623291e-01 3.855715288267012042e-01 3.909024743955584191e-01
4.053836718732342637e-01 4.291998646944164553e-01 4.632517831412190645e-01 4.690315962427148433e-01 4.428877115363675787e-01 2.888550724540101533e-01 4.088127198856448263e-01 4.414638596112177571e-01 4.269284600973231036e-01 4.277195116268986408e-01 4.004538784747570523e-01 3.960118703622433345e-01
4.426614858651513051e-01 4.331118699647316106e-01 3.808019850092864700e-01 4.308776458095994188e-01 4.109652927163506275e-01 4.296679991918249675e-01 4.055443450735736199e-01 3.893892430407051020e-01 4.204671363311930365e-01 3.806387049067012640e-01 4.341507656653081915e-01 4.417235264251843097e-01
4.191193379250118256e-01 4.160969665328728140e-01 4.442683258837342164e-01 4.737862372380260423e-01 4.479099216298547681e-01 4.207895632977799449e-01 4.042157715682245245e-01 4.047760032877801284e-01 3.209268753357126247e-01 3.977428385263602761e-01 4.343364199765089584e-01 4.160317387981528059e-01
4.182117760932598793e-01 4.055740058552868565e-01 4.034560206549429040e-01 4.139741139278800830e-01 4.335346044226589535e-01 3.822324246009237703e-01 3.888579538966784321e-01 4.216679535150331670e-01 4.357997747600839133e-01 4.166171938660416796e-01 4.317985239698213795e-01 4.482756544374326690e-01
4.016807656564704843e-01 4.211314221824403736e-01 3.745692528114188402e-01 4.778893458771028557e-01 4.236581233292848747e-01 4.535769532623239453e-01 4.513358974077444907e-01 4.112618871485658190e-01 3.327381415240616147e-01 4.404768391164095021e-01 4.100847466361682847e-01 4.015966250480230704e-01
4.395889202795963957e-01 4.475957613679897307e-01 4.280611550549672240e-01 3.563907198506612861e-01 4.246431678312623803e-01 4.269779326721508950e-01 4.225836147026624801e-01 4.039423780429665101e-01 3.706379184803519911e-01 3.794173813723368260e-01 4.385498158201990848e-01 4.616112345248775117e-01
4.011062599148188523e-01 4.509139810822249128e-01 4.546289090089247198e-01 4.468051632052159050e-01 4.508315815700802975e-01 4.304955229376694614e-01 3.924741295116335738e-01 3.897234064554140898e-01 4.032243943245771289e-01 4.281939100842893087e-01 3.735403028743744525e-01 3.780624390308182647e-01
4.620474871437014741e-01 4.259094258172863579e-01 3.902713067763506904e-01 4.187798854762720957e-01 3.912710145013457153e-01 4.092357277425086037e-01 3.315296297648745449e-01 4.162369532975034869e-01 4.396186166266235484e-01 4.292842087198836531e-01 4.458988615721827253e-01 4.399168825614555578e-01
4.252496859535200291e-01 4.335754098659984623e-01 3.869866689362096990e-01 4.106417139919402715e-01 4.072031345192041463e-01 4.455456098155567979e-01 3.850302897030288829e-01 4.525842958692076201e-01 4.275809550514861890e-01 4.181597704129050852e-01 4.436615043248236523e-01 3.637809615561312104e-01
4.445318810168109036e-01 4.390735329407776666e-01 4.149823569289963210e-01 3.928897614356753332e-01 4.043800918814929313e-01 4.402819176888534414e-01 4.271973318606178127e-01 4.249527539188277525e-01 3.907698533522408479e-01 3.802533232456123402e-01 4.174838550723826702e-01 4.232033406577135892e-01
4.000804693559758540e-01 4.178104317631787246e-01 4.088054654868842341e-01 3.820826453585339788e-01 4.123594144016492491e-01 4.174809395189787997e-01 4.379088313792817155e-01 4.316732649962333190e-01 4.184209966069902809e-01 3.983363901896003201e-01 4.452926005032481482e-01 4.297485504394719102e-01
4.063604441706667458e-01 3.914053933642162586e-01 4.103358656196262055e-01 4.285227044278892006e-01 4.010245050838125991e-01 4.084386969525801159e-01 4.029342325825812088e-01 4.298802523531171094e-01 4.157488174334391662e-01 4.284130662440241988e-01 4.340576217866344289e-01 4.428783999814210337e-01
4.444444894315240924e-01 4.501817281925152292e-01 3.837683356920846833e-01 4.191510514538863141e-01 3.539990765606820800e-01 4.471868631734285393e-01 4.227124253378707341e-01 3.844525347739377041e-01 4.410129101211213709e-01 4.380443530843829425e-01 4.093190647621930411e-01 4.057271674163952513e-01
4.464998895002735280e-01 4.498481064184863265e-01 4.226244040978296423e-01 3.456822023697029289e-01 3.831894457404013132e-01 4.269165407362071063e-01 4.465908137048520410e-01 4.279580748312598049e-01 3.600278456663703053e-01 3.828422330458032818e-01 4.527936052841124992e-01 4.550268386046898983e-01
4.018460295890555201e-01 3.758094885325414802e-01 4.489686467700904071e-01 4.186537969289145789e-01 3.790687623167656728e-01 3.887299243517969849e-01 4.496064995747816040e-01 4.459429996281168984e-01 4.256040152384383823e-01 4.384489943930937050e-01 4.095085134920711800e-01 4.178123291843673925e-01
4.062553669999604544e-01 4.536189116178859226e-01 4.276765632300280062e-01 3.792557276033439173e-01 4.383662677467567992e-01 4.118993483414261636e-01 4.423921832705596247e-01 4.333206632449347895e-01 3.825894109679794375e-01 3.863806163482156331e-01 3.913546636470590090e-01 4.468902769818507981e-01
4.085625118237021791e-01 4.052737566423826321e-01 3.845074502583752385e-01 3.880306553397647740e-01 4.592084707974862234e-01 4.330946212942630158e-01 4.183261082372824458e-01 4.051866722596937920e-01 4.289008351080468850e-01 4.339433501630902135e-01 4.225169183907792614e-01 4.124486496851454964e-01
3.637105130982819512e-01 4.291584054991294805e-01 4.190052406096488324e-01 4.363091684658455538e-01 3.720036615749151565e-01 4.292820179486046550e-01 4.130172411536068844e-01 3.896047864104417169e-01 4.482733294968426208e-01 4.523494997232893056e-01 4.179399861290119533e-01 4.293461498903998197e-01
3.514890655758839411e-01 4.281780901463204669e-01 4.437662829265969222e-01 4.454437118712846200e-01 4.202478346447379165e-01 4.485017704612299649e-01 3.995775938861887422e-01 3.989704951301799585e-01 4.486543889955711961e-01 4.325925674329440529e-01 4.242417814551123767e-01 3.583364174739554486e-01
4.342299555054485172e-01 4.303868164135686847e-01 4.298070681348836186e-01 3.885662179689485241e-01 4.000354847887216958e-01 4.484049138004757573e-01 4.098567789646612169e-01 3.955142840254083358e-01 4.077540112984383014e-01 3.917729644902525066e-01 4.086009288236516768e-01 4.550705757855393885e-01
4.137962953522658083e-01 3.878575405092145045e-01 3.994280983469099544e-01 4.227922796821146911e-01 4.397046740478307014e-01 4.428515202294482922e-01 4.492627507300892553e-01 4.061068198208365732e-01 4.034956022440687740e-01 4.256634075774586856e-01 3.854702932800354587e-01 4.235707181797314647e-01
4.496400660161262719e-01 4.386616370234903139e-01 4.269304958395288008e-01 3.936269921697933549e-01 4.183009588874813112e-01 3.966248066346778622e-01 3.985580123621866866e-01 3.513630907168107664e-01 4.012075913500716684e-01 4.301565808963296877e-01 4.648478367049309057e-01 4.300819313985837500e-01
4.040118955898228670e-01 4.305089320016904919e-01 4.289334168554234106e-01 4.183200721656393783e-01 4.243950576581329570e-01 4.152625560037667696e-01 4.465339213719889955e-01 4.405538621001373056e-01 4.424145720451547747e-01 4.038823440657480779e-01 3.724526697730895508e-01 3.727307003694199095e-01
4.201387194103731737e-01 4.025771870717948508e-01 3.881179344086151950e-01 4.139607027223752844e-01 4.351098197676478985e-01 4.109947803588114845e-01 4.164070081798190159e-01 4.292198218495532069e-01 4.009301767748050249e-01 4.182880681209972251e-01 4.414143147061352912e-01 4.228414666290936652e-01
3.973315581328374368e-01 3.867814311945650396e-01 4.006297406330278088e-01 4.191827572277431191e-01 4.213526853994862820e-01 4.310857719358225926e-01 4.266452487596726351e-01 4.384306469903940240e-01 3.952850434129084878e-01 4.328869970687224678e-01 3.930450473355229235e-01 4.573430719093074526e-01
4.306648766284740804e-01 4.175927448542664511e-01 3.991281828614092753e-01 3.986864599044241952e-01 4.266317114780399100e-01 4.000760461054108097e-01 3.954926247537309258e-01 4.208473139543547070e-01 4.089054452307789300e-01 4.526119339160433741e-01 4.383362632591366603e-01 4.110263970539346223e-01
4.082159902862440015e-01 3.905407703274640374e-01 4.201302963782967970e-01 4.156786352888776070e-01 4.425172248886181103e-01 4.481266516175500536e-01 4.344132244312652880e-01 3.685965830313208125e-01 4.086264566545251276e-01 3.948325182275547740e-01 4.421847193147018795e-01 4.261369295536105994e-01
3.926908627570591670e-01 4.178732181907012788e-01 4.216219765251554286e-01 4.539410043504387149e-01 3.145730764637187926e-01 4.016145467353618992e-01 4.502584137660966546e-01 4.400026986558441822e-01 4.498743322031281688e-01 4.187818507695816317e-01 4.374471698695373556e-01 4.013208497133791686e-01
4.111888700133244923e-01 4.297030359215183726e-01 4.054791833706256621e-01 4.185072205884541319e-01 4.326176178480633516e-01 4.227893214021585244e-01 4.224205011226237483e-01 4.240464732713662421e-01 4.196341950718533997e-01 4.213256584676458583e-01 3.834261427530691879e-01 4.088617801693308351e-01
3.950626283899982827e-01 3.882292920693213301e-01 4.243058409068674597e-01 4.145087732158923011e-01 4.334858425363742329e-01 4.332996141479675822e-01 3.901695391131602131e-01 4.073730218969664474e-01 4.279829862247199190e-01 4.463160150120771830e-01 4.259821592561823800e-01 4.132842872304823278e-01
4.265332322454102876e-01 4.190054647081805639e-01 4.134288867074146223e-01 4.447014471535903901e-01 3.691894601995699965e-01 3.984656072622563272e-01 4.484519426242910001e-01 3.785754123244287062e-01 3.955653828977568343e-01 4.336385285965054237e-01 4.452805112535243026e-01 4.271641240270777629e-01
4.388746352471206147e-01 4.082172974151857536e-01 3.778727774200738576e-01 4.474100525749515889e-01 4.248166489161116499e-01 3.734891832564570802e-01 3.541238298895768022e-01 4.085588996090853686e-01 4.392548921494451308e-01 4.256500593100462915e-01 4.521736103612093438e-01 4.495581138507320218e-01
3.753326108518432735e-01 4.040158230728792543e-01 4.052941221209800382e-01 4.425297574162165848e-01 4.359622154028509611e-01 4.345886951913443541e-01 4.377005530446775317e-01 4.038387751343650578e-01 4.111114751021285318e-01 4.329708581551738877e-01 3.955538161283838061e-01 4.211012983791467823e-01
4.621908704886553698e-01 4.510540130413115412e-01 4.261020325822253985e-01 4.161871440580177106e-01 4.158672095176948469e-01 3.967450288342861953e-01 4.208226603859976933e-01 4.584158162541999149e-01 4.417225199818110570e-01 2.945947517822707917e-01 3.614670870407600267e-01 4.548308660327976538e-01
3.621866729855799383e-01 4.410289671032330272e-01 4.474153839710540703e-01 4.487763900181079291e-01 4.306754898289054667e-01 3.829327675375239215e-01 3.802611479569130148e-01 3.862155636931121627e-01 4.188478049534734016e-01 4.285888672253632681e-01 4.350300494986780730e-01 4.380408952280026025e-01
3.414862826492778280e-01 4.268888455590673092e-01 4.515751691543153923e-01 3.971897966194616325e-01 4.301290431859358110e-01 4.031011401035724528e-01 4.123165746138228727e-01 4.507991323087411906e-01 4.310270566690406202e-01 4.205847391724855666e-01 4.415228988866908844e-01 3.933793210776324045e-01
4.184746407416513048e-01 4.113626500057450674e-01 3.817268283072633994e-01 4.059143175895823519e-01 4.392698396147002859e-01 4.405324582148250068e-01 4.003460748454834017e-01 4.213690451402234416e-01 4.191124499505191614e-01 4.292388859721159577e-01 4.078445470384574056e-01 4.248082625794427636e-01
4.476013650044813885e-01 4.288130634059602597e-01 4.115316003384127397e-01 3.401240004521450810e-01 4.422848923716012903e-01 4.145194210948320857e-01 4.493902712642445785e-01 4.361459943918379878e-01 4.081451161818576701e-01 4.136359875053339241e-01 3.848392788440376244e-01 4.229690091452720235e-01
4.330547582247642469e-01 4.386772474283028300e-01 4.773439291448714483e-01 4.460831430620427196e-01 4.021466684023364824e-01 3.815002950230404477e-01 3.906635935350949440e-01 4.018981640855691650e-01 4.182787945117682482e-01 3.439844196073369442e-01 4.529278615566065258e-01 4.134411254182879802e-01
4.422743951846705435e-01 3.957798714587120736e-01 3.771484696613971455e-01 4.236940438986576130e-01 4.498023051482812340e-01 4.550521643637090441e-01 4.420060863957869235e-01 4.509906475041589591e-01 3.608426879144575050e-01 4.053900092292385127e-01 3.682897162861147877e-01 4.287296029548294252e-01
3.958247293484337126e-01 4.088644909588091680e-01 4.151349024080315253e-01 4.280518421055033995e-01 3.700867345751802095e-01 4.152573952706237748e-01 4.040678813444292805e-01 4.059460525677879850e-01 4.301364253798062309e-01 4.452545293166138007e-01 4.601544631192647228e-01 4.212205536055218524e-01
4.536600359892610790e-01 4.323226807730765620e-01 3.991362861582992139e-01 3.856728601745281759e-01 4.173109415839181269e-01 4.261797483637641548e-01 4.076247156460651722e-01 4.029859421501950090e-01 3.789296109023995163e-01 4.363139561621639517e-01 4.145673427320321625e-01 4.452958793642914914e-01
4.076496742242078919e-01 4.458074459280976232e-01 4.523169150236861502e-01 4.105196326730480294e-01 3.942894419983883347e-01 4.016399973240859511e-01 4.375215187768227709e-01 4.139259007513983457e-01 3.871840967522145460e-01 4.101658663673902194e-01 4.200120840028749303e-01 4.189674261777752151e-01
3.932437272715764154e-01 3.655766566066621648e-01 3.764106884595327940e-01 4.304246393467950904e-01 4.562475620792377784e-01 4.090367242268352355e-01 4.479625341342244882e-01 4.259322890060535105e-01 4.411949243397852438e-01 3.828351904317249810e-01 4.389578107699456666e-01 4.321772533275823891e-01
4.025530505474730902e-01 4.194257868274976486e-01 4.608615100332845715e-01 4.608222349391111750e-01 4.085420279779019559e-01 3.785829757513898830e-01 3.974729817119391773e-01 4.143395905033039339e-01 4.446827474209567033e-01 3.845693385766730255e-01 4.415823127580042473e-01 3.865654429524832958e-01
4.421252064190545061e-01 4.491365124188925195e-01 4.368067059792041240e-01 4.391411588693191481e-01 4.165601234039725820e-01 3.796116335023302923e-01 3.956801878311783094e-01 4.113088224858135744e-01 4.211875511617803047e-01 4.009948199136804670e-01 3.571123934730517924e-01 4.503348845417289859e-01
3.947329370999880793e-01 4.080710817591679529e-01 3.818879701020992390e-01 4.592574884827310688e-01 4.200749279455369134e-01 4.214162800745226978e-01 4.468290643902028680e-01 4.114057795614911583e-01 4.177109897981049480e-01 4.039362205811574125e-01 4.017922853532974736e-01 4.328849748517486495e-01
4.428220346415435715e-01 4.150262668601278904e-01 3.320404530844246471e-01 3.907234786200109999e-01 4.388637715577275999e-01 3.899712690349754762e-01 4.258638776246611579e-01 4.301906095186997514e-01 4.259015390844453908e-01 4.200062296027264330e-01 4.243999830307808585e-01 4.641904873398933207e-01
4.153767589046497566e-01 3.951009939640190427e-01 4.267382969864680908e-01 3.983358474006781225e-01 4.218466350568743639e-01 4.412768134721076208e-01 3.940646144056218492e-01 4.375296286173908644e-01 4.316206657808130398e-01 4.138822729387240384e-01 4.131768235593840655e-01 4.110506489132486063e-01
3.563855309278064487e-01 4.087935751911301874e-01 4.458509093403427714e-01 4.372917513637490927e-01 4.392694206618640296e-01 4.411212903310336442e-01 4.273960362131860036e-01 4.089308991697628848e-01 3.661461403933308212e-01 4.468300458045386669e-01 4.394268597283663702e-01 3.825575408748934647e-01
3.591900763124775686e-01 3.771294134996073244e-01 3.859767014510280259e-01 3.829331426522135651e-01 3.906832968472019330e-01 4.274774022299121512e-01 4.374906316010266361e-01 4.598979099275966043e-01 4.581348429909252729e-01 4.464599651039958816e-01 4.429567838218672060e-01 4.316698335621839133e-01
4.417167984751337872e-01 3.928237140784884840e-01 4.342828640971815313e-01 3.747535344874873831e-01 4.219651083534788349e-01 3.685317409013658119e-01 4.096423162250611427e-01 4.729156034033275557e-01 4.463646413296123439e-01 4.441014416437907286e-01 3.835766585426708675e-01 4.093255784624133531e-01
4.120052993630604066e-01 4.066544834512439976e-01 4.247697755514822093e-01 4.096671512313729835e-01 4.381186964084727853e-01 4.249594111154930687e-01 3.713390489100316660e-01 4.201627537749852426e-01 4.458776657371097407e-01 3.980654398255764059e-01 4.067894886095518858e-01 4.415907860216708447e-01
4.239831763021638666e-01 4.274464659805802258e-01 4.636940444005012707e-01 4.310287850180109515e-01 4.618256419529917500e-01 4.206775152139478613e-01 4.079071328277290576e-01 3.850217996825081590e-01 3.977626651718161321e-01 3.795147551692252819e-01 3.999297791027084381e-01 4.012082391777979651e-01
4.138665179014158757e-01 4.050028984715018376e-01 3.833596231624505357e-01 4.028576750272555018e-01 4.251650923272963789e-01 4.326372138056454042e-01 4.534125688126315890e-01 4.170498307042599384e-01 3.848475322388093534e-01 4.533246488393315454e-01 4.007062031638483623e-01 4.277701955455712191e-01
4.397138235405964046e-01 4.131571695814911793e-01 2.951623162038961024e-01 3.775092179229264100e-01 4.389895420182942098e-01 4.500368840460768904e-01 4.819138312686423453e-01 4.375889988753364768e-01 3.943489871078282860e-01 4.512470476071749892e-01 4.073013893936870966e-01 4.130307924340833048e-01
3.972226007169774586e-01 4.478288796329905619e-01 3.511327154450643029e-01 4.059733367890981381e-01 4.153734424005685044e-01 4.254814979459667357e-01 4.118536354543022027e-01 3.613343257104948414e-01 4.190680727078676671e-01 4.569595769938671337e-01 4.456830974980469096e-01 4.620888187047914597e-01
3.969005988985365718e-01 3.945455015902780138e-01 4.453649400578014728e-01 4.332147220818989841e-01 4.012601348997841821e-01 3.820964497011410388e-01 3.939436193887640436e-01 4.476003903803879025e-01 4.531775667109051442e-01 4.200683630985188044e-01 3.958803640777669441e-01 4.359473491142321633e-01
4.446630262206398565e-01 4.502209848182645024e-01 4.313411908799106298e-01 4.309898862940981790e-01 4.042282397933424920e-01 3.967454827665148898e-01 3.794966970475767143e-01 4.072120236858947084e-01 4.152945433562069688e-01 3.960580471678594727e-01 4.213282430001843992e-01 4.224216349695518180e-01
3.992441734728640612e-01 4.412872583929779990e-01 3.800969376229890173e-01 3.775324506668846780e-01 4.410509594852439208e-01 4.112768161524051336e-01 4.377043984054808101e-01 4.444979035250361532e-01 4.434096694340302069e-01 4.548480922392300618e-01 3.949151780546589219e-01 3.741361625482112485e-01
4.023802922518442959e-01 4.161360547747042782e-01 4.219883851161401744e-01 3.970315823150477041e-01 3.852227327244219235e-01 4.215740906316529091e-01 3.930980658606040290e-01 4.296274707478354715e-01 4.152036712161418786e-01 4.378108023025609752e-01 4.543364943913162368e-01 4.255903576677518840e-01
4.078352029363850884e-01 4.156343082822340773e-01 3.920288994222471679e-01 4.158981485818835644e-01 4.241715358768960442e-01 4.552822628935682125e-01 4.194478709808244776e-01 4.482247587817209111e-01 3.953473751070553099e-01 3.678216069712055836e-01 4.095592741683872773e-01 4.487487559975468221e-01
3.836597093941863656e-01 4.227351387869663357e-01 3.725100569971429021e-01 3.975473697341599388e-01 4.161676202294924409e-01 4.200531911301419452e-01 4.264797746676113332e-01 4.232934229754848898e-01 4.377776066461955828e-01 4.559848506105648736e-01 4.643414163466086930e-01 3.794498424814503057e-01
3.761867934322626339e-01 3.992831244162179383e-01 4.153200779117744434e-01 4.733728825041201294e-01 4.561172086391234726e-01 4.268165655266292213e-01 4.394930246571236987e-01 4.186617130745216020e-01 3.624527359510699709e-01 4.004133723079110752e-01 4.228484621237488805e-01 4.090340394554883852e-01
4.392298979205534470e-01 4.336306038027588627e-01 4.322789941431380845e-01 4.370332883131096136e-01 4.246625773740276277e-01 3.899195573706126239e-01 4.149729590411020963e-01 3.832240450987028924e-01 3.460761650692860680e-01 3.934261242692832505e-01 4.624269751269659001e-01 4.431188124704977804e-01
4.030342794054172506e-01 3.894942301287460662e-01 4.387777365912299832e-01 3.475490538878818758e-01 4.327183834509672478e-01 3.946605487979664151e-01 4.221208295569716662e-01 4.262040594020890527e-01 4.408789730476503355e-01 4.503282936085477028e-01 4.425629639883070232e-01 4.116706481342384816e-01
4.383262356595469256e-01 4.266600601889766198e-01 4.399261093896813524e-01 3.915726253905773557e-01 4.180472201531542087e-01 3.459012744166339304e-01 4.106292449947327450e-01 4.611153485398700735e-01 4.298923280110141243e-01 4.175259238734222444e-01 4.006348853539603572e-01 4.197687440284395555e-01
3.801408998680375628e-01 4.124757236371336400e-01 4.033291845880163651e-01 4.288955047424398148e-01 4.354066968925781600e-01 4.354347386953795751e-01 4.382611700062252202e-01 4.350521918269552590e-01 4.256271687477662935e-01 4.386497087134618722e-01 3.982701149400954543e-01 3.684568973419394267e-01
3.658508651738517359e-01 4.152183938984758127e-01 4.505908596724826909e-01 4.049410986065357099e-01 3.967130004497833595e-01 3.862294004831652861e-01 4.243225930923442135e-01 4.231280470526957993e-01 4.129794893545547518e-01 4.503174789096821562e-01 4.429512286576281488e-01 4.267575446487966717e-01
4.189277856806837841e-01 4.121782956158787092e-01 3.984987978311942403e-01 4.268854983419137494e-01 4.331990645953326391e-01 4.199157600764534815e-01 4.193056912926670377e-01 4.253655394422631852e-01 4.066143587754257327e-01 4.369038854203924349e-01 4.064659262223871417e-01 3.957393967054354533e-01
4.210972676995136110e-01 4.034708725509610350e-01 3.977529273475050031e-01 3.434518087111350093e-01 4.025264955148964985e-01 4.541058682789514411e-01 4.384933218003551625e-01 4.385906366122139799e-01 4.012818464379682704e-01 4.326994919223271507e-01 4.502325367685924284e-01 4.162969263555947874e-01
4.451573942708085818e-01 4.261497043441880850e-01 4.079825053158705472e-01 3.818768380225688319e-01 4.074368094936287044e-01 4.186047093528333929e-01 3.763790067647342363e-01 4.032111445047517617e-01 4.077862601942972010e-01 4.405537120796544914e-01 4.523471701487610241e-01 4.325147455078945380e-01
3.673798614458366751e-01 3.797681294935187912e-01 4.367682640022398921e-01 4.584744850917829573e-01 4.296627303980896095e-01 4.365154093097127763e-01 4.513432235686212768e-01 4.301296340949127273e-01 4.220860431864377205e-01 3.966525343608381382e-01 4.082408447155194131e-01 3.829788403325032342e-01
4.244725470330915629e-01 4.023621892250737186e-01 4.452866894849266122e-01 4.334253162406250248e-01 3.909418420398099170e-01 3.743038234109857254e-01 4.235386006885173971e-01 4.436020383267237355e-01 3.918291232339711772e-01 4.291983051479133504e-01 4.250817348613232793e-01 4.159577903070722504e-01
3.775126715920271714e-01 4.248342040617765769e-01 4.121117933292429703e-01 4.323334032698505358e-01 4.498069072198392915e-01 4.199280331286349699e-01 4.257582528847645431e-01 4.264265934150604509e-01 4.312180073641084799e-01 3.749050771181648978e-01 4.156702369102753813e-01 4.094948197062503459e-01
4.190145955009771939e-01 4.173884761948299937e-01 4.337355905679792234e-01 3.935650296533570458e-01 3.854517186809417462e-01 4.155520374286274521e-01 4.002443489238081686e-01 4.573456057574702971e-01 3.895032695309125215e-01 4.220486885933560917e-01 4.322561810216387634e-01 4.338944581461059435e-01
4.390156168001145831e-01 4.209396536499004915e-01 4.008010318010917228e-01 4.239167953531942090e-01 4.068960720631540351e-01 4.175904222581134917e-01 4.392080412613699192e-01 4.153489339623879228e-01 3.909729336556156398e-01 3.913786749722557023e-01 4.435757532422859306e-01 4.103560709805375017e-01
4.302827548588816220e-01 4.335030547579286631e-01 4.371201848584149730e-01 4.024158829485220967e-01 4.383242188430993558e-01 4.353038418328839532e-01 3.686606697169296787e-01 4.301715157678794310e-01 4.156502587939584492e-01 4.007518729029004301e-01 4.155667351090268635e-01 3.922490096095956891e-01
4.252704947699776916e-01 3.951099567740310459e-01 4.045816883232980499e-01 4.072487860091289491e-01 4.278198780560493186e-01 4.349159387830513479e-01 4.185599927698029354e-01 4.148862374346113935e-01 4.008959257972761203e-01 4.012640729854016763e-01 4.318029884428179477e-01 4.376440398545464738e-01
4.274954674575626168e-01 4.133839427575216607e-01 4.258162215153464825e-01 4.167155059459467514e-01 4.039436869387571516e-01 3.918289361022820327e-01 3.987609825171004596e-01 3.794775905549719330e-01 4.037873626979636699e-01 4.606134496715908466e-01 4.471598346063913598e-01 4.310170192345958995e-01
3.623128501564702453e-01 4.267748191103999389e-01 4.544115502213531554e-01 4.356285517737717994e-01 4.174234606909787426e-01 4.192732984381742356e-01 3.934860944782314629e-01 4.230852218171006207e-01 4.249569788101339451e-01 4.462735745249651886e-01 4.281486265957823445e-01 3.682249733826788995e-01
4.073836715386339735e-01 4.381886405815800245e-01 4.490817416327325118e-01 3.911515912329842082e-01 4.247891688048426873e-01 4.049640090822060334e-01 4.251590893385982506e-01 3.836298505766908562e-01 3.970223096713751398e-01 4.305182949850516194e-01 4.184116154162987877e-01 4.297000171390152334e-01
4.254178507565666290e-01 4.283429908588224366e-01 4.185076436207496586e-01 4.086762148836334818e-01 3.340357128347629656e-01 4.297689547399655141e-01 4.434217302731403021e-01 4.646259246706275214e-01 4.364587368714524795e-01 3.992224374513841934e-01 4.202012532874103146e-01 3.913205497514662401e-01
3.948332748537825010e-01 3.987110711952475128e-01 4.059568008153683349e-01 4.080820843438989765e-01 3.842240189179615406e-01 4.051068654852053585e-01 3.904461111129365891e-01 4.117110784571436644e-01 4.314263988485693702e-01 4.594169862292393769e-01 4.616658879429302864e-01 4.484194217977398034e-01
3.598771892098986402e-01 4.172353047711112595e-01 4.190753322904385292e-01 4.172049597028338330e-01 4.439166071213724862e-01 4.517237538325520885e-01 4.021428448175567993e-01 3.530774120442604636e-01 4.156331074796605352e-01 4.450759297115359781e-01 4.229961193520583862e-01 4.520414396667106205e-01
4.269196110575169678e-01 4.424756738853970472e-01 4.174193235726745277e-01 3.730438690765757181e-01 4.158390868752108172e-01 4.196793214309699205e-01 4.053246971226287521e-01 3.728864050439214539e-01 4.290522779060968461e-01 4.115503709415209155e-01 4.326283767469120689e-01 4.531809863405750205e-01
4.324963931571602638e-01 4.506720872341187789e-01 4.462216873207617285e-01 4.306768482448796731e-01 3.807058885327474496e-01 4.225629659841531049e-01 3.932317980638082022e-01 3.889136591076369776e-01 4.083382193122120363e-01 4.188074323179706848e-01 4.273589836266004083e-01 4.000140370979833326e-01
3.851334014081937429e-01 4.201305027086899013e-01 4.471873288856658135e-01 4.124119926538018510e-01 4.016266610981148455e-01 4.146375760575637948e-01 4.233755668447362064e-01 4.132573385810781597e-01 4.281588038245970340e-01 4.364145273111437184e-01 4.144056620041946526e-01 4.032606386222317152e-01
4.162651644557257002e-01 4.063557059053338749e-01 4.455963396171002122e-01 4.494680085319068263e-01 4.224001256292501116e-01 3.345026421869851108e-01 4.318465954546799601e-01 4.005687303520722997e-01 4.144026594292340437e-01 4.559630264489297202e-01 4.046030380162149998e-01 4.180279639725273388e-01
4.169951719437322013e-01 4.460147193832916246e-01 4.087645998503742217e-01 4.191439042582665309e-01 4.029328498377399148e-01 3.690828161096414428e-01 4.138420613175198270e-01 4.162881348976599227e-01 3.786484099948443371e-01 4.576564426263775021e-01 4.146140831920144820e-01 4.560168065885703559e-01
3.547884125565585745e-01 4.367604431109254337e-01 4.571676099268684457e-01 4.034325417598356722e-01 4.319014077165874155e-01 4.065177806455884113e-01 4.217915777689784651e-01 4.335656939988208891e-01 4.157390898236121290e-01 4.174095515694453695e-01 4.360510026032569653e-01 3.848748885195416025e-01
4.351390370393513063e-01 4.282009126530608167e-01 4.325166361818919003e-01 4.052411592828098486e-01 4.005271610366659685e-01 3.975087646050747825e-01 4.063228560012573931e-01 4.109110451213677795e-01 4.293477340268702647e-01 3.776427640157478116e-01 4.273379754378565654e-01 4.493039545980656579e-01
4.511958040602147557e-01 4.328076217122804881e-01 4.053166327453420203e-01 4.208920361161098689e-01 4.516164503404218600e-01 4.306064751556946124e-01 3.879000631469502469e-01 3.927138026949303917e-01 4.279945524162501180e-01 4.256186022439425454e-01 3.768732306249710784e-01 3.964647287428679778e-01
4.418885858489592366e-01 4.765107066253844170e-01 4.396682282582755619e-01 3.893462210851380556e-01 4.135038982111218786e-01 3.861787875634314915e-01 4.094094566933988988e-01 4.131887085668450865e-01 4.139204186143822795e-01 3.992678686294335311e-01 3.946466424992809419e-01 4.224704774044102384e-01
4.270652540015379972e-01 4.425684180343740781e-01 4.067946330957955547e-01 4.413585994781497601e-01 4.282358154413442586e-01 3.559709775989432501e-01 3.827735376823286351e-01 4.559595633422353078e-01 4.550824317075162773e-01 4.447344789171040480e-01 4.112433408398883383e-01 3.482129498608266260e-01
4.021189151862228917e-01 4.143278234732143406e-01 4.224440798737087999e-01 4.254207462005850093e-01 4.054087458157881185e-01 4.380064033735590057e-01 3.942188634997390029e-01 4.062849676614660455e-01 4.339450134921834512e-01 4.619295635645563891e-01 4.157328555239770407e-01 3.801620223349964078e-01
4.087826886566640061e-01 3.901070851050629784e-01 3.207501055153559877e-01 3.996102623157097300e-01 4.361596209490056775e-01 4.112043685487096756e-01 4.526436619254305960e-01 4.423360156837203849e-01 4.559421896213818881e-01 4.383355664927028883e-01 4.357372585797502085e-01 4.083911766064755589e-01
