-2.158542846076043631e+00
-3.544033095839112857e+00
-4.349370989174881075e+00
-2.875722570792689226e+00
-2.398717327458605109e+00
-3.281388784957340654e+00
-3.559816487801423790e+00
-1.419324409109677942e+00
-3.560319957587939399e+00
-7.574848228266726213e-01
-1.960665948085876353e+00
-3.339409335219841068e+00
-2.825995101574604096e+00
-5.203332921861338889e+00
-3.760759288714796700e+00
-8.673635582085508222e-01
-3.423739662938246386e+00
-4.042828704135739137e+00
-5.173914707268101765e+00
-2.344879986844685682e+00
-1.507076337865727478e+00
-3.827234613795964080e+00
-2.873141371064725114e+00
-3.520627128562180630e+00
-2.590757771989835145e+00
-4.631562603159808056e+00
-4.065107798415543705e+00
-2.981985930981922106e+00
-8.101276822152639667e+00
-5.252333935167670553e+00
-2.969757310778356807e+00
-3.057842857034587247e+00
-2.770264777147235957e+00
-3.516195119273882064e+00
-3.178028849485880158e+00
-5.950773811764586085e+00
-3.809960263974456751e+00
-4.037798401685646965e+00
-1.386450015547126435e+00
-2.859139754230418440e+00
-3.106071944930185680e+00
-2.204554730641526739e+00
-3.870478257492362850e+00
-4.317169617810038496e+00
-9.356873409548170928e-01
-9.717093578073826565e-01
-3.939196951244452904e+00
-3.245598746304088067e+00
-1.782151731448211152e+00
-3.380553946678015009e+00
-5.182784765844594688e+00
-3.077180003487424820e+00
-4.177931907387057997e+00
-1.209527172240553172e+00
-1.003805658180108473e+00
-3.020887782248881770e+00
-3.915403502702210936e+00
-3.060046081239689464e+00
-1.649774094441679884e+00
-4.956291472764974060e+00
-9.721485517175159075e-01
-2.756916568991087058e+00
-3.053875465454730431e+00
-9.907293273919014209e-02
-3.701262295295930205e+00
-3.499391825044586124e+00
-4.718032160018494459e+00
-5.422609368776062588e+00
-5.112079544233250061e-01
-9.555094781056945319e-01
-4.886387773165926873e+00
-4.420774047519222094e+00
-5.445467008054781566e+00
-3.828376323163399597e+00
-2.409591618029115700e+00
-4.849405778148557999e+00
-6.002893000314568184e+00
-7.842431850668377669e-01
-3.202424755358086017e+00
-5.550379392354815700e+00
-3.484374239660719574e+00
-1.703600172189674522e+00
-4.252826237087536931e+00
-2.950232281571627979e+00
-3.392584366574025179e+00
-1.763030573475447671e+00
-5.091749719452915102e+00
-1.830771906180158393e+00
-5.936014470488705896e+00
-4.630020329828662184e+00
-2.859566121421548868e+00
-2.675717420424451376e+00
-1.158059209528631506e+00
-1.132430674741999210e+00
-4.666708370129708960e+00
-4.159015270851971202e+00
-4.541248711038113228e+00
-2.550181485576486384e+00
-1.744132163908253430e+00
-2.920887465433197772e+00
