3.228983183144665259e-02 4.980628916695568897e-02 3.422422142322731342e-02 3.546910143858320735e-02 3.860050818291439062e-02 3.150732000296921353e-02 4.183533092545647925e-02 3.931943345674692586e-02 3.508043674324911460e-02 3.964737326840556825e-02
2.986081750987245459e-02 3.392033554698491160e-02 5.078257274921926800e-02 3.580301247460733471e-02 3.178871861860303738e-02 5.149028950753097023e-02 2.848459303180092897e-02 3.996548742141955296e-02 4.182292144922838267e-02 4.209354632382322076e-02
4.526385290280146578e-02 3.213601085460651013e-02 3.592154401907779460e-02 3.892969157336640534e-02 4.018631693614960199e-02 3.290139277997701506e-02 4.342510033109221734e-02 3.295962727877627813e-02 4.142585932750986188e-02 3.278282576345774996e-02
2.977403473119583088e-02 3.963909675629811308e-02 3.740917023716957418e-02 3.821456874035509405e-02 3.534687666677775036e-02 3.642195129630606404e-02 3.717895130177242130e-02 3.424458593936870882e-02 4.051153304229096475e-02 4.837798431167753682e-02
5.236831746399363274e-02 2.418084158421117402e-02 4.357003162397588697e-02 4.307807685863269953e-02 3.408350850093044837e-02 3.913233781319747778e-02 3.583091449810968387e-02 3.376942849860418289e-02 4.183774016582630928e-02 3.786510847701678173e-02
2.979313068883570476e-02 4.494618370579969019e-02 3.358608694843494974e-02 4.137250103943784091e-02 3.575738540902805712e-02 3.364002217736423994e-02 4.452650100487946100e-02 3.032258815079886052e-02 4.194852645042362882e-02 4.216052834543393413e-02
4.027111531821764290e-02 3.449613401876713142e-02 3.585345519404082443e-02 4.981714139719087275e-02 3.641570155093776934e-02 3.522591901747530035e-02 3.598532018615163003e-02 4.470791863335865646e-02 2.823976316303914227e-02 4.027978713767953883e-02
4.178269721796868535e-02 3.668622841136312540e-02 3.681888933796722413e-02 3.648086982388205890e-02 3.619253532712277815e-02 3.582846981663841829e-02 4.523205811163790585e-02 3.243759117546836379e-02 3.487654696290708178e-02 3.846274447885986852e-02
3.996713583641525042e-02 3.294424071650201014e-02 3.678744994326049039e-02 4.495913536271824162e-02 3.188338643379545062e-02 4.376723930054297884e-02 2.501099302151647483e-02 7.257753754148309200e-02 2.721832657035062192e-02 4.154716449111325871e-02
5.001152631820171557e-02 4.030749997904856108e-02 2.609637305708787866e-02 5.529344624881577658e-02 3.395384302374234581e-02 3.511138214592728762e-02 3.618768972727938460e-02 4.180550351074293486e-02 4.245659112171217692e-02 2.730801491468119041e-02
3.615888283803989772e-02 3.681124327774244059e-02 3.736105150760721944e-02 3.797182108409808549e-02 3.506595856532605804e-02 3.297208205975908635e-02 4.096241206677138369e-02 4.385033838426585090e-02 3.066514390418220715e-02 4.505229094781701416e-02
4.376434377637308804e-02 3.504166237036920178e-02 4.044159431589419013e-02 3.927363576522622385e-02 3.451619608119966404e-02 3.635393831589320279e-02 3.537963816799722522e-02 4.511073268862188235e-02 3.222773356862611294e-02 3.396383335587425945e-02
4.802999499047335558e-02 3.700717033512884724e-02 3.187024140456889976e-02 4.329301545434652287e-02 3.296120660280968395e-02 4.521524117683186489e-02 2.769617602418693314e-02 4.285179229061103490e-02 4.124201015361700362e-02 3.187816576639840305e-02
3.599447896818209341e-02 3.557569166816353795e-02 3.729174287718188541e-02 4.355541741147193890e-02 3.106943305778583561e-02 3.922047346223879460e-02 3.378027205499208735e-02 4.978164499096607992e-02 2.650030478387369742e-02 4.937945777423900784e-02
3.659457670609393004e-02 3.374191237622557044e-02 5.069988780071171125e-02 2.740440164173344254e-02 4.268742665968236483e-02 3.943175012358532405e-02 3.699628763656648278e-02 3.477158437740085484e-02 3.495727281340917092e-02 4.201445567218579230e-02
3.926709910543958043e-02 4.046882726543410413e-02 3.536361967100618703e-02 3.411660302655098592e-02 4.062914707087141725e-02 3.807671607288694998e-02 3.384880595863765801e-02 3.998727969417809058e-02 3.903658998069675645e-02 3.276582777502684563e-02
3.850773750877432150e-02 3.510601304910544729e-02 4.001304037633809235e-02 3.809926536792499624e-02 3.771142382928319159e-02 3.107769182388889911e-02 4.595324941439615785e-02 3.733357926254141784e-02 3.615565474669862889e-02 3.487329233635532572e-02
3.326815812398314920e-02 4.171111024849716298e-02 3.358108264239653695e-02 3.834988749144328801e-02 3.437501177110940248e-02 4.208249522907848983e-02 3.440857044465577691e-02 3.746547774157626964e-02 3.629678666967103146e-02 4.230832570166122297e-02
3.707796354340713724e-02 4.638349484112914284e-02 2.872225184396379888e-02 4.705554379220050487e-02 2.649478637678026258e-02 5.309424949234890778e-02 3.793466513263940576e-02 2.925727786150691262e-02 4.396507599795617532e-02 3.785801298664669134e-02
3.581308518315477751e-02 3.541962823401291482e-02 3.661248213863722151e-02 4.157625440664153293e-02 4.170230957566420371e-02 3.077523949480463067e-02 3.632173958782614065e-02 3.824144541127998814e-02 4.111415836983494526e-02 3.818462567342840314e-02
3.445898068024829536e-02 3.349882694767868097e-02 4.764711922987406589e-02 4.021550617210942202e-02 3.655886337909424605e-02 2.874668838685257369e-02 5.142529828568008499e-02 3.795346707792643381e-02 3.405546403936273586e-02 3.810798620674005904e-02
4.677416712298844426e-02 3.886402234941364886e-02 3.292464082622827137e-02 4.196395400106289753e-02 3.378006127955524712e-02 4.071293051267491775e-02 2.977223116801980957e-02 4.886647018806229009e-02 3.885084856227861982e-02 2.866861299470328112e-02
4.476051737459556257e-02 3.138806269219727996e-02 4.111338444313879931e-02 4.152288674195071805e-02 3.287235846128704064e-02 3.710530086210241801e-02 3.302051264515502849e-02 4.758729528644683321e-02 3.402760763074055145e-02 3.458754237234945572e-02
3.551713271485198997e-02 3.074108006855236913e-02 5.297321941664093897e-02 3.549084818466594765e-02 3.654631393602994494e-02 3.403805000833408367e-02 3.955644501242832484e-02 3.912812965965778433e-02 3.697296413580908325e-02 3.754484100763277182e-02
2.743041997936792112e-02 4.473264356636042632e-02 3.405997558467484948e-02 4.625742259288101454e-02 2.773235342551980120e-02 4.653392882408093068e-02 3.782864411170826918e-02 3.017915264731311012e-02 4.421794122080380945e-02 4.661834387565889914e-02
3.433795101264480037e-02 4.539707924687812202e-02 2.877066212792855557e-02 4.235064236238571256e-02 3.863680524458334292e-02 3.946516698700256592e-02 3.136559115105505557e-02 4.896922550609499741e-02 3.372202579120791438e-02 3.660801139030887136e-02
4.187675935159711899e-02 3.519624065475637081e-02 4.154729670539319963e-02 3.075729787408516824e-02 3.955538893938392170e-02 3.698879386785153961e-02 4.241165657093087793e-02 3.295030701596749628e-02 3.299812888265377109e-02 4.346829706752024930e-02
3.456686265032470062e-02 3.473114364390138958e-02 4.045131461585073362e-02 3.468891164735356941e-02 3.349666984874881404e-02 4.595537957693424796e-02 3.767497673797175900e-02 3.441016249191115872e-02 3.678197877918886610e-02 4.300053267680096353e-02
3.681727881397243995e-02 3.622961085158503403e-02 4.382437755083298803e-02 3.296647007850053018e-02 3.529193050105714630e-02 4.430514334386572578e-02 3.040908449010278763e-02 3.930387187251304509e-02 3.998383526543619615e-02 3.660988179280866978e-02
4.173602753814378841e-02 3.257645760925328982e-02 4.221191793838540568e-02 3.437322394974094003e-02 4.109101141219258929e-02 3.116719390152074276e-02 3.880170136284676052e-02 3.589672357640560224e-02 4.993750241682248792e-02 3.121358465066390031e-02
3.497127923312659536e-02 3.953880666014417816e-02 3.791132550438362780e-02 3.570330036493379183e-02 3.918282877280330340e-02 3.319644289713659380e-02 4.185338527828675464e-02 3.570650092679659299e-02 4.147144288375889665e-02 3.396804619527819119e-02
3.203859850906555506e-02 3.246148791899125530e-02 4.393128357364780440e-02 3.774481462563924333e-02 3.412244477325041686e-02 3.735483985839000570e-02 4.252901377313583753e-02 3.384843151961761804e-02 3.686515966602249561e-02 4.678545161538394392e-02
3.484620548847148364e-02 3.655326469933929678e-02 4.305963457573326603e-02 3.861247066941998068e-02 3.413921212769812502e-02 3.572668670520038475e-02 3.670257248425611019e-02 3.934737284531596851e-02 3.572867583232235134e-02 3.905412990537363710e-02
3.725257460155013273e-02 4.415594622242710598e-02 3.049970274733563094e-02 4.582949868142183192e-02 2.756743021769007471e-02 5.173637348273559672e-02 3.619787084880545652e-02 3.777297962978584667e-02 3.532115423160753220e-02 3.515152713484206298e-02
4.185481241105411254e-02 3.475250122407479159e-02 3.492186157355895576e-02 4.112285107894143865e-02 3.144605453427901098e-02 4.562655687679338656e-02 3.868682182113764717e-02 3.283697011526961335e-02 3.975336213838126520e-02 3.470852287763757232e-02
3.940002760738930271e-02 3.323281207763766065e-02 3.899861723192613733e-02 3.944449744683157372e-02 4.238485330043193638e-02 2.980676524755154766e-02 4.272541649220418236e-02 3.151248727335129174e-02 4.448758843449449746e-02 3.506176702075078366e-02
3.440691292200147994e-02 3.866858037348993443e-02 3.349317042784479698e-02 6.196207253977840945e-02 2.470341929598575403e-02 3.877931370397875999e-02 4.584417809154714418e-02 3.398658775714454017e-02 4.194180348445304685e-02 3.543566263404547556e-02
4.251611337065146212e-02 3.451264309264904379e-02 3.521763065425818212e-02 4.189802082074995521e-02 3.347096496031925356e-02 3.714229813218465626e-02 3.999834426777634094e-02 3.620044492827948629e-02 3.646261610345341575e-02 3.588284431190902346e-02
3.600447474644352663e-02 4.129995966941409080e-02 3.248698112485772643e-02 4.113723209909606743e-02 3.580830626162441466e-02 3.399493950614442678e-02 4.180526657359923820e-02 3.361509006433843760e-02 3.873221139806835855e-02 3.899421234578746842e-02
3.078167045465098756e-02 3.647960239679143291e-02 3.729967664275728872e-02 4.178608368164691417e-02 3.522596928032870750e-02 3.490910504534860265e-02 3.975532889145651921e-02 3.672639391432995504e-02 3.368119383639983644e-02 5.029277829291921992e-02
3.183404637497395245e-02 3.492577295050561248e-02 5.449629659628053152e-02 3.034318757660739441e-02 3.476144580831525693e-02 4.059519293103550780e-02 4.082362462391096042e-02 3.395539230070081932e-02 4.154000280043278204e-02 3.816716700788712335e-02
2.774384024973099855e-02 4.915892926823740156e-02 3.941469773217110700e-02 3.413191819033356555e-02 3.259669242369509640e-02 3.946317323453233522e-02 4.248172946437530489e-02 3.217422709301570594e-02 4.117048325925943414e-02 4.321834500216714670e-02
3.100754891627498580e-02 3.958898213412546246e-02 3.360141245171961027e-02 4.278733415930847245e-02 3.575636415243477195e-02 3.664248834558010703e-02 4.159369394703268941e-02 3.370419296371986173e-02 3.570731480109135686e-02 4.532733414612031414e-02
2.976841214930018437e-02 3.847146631477856710e-02 4.144131710124757811e-02 3.751241025096416215e-02 3.522494401311213746e-02 3.669902859335474193e-02 4.059288705574097544e-02 3.372278722593716888e-02 3.433949682505794271e-02 4.939791594528731428e-02
5.889694339376591592e-02 2.690395703076717965e-02 3.430130074154977976e-02 5.830760098619188619e-02 2.610487691637061736e-02 4.536838728971991086e-02 3.797649622471312852e-02 3.879084086510055374e-02 3.891407747821741536e-02 2.996990827850183614e-02
3.555310207712533005e-02 3.527020406456005119e-02 3.856374680023606782e-02 3.657601563691102731e-02 3.800987081030222231e-02 4.647065965309778168e-02 2.696075131675098810e-02 4.241017138868895947e-02 4.927278917368999728e-02 3.302198950064373639e-02
4.177268704362857576e-02 3.424292421518511376e-02 3.377893308852550347e-02 4.607779575341071354e-02 3.543292493590590592e-02 3.277503813649898512e-02 4.601593232410665368e-02 3.236254200600643255e-02 3.814892785045544826e-02 3.598500328173923762e-02
3.281378291405189634e-02 3.587365702579158738e-02 4.090867606782008781e-02 4.216201134014342655e-02 3.137423814411220008e-02 3.976743706259854710e-02 3.619577014938776122e-02 4.082346263168934453e-02 3.347996477690177997e-02 4.188488525842445909e-02
4.214060033781608094e-02 3.624859581175040452e-02 4.112952921680716745e-02 2.703506069392130548e-02 5.340395736569023000e-02 3.039931783675551072e-02 4.305392261765974421e-02 3.782135798071266375e-02 3.404717972023028894e-02 3.649084851937132307e-02
3.330484329263722065e-02 3.784811921507198751e-02 3.860898937429448757e-02 3.197526876553297842e-02 5.388771705198126816e-02 3.738001649344020044e-02 3.499897262221886296e-02 3.518456438188827945e-02 3.782208609241511504e-02 3.881369313113974123e-02
4.126800176586709057e-02 2.508201776870689487e-02 5.923297825041527742e-02 3.023580370709555779e-02 4.539344839066260240e-02 3.502406376527990306e-02 3.247597745574808820e-02 3.965498059783331697e-02 3.970108846004838377e-02 3.999348776123504146e-02
3.509918966787285710e-02 5.064826858271737064e-02 2.802280587651899066e-02 4.507795449574274194e-02 3.021384470950310222e-02 4.522244382599010376e-02 3.361375795060816962e-02 3.809323048014869040e-02 3.585244737106808161e-02 3.892323506772236291e-02
2.964208927823430012e-02 4.289355915340027636e-02 3.637702269278732248e-02 3.521663485390516546e-02 3.729048954791078230e-02 3.680346034426871388e-02 4.503155739621014092e-02 3.165241654598573845e-02 4.206044256658726666e-02 4.023337656757463437e-02
3.519173602382880128e-02 3.434013645118470792e-02 3.896130700611603881e-02 3.971489891935408439e-02 3.533755242323447648e-02 3.877209535447045247e-02 3.139755418313672913e-02 4.704864013151371233e-02 3.190619847899708178e-02 4.332214777891800483e-02
3.251033645175067932e-02 4.121691225208835158e-02 4.431751511108678043e-02 3.426811199149399495e-02 3.529710831725459824e-02 3.466803562561193708e-02 4.432571643658131388e-02 3.690073256103459931e-02 3.318296541824997115e-02 4.009073278306880816e-02
3.647431536590949736e-02 3.735377056533041584e-02 3.778911720433879295e-02 3.474423817948175952e-02 3.409152940658995157e-02 3.947471547056707192e-02 4.854038996398572087e-02 2.829326989528478664e-02 4.538720695492070439e-02 3.672498292891517718e-02
5.164979553127460599e-02 2.841886421437334054e-02 4.471011725260254366e-02 4.007354214288556815e-02 3.369805264445638326e-02 3.288335376717546610e-02 4.377995466050836615e-02 4.475272412575125730e-02 3.361930939796865803e-02 3.058008425731832680e-02
3.391155550246081896e-02 3.464328576005690219e-02 4.818243171416343451e-02 2.704517593117697349e-02 5.135507184145867571e-02 2.974002199431395252e-02 4.098121284729367569e-02 3.927410750723021177e-02 3.490043849044394825e-02 4.200373037326725345e-02
3.963482068520277068e-02 3.399157455568652120e-02 3.681046623715802935e-02 3.710999789765161150e-02 3.996652189558273782e-02 3.890765535066511432e-02 2.823483165278809631e-02 5.429517856606765752e-02 3.191918650916399092e-02 3.891101918882576560e-02
2.737196979404513120e-02 5.601866234017103402e-02 3.233759835220564871e-02 3.413865465595894433e-02 4.535911863619306733e-02 3.330953563333267226e-02 3.894937968010426382e-02 3.660219789330865919e-02 3.363645933383407199e-02 4.552545241983545904e-02
4.134460474487375997e-02 4.156144234683373240e-02 2.940532860632621287e-02 3.711977012699291950e-02 4.885580847914199748e-02 2.972412922721233766e-02 4.022426555609413118e-02 3.896490693835855806e-02 3.748327055727633528e-02 3.486818202992778698e-02
3.114058408729586391e-02 4.887106889121250325e-02 3.547915205298721869e-02 3.244200331645486629e-02 4.362820730400759905e-02 3.236790010963792874e-02 3.756037632978738439e-02 4.576047006320928950e-02 2.930909723884199056e-02 4.418888467693956462e-02
3.822781024497810126e-02 3.501321800310639581e-02 3.749160072548180650e-02 3.933648756788781647e-02 3.159901891423219644e-02 3.841956471096828751e-02 4.292479584037169754e-02 3.521259125284136038e-02 3.643656160886149520e-02 3.962065752981016459e-02
4.406130897482686548e-02 4.013877344940507130e-02 2.833690385053615549e-02 4.843498873886888795e-02 4.297271963331830008e-02 3.591656733670429286e-02 3.313375673785905889e-02 3.778772425670225144e-02 3.694336170969606675e-02 3.361832021302707529e-02
3.417130248177907559e-02 4.032564835384171154e-02 3.497253444109565262e-02 4.087913997596183402e-02 3.832661497835061076e-02 3.488781518070779158e-02 3.745151520230961817e-02 3.586512894738981549e-02 4.741095962641386080e-02 3.182094487591756449e-02
4.580492294553095006e-02 2.895192496017463465e-02 4.812444327006809575e-02 3.057443860550110651e-02 3.337248375325621574e-02 5.483216712341214966e-02 3.358242384913996681e-02 4.324510861869240025e-02 3.089038514179345135e-02 3.748470577936446890e-02
3.815248005627755457e-02 3.544764268310975075e-02 4.094081008231943708e-02 3.251284729964604853e-02 4.236400418776754828e-02 4.136995052434213477e-02 2.954009284912849365e-02 3.917477832692821405e-02 4.785339864270286847e-02 3.142697061494699462e-02
3.550526744452433409e-02 4.547299009942953191e-02 3.519772733502896794e-02 3.272300357071916688e-02 4.865522944079428425e-02 2.898607328590627544e-02 4.904415412687697373e-02 3.381003037737806416e-02 3.809180244319852054e-02 3.346992551546675715e-02
3.792693365976107511e-02 3.341938710748892233e-02 3.926893566380960238e-02 3.706501937478023923e-02 3.752357560216341287e-02 3.853735275063790988e-02 3.405664680963396695e-02 3.748322946723051108e-02 3.833883097279872088e-02 3.880370355214664974e-02
5.255780377437424544e-02 3.649238448575217036e-02 2.927954706006842545e-02 5.585803158345565428e-02 2.973101679609958109e-02 3.935199087469547913e-02 4.149593579794336184e-02 4.400950278212215072e-02 2.711737284170915446e-02 3.628881479598865256e-02
3.338489442877097535e-02 3.198203455848148274e-02 5.608620125016614694e-02 3.515996125634665570e-02 2.829200696039297497e-02 5.389496039143278072e-02 3.323576485754808213e-02 3.652665449043745322e-02 3.093107851642255823e-02 5.243507893563170708e-02
2.764611181195477524e-02 4.027762591764935673e-02 3.607055922308142343e-02 3.975230017173130709e-02 3.992211569797185500e-02 3.078790854298762633e-02 3.792531866424590087e-02 4.507729604377251620e-02 3.274027227214704877e-02 5.206000865632230690e-02
3.629787342119492055e-02 3.215900534384037723e-02 4.510271121818160145e-02 3.892287685393167052e-02 3.570756029538162124e-02 3.553571483298361561e-02 3.311892134515991709e-02 4.314451547641175860e-02 4.284009279185349572e-02 3.478917191000256703e-02
3.300193707826182266e-02 4.510637995474690853e-02 3.571658239688181580e-02 4.013600123660841096e-02 3.445915744216163090e-02 3.991783490528240386e-02 3.575045786107512030e-02 3.806388508592380149e-02 3.367316453326235637e-02 3.902346778834973884e-02
3.959747132334276443e-02 3.368785615694913638e-02 4.016049615112948779e-02 3.790276500972956236e-02 3.255173794827570521e-02 4.968564482301311008e-02 3.163404036347790271e-02 3.228521488162605646e-02 4.980529223444417342e-02 3.282689349891344810e-02
3.730133053841779706e-02 3.760532928823799581e-02 3.486906308967897827e-02 4.781410283014875251e-02 3.346631834521648224e-02 3.253529704648001203e-02 3.898259641880300053e-02 3.913499373119837255e-02 4.027669575493954962e-02 3.440557558456142778e-02
3.477945112654031584e-02 4.422373347328307364e-02 3.182442801619667083e-02 4.305033519273208931e-02 3.321460091564734651e-02 3.746553389484205687e-02 4.481746535654435037e-02 4.072466000358259536e-02 3.073630727299341003e-02 3.788510503130128326e-02
3.160540585028102228e-02 3.843009718320688356e-02 3.430333889875084724e-02 4.686182670644616077e-02 2.938704518317055564e-02 4.884451010517602138e-02 3.475922311392065644e-02 3.269553092863174137e-02 3.646867488426018544e-02 4.823398121227111951e-02
3.005988391901307649e-02 4.613754885089114272e-02 3.123980113398659719e-02 3.717315636252698646e-02 3.882278283950824083e-02 3.711575372831733832e-02 3.846189917906403521e-02 3.556090929748401824e-02 3.589809119130616538e-02 4.653075417243554557e-02
5.590221016107950469e-02 2.959680528519770953e-02 3.543903645765725252e-02 3.845143426588884528e-02 3.154104242461778368e-02 5.312325826381558008e-02 3.845548694304990606e-02 3.105198135999737499e-02 4.091086123118201773e-02 3.332056497881417251e-02
3.314707213835758198e-02 3.833916891937494409e-02 3.978225188770431742e-02 3.489997902561277343e-02 3.891246929017170425e-02 3.697613288207004384e-02 3.658086492999251121e-02 3.984808557983140348e-02 4.019026630560712521e-02 3.513586866301492140e-02
4.676394449168543022e-02 3.744855002277829720e-02 3.226200603575920395e-02 3.414249908497669211e-02 5.323276763917039051e-02 3.758765765650641522e-02 3.585581272405822389e-02 3.147922996028094250e-02 5.457852514508482189e-02 2.619734179618719155e-02
4.453366170220974390e-02 3.116345756742119541e-02 3.967838273004364869e-02 3.554850474656695569e-02 3.770065356031096493e-02 3.881694219971085213e-02 3.997897142835514506e-02 3.194590216611953304e-02 4.227524718487737226e-02 3.358006763346096935e-02
4.367694716194312626e-02 3.075480384144800225e-02 4.734414620641699822e-02 2.880284960605239766e-02 3.674571937402169863e-02 5.055852832953058179e-02 3.444748271409680401e-02 3.703247101920830592e-02 3.498261172709320882e-02 3.746049213916823051e-02
3.105700918124792986e-02 4.046218591071228110e-02 3.373023144469256690e-02 3.931174594998019384e-02 3.801271992399885002e-02 3.672742576736067605e-02 3.796084930683125275e-02 3.781548184537635027e-02 3.440165470111800072e-02 4.483365274351346769e-02
3.671919660481635234e-02 3.447322389551991939e-02 3.394939774150254608e-02 3.859187205514814922e-02 4.908089017208749211e-02 3.295524847555419967e-02 3.702640425725028939e-02 3.380484819738467650e-02 4.176335048992768639e-02 3.959426584076743832e-02
3.198327169462841096e-02 4.276669123237090281e-02 3.816581649065776266e-02 3.703775477911347425e-02 3.728063500670892455e-02 3.769016586367156252e-02 3.311121521477488477e-02 3.962164084568529920e-02 3.957566892798779906e-02 3.682484242274920022e-02
4.249762115699240450e-02 4.055390523629499172e-02 3.250887141477223213e-02 4.475541489294833364e-02 3.520164160636359008e-02 3.497163133053092510e-02 3.978584061610500322e-02 3.609165188271395291e-02 4.087414523101495084e-02 2.947580891984741616e-02
3.031421703045959065e-02 4.565826024352009904e-02 3.482789896169973670e-02 4.116791540748190870e-02 3.118629332941556809e-02 3.862178086737489552e-02 4.489466020930238388e-02 3.011516554242985727e-02 4.303443225787529497e-02 3.900934257426486029e-02
3.854799676943712616e-02 3.350957780014550413e-02 3.800369969101321382e-02 4.189362829851542291e-02 3.208718365868794969e-02 3.940039113227662704e-02 3.456894975420354843e-02 3.949219950748739799e-02 4.195474227924585187e-02 3.512267577357362780e-02
3.468945360804676081e-02 3.322960221774202277e-02 4.119672224766181973e-02 4.557623578762524941e-02 3.233766730209583495e-02 3.576211964265103849e-02 4.288711622587434297e-02 3.569970629638911236e-02 3.931812984592567006e-02 3.651832184155095334e-02
3.583509665087117324e-02 3.195100346813872783e-02 4.341440454619807654e-02 3.117565981959080634e-02 4.409619489336116110e-02 4.078357571450453439e-02 3.467648015047494064e-02 3.226870717861729521e-02 4.013795237751888872e-02 4.442216244946357168e-02
3.252134048094203894e-02 4.239086120432004196e-02 3.861731281505231123e-02 4.064257967043508057e-02 2.999549623054007311e-02 4.330968351161690322e-02 3.398675237280687766e-02 3.688603110709018362e-02 4.442531042186203399e-02 3.451298240314224636e-02
3.671970343105782075e-02 3.722389581610058978e-02 4.385784292946921792e-02 2.973069463424060643e-02 4.118133271057801414e-02 3.536271824387456075e-02 3.840717812781824225e-02 3.586833736588249111e-02 4.350240635100773717e-02 3.381260506179510628e-02
3.232592116165759755e-02 4.115884166949494022e-02 3.016525246836907273e-02 5.674699966113731786e-02 2.864891974507127737e-02 3.900380756428996343e-02 3.822328253954538485e-02 3.664979362680349795e-02 4.049338689545483455e-02 3.845268387275417588e-02
3.493586090535938382e-02 4.189938281576765372e-02 3.483416842725284290e-02 3.518572209863154304e-02 4.285284098767329353e-02 3.695665522421583138e-02 3.507814100268134144e-02 3.306083841040556581e-02 4.874542973492508591e-02 3.308288301773697898e-02
3.984916790818539972e-02 3.744236790834883088e-02 4.131157698788270882e-02 3.025343696151423789e-02 4.260885657858680398e-02 4.452005421419521353e-02 2.783394613947080126e-02 4.524933057145220233e-02 3.696906313832591662e-02 3.334588183589513866e-02
4.022053240116199579e-02 3.333662495847333762e-02 4.114101109498570497e-02 3.424108050612516968e-02 3.829689527325362552e-02 3.550233954908377232e-02 3.822917137630996165e-02 3.937665416999660412e-02 3.539230552254502699e-02 3.691590020228781993e-02
3.908378510197667299e-02 3.464182108465562598e-02 3.960766115402011150e-02 3.921211543676506039e-02 3.716938461111186920e-02 3.469647647825826325e-02 3.968135686582863197e-02 3.751228115875654412e-02 3.646357819359823116e-02 3.462679252006987951e-02
3.668533601520208853e-02 3.368291745567204842e-02 3.318363847431954339e-02 4.884481936288352644e-02 3.751382243030833286e-02 3.811698642606325266e-02 3.051906843757286325e-02 4.000874506446532031e-02 4.385709973971305131e-02 3.752007217634571040e-02
