4.944007762594522792e-01 5.106219900595904138e-01 4.959268419677337891e-01 4.981163904139432330e-01 5.013218836941383261e-01 4.934281428550822413e-01 5.039217327355305365e-01 5.020727732616240280e-01 4.978188976819896139e-01 5.023705710709100991e-01
4.910178280882596669e-01 4.949042955318229686e-01 5.111751961097386054e-01 4.981540398909681810e-01 4.936760758247406011e-01 5.118356056186661451e-01 4.891387601401513407e-01 5.022229298093632277e-01 5.042359208373676793e-01 5.036393481489203072e-01
5.071453847565964290e-01 4.942201217725757934e-01 4.985426887161130693e-01 5.015567313331644739e-01 5.028763072637676412e-01 4.953531383785426123e-01 5.056997261037055047e-01 4.954182874842096296e-01 5.039721314195000357e-01 4.952154827718316943e-01
4.907380124896064122e-01 5.023337664499104571e-01 5.001987047161295941e-01 5.009859534615448418e-01 4.981091258210329498e-01 4.992303247893498663e-01 4.999771505149321338e-01 4.964526829716102707e-01 5.026651408284155131e-01 5.093091379574876676e-01
5.113933973527540200e-01 4.808179436812933805e-01 5.046901854711771662e-01 5.052641407220630487e-01 4.966491757042019173e-01 5.018950563232946749e-01 4.985962125297745406e-01 4.961257823764239072e-01 5.040522026852459758e-01 5.005159031537809167e-01
4.912797579463390463e-01 5.068884508855160398e-01 4.961401166007342045e-01 5.039230462728164772e-01 4.984157109989439394e-01 4.961427192091435456e-01 5.065889595763946041e-01 4.920233300463310311e-01 5.041789685531651299e-01 5.044189399106078220e-01
5.027944752351756197e-01 4.969961946776639272e-01 4.976961676607455920e-01 5.106054200591418901e-01 4.981601488536235856e-01 4.976062271571417561e-01 4.986961545572725640e-01 5.063570493375205706e-01 4.888520454736789422e-01 5.022361169880347198e-01
5.042918777962337451e-01 4.993864887471375358e-01 4.996122536036118889e-01 4.993178914700550641e-01 4.990143477133397454e-01 4.985215473357854643e-01 5.070956195419995538e-01 4.945027840420618270e-01 4.973839347715283687e-01 5.008732549782429766e-01
5.024873144396847513e-01 4.953459671556049715e-01 4.993459627575240201e-01 5.068855256637614382e-01 4.937844995869890563e-01 5.057008834151995869e-01 4.811143099314135751e-01 5.254268246101664319e-01 4.861244934524407424e-01 5.037842189872190346e-01
5.106016569868352395e-01 5.019329498504077058e-01 4.847644305076431737e-01 5.143437806808429658e-01 4.960803109640946618e-01 4.977569501117650175e-01 4.986967671274229463e-01 5.042110454606757441e-01 5.043233775686242204e-01 4.872887307416754465e-01
4.987039910317428437e-01 4.995458716556152035e-01 5.001397182998972291e-01 5.006581499008112557e-01 4.977464281802771451e-01 4.949242705587771352e-01 5.028359943226092810e-01 5.059920937229627214e-01 4.924565337210587979e-01 5.069969486062518849e-01
5.057724778580747760e-01 4.977721912672430915e-01 5.030898115105837398e-01 5.017665206689759794e-01 4.970330749882205246e-01 4.991666833613343512e-01 4.980409228189070503e-01 5.070107538511883227e-01 4.943177070638468118e-01 4.960298566116279062e-01
5.093086541442932713e-01 4.989737652902104248e-01 4.940144673230855710e-01 5.055437939044904461e-01 4.953361806016303159e-01 5.069740698986987537e-01 4.879736757029120575e-01 5.043180604690467028e-01 5.037281037626529789e-01 4.938292289029842519e-01
4.985829881701717148e-01 4.983132636457073272e-01 5.001061172298554292e-01 5.055864939506216071e-01 4.928908353840961154e-01 5.018913460706710961e-01 4.960203109747333139e-01 5.105706862938237389e-01 4.859343278416308753e-01 5.101036304386843412e-01
4.993572766745524860e-01 4.961441643577538807e-01 5.111707863260618323e-01 4.874238158732301374e-01 5.047663742890470262e-01 5.020956349136940222e-01 4.996510484265856422e-01 4.974893422187313119e-01 4.974560664239430219e-01 5.044454904964054132e-01
5.019373635974837544e-01 5.030954432584759939e-01 4.980240180117719850e-01 4.967239039186721050e-01 5.032344235596875048e-01 5.008787734592056173e-01 4.964774750705206463e-01 5.026856782694317793e-01 5.017355182082114951e-01 4.952074026465469458e-01
5.013084277064393524e-01 4.978133186661137799e-01 5.027035332180790350e-01 5.008813887805783072e-01 5.004196795832095424e-01 4.928558645397784765e-01 5.076388149463643140e-01 4.999150410814444667e-01 4.988385444911391797e-01 4.976253869868546564e-01
4.957591653849371394e-01 5.042104700857252819e-01 4.961008877791129867e-01 5.011780216505145047e-01 4.969960268580461138e-01 5.045662080511694736e-01 4.971111557736932474e-01 5.002766137376173372e-01 4.990658567774043375e-01 5.047355939017876825e-01
4.998244968021553492e-01 5.076016429608518621e-01 4.893031513157222179e-01 5.084811791292005445e-01 4.855657965662387721e-01 5.127325626071550513e-01 5.000185338969929116e-01 4.902320180380682069e-01 5.056484132731473569e-01 5.005922054104758878e-01
4.985456510509201911e-01 4.982125036227004755e-01 4.992816044904748174e-01 5.040905713100893859e-01 5.035543435438363247e-01 4.923887848171053516e-01 4.987484195970474654e-01 5.006135800647775191e-01 5.036759162706883064e-01 5.008886252323578869e-01
4.970601192053303863e-01 4.948203639693659062e-01 5.087409855713567186e-01 5.024374438679394261e-01 4.986951525895668147e-01 4.892053969391961799e-01 5.116502615475564397e-01 5.000803606548680502e-01 4.964496670240919340e-01 5.008602486307313084e-01
5.081092115812455567e-01 5.013908782294376199e-01 4.953334423715207713e-01 5.044623397156200451e-01 4.963118490527482218e-01 5.033105911776351027e-01 4.908966019256076896e-01 5.097906105866365500e-01 5.009957273271907763e-01 4.893987480323512829e-01
5.067847556360693950e-01 4.934415848729539200e-01 5.036377710745715275e-01 5.037438448417114190e-01 4.950277201328385224e-01 4.998934447889474275e-01 4.949205752610135178e-01 5.089526777100639165e-01 4.964842379675684647e-01 4.971133877142617785e-01
4.981975847810345970e-01 4.913266258829470656e-01 5.127508683975435799e-01 4.977866510475434936e-01 4.992333643498473306e-01 4.966553950538347140e-01 5.022220509882006079e-01 5.018825627159748670e-01 4.997221866782237676e-01 5.002227101048479785e-01
4.874580469379684033e-01 5.065935476540797122e-01 4.965868718368469104e-01 5.077959390392201566e-01 4.881125034926002693e-01 5.079915540207092794e-01 5.003380557300238785e-01 4.915176841486473824e-01 5.058798884776146698e-01 5.077259086622838424e-01
4.968992507009197257e-01 5.072396915493724290e-01 4.897418089414430908e-01 5.042534257819184518e-01 5.013764679127787893e-01 5.021124569097782375e-01 4.933329164904273756e-01 5.100227512929575990e-01 4.956601305330465834e-01 4.993610998873602158e-01
5.042706566324330897e-01 4.976793039989716450e-01 5.037598735622981216e-01 4.925629791694460802e-01 5.021371256499929103e-01 4.997898492985572982e-01 5.047160696008503589e-01 4.952380996055845142e-01 4.946865209342987679e-01 5.051595215475707112e-01
4.969357132016676837e-01 4.974589767341703883e-01 5.030946319083100526e-01 4.973919147580969091e-01 4.953668449872759560e-01 5.075850060172375500e-01 5.002936311876653441e-01 4.970480999635781272e-01 4.995682127701226438e-01 5.052569684718686283e-01
4.996621099693486778e-01 4.990325503110948357e-01 5.059044647725996491e-01 4.951224552261972445e-01 4.979628901168127730e-01 5.063597933742838286e-01 4.921594579818743265e-01 5.016750675447384511e-01 5.026676123550655184e-01 4.994535983479800878e-01
5.041849986574438169e-01 4.949282462637318303e-01 5.046653081683816211e-01 4.969746661587097769e-01 5.035907500487647459e-01 4.931206187580885469e-01 5.010569358964191977e-01 4.979269327464598272e-01 5.107043044904090445e-01 4.928472388115965330e-01
4.976558583108997569e-01 5.022300085312519924e-01 5.007676333623831688e-01 4.985225180192863759e-01 5.019757346316456870e-01 4.956809212499576067e-01 5.043212492131405877e-01 4.985093503149113925e-01 5.039096210522246988e-01 4.964271053143071155e-01
4.934783806484835944e-01 4.943988968547539109e-01 5.058634211301296091e-01 5.005369985672556421e-01 4.967392919157377351e-01 4.999739215995004926e-01 5.049397891427602758e-01 4.963687584310055301e-01 4.996198770466097061e-01 5.080806646637736623e-01
4.975908102867847016e-01 4.991585997000235198e-01 5.053680137092870783e-01 5.008688139621371160e-01 4.965478884523920056e-01 4.985120996192348164e-01 4.994401562733950528e-01 5.021120513163024324e-01 4.985497097628692753e-01 5.018518569175730581e-01
4.998633243348428179e-01 5.062419498633942139e-01 4.921947317755376305e-01 5.075880392632410310e-01 4.874621589211651784e-01 5.118293064596868280e-01 4.986039075632057727e-01 5.003454814034801190e-01 4.980194660086083580e-01 4.978516344068368848e-01
5.043558028943506688e-01 4.973848551907590343e-01 4.975882150348314714e-01 5.037048794674241492e-01 4.933197833724435322e-01 5.073722939046731994e-01 5.011240789516313576e-01 4.952237012427558316e-01 5.024887832033045898e-01 4.974376067378330490e-01
5.021348862085834863e-01 4.957658060906808828e-01 5.016177787697266854e-01 5.021686934094177213e-01 5.043158789139028375e-01 4.911981298557246411e-01 5.050553883414377054e-01 4.934730637302008338e-01 5.064795354650580839e-01 4.977908392152789463e-01
4.970842671218579922e-01 5.012704718345568633e-01 4.954331690412656086e-01 5.185862896494048968e-01 4.812266788970511189e-01 5.001275665444138152e-01 5.074499047008502739e-01 4.965573731978032423e-01 5.043428808688400489e-01 4.979213981439590264e-01
5.049237785815186008e-01 4.970787953325261910e-01 4.979593606745230661e-01 5.044019031972910572e-01 4.960378918725951713e-01 4.998876969429526529e-01 5.027270284470732875e-01 4.990269121798488472e-01 4.993135710573248787e-01 4.986430617143434163e-01
4.988302676117147283e-01 5.037816599891310476e-01 4.948346539966672619e-01 5.037370014661914919e-01 4.985323645333011866e-01 4.965709219316027934e-01 5.043044628518201788e-01 4.962047315520123902e-01 5.014140149191725904e-01 5.017899211483769495e-01
4.920659283406059181e-01 4.991759670284655059e-01 4.999589230518441951e-01 5.043053382139131013e-01 4.978795755127366496e-01 4.976372851886644577e-01 5.024768529387313443e-01 4.995322307228415859e-01 4.960264206687373112e-01 5.109414783334540466e-01
4.938962192560720221e-01 4.964688179937168933e-01 5.139414631178298443e-01 4.912851789646236478e-01 4.970437724347600006e-01 5.029167048334842738e-01 5.034259566684455844e-01 4.965321572697517505e-01 5.040405642885218418e-01 5.004491651727962509e-01
4.880416527548988581e-01 5.100578910439717006e-01 5.012984829944682197e-01 4.962285272007262993e-01 4.947509318152896185e-01 5.015996600609543554e-01 5.048751577899786014e-01 4.944005739136740352e-01 5.035898425794609334e-01 5.051572798465819858e-01
4.928286839969012734e-01 5.022743312458779474e-01 4.959705925520824232e-01 5.050950064662140804e-01 4.985490207182674549e-01 4.994681406376378918e-01 5.040781109011072125e-01 4.961782976182651517e-01 4.984004276617249318e-01 5.071573882019208002e-01
4.911259041184932173e-01 5.008862811352343680e-01 5.039725484285282331e-01 5.001939382612617946e-01 4.979587456008101043e-01 4.995448530836935630e-01 5.032017525044970574e-01 4.962572451877892421e-01 4.965221856150551227e-01 5.103365460646362983e-01
5.167432124253511505e-01 4.854460779410276761e-01 4.948362856755715855e-01 5.164586090231313431e-01 4.850887227529155354e-01 5.067157851196478768e-01 5.007039108318503962e-01 5.014576825085113043e-01 5.012622219399353041e-01 4.912874917820689857e-01
4.982571726773409870e-01 4.978994771425615529e-01 5.012653705357559275e-01 4.992887782621194814e-01 5.006813069222145751e-01 5.077993036218142464e-01 4.866755704285590234e-01 5.038359347146255107e-01 5.100133988325012968e-01 4.942836868625072322e-01
5.042748029899795092e-01 4.968260009088845131e-01 4.960381932215427447e-01 5.078132164209062660e-01 4.978866809020285333e-01 4.950932763211694509e-01 5.077835804973425127e-01 4.945835713806226996e-01 5.009355987058330406e-01 4.987650786516806267e-01
4.952278763038979736e-01 4.982976334012975683e-01 5.033630939702860019e-01 5.044262636993882554e-01 4.933936729981606151e-01 5.024471867958046900e-01 4.990177150026906538e-01 5.034296440354820712e-01 4.960412475346192007e-01 5.043556662583643657e-01
5.045943462900623899e-01 4.988329865597307400e-01 5.032921979847835292e-01 4.865578783778950478e-01 5.130742707334942088e-01 4.920547376118538097e-01 5.052681849358657828e-01 5.005049894563560198e-01 4.966714063547890690e-01 4.991490016951697362e-01
4.958307776946425660e-01 5.003657412718519604e-01 5.012350699910544938e-01 4.930116060823362956e-01 5.134771179697132926e-01 4.988506488094183733e-01 4.971457855062529352e-01 4.978817367466925603e-01 5.006390506759615944e-01 5.015624652520827009e-01
5.029155472428400442e-01 4.825503149876718689e-01 5.169272268370450618e-01 4.916748623297479970e-01 5.071798501361775013e-01 4.973244411149282396e-01 4.946776988166644573e-01 5.019345471814151693e-01 5.023654183961385744e-01 5.024500929573767483e-01
4.976999416184159086e-01 5.109891915518647298e-01 4.881366880776202288e-01 5.069869106163127359e-01 4.917943134008879724e-01 5.071194639409623006e-01 4.961532293537573302e-01 5.008779118564115063e-01 4.986202292996734231e-01 5.016221202840909221e-01
4.910513845771191654e-01 5.051230575655365485e-01 4.991725136085676251e-01 4.979388109357932857e-01 4.999330556700666839e-01 4.993519492294006823e-01 5.069642459641102716e-01 4.936966508808678378e-01 5.044934023524205724e-01 5.022749292161206025e-01
4.977648739755757834e-01 4.969966211484923568e-01 5.016618327705232305e-01 5.024489839508986533e-01 4.980645611476943180e-01 5.015391237092332588e-01 4.932625718511965962e-01 5.085550184852606348e-01 4.941182363450665194e-01 5.055881766160658097e-01
4.946267512924282794e-01 5.033766109801540711e-01 5.062659183998950985e-01 4.963449155217297681e-01 4.980416974787675866e-01 4.971062654297802030e-01 5.064231587722722860e-01 4.993890012923583588e-01 4.956602315680030402e-01 5.027654492646111972e-01
4.992108626187943821e-01 5.001553640039968496e-01 5.005203431308357098e-01 4.974322791820393608e-01 4.962205830408548124e-01 5.013903708520700553e-01 5.096090047778822907e-01 4.889504139296880769e-01 5.072046505965286389e-01 4.993061278673074366e-01
5.119488278050601249e-01 4.891807227549868076e-01 5.065111364191613452e-01 5.024730424764258796e-01 4.960964573210447925e-01 4.947355351491348197e-01 5.056051648520057951e-01 5.063419571830508614e-01 4.952234965611731488e-01 4.918836594779626981e-01
4.963644163106186169e-01 4.971346361677370096e-01 5.093306254070346650e-01 4.869141595465026340e-01 5.117346032642322573e-01 4.911259581727944745e-01 5.033134591244816658e-01 5.020149983285917550e-01 4.976347524514820875e-01 5.044323912265287202e-01
5.022664900975845059e-01 4.965849757519665841e-01 4.996115034581606884e-01 4.998988337759676659e-01 5.026364676826012845e-01 5.014055660605728493e-01 4.883455361475748102e-01 5.137578585258200103e-01 4.938578072896165350e-01 5.016349612101398403e-01
4.870972270208391297e-01 5.149630419618596022e-01 4.939978845256096096e-01 4.965191691702551813e-01 5.072471920557508618e-01 4.956893848320463869e-01 5.017139238645873522e-01 4.993909862042165693e-01 4.960515437790192217e-01 5.073296465858260218e-01
5.038720869660162638e-01 5.033439549832438020e-01 4.905539065452548808e-01 4.989596025005647029e-01 5.099114465671410468e-01 4.911220692157619028e-01 5.026242832926934856e-01 5.017324465944925649e-01 5.003002201983937081e-01 4.975799831364412507e-01
4.929254466980757532e-01 5.099417149003815375e-01 4.975338404987775798e-01 4.947349346038718565e-01 5.058451093176468127e-01 4.946809541302357172e-01 5.000719953702165155e-01 5.074919089770887348e-01 4.905440691664048058e-01 5.062300263373196163e-01
5.008950548894692822e-01 4.977060955309696721e-01 5.003338963699817121e-01 5.019995907727725637e-01 4.936881947782491009e-01 5.005687069900375263e-01 5.052350516243337974e-01 4.979381479137138800e-01 4.992618309734562776e-01 5.023734301570208505e-01
5.059730365970982469e-01 5.025498383558811843e-01 4.886821769727131559e-01 5.092192043587731032e-01 5.046687723921969848e-01 4.974720236215429137e-01 4.954951441372225096e-01 5.005134561094721768e-01 4.997378713306379616e-01 4.956884761244655380e-01
4.966435677652088487e-01 5.028310963209233764e-01 4.976029747805106318e-01 5.034514715216611425e-01 5.010835759123457578e-01 4.976341558757323424e-01 5.002615901397136078e-01 4.985897244124157801e-01 5.086362517264066962e-01 4.932655915450783746e-01
5.074528316293933639e-01 4.900301942118893139e-01 5.093249180349395111e-01 4.921078966555237910e-01 4.936632348136951176e-01 5.140147488656621189e-01 4.956644870016632676e-01 5.051299183883503074e-01 4.925656102081739096e-01 5.000461601907079112e-01
5.009530179356264101e-01 4.981639773448185982e-01 5.035751570605510041e-01 4.948353939557511572e-01 5.047203768511518973e-01 5.034914465496049818e-01 4.908370974882498294e-01 5.012206830506524824e-01 5.090989931626183074e-01 4.931038566009722235e-01
4.976558916219347983e-01 5.072964595314737313e-01 4.977637353247023055e-01 4.948180842062960272e-01 5.097805039431712038e-01 4.900693605654490304e-01 5.100633618614782705e-01 4.958250343720261299e-01 5.007647930158589666e-01 4.959627755576207497e-01
5.006386110318231664e-01 4.959966411288111998e-01 5.020115828758242582e-01 4.999327757446514475e-01 5.003889438525104261e-01 5.013247192346705905e-01 4.967308779744896707e-01 5.002318974249543304e-01 5.011424686254695171e-01 5.016014821068102147e-01
5.123391190430657272e-01 4.986529982797384686e-01 4.898207706366112246e-01 5.148931047307641062e-01 4.907813231427183842e-01 5.018539357401374801e-01 5.038312042788912759e-01 5.047476205235699176e-01 4.865999014743319639e-01 4.964800221501594613e-01
4.955039464648901548e-01 4.931972816952761018e-01 5.150013157621268212e-01 4.959304594165015456e-01 4.885383409952128164e-01 5.135083663517608921e-01 4.949522911668512992e-01 4.991813617433230044e-01 4.917803081944260302e-01 5.124063282096373850e-01
4.872736586276764092e-01 5.027573502876629963e-01 4.987636246410061536e-01 5.024772524894229875e-01 5.023922116700154650e-01 4.926012402912168797e-01 4.998772918741680726e-01 5.069254041585475878e-01 4.950332362957098331e-01 5.118987296645715057e-01
4.990460981603290769e-01 4.940255345311250768e-01 5.068860840903617326e-01 5.014714529540310606e-01 4.982378538791601419e-01 4.982993490438385464e-01 4.950226835120195568e-01 5.050425680259578165e-01 5.050005358503351083e-01 4.969678399528409951e-01
4.949441856459090849e-01 5.068846189441370553e-01 4.984866661553787881e-01 5.027539115032907402e-01 4.971060038177873008e-01 5.026007552090894226e-01 4.984389372161323051e-01 5.008443582301727037e-01 4.962328263309587206e-01 5.017077369471475423e-01
5.023072952561342674e-01 4.962855131730545821e-01 5.028350161612678004e-01 5.006593816303591682e-01 4.947992944187746822e-01 5.104984265606646865e-01 4.931178874559394298e-01 4.938224990463649933e-01 5.105880632342678638e-01 4.950866230631820741e-01
5.001534178393828300e-01 5.004223297455288044e-01 4.974959581758299221e-01 5.090246426744854391e-01 4.950461992397940936e-01 4.947755816096892634e-01 5.012886744313513887e-01 5.018091533599069454e-01 5.029152230137585722e-01 4.970688199102680782e-01
4.971499673018912047e-01 5.063294797845139250e-01 4.940070222571306124e-01 5.053394468268832540e-01 4.957112556561270034e-01 4.999243353325296679e-01 5.067365718005841790e-01 5.020766664353268904e-01 4.921569356119765426e-01 5.005683189930421051e-01
4.935081838314804847e-01 5.011665933821389807e-01 4.967298492643202890e-01 5.084053229449359002e-01 4.906622206810316023e-01 5.099121206110641680e-01 4.966349943777408349e-01 4.949892132787749865e-01 4.985200313525075533e-01 5.094714702760110292e-01
4.915287624620919837e-01 5.078185559915726621e-01 4.930822469867741087e-01 4.998100695098530721e-01 5.015326430943163327e-01 4.999623997343904391e-01 5.012928128672280437e-01 4.983460797302410872e-01 4.985529928819195655e-01 5.080734367416253061e-01
5.146738080400525828e-01 4.892682433539143894e-01 4.979469668432236484e-01 5.009762216678013136e-01 4.922031451333139795e-01 5.128311169505670453e-01 5.003228333993504640e-01 4.928850503305694519e-01 5.033622830024484518e-01 4.955303312787575076e-01
4.956003047461012834e-01 5.008682072705347155e-01 5.025009597643463888e-01 4.976341887416760867e-01 5.016784848381459216e-01 4.998413396728980662e-01 4.993997110159997255e-01 5.025606951395987787e-01 5.024885736640996026e-01 4.974275351465997641e-01
5.081882690803543046e-01 4.998510076176740924e-01 4.943734564559042477e-01 4.946474820572788755e-01 5.128945199387964227e-01 4.995471803310558845e-01 4.981115879346117992e-01 4.932643133956222670e-01 5.139186251380111203e-01 4.852035580506927070e-01
5.065378380241253309e-01 4.931036336888873217e-01 5.023572964323401724e-01 4.983125387321391542e-01 5.004532142931987782e-01 5.016128385694433867e-01 5.025593057162791588e-01 4.942034665469698385e-01 5.047082355598309089e-01 4.961516324368034914e-01
5.057634493245990459e-01 4.925589688115936116e-01 5.086942388534335668e-01 4.896435187805481259e-01 4.978934742112450795e-01 5.111129238306617584e-01 4.966345275959386241e-01 4.997895068459924928e-01 4.977046675634047568e-01 5.002047241825954282e-01
4.929130422109327947e-01 5.031132575308467914e-01 4.962872745496557103e-01 5.019558454561670047e-01 5.008563823499925238e-01 4.995854116410292645e-01 5.008227160329576932e-01 5.006213695638874750e-01 4.970902600073361932e-01 5.067544406571979909e-01
4.991721903671730853e-01 4.970868113080067485e-01 4.960925537413189979e-01 5.003946580380457254e-01 5.100637015473348246e-01 4.947547834682708423e-01 4.998251200873181088e-01 4.962563570054698836e-01 5.042046428589445073e-01 5.021491815781232715e-01
4.940580503499716336e-01 5.049316431651191817e-01 5.009666336457564428e-01 4.998206594519005730e-01 5.000869298315915312e-01 5.004517379875144112e-01 4.955966324149533864e-01 5.022381106605400269e-01 5.023025511359826556e-01 4.995470513566838688e-01
5.043654803849042523e-01 5.031709976843667942e-01 4.948169861628876065e-01 5.067871174169849002e-01 4.976857876340404774e-01 4.977226302723432028e-01 5.025202327641842270e-01 4.988678578925298535e-01 5.033200796945123123e-01 4.907428300932415999e-01
4.919502715740697862e-01 5.074263936751903792e-01 4.974697659685519691e-01 5.036186566631399852e-01 4.931835471775983248e-01 5.009914633219920699e-01 5.068294559033644786e-01 4.917358843528161216e-01 5.052783887266432128e-01 5.015161726366207384e-01
5.012529397900409300e-01 4.960684072115537635e-01 5.007405808095790611e-01 5.043406383332840193e-01 4.943484966776678369e-01 5.020855566224569078e-01 4.971099217247907376e-01 5.020265794170232221e-01 5.043861354849439316e-01 4.976407439286495427e-01
4.973373687932451936e-01 4.950653042780476243e-01 5.029503843257426832e-01 5.073608342545827821e-01 4.944219328218112386e-01 4.983774117122978242e-01 5.052191270405322898e-01 4.983294148876049601e-01 5.019134879880506883e-01 4.990247338980727254e-01
4.980386834664777274e-01 4.941178665604003539e-01 5.056378821993485762e-01 4.930445474241477166e-01 5.060779563698611927e-01 5.030575894742463916e-01 4.969444114173920402e-01 4.943687865846653762e-01 5.022766099741463597e-01 5.064356665293142656e-01
4.946966892394816240e-01 5.046062140697153975e-01 5.013566014222909928e-01 5.028580014313963620e-01 4.915763272163029551e-01 5.055229996798806802e-01 4.965926631719757567e-01 4.994762468030878311e-01 5.064714259049071243e-01 4.968428310609566134e-01
4.995414454126795301e-01 5.000326336180300757e-01 5.058150794508946557e-01 4.911504227074692253e-01 5.036352829997394753e-01 4.980946065180142934e-01 5.011546637669060944e-01 4.985932854066750797e-01 5.057284640812542698e-01 4.962541160383449057e-01
4.945956272345078952e-01 5.036627342240049821e-01 4.911894432109613629e-01 5.155061962897805605e-01 4.890668245876044207e-01 5.015073357445227753e-01 5.009788122982479219e-01 4.994698405855566015e-01 5.031209237365144027e-01 5.009022620882939147e-01
4.975676115289995316e-01 5.043912307092830449e-01 4.975562337667502888e-01 4.978016439348336153e-01 5.052165702432822592e-01 4.995230515485583056e-01 4.977526737577074867e-01 4.950970714012238316e-01 5.098668459592179403e-01 4.952270671501515231e-01
5.024578205508112294e-01 5.002615576755241600e-01 5.037436138876647540e-01 4.919006435867957494e-01 5.047619726747392122e-01 5.061145538271514255e-01 4.882450810375127404e-01 5.070217599006378029e-01 4.996475048801516383e-01 4.958454919790099558e-01
5.028922827310351451e-01 4.958978816441629300e-01 5.037551602443344212e-01 4.969225931229699356e-01 5.011295009857663629e-01 4.982838288937904148e-01 5.010120720707516018e-01 5.021533751079907404e-01 4.981797006583270071e-01 4.997736045408683880e-01
5.018363837605426259e-01 4.972691109274431365e-01 5.022336231316688604e-01 5.019879989121978081e-01 4.999259554602444311e-01 4.974450395415974668e-01 5.024381719627780685e-01 5.002745549354867816e-01 4.992495304180066817e-01 4.973396309500299761e-01
4.991150687506239469e-01 4.961730988738902726e-01 4.944877036701389450e-01 5.097358417907416062e-01 4.999586340835459053e-01 5.004991862504615252e-01 4.922036518067421929e-01 5.019825810065519089e-01 5.059919513864052920e-01 4.998522823809048443e-01
