-8.950452843630799293e+00
-9.411202873206333308e+00
-9.175723912559670126e+00
-9.171121339180736243e+00
-9.305246852907139044e+00
-9.304643232588125201e+00
-9.022205645189572465e+00
-9.080391716353382492e+00
-8.953755304653077118e+00
-9.273228929930480646e+00
-9.232516272089339893e+00
-9.387323331874608101e+00
-9.124215050891478995e+00
-9.170506474161820520e+00
-9.236532812547851634e+00
-9.380047988357281596e+00
-9.166034986022474129e+00
-9.144214814871491015e+00
-9.185349966299074964e+00
-9.216634867778960682e+00
-9.158142851000585338e+00
-9.431873275516547750e+00
-9.126122791397669687e+00
-9.628110106303310545e+00
-9.570017721860432758e+00
-9.029156606482031222e+00
-9.439325135894636176e+00
-9.151611941538829953e+00
-9.176797928317650843e+00
-9.475837859751440106e+00
-9.322368576193628797e+00
-9.203363360874380561e+00
-8.955550963433795530e+00
-9.268124732248116615e+00
-9.140563179829232610e+00
-9.250113502721699632e+00
-9.262956478676837691e+00
-8.933670541614127103e+00
-9.227450203935445572e+00
-9.211820215518262245e+00
-8.983405002753489299e+00
-9.357311387934279523e+00
-9.399054783820007586e+00
-9.222648169483502301e+00
-9.080148498630670417e+00
-8.962776638830085574e+00
-9.330170360414495434e+00
-9.077758036793079910e+00
-9.185960080277768114e+00
-9.361553501045028369e+00
-9.055269439416987254e+00
-9.046146735496716218e+00
-9.288788935047705309e+00
-8.926480744550410407e+00
-9.256981322542738866e+00
-9.436266213167547434e+00
-9.236155744235389875e+00
-9.122159018539926834e+00
-9.082100147929804024e+00
-9.396849538244520517e+00
-9.500978488276604850e+00
-9.189199938819577085e+00
-9.214485324321104898e+00
-9.690124910421010540e+00
-8.882301606255706972e+00
-9.277776386750090865e+00
-9.306876066795433999e+00
-9.336989114352892472e+00
-9.137059946243798692e+00
-9.225271616514579165e+00
-9.107999938939387974e+00
-9.321891232917879577e+00
-9.291214169860877448e+00
-9.221369198884415752e+00
-9.458876416987601843e+00
-9.095616244361991676e+00
-9.217061007074642376e+00
-8.827323232879733084e+00
-9.286599229753084828e+00
-9.379092076930156452e+00
-9.322439266178440320e+00
-9.159035396172580334e+00
-9.011311702096694631e+00
-9.239637818983858608e+00
-9.454718209693030673e+00
-9.293587002843976208e+00
-8.930297599265616171e+00
-9.446515243411084839e+00
-9.150024509786364391e+00
-9.266460952131660989e+00
-9.303615058956673067e+00
-9.174502141856331505e+00
-8.967049623974359562e+00
-9.634518531986326906e+00
-8.847347853000188778e+00
-9.169889290396239900e+00
-9.600360589457762828e+00
-9.618510764308261685e+00
-8.950217665673354972e+00
-9.081312334630457173e+00
