2.018312054959379639e-02 2.495645161502619419e-02 1.895589041305938138e-02 1.665455915611141480e-02 1.678941799512899402e-02 1.611427968634361260e-02 1.977332489766463891e-02 2.084579621093046384e-02 2.049566338369150989e-02 2.039396831916172326e-02 1.523816028760015609e-02 1.596182841175129360e-02
2.278836091750257101e-02 1.809188494227979838e-02 1.735809021338206859e-02 2.139192062352494178e-02 1.624705879613237702e-02 1.822400195179810570e-02 2.056323580939021720e-02 1.972530286882750311e-02 1.980870046180308389e-02 1.565862522041364460e-02 1.613849976951816159e-02 1.988798307439054031e-02
2.054386212069805179e-02 1.961675642933456698e-02 2.103784365499090925e-02 1.940088456337926703e-02 2.063117075663233047e-02 1.812992296731109551e-02 1.653015665537726706e-02 1.897963448739361028e-02 1.928044268659431792e-02 1.806226237175180549e-02 1.617263887016551216e-02 1.712429502254002311e-02
1.734542709110106773e-02 1.742347218106819057e-02 2.207245622044654715e-02 2.636084504931885536e-02 2.070031277529622848e-02 1.234648943010220601e-02 1.757756007590162775e-02 2.169957631169998694e-02 1.828229715498654040e-02 1.783646112684538279e-02 1.758164128601436352e-02 1.786506521512084417e-02
2.134708641852481326e-02 1.961382396338169284e-02 1.645401162290931890e-02 1.984318443712506860e-02 1.896655250467694023e-02 1.929262763683766216e-02 1.718938035649881374e-02 1.701626530621175304e-02 1.909913926425195821e-02 1.644654840814489122e-02 1.929687170162925139e-02 2.088306143660889624e-02
1.837242797859516691e-02 1.762762529429003772e-02 2.128800933966675663e-02 2.686832245926899093e-02 2.079010779664964420e-02 1.724635061253308038e-02 1.796968521204706307e-02 1.744880035887321629e-02 1.295290332350032027e-02 1.612130979684172141e-02 2.085505137899367964e-02 1.946760474337025371e-02
1.927391329785112239e-02 1.722987103598581926e-02 1.720108047448353286e-02 1.913768799132703480e-02 2.067946251798798152e-02 1.599708983489502717e-02 1.609765850189131403e-02 2.001081476466443423e-02 2.082626049402908075e-02 1.753557381043148455e-02 1.927743642368906149e-02 2.260383437073786375e-02
1.729082815859326466e-02 1.786677369600451690e-02 1.674848986558804403e-02 2.620948703127071178e-02 1.799302920665742447e-02 2.014249958896732404e-02 2.306774207673214019e-02 1.733106064694650908e-02 1.391894558769753154e-02 2.075901961341670640e-02 1.844694657622305070e-02 1.618778657088376996e-02
1.901747509273087056e-02 2.155724765520216496e-02 2.013228729532653277e-02 1.546510247452493984e-02 1.909720400988176164e-02 1.984672937252371025e-02 1.877245567382760869e-02 1.731358504194106113e-02 1.529071920142098875e-02 1.588460519790826572e-02 2.097122134666704399e-02 2.278431722519070474e-02
1.770203093589002921e-02 2.254081192818607401e-02 2.145249477356217863e-02 1.955728516895734875e-02 2.170174987711976505e-02 2.057772011462993128e-02 1.703218784104036654e-02 1.628501581312362737e-02 1.804434044940586221e-02 2.004992597577664321e-02 1.591986554984881064e-02 1.529014903336457960e-02
2.463934249006267951e-02 1.943149168801259000e-02 1.626169935990035356e-02 1.869287715137971789e-02 1.775381687014843807e-02 1.704297143314375054e-02 1.361961270881032957e-02 1.847600419540387090e-02 2.162742509653879305e-02 1.902689867364486948e-02 1.925587864215408396e-02 2.041806721281798701e-02
1.929319357373743965e-02 2.076816050882006673e-02 1.618981542179813091e-02 1.687466336761565128e-02 1.878924126922089377e-02 2.112371869819421738e-02 1.652704176689587939e-02 2.145499771894267618e-02 1.936184319493983175e-02 1.884220577726513496e-02 2.090431056246499705e-02 1.539557766450265139e-02
2.077934903276408563e-02 2.100942189630182477e-02 1.871641567908511467e-02 1.686307794924501308e-02 1.801889173711600581e-02 2.105862321440875665e-02 1.954289876827346867e-02 1.887541398371584550e-02 1.677635252221407192e-02 1.653749047969366170e-02 1.864285400747028865e-02 1.874575312442091149e-02
1.667012101743343619e-02 1.864644723116254052e-02 1.852770589616302074e-02 1.646284286164430635e-02 1.766367386876552259e-02 1.857912139338717059e-02 2.078922653598479567e-02 2.041973356588420302e-02 1.801096059508058150e-02 1.731214177972689033e-02 2.244376507076149829e-02 2.013342326065087340e-02
1.785064168387573771e-02 1.631977667358361708e-02 1.862260239016058985e-02 2.023264046993367149e-02 1.744318516497016941e-02 1.728624403382037281e-02 1.817083201406180168e-02 2.033819948788917475e-02 1.848604651565691898e-02 1.855645446030799312e-02 2.037194334779707239e-02 2.184407507267014173e-02
2.188250851375121708e-02 2.252203082777694265e-02 1.619075150530263629e-02 1.679283793764829030e-02 1.554835685408853876e-02 2.254150538803896542e-02 1.884608646077570032e-02 1.512797025126068687e-02 2.124275118947428764e-02 2.226842930508320453e-02 1.709243458048481656e-02 1.633022125534502184e-02
1.869800491906945666e-02 2.135503911215740069e-02 1.969552171648705427e-02 1.444558509852977499e-02 1.513967964897021228e-02 1.906387911205170010e-02 2.236170142085499093e-02 1.971307265171315035e-02 1.464301353361451181e-02 1.656886962753036791e-02 2.370755137737191875e-02 2.153265310125046864e-02
1.659230730467226023e-02 1.556457647600535156e-02 2.288942901766408480e-02 1.986750605502899183e-02 1.504968562558132127e-02 1.635961231453804746e-02 2.319058564506079612e-02 2.152540773544469460e-02 1.791502119846453273e-02 1.948447070346066498e-02 1.871544707113198536e-02 1.921249642363252394e-02
1.738030646917734789e-02 2.240252623524454159e-02 1.995905375401988910e-02 1.645114869775812089e-02 2.024667790920072971e-02 1.833710820837605379e-02 2.071890748241891206e-02 2.008052262349363515e-02 1.599677556791841149e-02 1.575819842964629874e-02 1.748376409942055051e-02 2.088000750804680852e-02
1.840622925356831183e-02 1.829033595272642337e-02 1.556259446350825859e-02 1.635181309301423150e-02 2.431715170963116845e-02 2.092039402027805195e-02 1.758581320311545029e-02 1.742327648974001386e-02 2.038320905776366820e-02 2.080994061095958053e-02 1.844082895965751950e-02 1.755497090864112722e-02
1.572539108075867234e-02 1.932373431146212905e-02 1.957311894815443737e-02 1.916220639727065841e-02 1.567089695909351654e-02 2.018600498060733189e-02 1.867224116335222325e-02 1.594900244321208541e-02 2.144365456214035459e-02 2.241964332487060216e-02 1.863138197095156462e-02 1.873414909983258866e-02
1.420835043485292777e-02 1.973783857104825096e-02 2.138593703007098112e-02 1.954188064605630326e-02 1.861306294009802687e-02 2.301168926141271970e-02 1.797976820074215915e-02 1.682674821697736564e-02 2.174532071031381672e-02 2.063830316101858409e-02 1.863116169030511887e-02 1.416171941321123402e-02
1.963344325564474885e-02 1.949617727298137704e-02 2.018003715868639872e-02 1.649663409805082054e-02 1.758618186095869257e-02 2.251884299820261504e-02 1.803480751690966430e-02 1.656346125732474292e-02 1.809125326623205535e-02 1.680158129214703172e-02 1.793072740065297307e-02 2.251788323228489860e-02
1.876097811619692468e-02 1.671678383069280863e-02 1.733714447750329263e-02 1.915533116974041036e-02 2.019839056997205923e-02 2.094684887892567238e-02 2.168606980599428746e-02 1.756629193967632063e-02 1.797833443547749294e-02 1.968282437386503769e-02 1.661686140310845994e-02 1.890287089653609059e-02
2.062347462242284865e-02 2.161698202610439629e-02 1.957634920464174783e-02 1.698274206329575264e-02 1.853602990172138060e-02 1.776342653482944345e-02 1.679940986444459008e-02 1.444313252084960218e-02 1.661817770692269186e-02 2.064118911308345655e-02 2.390332860248539290e-02 1.848860255398331043e-02
1.753576975768962945e-02 1.998718714001710556e-02 1.973067429278829027e-02 1.908580883099830067e-02 1.944777860655369853e-02 1.883736569815840783e-02 2.114819219720129664e-02 2.079127873410411068e-02 2.081563519449573796e-02 1.760067229070449990e-02 1.537999690621691395e-02 1.542965354289659724e-02
1.881133778125277517e-02 1.755921498308699036e-02 1.656093825243321396e-02 1.882544067643817862e-02 2.051477955301411749e-02 1.775925623058418126e-02 1.865786071480909220e-02 2.037612787799258571e-02 1.756743592821493477e-02 1.851829143808807199e-02 2.106013691017472739e-02 1.924856352883798360e-02
1.756271807591435613e-02 1.560583426485647254e-02 1.759632825988600296e-02 1.920069749507345713e-02 1.873499427776141243e-02 1.886685036627008816e-02 1.962674280454190442e-02 2.068355038434615406e-02 1.763278732920947611e-02 1.875502088792859248e-02 1.754024122858491991e-02 2.349133988461853811e-02
2.008853013967420997e-02 1.951011586272335258e-02 1.693918495388478662e-02 1.714424414552278078e-02 1.977263663342328226e-02 1.769265457350785789e-02 1.713551281499115300e-02 1.847257212200743848e-02 1.821188768904309987e-02 2.279041074803926301e-02 2.043271597689592586e-02 1.743328654116355417e-02
1.745355295246163105e-02 1.734354958897514620e-02 1.924010740217143786e-02 1.816387357430595054e-02 2.001396909298539667e-02 2.208566873563207883e-02 2.010004294734052746e-02 1.581838850463023610e-02 1.738251530507046311e-02 1.747477268747615539e-02 2.094182451263113323e-02 1.946140030098426205e-02
1.603025589470568127e-02 1.723155949595050335e-02 2.007158321329352915e-02 2.317361568360621488e-02 1.342327838730601394e-02 1.654494640950564949e-02 2.278659494909203095e-02 2.032641125875312219e-02 1.944676131968986130e-02 1.806271495644199560e-02 2.102341225488486148e-02 1.820768531588739039e-02
1.888678123955657776e-02 1.992247508301486086e-02 1.756372825691665529e-02 1.866656867362768285e-02 2.067227218911142639e-02 1.935260817782893938e-02 1.867840388613805150e-02 1.899976655178901505e-02 1.941735836435858759e-02 1.914683033930376921e-02 1.639494796216036873e-02 1.761922761288792216e-02
1.714462379606094058e-02 1.718810100005391250e-02 1.901625336955336740e-02 1.795918632969913803e-02 2.021199732945108685e-02 2.079278692801399611e-02 1.698968008151358414e-02 1.750841773934286652e-02 2.003867144723082971e-02 2.167615400694655053e-02 1.906928214943510655e-02 1.795392777364283182e-02
1.836083347348556327e-02 1.807160498600894963e-02 1.937106107536852584e-02 2.165957236621731535e-02 1.490390375974135970e-02 1.712648952660674601e-02 2.329242602790851727e-02 1.636918162415175806e-02 1.582902036197814805e-02 2.040194759314630304e-02 2.191610772359692608e-02 1.897381929861131217e-02
2.149886308204732033e-02 1.720787759988968990e-02 1.597429534110763813e-02 2.297370670384706742e-02 2.022052536329506378e-02 1.454438197940838978e-02 1.399512708388712598e-02 1.859742656124625110e-02 2.089095555279276220e-02 1.791687841971271317e-02 2.050174205888253415e-02 2.244608259054758220e-02
1.629578706331472407e-02 1.723538321758340264e-02 1.805835487825486335e-02 2.086000909706915360e-02 1.987376648862659509e-02 2.004198374103298777e-02 2.079693165395387830e-02 1.770667558026370325e-02 1.840195201696242372e-02 2.018467193732708179e-02 1.743091802949109717e-02 1.846770829427394484e-02
2.349685616256503434e-02 1.933857796987152253e-02 1.781581468949597347e-02 1.964489605996205812e-02 1.982799930153902879e-02 1.614493625346814093e-02 1.738253713645028509e-02 2.458646238640595574e-02 2.156741404415256011e-02 1.160908688246898267e-02 1.359222756757876190e-02 2.314268214171160548e-02
1.563305127202348904e-02 2.057055026480065357e-02 2.228023235346429307e-02 2.119522968640255578e-02 1.890033690478711351e-02 1.599922132612341397e-02 1.599790524814997950e-02 1.648651155401683124e-02 1.792314863024981053e-02 1.884932272409663156e-02 2.122704298379858232e-02 2.094707561539453644e-02
1.365989342785276298e-02 1.983199098668511282e-02 2.292685036688451097e-02 1.704694304509066227e-02 1.892955490922415204e-02 1.775302336810533760e-02 1.859531302071864775e-02 2.231339883639841398e-02 1.857599638257791813e-02 1.800049324733615091e-02 2.178447169599996222e-02 1.688942524023229544e-02
1.955892437762463826e-02 1.843504456250116830e-02 1.584306869319009742e-02 1.742035017011805270e-02 2.177658591175692104e-02 2.109337096486187113e-02 1.688678260878464371e-02 1.860231277463602825e-02 1.993168581167316725e-02 1.980411946852789554e-02 1.745493768726848888e-02 1.880369475527144535e-02
2.172301207320202071e-02 1.991079915914891960e-02 1.708078451798662745e-02 1.494224911128184778e-02 2.098630057526817971e-02 1.864813463952378139e-02 2.051785051444719385e-02 1.981426120063652443e-02 1.827306722596879623e-02 1.860244610711466948e-02 1.641521536163748768e-02 1.858503763180928414e-02
1.717069179614524183e-02 1.908577496771884582e-02 2.726551414799880529e-02 2.173952585295732889e-02 1.625597499505633189e-02 1.572361884125564324e-02 1.696778019502188234e-02 1.791665734176675975e-02 1.715601476314391333e-02 1.477305263845352795e-02 2.316041013726317932e-02 1.938557037637020017e-02
2.213802780070164150e-02 1.712274344437450177e-02 1.567843064043176332e-02 1.961355015692668735e-02 2.222386630840722868e-02 2.070906561354227127e-02 1.983454974366712087e-02 2.159071546804056455e-02 1.602441002853117330e-02 1.656466901054222396e-02 1.509387709952081380e-02 1.943840707678122504e-02
1.651179703573114887e-02 1.812767102809235281e-02 1.952241563698113927e-02 1.916177627983878945e-02 1.538462688377996435e-02 1.842532942947010949e-02 1.853519982495911711e-02 1.742752166946710812e-02 1.853664529053519749e-02 2.131760845053427139e-02 2.408325234509905641e-02 1.883724071050635329e-02
2.278767011116233573e-02 2.031952131753284735e-02 1.698609073911825501e-02 1.644972954662965448e-02 1.913344474457309360e-02 1.971355605208416351e-02 1.768480539078383026e-02 1.689768548780213112e-02 1.697623069244992566e-02 2.067249506439836765e-02 1.797091408246252742e-02 2.009839518309919013e-02
1.670516241030216981e-02 2.156997212143703380e-02 2.362632550488324296e-02 1.799200867603826387e-02 1.596947755499669719e-02 1.792477340764841651e-02 2.169837651985766572e-02 1.826218888120845207e-02 1.566632520924426605e-02 1.822149071921527752e-02 2.016994328441963982e-02 1.837527507502180815e-02
1.657543515154387068e-02 1.423180837777220445e-02 1.530416437169650028e-02 2.082272436056837456e-02 2.273388169209388313e-02 1.696956621601524232e-02 2.043184322935916175e-02 2.110298338899364856e-02 2.065189598623767830e-02 1.598550705271730571e-02 2.036077728075259136e-02 2.105387613707334141e-02
1.636842897524959026e-02 1.765845781474380607e-02 2.375673803559093938e-02 2.421661147874658304e-02 1.719510465319356099e-02 1.538490432371111480e-02 1.725560269651739073e-02 1.925628686156622554e-02 2.013659385388063064e-02 1.612714165561705826e-02 2.098834638297475408e-02 1.781414293317398062e-02
2.168447468164421896e-02 1.979195759831805027e-02 1.910626910610438434e-02 2.094233860519393448e-02 1.916612865186250597e-02 1.594080006723534032e-02 1.645770559738911690e-02 1.843852213909534868e-02 1.974453174231760935e-02 1.685487323598528278e-02 1.520265862751656906e-02 2.265379211355157685e-02
1.742523271012491604e-02 1.658119806331433480e-02 1.692793083930790865e-02 2.423832390980092122e-02 1.871109577298927379e-02 1.780351191430855698e-02 2.163449901024886574e-02 1.892277369790693747e-02 1.841172903785884274e-02 1.715220589746594207e-02 1.756394882421761713e-02 2.032644877203326414e-02
2.193986912013571461e-02 1.724531191380778566e-02 1.327588047189415948e-02 1.707765777867139428e-02 2.129441584812333255e-02 1.633752400651518333e-02 1.839877381638539700e-02 2.090790666567747189e-02 2.015058814545734461e-02 1.775779388026585762e-02 1.809136841081574257e-02 2.411523852428056058e-02
1.844688102214001729e-02 1.741401817574707647e-02 1.916447175068691083e-02 1.720721589043289201e-02 1.949758859636323977e-02 2.114962262546773303e-02 1.692707733053378655e-02 2.033259860099887947e-02 2.063017159250814594e-02 1.818396949619328906e-02 1.797608164479795601e-02 1.844902867528488283e-02
1.401681322132656941e-02 1.845767370914602051e-02 2.212912577431129513e-02 1.909085620614987822e-02 1.868424587298082862e-02 2.086290579216420679e-02 2.086797529927029993e-02 1.743300195169525738e-02 1.506689345119068511e-02 2.244166332386864082e-02 2.219064038190438418e-02 1.544874677479024863e-02
1.518288070135246498e-02 1.529736157295528975e-02 1.639213620157778384e-02 1.640478883865605780e-02 1.709017330515930772e-02 1.946898789777196104e-02 2.036494492673754375e-02 2.277123101110832548e-02 2.175204586031501131e-02 1.985687571161055126e-02 2.125813291882165668e-02 2.047148428883096422e-02
2.155057945874946576e-02 1.667124880767273387e-02 1.839881258132789604e-02 1.661238415258614598e-02 1.889875674007045897e-02 1.494004401805782561e-02 1.704525287064116365e-02 2.607806708933882445e-02 2.199427563462847887e-02 1.964024796984365634e-02 1.580133912545517161e-02 1.867587326053644220e-02
1.876925528371737109e-02 1.742837608850054607e-02 1.847684956516106383e-02 1.808734049717820175e-02 2.136663000434954954e-02 1.922936190147654656e-02 1.501658646043904990e-02 1.941576600725064550e-02 2.284749315231181938e-02 1.664360637050011499e-02 1.705639553277144699e-02 2.171708863153910124e-02
1.884700429069293207e-02 1.978977931284933017e-02 2.295556252942425324e-02 1.936965243608031184e-02 2.300726391661955458e-02 1.943672270422944215e-02 1.750839993148089330e-02 1.665053603975891888e-02 1.693372821471638562e-02 1.612107855678705792e-02 1.717197752024014756e-02 1.784140283058998494e-02
1.840074082817782716e-02 1.776342737656844833e-02 1.646948665229299932e-02 1.726317279549992312e-02 1.858201952866767037e-02 2.007322566889463769e-02 2.294423614441373077e-02 1.789795730653709685e-02 1.668798538761584113e-02 2.319926756576899674e-02 1.807837310876451997e-02 1.836821577231614530e-02
2.092419537298560034e-02 1.776453129896539765e-02 1.184243553242782937e-02 1.422479989501369141e-02 1.877674876490295977e-02 2.126005890544969967e-02 2.774939572927984446e-02 1.925180036136874689e-02 1.679794206869686737e-02 2.372837743471334707e-02 1.849843890811336128e-02 1.721939593243074218e-02
1.742079424514063335e-02 2.161622700127314306e-02 1.550991754758581156e-02 1.629222016494338843e-02 1.824263854433350734e-02 1.984736670063973890e-02 1.822950234729768526e-02 1.497623624121258851e-02 1.874946326730953308e-02 2.294215949098172419e-02 2.069723047950636913e-02 2.110246796396822097e-02
1.742039501173268598e-02 1.595604927993608813e-02 2.132871061471262875e-02 2.101451264969704524e-02 1.736758835749158125e-02 1.545094070519296113e-02 1.669916384112535637e-02 2.258600361596513340e-02 2.275165316805264487e-02 1.721964044950912570e-02 1.693516056362058542e-02 2.173726564438952305e-02
2.131646110270427052e-02 2.163730484992868255e-02 1.936928726574019960e-02 1.965313660242157257e-02 1.824573666581769116e-02 1.702774655834340262e-02 1.598156826056811031e-02 1.795602625608852185e-02 1.881917910023946441e-02 1.751118535147547922e-02 1.886825664102403585e-02 1.918205315137161415e-02
1.810679812038179168e-02 2.193441708951760286e-02 1.560352880982806417e-02 1.562337567952395111e-02 2.168736553235654091e-02 1.885240591232709845e-02 1.901858919237345985e-02 1.954912030125326508e-02 2.096958272560787637e-02 2.336630391115795957e-02 1.693800739151516549e-02 1.478511186280304784e-02
1.683149040021804724e-02 1.901442801867754898e-02 1.988081441199639199e-02 1.679300754295808690e-02 1.615784687422651064e-02 1.896539707387753793e-02 1.785513374766400582e-02 1.935949627529863840e-02 1.785491892595411634e-02 2.031329177929826202e-02 2.349260292936363251e-02 1.919348786827942965e-02
1.794484605441148961e-02 1.770840412442569248e-02 1.731789141882258271e-02 1.846895121907091500e-02 1.950660587603367940e-02 2.131167273700611264e-02 1.840849499462223621e-02 2.193594652744556422e-02 1.756629081567062309e-02 1.481690273917842318e-02 1.830398780273257212e-02 2.235194697720415888e-02
1.595448231665454880e-02 1.978330985645189444e-02 1.592147920088621965e-02 1.617450111991555056e-02 1.843416768109149700e-02 1.960664401156362105e-02 1.961004836330036694e-02 1.802726395554210548e-02 1.887205430507830559e-02 2.376314951327496844e-02 2.502224235143523517e-02 1.544246781118440402e-02
1.595537474120898094e-02 1.624235217950390636e-02 1.861671047325397579e-02 2.679385585340187184e-02 2.162700746454624887e-02 1.727097310952248679e-02 2.093783795772220790e-02 1.974810372234403824e-02 1.503605851167454620e-02 1.661069558911217048e-02 1.951557331961575187e-02 1.839891614699866798e-02
1.895450235890747820e-02 1.936347786527440468e-02 2.038706624921134830e-02 2.126865759761764618e-02 1.890098231299748924e-02 1.656902802047660606e-02 1.869098609989659071e-02 1.632005001807414549e-02 1.344967129868864658e-02 1.670167451543678669e-02 2.491637258441373182e-02 2.110595207963087555e-02
1.685948175691539402e-02 1.755282182353388662e-02 2.028623303457336921e-02 1.501284468586399148e-02 1.921099713336029552e-02 1.785784764135591590e-02 1.860565084714331865e-02 1.884999450764293649e-02 2.002219288492271612e-02 2.193458770261296972e-02 2.102960349116748603e-02 1.791804170355541792e-02
2.064197517625382047e-02 1.883295494228176548e-02 1.958615715061864243e-02 1.750545534469414438e-02 1.832594042066010634e-02 1.414557514663357558e-02 1.759779658266805158e-02 2.466915239915252328e-02 1.997790280936632620e-02 1.764095158956242512e-02 1.747376670822897368e-02 1.961259578913200977e-02
1.612272651478113827e-02 1.844223047092225301e-02 1.777388279971911511e-02 1.946397550932520842e-02 2.051041706771882314e-02 2.043087199507724258e-02 2.053891216910232881e-02 1.961836485707725217e-02 1.936195875248147499e-02 2.119684537845619929e-02 1.741643109036147830e-02 1.491207869130369533e-02
1.473898505372426074e-02 1.879436421416041947e-02 2.363424258571007047e-02 1.763674686996116389e-02 1.569139536836307650e-02 1.673144555695431357e-02 2.030634296286621190e-02 1.878391737553325447e-02 1.683464446616847465e-02 2.140306332359193792e-02 2.264641755651860058e-02 1.922744668499454246e-02
1.933719229283803465e-02 1.854221487814412470e-02 1.699960446498287314e-02 1.949592850589110943e-02 2.055538945059434686e-02 1.881244117456512197e-02 1.878982800904810402e-02 1.910338848111919202e-02 1.828340005407081553e-02 2.078640876527467971e-02 1.782277008322430759e-02 1.684417959326439326e-02
1.788407987814526201e-02 1.813089145627643992e-02 1.703769167542717317e-02 1.376390887475001379e-02 1.687649360510846963e-02 2.309218056052854406e-02 2.118681318092400026e-02 1.949075406223470600e-02 1.698045811151404141e-02 2.080329890614205160e-02 2.312057410761986925e-02 1.805722765592973622e-02
2.090532732885411193e-02 2.029500721477924680e-02 1.789918962019775364e-02 1.606205937317737795e-02 1.813332369928857477e-02 1.912081105124770544e-02 1.620199496461031258e-02 1.713242042510734753e-02 1.812658810282153504e-02 2.122236617891242946e-02 2.172436351164330759e-02 1.890424315433020253e-02
1.462592821136596277e-02 1.551356807617692776e-02 2.133925971513933942e-02 2.385598648853122158e-02 1.835669493628959772e-02 1.923128354578605356e-02 2.278003166228668303e-02 2.045777792748530027e-02 1.850689523380020379e-02 1.716387780085167417e-02 1.819922552207032390e-02 1.646270090819602211e-02
1.834687279591603465e-02 1.693108673470210962e-02 2.188441988177051989e-02 2.116519449836758160e-02 1.602483936984416130e-02 1.516899661141554029e-02 2.027966302294579096e-02 2.185319572718032177e-02 1.628506440947661074e-02 1.884656230992732065e-02 2.011276441094311460e-02 1.915965036694851700e-02
1.633461192736507250e-02 1.899824115772947436e-02 1.814111558213302167e-02 2.005226799169246982e-02 2.221063567862480159e-02 1.842527770904370255e-02 1.856453488774400390e-02 2.036195409357828556e-02 2.000937066512766330e-02 1.584738480794759680e-02 1.833734709442235225e-02 1.828322891313625964e-02
1.783555865942896418e-02 1.839505915145715764e-02 2.074726159014649018e-02 1.719408081783013048e-02 1.604903297108452309e-02 1.752687688097543869e-02 1.828600074740979742e-02 2.340180376315090932e-02 1.679885934222117086e-02 1.811990540742416250e-02 2.092883645018685582e-02 2.033748261536630353e-02
2.000626778411261630e-02 1.894444351284398781e-02 1.782619016959532607e-02 1.953365278793975368e-02 1.764037547823408061e-02 1.829062572818099600e-02 2.121369031075103287e-02 1.887270688206368896e-02 1.614700137828197282e-02 1.725303440040622249e-02 2.148070774201133598e-02 1.825760178379748008e-02
1.971054300197895570e-02 2.087394090303661479e-02 1.953190767980567816e-02 1.688275107245857526e-02 2.143456305241667539e-02 2.088852721186366945e-02 1.552577147247367201e-02 1.938354067023946581e-02 1.906266387078050725e-02 1.752110128639725040e-02 1.799035066333644350e-02 1.682914827575078889e-02
1.918155181618517308e-02 1.712530236519471671e-02 1.783854074908653581e-02 1.821776545921355642e-02 1.954208225615316347e-02 1.998169562927984769e-02 1.874943542452913586e-02 1.881568354026698711e-02 1.771586535814968777e-02 1.737894888853828285e-02 1.992763926645569131e-02 2.090462213423723015e-02
1.911549170955550644e-02 1.892468132140710801e-02 1.987026192839866021e-02 1.862001502877302581e-02 1.713691019668014265e-02 1.702818428711614512e-02 1.751275088552053244e-02 1.563106106357914013e-02 1.733668014443987340e-02 2.423973710149033775e-02 2.173284508167513257e-02 1.886313665009983070e-02
1.466818404072070363e-02 1.987096891724500144e-02 2.307840292312747510e-02 1.922856659735117796e-02 1.803115243822051017e-02 1.935601074002781669e-02 1.797452039200440541e-02 1.851572776591263111e-02 1.859357774716788314e-02 2.161291424319483970e-02 2.012029434097705599e-02 1.509224989245866282e-02
1.721109032159576571e-02 2.134404992095163128e-02 2.264851061717755576e-02 1.664929234551650733e-02 1.825974674349779836e-02 1.865806983710448924e-02 1.951602784090842105e-02 1.602424143616584459e-02 1.672426760949949701e-02 2.023368765356832813e-02 1.951087352177893752e-02 1.889262337005602477e-02
1.859919962124907331e-02 1.903849862680836655e-02 1.905114031682610121e-02 1.768262637098481221e-02 1.429553081197726047e-02 1.881537736088326890e-02 2.141244637719399296e-02 2.362009893060011342e-02 1.928571078724239732e-02 1.717627069301241177e-02 1.936781732751437571e-02 1.751762617030810584e-02
1.671724179841263189e-02 1.740769348812232914e-02 1.864073178524464081e-02 1.765176545523685150e-02 1.601611926151733090e-02 1.765773109941020519e-02 1.751193906933114566e-02 1.791777622120349980e-02 1.898900933150730885e-02 2.236021780575265377e-02 2.379924953339618635e-02 2.133769494780836037e-02
1.571751978147018641e-02 1.879005529139882169e-02 1.901690590482224205e-02 1.704906680787523360e-02 2.048364520149198800e-02 2.320630594243980327e-02 1.740661408418251593e-02 1.438614623745839219e-02 1.863890631760221905e-02 2.117279603796884402e-02 1.895655299052222478e-02 2.114394215591663961e-02
1.906732118975518891e-02 2.132767275433200549e-02 1.892355910524068374e-02 1.564390257640830423e-02 1.858897385817115389e-02 1.958617256636510304e-02 1.719446606597635138e-02 1.588287441604814207e-02 1.990849354272455560e-02 1.846437072152484760e-02 1.952665882824868374e-02 2.154456355373424864e-02
1.931036766075082400e-02 2.245851424052318010e-02 2.185442792960809108e-02 1.884920738249307864e-02 1.623738765788242805e-02 1.955601361143057687e-02 1.744683192483400744e-02 1.592099722767221018e-02 1.752962176197675817e-02 1.972772358902779438e-02 1.993566594149507459e-02 1.699714222200542427e-02
1.606167911705837226e-02 1.932177344528135388e-02 2.254580527855972946e-02 1.800887499154453855e-02 1.685620747489217572e-02 1.918247899496884276e-02 1.981545294624927761e-02 1.786832037366350642e-02 1.896601589497897561e-02 2.067748883112116576e-02 1.904550876931633205e-02 1.733944555642157395e-02
1.854382578888319477e-02 1.705382068225121811e-02 2.099429494573595151e-02 2.272964345931705737e-02 1.804493359547834977e-02 1.427851140343903286e-02 1.995513213985937798e-02 1.734637790915383518e-02 1.764060995943620563e-02 2.253578700691279482e-02 1.810549353255821656e-02 1.871426320473717347e-02
1.865565416893777417e-02 2.066632275252261799e-02 1.826851321548846052e-02 1.866063642797564925e-02 1.725472088192134268e-02 1.540757693482762425e-02 1.864740515013516009e-02 1.816257500312412967e-02 1.635103613080856819e-02 2.257242025600323873e-02 1.917038596464989281e-02 2.137646900458537932e-02
1.407962021986369251e-02 2.129831561400141737e-02 2.398614655950049440e-02 1.710102276598337440e-02 1.869160657959108990e-02 1.832915429814772207e-02 1.955367422409749409e-02 2.001378715071611136e-02 1.727927341011556081e-02 1.844554596858198267e-02 2.139822483588379315e-02 1.613755125838887625e-02
1.964865405032139439e-02 1.872429289592407453e-02 2.005912411526232161e-02 1.830262639862752921e-02 1.737949046407818998e-02 1.694679237183927684e-02 1.743559870599754869e-02 1.893560946675935247e-02 1.988479098927439098e-02 1.598919306581297883e-02 1.949826487177526435e-02 2.282139244184205537e-02
2.404872999348317553e-02 2.070795023177997296e-02 1.590659806840317644e-02 1.807594395291502176e-02 2.382139316962988973e-02 2.050593800316877560e-02 1.536109919360998353e-02 1.621714987799393812e-02 2.095589330782851936e-02 2.003437969759679776e-02 1.478688025113338717e-02 1.659828625537706007e-02
2.064304861285153406e-02 2.741378584619656028e-02 2.017869893093426903e-02 1.593242769331067524e-02 1.843765327936964377e-02 1.726165612347933462e-02 1.741131515959434828e-02 1.779833232015982925e-02 1.852248666469505020e-02 1.790445455833490976e-02 1.714107596756256000e-02 1.776929853759359745e-02
2.065010815905094638e-02 2.087005215396908406e-02 1.610464900986236653e-02 2.052511232778228556e-02 2.088707479741561471e-02 1.468870902948784737e-02 1.546761828917360762e-02 2.264347213086849789e-02 2.264175452747322140e-02 2.046855218778579483e-02 1.700634023579190510e-02 1.485175921205565339e-02
1.766048008531202057e-02 1.911311219934024724e-02 1.890086412932744098e-02 1.806418652412777534e-02 1.799349515320954052e-02 2.156520623261013250e-02 1.742741393428633850e-02 1.638299227247601297e-02 2.033164286989414676e-02 2.502362788151573508e-02 1.833945809247650854e-02 1.533466625752505710e-02
1.832007493654595059e-02 1.595555741372708947e-02 1.285512869724385505e-02 1.725372861927644899e-02 2.085038226658590677e-02 1.809068332017751968e-02 2.111814915483523417e-02 2.107664584175937897e-02 2.228502767622482852e-02 2.055598862261076576e-02 1.977876331829536011e-02 1.820420407433959165e-02
