2.531923865909905258e-01 2.825715307400850085e-01 2.472984200355355655e-01 2.400985116679676123e-01 2.424262495734790246e-01 2.327337433559409086e-01 2.572671542758496743e-01 2.606464483859289305e-01 2.549571643770948137e-01 2.630590276065979949e-01 2.267919661721340685e-01 2.389573972183892669e-01
2.712828617417071264e-01 2.462186138044896444e-01 2.383743443833418740e-01 2.708856209369576162e-01 2.296333162770808900e-01 2.505279680143939203e-01 2.601094834741149997e-01 2.509586898102723618e-01 2.594039755524218949e-01 2.311293213425932858e-01 2.379629187210714480e-01 2.535128859415617386e-01
2.626764125409190020e-01 2.493271675412696842e-01 2.657799433083557483e-01 2.486205089880356156e-01 2.619352899880886820e-01 2.460516515343375565e-01 2.373099552999960726e-01 2.529395070994965300e-01 2.515508612107891784e-01 2.472154637222374884e-01 2.373106815761030775e-01 2.392825571903670623e-01
2.442723277034036800e-01 2.420292500788035206e-01 2.664287087620907934e-01 2.810989164994335265e-01 2.658818787582284404e-01 2.052970388292416071e-01 2.495037099162201455e-01 2.640661922904447012e-01 2.451687272250867300e-01 2.478161799542522026e-01 2.438590052405372466e-01 2.445780647422591547e-01
2.610771494212449362e-01 2.576740931629658560e-01 2.325487753912757749e-01 2.612640187667016889e-01 2.463931122759711045e-01 2.558295190849362299e-01 2.417154928416556658e-01 2.384751795732763247e-01 2.570904056121273151e-01 2.328102259021522791e-01 2.562279684420614712e-01 2.588940595256230548e-01
2.498219108277869027e-01 2.444081922193204193e-01 2.588749863589867584e-01 2.891361003739397195e-01 2.571679474044252789e-01 2.432991842106370095e-01 2.438040798278897081e-01 2.494059302581740079e-01 2.123879563437216511e-01 2.391755472954907313e-01 2.616263097192255138e-01 2.508918551603939173e-01
2.502542559250264809e-01 2.432567546210294140e-01 2.430461596334937691e-01 2.490642827058451025e-01 2.633636296983447034e-01 2.329254281559407225e-01 2.370328627655363951e-01 2.555896178962293597e-01 2.615875423170212488e-01 2.417988151800842256e-01 2.523409327225556442e-01 2.697397183788889929e-01
2.396730025992976909e-01 2.551349876725202970e-01 2.257136829578622605e-01 2.998471035233017390e-01 2.349924769147515857e-01 2.615015217581044826e-01 2.682269140657635442e-01 2.474364391467213375e-01 2.142875442658506713e-01 2.713474205153879604e-01 2.421505688645470000e-01 2.396883377158910977e-01
2.473176783160795922e-01 2.643968385167183577e-01 2.597346345649190757e-01 2.264554187194319224e-01 2.571148215901716827e-01 2.534053673349945246e-01 2.499383700566362443e-01 2.436039628879582974e-01 2.328092333536329883e-01 2.331887092772392533e-01 2.608082761451282483e-01 2.712266892370848170e-01
2.420902724373059645e-01 2.695324947440740360e-01 2.620819097026707567e-01 2.526611813024278175e-01 2.645009693664859829e-01 2.588993081002658458e-01 2.399965058787078553e-01 2.392900181903423740e-01 2.436838418847035170e-01 2.605874008919352169e-01 2.317531005859254090e-01 2.349229969151613306e-01
2.793566396290511622e-01 2.526635917829763711e-01 2.342462297250343939e-01 2.550553713703103687e-01 2.391270635556338453e-01 2.493878431146203667e-01 2.155519112417625949e-01 2.525301947300397365e-01 2.635459616724629139e-01 2.489440285991977864e-01 2.554672295551205785e-01 2.541239350237896044e-01
2.550604538106765462e-01 2.624463176985959434e-01 2.321875032935351302e-01 2.451698727350038187e-01 2.448538018090632984e-01 2.699335930097005454e-01 2.285589280859207095e-01 2.715656767847642317e-01 2.497159255681516421e-01 2.470505446157722218e-01 2.682765749875437034e-01 2.251808076012723203e-01
2.606512795665061333e-01 2.604720296428572612e-01 2.497157089657474349e-01 2.404854594894473840e-01 2.447036336566600634e-01 2.637719772122594786e-01 2.508582272875230501e-01 2.529573232699718344e-01 2.394271908683796024e-01 2.371392159620340223e-01 2.520041726608320265e-01 2.478137814177927278e-01
2.374525344680712413e-01 2.510612853445496340e-01 2.500399129818128841e-01 2.351552934864686861e-01 2.480350346794448768e-01 2.468996116662187934e-01 2.608403100588292389e-01 2.568552453140809377e-01 2.488227430441497801e-01 2.380242176620172290e-01 2.710454041615014131e-01 2.557684071328737430e-01
2.435203471080976401e-01 2.382890682744553124e-01 2.481125641528329484e-01 2.597982793219554276e-01 2.402648462635566251e-01 2.458744532574993757e-01 2.439375914111728272e-01 2.607460885760880531e-01 2.460047404789029724e-01 2.510140276019387495e-01 2.553031302176806405e-01 2.671348633358205382e-01
2.639781895929330102e-01 2.716320786069906790e-01 2.291249115965373062e-01 2.518084870010671161e-01 2.227945188734732629e-01 2.752045475625293780e-01 2.492779859079627403e-01 2.274933583248804347e-01 2.644393302494741360e-01 2.664971207083987048e-01 2.404612448989024154e-01 2.372882266768499837e-01
2.481877673338559742e-01 2.632318331200814709e-01 2.560378302078875623e-01 2.239699205228634638e-01 2.334163731626294480e-01 2.511461417005797503e-01 2.661671553016763392e-01 2.566181821063560076e-01 2.271926318445124382e-01 2.364266937789728795e-01 2.755075171039336190e-01 2.620979538166567924e-01
2.421379656769827859e-01 2.270511123923308339e-01 2.751444812889375369e-01 2.527732224572724062e-01 2.315462337348025423e-01 2.350857358679182552e-01 2.734170017644701467e-01 2.620793791759142843e-01 2.434901788956468360e-01 2.576266669413966870e-01 2.460919298922840670e-01 2.535560919120412038e-01
2.343872567361409143e-01 2.729676289938925415e-01 2.556357109152701534e-01 2.325557336165680056e-01 2.646809211737417566e-01 2.427222985499746799e-01 2.609715907761377407e-01 2.580387477970605969e-01 2.331478065735322069e-01 2.376869573860661000e-01 2.387102328617672353e-01 2.684951146198493732e-01
2.479906107163619144e-01 2.482071278459027919e-01 2.353645004013407982e-01 2.322570746237030970e-01 2.816880398148625675e-01 2.558132610343231694e-01 2.463732293894373981e-01 2.417133764226663817e-01 2.587321376786541616e-01 2.591803382097345176e-01 2.488998394043261397e-01 2.437804644586980540e-01
2.261820941481273717e-01 2.599482190993497310e-01 2.478698221955884795e-01 2.603574986417485637e-01 2.254280947767750287e-01 2.633412405043211724e-01 2.486704322829062230e-01 2.323138889483808422e-01 2.646079483895817930e-01 2.692753281147811095e-01 2.432057855528458323e-01 2.587996473455971280e-01
2.235067931373256045e-01 2.574627099573951750e-01 2.605220087327339007e-01 2.567662990895495101e-01 2.440040157220441375e-01 2.753062104514888420e-01 2.429688327077290655e-01 2.381987611754953771e-01 2.686404739502710193e-01 2.546970855177741466e-01 2.527969791607884709e-01 2.251298303974043069e-01
2.509149469071392802e-01 2.530825115529709013e-01 2.594788929331091065e-01 2.372121807604035126e-01 2.408699106307129467e-01 2.731760039766415460e-01 2.427652870675375274e-01 2.386244608253486055e-01 2.491169284705475051e-01 2.396931311065762515e-01 2.424577941403739390e-01 2.726079516286339377e-01
2.499697569043173029e-01 2.385978080654240219e-01 2.431251549015673863e-01 2.522968400776790521e-01 2.571389003612387647e-01 2.582591049587894538e-01 2.670830335961070778e-01 2.414905458062552301e-01 2.447787335599262704e-01 2.594271431868436228e-01 2.337298333132062922e-01 2.541031452686507430e-01
2.633928950983746020e-01 2.604050413639724115e-01 2.568885063326199480e-01 2.370427299599180415e-01 2.540017016170939002e-01 2.405334282257096945e-01 2.452131018757411351e-01 2.230573389390312355e-01 2.433076815594607256e-01 2.540949248922391712e-01 2.800889466960957419e-01 2.419737034397475006e-01
2.440221052178256911e-01 2.562885322580201186e-01 2.550382193956172161e-01 2.500675746973584079e-01 2.557827987493916377e-01 2.467984894781170557e-01 2.646576310357475204e-01 2.566573154716417782e-01 2.622399215748519863e-01 2.427435005688603764e-01 2.333290355837732699e-01 2.323748759687824794e-01
2.515195854259305586e-01 2.446564707779997350e-01 2.378033541034240694e-01 2.495971604099725683e-01 2.610705526677722377e-01 2.427901356673745625e-01 2.490234850853198512e-01 2.604105206132647510e-01 2.416076691257684761e-01 2.483535681308967069e-01 2.635450485748493943e-01 2.496224494174153763e-01
2.374610808944446205e-01 2.365627339839831145e-01 2.429780686685438784e-01 2.540487616414950356e-01 2.475514195403640538e-01 2.534188046813001249e-01 2.504881094274856723e-01 2.646040162239167159e-01 2.372218855316977071e-01 2.599005969487673817e-01 2.334673131319258133e-01 2.822972093260883719e-01
2.587267641890488301e-01 2.530925737645718376e-01 2.409202488313652024e-01 2.402184399873530662e-01 2.581026365544487611e-01 2.427717646976603472e-01 2.407710843394229583e-01 2.528125797527991381e-01 2.420824844029947354e-01 2.720953085889334933e-01 2.578872551547109482e-01 2.405188597366809677e-01
2.457588378523961337e-01 2.395747726786155163e-01 2.564929656188871254e-01 2.435845162978055312e-01 2.580865167209905886e-01 2.636463627092365813e-01 2.602126647720556796e-01 2.288057945324359910e-01 2.504091340130816801e-01 2.374940173226030848e-01 2.651330332976666870e-01 2.508013841842277047e-01
2.354480427450344471e-01 2.461025135918243067e-01 2.490662437301359167e-01 2.821349739044969884e-01 2.111166326446448360e-01 2.419338679867574782e-01 2.709780207266833107e-01 2.532894342277594024e-01 2.577497813109385638e-01 2.426060268006453302e-01 2.638096396119575804e-01 2.457648227191178703e-01
2.476480517386728808e-01 2.589689443040393835e-01 2.414053730128832842e-01 2.502736392883262440e-01 2.596304741348420264e-01 2.521124560456288188e-01 2.494554425938779185e-01 2.521988175087670481e-01 2.510872664293076761e-01 2.551955673261562807e-01 2.344372812931060091e-01 2.475866863243849914e-01
2.422908996960005390e-01 2.397189435084927656e-01 2.548674233207918194e-01 2.434430856275670574e-01 2.571788610430968403e-01 2.618370160074328101e-01 2.382052722969970615e-01 2.453068341135243302e-01 2.548935624540141220e-01 2.653789726361283074e-01 2.496800390521271562e-01 2.471990902438370163e-01
2.498446361741527566e-01 2.474314700744750795e-01 2.480903520347312596e-01 2.714143570923206461e-01 2.249092500083436363e-01 2.394214492525756355e-01 2.779001374213887487e-01 2.320539467262302535e-01 2.360571536989179153e-01 2.586982705289743167e-01 2.651651634021263138e-01 2.490138135857773438e-01
2.628697385042116919e-01 2.445885123912523162e-01 2.303759576377479856e-01 2.743300009437333875e-01 2.551477991272210200e-01 2.283904582475750900e-01 2.237356144373603972e-01 2.494784259893181866e-01 2.621642663742678181e-01 2.423983921616179871e-01 2.610946398172996896e-01 2.654261943683939862e-01
2.324912709284327472e-01 2.467022208832611585e-01 2.425580665135008973e-01 2.636499896802078080e-01 2.532746292429269852e-01 2.557104728761260271e-01 2.615427961944303270e-01 2.433014534144006813e-01 2.464883301377419622e-01 2.619472482387900092e-01 2.371063709702481981e-01 2.552271509199317556e-01
2.694965270966072635e-01 2.536850310837561739e-01 2.455924682981941165e-01 2.526294426556265904e-01 2.570028315385166628e-01 2.360622681643918808e-01 2.422245902541546592e-01 2.755718343071150711e-01 2.682660364354184090e-01 2.040247480997225971e-01 2.221699581701530035e-01 2.732742638963541193e-01
2.255682241011593425e-01 2.647283626548046498e-01 2.637478049597127283e-01 2.617021095266094943e-01 2.518761213536999666e-01 2.346482072571618727e-01 2.366800203128520685e-01 2.377950525322474751e-01 2.470644461556058269e-01 2.502974172083107796e-01 2.592961895804913319e-01 2.665960443573444083e-01
2.189296930144761233e-01 2.564998152810889498e-01 2.735569302139735370e-01 2.338953368248807008e-01 2.575509240160939184e-01 2.431305490828340465e-01 2.463483241125175860e-01 2.703243502322735248e-01 2.482790435865318002e-01 2.428823098011866355e-01 2.682288590017577468e-01 2.403738648323754112e-01
2.516485527807478251e-01 2.508434857313113220e-01 2.332383103778662981e-01 2.437500159038355485e-01 2.634559505474941554e-01 2.636160130775467292e-01 2.364829781156222721e-01 2.528795346914378128e-01 2.526934102013744243e-01 2.579893977590180798e-01 2.405217391406850869e-01 2.528806116730677456e-01
2.662272242865303395e-01 2.522560886638173239e-01 2.476830322534954165e-01 2.209120183476719346e-01 2.713855165897632871e-01 2.414822280722486170e-01 2.631661556675025659e-01 2.542009213429036185e-01 2.458566080388212005e-01 2.518122855389302583e-01 2.363875375188510819e-01 2.486303836794650501e-01
2.476807475224379052e-01 2.456061930465540388e-01 2.930119231322003137e-01 2.600350718874380185e-01 2.388818076652567957e-01 2.337027037245500427e-01 2.427677111428470091e-01 2.419473647213458145e-01 2.513733756359968763e-01 2.174457997006342957e-01 2.824236417422922862e-01 2.451236600784490460e-01
2.664781092096744075e-01 2.415871700924739351e-01 2.321168355010804207e-01 2.560936205241604591e-01 2.646509284392019046e-01 2.613832679438317652e-01 2.503917003741414349e-01 2.716309511575263347e-01 2.265028489408463797e-01 2.486017088908631101e-01 2.251006422294584697e-01 2.554622166967410180e-01
2.379937051013761851e-01 2.486717954607706726e-01 2.506526634280837884e-01 2.574959892874956191e-01 2.264447479298017374e-01 2.533052680524506828e-01 2.469833994697499258e-01 2.431896454958666909e-01 2.499011128087058331e-01 2.600984564760568940e-01 2.764441465205315085e-01 2.488190699691105179e-01
2.684533900006373930e-01 2.572860535196372367e-01 2.408913932434838534e-01 2.379406113479814455e-01 2.519655715247772765e-01 2.556098683221187939e-01 2.428316578956914440e-01 2.444057065497318715e-01 2.353729281111881511e-01 2.657584663041722139e-01 2.411430712918022634e-01 2.583412818887776408e-01
2.371320856262157106e-01 2.640601734862628724e-01 2.733730094413281408e-01 2.441221550423847697e-01 2.374505653743115841e-01 2.435609489550208395e-01 2.661200513646927446e-01 2.469760545447408362e-01 2.329897902076759064e-01 2.485345903664161749e-01 2.559348234518651344e-01 2.497457521390772095e-01
2.394270129768639732e-01 2.262866337641369907e-01 2.324492399743708360e-01 2.571905343084071038e-01 2.746299472377138895e-01 2.330934042048478649e-01 2.656363802089283244e-01 2.543042894339163640e-01 2.667600557012271278e-01 2.281985391723680423e-01 2.631648907906540269e-01 2.588590722265719513e-01
2.420151031843911227e-01 2.414124702134554101e-01 2.744320383507412031e-01 2.750247118431224935e-01 2.412447197230765394e-01 2.317429091954422704e-01 2.451357207091950652e-01 2.476106836119841281e-01 2.653501866503893414e-01 2.266604189507399614e-01 2.706467632581278093e-01 2.387242743093224706e-01
2.589003618048636435e-01 2.577150274302552058e-01 2.495365987429903620e-01 2.617401300850030754e-01 2.516494716731067505e-01 2.349514912788424059e-01 2.392826485091053557e-01 2.478934727212130651e-01 2.545124502104244013e-01 2.441340824135536658e-01 2.243051502673646391e-01 2.753791148632781516e-01
2.385164035351202694e-01 2.456460471244030774e-01 2.321788419134694359e-01 2.839484486046320866e-01 2.445125151441327194e-01 2.446519637297125127e-01 2.674153918713196298e-01 2.469147633781246243e-01 2.500150183183259545e-01 2.432785915084354489e-01 2.404403553459139031e-01 2.624816595264081731e-01
2.611676981273124976e-01 2.469478708768463038e-01 2.168006977665299928e-01 2.406641885331508024e-01 2.674276157755116068e-01 2.318247199277890525e-01 2.516558176463811747e-01 2.595866227042728513e-01 2.559024523303157217e-01 2.465092893212932346e-01 2.433187011065567618e-01 2.781943258840438582e-01
2.505125408404606513e-01 2.393971514530968125e-01 2.571682595797920023e-01 2.388421054254006859e-01 2.527669133575545235e-01 2.662586449700877211e-01 2.345188165184237949e-01 2.613720217755994835e-01 2.583529743066070861e-01 2.459754580575163607e-01 2.470937705507679216e-01 2.477413431646921238e-01
2.240358046511369272e-01 2.488702417883743023e-01 2.666596026335155689e-01 2.504133544449804738e-01 2.498987334959024420e-01 2.604366166292348961e-01 2.582151967534909165e-01 2.476032412605077004e-01 2.245288116119597832e-01 2.717024824863177868e-01 2.649783117977074776e-01 2.326576024468744175e-01
2.271575802328678062e-01 2.347208928446889997e-01 2.378866572458163686e-01 2.385049157467422631e-01 2.400641908975548744e-01 2.562450262502206089e-01 2.548186298471220024e-01 2.698643376825630158e-01 2.637669513952085598e-01 2.545043926464937156e-01 2.605968143950350147e-01 2.618696108156961522e-01
2.694171110970586258e-01 2.313086606156118941e-01 2.583833319479035828e-01 2.301646895664694048e-01 2.592988314037274478e-01 2.262390689449235714e-01 2.386040246684368593e-01 2.883808290568008470e-01 2.590483769798459512e-01 2.595683527627113962e-01 2.318573202204971540e-01 2.477294027360183726e-01
2.470888777890508092e-01 2.427117688748365310e-01 2.524917045719797803e-01 2.425815333094832327e-01 2.637846853383262191e-01 2.548098439174976138e-01 2.266081453842119509e-01 2.532785333587381782e-01 2.725942789493823737e-01 2.357634857792368366e-01 2.404301415710278500e-01 2.678570011562191877e-01
2.538340125244793466e-01 2.494009561592975821e-01 2.773361629334514245e-01 2.442054068644938791e-01 2.773619348106252103e-01 2.481312982679494683e-01 2.470770681632024901e-01 2.365887856988439231e-01 2.446522378380099061e-01 2.330701995997823683e-01 2.453170480469844261e-01 2.430248890928766170e-01
2.463020810435219698e-01 2.469335707022116688e-01 2.361929827134601756e-01 2.440494425884582042e-01 2.498706900323664493e-01 2.535160456118211170e-01 2.720995496475103748e-01 2.464482349487050750e-01 2.324927000279585765e-01 2.805844769529413085e-01 2.385007439581794397e-01 2.530094817728610890e-01
2.613221894973956072e-01 2.485680240631122084e-01 2.053490035566120364e-01 2.288484827334937854e-01 2.537067650490463788e-01 2.553291933505019706e-01 2.950648524715312471e-01 2.510291618402343827e-01 2.336201338638537184e-01 2.809079085688441224e-01 2.441530183747029625e-01 2.421012666306663896e-01
2.317505368209079597e-01 2.766827202230709992e-01 2.234541184753402743e-01 2.437962582623992569e-01 2.448884737452496352e-01 2.561870785097348224e-01 2.487812419205703285e-01 2.283027263621588698e-01 2.491865834270097779e-01 2.732863458445473626e-01 2.525451770231474935e-01 2.711387393858644135e-01
2.409999091791875103e-01 2.333828571489610371e-01 2.656544735539800306e-01 2.591633737095109247e-01 2.425188127366250668e-01 2.348400212813362697e-01 2.371698186720046786e-01 2.686841935524136304e-01 2.691144793149963244e-01 2.425084342283738148e-01 2.368875776673957101e-01 2.690760489552176393e-01
2.621136753758300242e-01 2.648124050833000620e-01 2.505634897772808234e-01 2.564622606658941151e-01 2.456934273141375413e-01 2.432862275332427493e-01 2.339616791756170266e-01 2.469279891712646835e-01 2.516300733936194800e-01 2.411943989011151590e-01 2.532481951040785884e-01 2.501061785046181374e-01
2.435105597584700243e-01 2.705371508057336505e-01 2.303286105288433749e-01 2.312359142486147268e-01 2.702209187805734159e-01 2.447990023653706104e-01 2.536145284183936033e-01 2.549658423761169690e-01 2.567428000416934752e-01 2.754061197606495481e-01 2.380638602329570586e-01 2.305746926825805732e-01
2.390500536271846221e-01 2.520816617168241125e-01 2.557646550906546024e-01 2.403957694312625626e-01 2.339752098514344958e-01 2.565796039006449369e-01 2.395885814896790422e-01 2.582027068118787350e-01 2.427169018489310215e-01 2.571291381051672431e-01 2.730480003129719391e-01 2.514677178133665758e-01
2.397378302022095120e-01 2.501016823685324186e-01 2.394273027706610713e-01 2.516210864525732505e-01 2.489869747226049479e-01 2.695536691667730356e-01 2.399517182686153605e-01 2.721381332922749308e-01 2.406540011963204939e-01 2.300916182181399483e-01 2.452752722481303937e-01 2.724607110931681619e-01
2.351917547827219179e-01 2.602013079661900097e-01 2.306184511111533664e-01 2.387684229279103398e-01 2.494647330301890953e-01 2.527893718272256063e-01 2.547433153404655704e-01 2.463600789550506320e-01 2.505303462683403093e-01 2.700332200286619799e-01 2.838528043375567744e-01 2.274461934245274874e-01
2.337201989607652908e-01 2.416372985791607475e-01 2.432449330292676959e-01 2.900931494060404181e-01 2.621452247192975205e-01 2.399654214058080659e-01 2.619429365004818933e-01 2.563765681095661053e-01 2.270326475603676730e-01 2.414731398247734195e-01 2.536846809277912285e-01 2.486838009766726143e-01
2.526552012923322099e-01 2.528640736957699087e-01 2.567650420438726822e-01 2.617212718628137980e-01 2.531519996738852418e-01 2.349163732773746349e-01 2.531175894680874339e-01 2.371703584081294447e-01 2.215802691714155725e-01 2.361879330425428469e-01 2.832245722308614488e-01 2.566453158329123352e-01
2.446749664948788816e-01 2.367796318575811632e-01 2.695745080404908234e-01 2.181367158849967236e-01 2.641457858331924813e-01 2.384771858665500344e-01 2.533606472237373564e-01 2.482664305218046374e-01 2.573759896496892186e-01 2.632526730578947927e-01 2.628426999136251885e-01 2.431127656555508998e-01
2.615205323750880995e-01 2.465807871304850352e-01 2.599394115399541461e-01 2.364504550373050240e-01 2.566177446794168926e-01 2.200955668131475695e-01 2.438449127192840460e-01 2.804253621537781127e-01 2.522591058736360914e-01 2.461023997235556870e-01 2.433882140724032972e-01 2.527755078819500234e-01
2.354065068647705206e-01 2.514792139090120671e-01 2.420515327373964076e-01 2.553384310504832611e-01 2.578970190450092792e-01 2.573579969034546777e-01 2.583168734353585849e-01 2.554197895961184406e-01 2.498762934358008114e-01 2.648665316792906399e-01 2.416020805159838081e-01 2.303877308273281632e-01
2.255458627873109245e-01 2.498228713448017446e-01 2.758239286857587791e-01 2.403974445684137762e-01 2.373989335707206716e-01 2.375140671651724267e-01 2.586255052825404688e-01 2.510823625234525069e-01 2.372732311614609846e-01 2.655770234302755606e-01 2.651266455897256513e-01 2.558121238903731665e-01
2.540762304448180298e-01 2.496936821816680974e-01 2.387826292448196608e-01 2.552242484145646473e-01 2.586432526672042820e-01 2.494091590133061809e-01 2.495845900099329384e-01 2.545743415585072777e-01 2.429428577315996818e-01 2.642042638947832423e-01 2.434696375478702657e-01 2.393951072909327737e-01
2.485862688435912238e-01 2.444878875400191554e-01 2.450763906853948293e-01 2.202808602769611990e-01 2.401785183063996354e-01 2.732820011023496809e-01 2.572683010239624757e-01 2.577735246051042761e-01 2.378489954976290288e-01 2.593353963383874250e-01 2.729906702761694115e-01 2.428911855040265522e-01
2.626052356949898359e-01 2.557493790894036501e-01 2.472033672030431173e-01 2.347327861480045796e-01 2.470419210052109404e-01 2.543591166811177695e-01 2.332688723735180103e-01 2.453842280623200200e-01 2.448344210022197209e-01 2.614765691261398128e-01 2.659826949099906024e-01 2.473614087040387211e-01
2.299252562845319758e-01 2.316788833791370572e-01 2.620885982812742876e-01 2.754732002757676046e-01 2.453042450500052263e-01 2.519414621006189625e-01 2.706311476053438470e-01 2.552557492292296670e-01 2.514414024239013945e-01 2.397297090385706042e-01 2.493835476769218629e-01 2.371467986546937634e-01
2.520338319257914295e-01 2.364035053592330182e-01 2.672163808513499106e-01 2.610152534043729267e-01 2.361649178074481659e-01 2.300128704989544137e-01 2.568863989316713115e-01 2.685022148367768868e-01 2.315433971172778937e-01 2.547094379610246317e-01 2.556167789550061187e-01 2.498950123510965959e-01
2.333023974607483231e-01 2.561144568889492379e-01 2.447370454237693116e-01 2.548592386396774101e-01 2.693779897387218458e-01 2.451462447458453153e-01 2.506938343875205755e-01 2.555129727810055429e-01 2.605180948903045302e-01 2.294204900664519875e-01 2.516624461231745657e-01 2.486547888538307993e-01
2.445234175055621129e-01 2.473682995599324752e-01 2.617551271123158552e-01 2.407261643587818856e-01 2.345305474235800103e-01 2.498165482182056474e-01 2.390478691921867904e-01 2.818871971781746755e-01 2.320533301199513843e-01 2.508909717030091135e-01 2.586243203395434676e-01 2.587762072887543341e-01
2.605384870672375897e-01 2.502105425196567978e-01 2.429937516075496295e-01 2.565551590209529387e-01 2.435678238251179906e-01 2.460268228963627679e-01 2.640491654758541640e-01 2.491632058690291252e-01 2.379975772372450171e-01 2.384710028674024151e-01 2.696096974299549420e-01 2.408167641836376216e-01
2.569533751085558704e-01 2.577790261757004209e-01 2.576070165633291831e-01 2.357747580448745217e-01 2.643178090508313538e-01 2.635032987232884816e-01 2.263624642450780544e-01 2.589407429623725165e-01 2.501298731801477881e-01 2.415324525750912332e-01 2.503816248028817304e-01 2.367175585678483185e-01
2.530256228027349397e-01 2.400095154204998082e-01 2.473449996743482260e-01 2.459078605055406985e-01 2.540908619669818846e-01 2.568200641228043368e-01 2.485577649251350385e-01 2.510972449788079763e-01 2.451268730213165548e-01 2.416766770435901934e-01 2.567955759405179950e-01 2.595469395977341165e-01
2.536782442962189910e-01 2.485359187971309947e-01 2.566715144662226056e-01 2.491385941251779701e-01 2.424018474270067114e-01 2.398003356116440998e-01 2.461159121574256758e-01 2.335917042098186180e-01 2.397720345798923514e-01 2.787847405117841459e-01 2.617496720682936928e-01 2.497594817493794528e-01
2.271967734689263607e-01 2.559874740015934957e-01 2.707775494453588117e-01 2.514553879619866317e-01 2.453132320442052428e-01 2.557261504053697232e-01 2.423124216933275066e-01 2.524730475540799546e-01 2.464929993208455072e-01 2.647041406167327526e-01 2.569244937667377604e-01 2.306363297208323115e-01
2.395623270522351800e-01 2.614142223550217636e-01 2.725110971731249387e-01 2.327769558681762330e-01 2.538772219794159790e-01 2.445885347912399865e-01 2.582673535653792762e-01 2.332451542908679509e-01 2.397331517037066539e-01 2.592676854006961129e-01 2.506002663226982730e-01 2.541560294974404277e-01
2.513164469251800703e-01 2.515474255505821821e-01 2.492755815588938717e-01 2.499532133562668290e-01 2.194092040854815073e-01 2.568181900317848543e-01 2.578317415393652778e-01 2.754352962923956039e-01 2.517195919253464864e-01 2.395179419916556585e-01 2.569147385915575565e-01 2.402606281514949593e-01
2.363511645509052406e-01 2.452654157195749973e-01 2.483049251719138262e-01 2.467580250114787543e-01 2.328922658826861336e-01 2.482760753757113914e-01 2.411552745820699784e-01 2.475977109807242504e-01 2.494374688144794794e-01 2.680949897730909304e-01 2.710248621042518069e-01 2.648418220331205664e-01
2.247521691922152454e-01 2.554445717772370061e-01 2.507393143682801750e-01 2.404630698809540612e-01 2.572451785725151652e-01 2.731265488768383487e-01 2.418975931380939748e-01 2.252838518373718180e-01 2.499082455118486479e-01 2.652017729907982235e-01 2.432031996389884820e-01 2.727344842148603510e-01
2.469356272067053104e-01 2.643056000663477345e-01 2.522835450723133199e-01 2.300633514706301175e-01 2.521721349086105679e-01 2.528545356786642273e-01 2.444700225000033256e-01 2.303764059220232419e-01 2.617172627720991684e-01 2.447388093547122057e-01 2.533024569327669839e-01 2.667802481151297922e-01
2.537324723519543412e-01 2.672791162059195980e-01 2.630137565775431119e-01 2.537666434188758924e-01 2.318905587135537960e-01 2.589780964363515570e-01 2.410043134220668237e-01 2.357537810945032342e-01 2.447387064935760415e-01 2.534401887015231836e-01 2.579428383717227158e-01 2.384595282124145343e-01
2.349491990280510034e-01 2.515346552822101955e-01 2.705022649420363301e-01 2.439784031049347379e-01 2.407005559380430704e-01 2.520746449786396282e-01 2.559732628743509597e-01 2.441515515838295070e-01 2.514079937504101192e-01 2.601624645387633494e-01 2.495378448486544054e-01 2.450271591300761942e-01
2.513322006143141607e-01 2.379182550248374883e-01 2.624737311986334309e-01 2.672128121738583939e-01 2.507803588965253905e-01 2.174368141094200624e-01 2.656508045753790404e-01 2.387739013928413256e-01 2.416520980067238256e-01 2.743678140899317164e-01 2.411777872643000586e-01 2.512234226532368275e-01
2.414492655648663444e-01 2.666599902882939022e-01 2.417747247015903933e-01 2.530643421215590938e-01 2.428033575123120791e-01 2.303954760871786411e-01 2.501450974879338984e-01 2.518380794433102143e-01 2.283491488613660358e-01 2.799561857165557832e-01 2.414880696097100599e-01 2.720762626053245814e-01
2.221957944990274325e-01 2.629062914820187169e-01 2.777937251381107364e-01 2.344288352893398597e-01 2.565678505491960637e-01 2.445051772410234692e-01 2.536934467527581227e-01 2.577739362924854061e-01 2.423812431833841097e-01 2.456576531529934826e-01 2.663328609083189802e-01 2.357631855113460351e-01
2.533547697915575214e-01 2.485975422828932690e-01 2.590005811121370849e-01 2.451056413472668116e-01 2.446561145863769271e-01 2.404004115148226650e-01 2.446995613006950898e-01 2.475879419837605511e-01 2.613564164043652993e-01 2.302385091207372614e-01 2.556690798761164229e-01 2.693334306792687372e-01
2.770677042001132850e-01 2.578139111708834808e-01 2.351499969144487945e-01 2.456363630656989150e-01 2.744588664697203417e-01 2.578519200126877520e-01 2.321835930058692432e-01 2.365968199565281482e-01 2.604323508964082046e-01 2.577908519384334851e-01 2.280421457389606721e-01 2.369754766302543669e-01
2.545290858498365782e-01 2.920611864152767856e-01 2.551841252613416544e-01 2.322913153175594492e-01 2.534581401761779595e-01 2.389364922455628482e-01 2.451513696156113475e-01 2.447994208374023317e-01 2.496484475304789896e-01 2.452441970323568088e-01 2.414498125699716391e-01 2.472464071484249959e-01
2.611819961846321148e-01 2.632236188539315291e-01 2.309893439962162343e-01 2.611582057531177670e-01 2.618372705778213017e-01 2.260661062790705611e-01 2.311013950707052900e-01 2.722920823285790437e-01 2.647704403883790469e-01 2.587450618401174740e-01 2.445148314807853995e-01 2.241196472466475964e-01
2.455368136595133810e-01 2.514310246125268655e-01 2.497441650215939113e-01 2.498820484804222530e-01 2.411087443763563487e-01 2.687774251554863048e-01 2.395049245137778060e-01 2.399685631386053175e-01 2.545058263382509733e-01 2.822410179275395281e-01 2.449162850922286805e-01 2.323831616836970482e-01
2.486891156153529514e-01 2.387451139956017765e-01 2.136330668689156997e-01 2.434937224058085214e-01 2.639614224804456843e-01 2.405131112472060628e-01 2.668352728176883737e-01 2.568207705923326589e-01 2.689373265106135280e-01 2.559726529128942274e-01 2.576414853616016964e-01 2.447569391915335180e-01
