-1.211461079892513659e+01
-1.304037682511957819e+01
-1.257474560964806720e+01
-1.254706553633511668e+01
-1.283330775002534452e+01
-1.281565364250115380e+01
-1.226457139003485608e+01
-1.237287139797831337e+01
-1.212346753984597214e+01
-1.276339383204051536e+01
-1.267904225795517448e+01
-1.299376542656449729e+01
-1.247155425295542486e+01
-1.256294314852007687e+01
-1.269699000674390099e+01
-1.297211093793516667e+01
-1.254104532645286518e+01
-1.250246383622105029e+01
-1.258924926513428666e+01
-1.265127220049041057e+01
-1.253688083282251853e+01
-1.307611396727449815e+01
-1.247122981207416537e+01
-1.347874409531679873e+01
-1.335750722324394069e+01
-1.227889254125661722e+01
-1.310282604853316890e+01
-1.252701701351204555e+01
-1.257556869108745090e+01
-1.317483871339221757e+01
-1.285654335400422887e+01
-1.263256095751550312e+01
-1.213436370840076073e+01
-1.274999750328567139e+01
-1.249137316117800367e+01
-1.272448481746109827e+01
-1.272134057514485583e+01
-1.208421762982874270e+01
-1.266816848946545804e+01
-1.264652149165777395e+01
-1.218822758443017662e+01
-1.292402479031788687e+01
-1.301428387848475232e+01
-1.266454271215884475e+01
-1.238167492289151106e+01
-1.214287435029268458e+01
-1.287480367918172774e+01
-1.237024147614971525e+01
-1.258986400403901840e+01
-1.294294482581293337e+01
-1.232168249663633119e+01
-1.231632492978253701e+01
-1.278903606197033049e+01
-1.206729589015567150e+01
-1.272491528147602047e+01
-1.308970330690785744e+01
-1.269289367138870084e+01
-1.246373874655382252e+01
-1.235708667916544989e+01
-1.301228232091052384e+01
-1.321553228667822921e+01
-1.260133017645918230e+01
-1.264153429446612265e+01
-1.360134540285986127e+01
-1.198546345814520997e+01
-1.276625229401403949e+01
-1.282388965330147279e+01
-1.288523246057789784e+01
-1.249798760012590648e+01
-1.266717960681635979e+01
-1.243655602769645085e+01
-1.285787570190012730e+01
-1.280741559536918928e+01
-1.265587827697059708e+01
-1.313887254859016274e+01
-1.240444158804846175e+01
-1.265164949948870188e+01
-1.187652709652214966e+01
-1.279391895707745519e+01
-1.298152224681348521e+01
-1.286569590335732016e+01
-1.254352286400064465e+01
-1.224071371746934034e+01
-1.269650394732558851e+01
-1.313042741362699495e+01
-1.280554546335561028e+01
-1.207857997157000796e+01
-1.310936402587049798e+01
-1.252086387176055915e+01
-1.275288757824675834e+01
-1.282950122855626596e+01
-1.256469339940204755e+01
-1.215691266797443681e+01
-1.348317457652317941e+01
-1.191673426377477440e+01
-1.254893434715106793e+01
-1.341414646157911150e+01
-1.344536614010563369e+01
-1.211769493653591567e+01
-1.237552830361103950e+01
