-3.754650408978867482e+00
-5.319417602454993066e+00
-4.301545262717925588e+00
-5.149420257562207226e+00
-4.682682124439604188e+00
-5.840885264946200195e+00
-3.810538781414025244e+00
-5.971340435304337113e+00
-4.041171277825269748e+00
-5.131183752392182384e+00
-5.168661918709563707e+00
-5.339497775101251342e+00
-4.134846984765147226e+00
-4.426811258823629025e+00
-4.351947288862504593e+00
-5.457581698968399841e+00
-4.766568585151286896e+00
-4.767227221340558430e+00
-4.720613221577346863e+00
-5.038398520526029323e+00
-4.439415652567990200e+00
-5.635883439455549038e+00
-4.154746520446988001e+00
-5.806060718394914666e+00
-6.487672854213851537e+00
-3.940573590754499200e+00
-4.650103428344108281e+00
-4.781407565664722803e+00
-4.396919355889332692e+00
-5.383880587342862789e+00
-5.564465240709115967e+00
-4.034221452958734133e+00
-3.563618943260084215e+00
-4.975166402097079832e+00
-4.744576229501857867e+00
-4.510461097541637265e+00
-5.521124813475413617e+00
-3.995534277445454752e+00
-4.932583869136998977e+00
-4.307851016680172229e+00
-3.817867610964370773e+00
-6.878629098653770590e+00
-5.441967313767301029e+00
-4.721724042806111576e+00
-4.128414130293537987e+00
-3.846119758960189650e+00
-5.368539318883534861e+00
-4.779763559580140431e+00
-4.771830788329954665e+00
-5.686431454409438757e+00
-4.455745173909105183e+00
-3.799692042829329708e+00
-5.004637820078906785e+00
-4.177319339835869449e+00
-5.728287905906595867e+00
-5.286800102246665745e+00
-5.668316522309365446e+00
-4.023349037276133799e+00
-6.208058449085696928e+00
-5.830330876098605231e+00
-5.819310915883399993e+00
-4.401997690799447582e+00
-4.902131489663271502e+00
-6.128121913389138697e+00
-3.737380463450937107e+00
-5.568543608571979497e+00
-5.904156150879874332e+00
-5.727884566852851300e+00
-4.334556880663175349e+00
-5.046261296006387731e+00
-4.198506261367924708e+00
-4.619945591131277673e+00
-4.436890904155128545e+00
-4.370245795068136374e+00
-5.479971438101291170e+00
-4.903365768896171595e+00
-4.553761305521615732e+00
-3.215223504652093389e+00
-5.218878880886443028e+00
-4.914928716031090161e+00
-4.815561399944015442e+00
-4.013380850025807689e+00
-4.296418350570848865e+00
-4.765012357703482415e+00
-5.347344119243824245e+00
-4.974056217861017259e+00
-4.176962977379377939e+00
-5.177654539038059944e+00
-4.332758504998984073e+00
-4.725719940535189956e+00
-4.313393889752928700e+00
-4.871652977346315971e+00
-4.476272693412892245e+00
-6.219964607623822417e+00
-3.248041620689202436e+00
-4.978552887924283965e+00
-6.713384582417008417e+00
-6.266906823311833463e+00
-4.181513909247860816e+00
-4.598719081385958418e+00
