2.663848923089030540e-01 4.012546206098294710e-01 2.312176110147249886e-01 2.022229077348051685e-01 2.085147713060566677e-01 1.688155113018309783e-01 2.931255222539560501e-01 3.048033945985742510e-01 2.737681951486498622e-01 3.171718485691797929e-01 1.446857999535801076e-01 1.880349251999154647e-01
3.556110215654900708e-01 2.294774575671342798e-01 1.924838218244223076e-01 3.551314991387275466e-01 1.594635050369898055e-01 2.524719499134503442e-01 3.006929727602058455e-01 2.518964405188772737e-01 2.954073011965492324e-01 1.577724115353487111e-01 1.833563789495983865e-01 2.662352399931987579e-01
3.123514870578978919e-01 2.464983903007670341e-01 3.276374885068846776e-01 2.433136847507216260e-01 3.096620566750590275e-01 2.302334185272192080e-01 1.887661954472319159e-01 2.666726905146361570e-01 2.575023366580977413e-01 2.369104868643308881e-01 1.855266720543867209e-01 1.949250926427703312e-01
2.233632557756183579e-01 2.184419358951340262e-01 3.150658182152093478e-01 3.866051346988348403e-01 3.240585498924090091e-01 8.662849049637233456e-02 2.328728481167583741e-01 3.138197002494776955e-01 2.264708349319132508e-01 2.416770758534613206e-01 2.137047873678361021e-01 2.172915685069752856e-01
3.020569202356769845e-01 2.899292084473236164e-01 1.701188248301189199e-01 3.059364203863229603e-01 2.286076196766091972e-01 2.790687539505990467e-01 2.043444780399503724e-01 1.897782727494728983e-01 2.844020842085683287e-01 1.724721839064847773e-01 2.833124187295217311e-01 2.899728148393568850e-01
2.537196967611855536e-01 2.233468396354022500e-01 2.920505172854482856e-01 4.245855836507037573e-01 2.862565794204223746e-01 2.248757191678059930e-01 2.214070811562086349e-01 2.369307235815035217e-01 9.413658567824437218e-02 1.825475462637520252e-01 3.079171393605636409e-01 2.522259880387738296e-01
2.478312935106652681e-01 2.130750177593561112e-01 2.173081659767246987e-01 2.451828140359995634e-01 3.171447948187609556e-01 1.662448833841179419e-01 1.833506806418603308e-01 2.795315726133669187e-01 3.111056810823640828e-01 2.112390551054754706e-01 2.613221809299546283e-01 3.466638601413557508e-01
1.975743013476835008e-01 2.734103595808117793e-01 1.446697862363478526e-01 4.572432024219060809e-01 1.739927241794503587e-01 3.131001968116001732e-01 3.466632105998980196e-01 2.167143563042042143e-01 1.035660180795441448e-01 3.595150378655209700e-01 2.139787829364662997e-01 1.995720236365761124e-01
2.313214445971121525e-01 3.295774322330057848e-01 3.046158327896268947e-01 1.458101816042990106e-01 2.817611014537113046e-01 2.669761519805681216e-01 2.469061819819599879e-01 2.097148186308535056e-01 1.524769800939044795e-01 1.637255161757307231e-01 3.075236806972699299e-01 3.595906777619592432e-01
2.063987166468549128e-01 3.453063606573738009e-01 3.131466395194489882e-01 2.599779927458190087e-01 3.269228708937945704e-01 2.932890299213093965e-01 1.980803628149822582e-01 1.977830367782836274e-01 2.229694626495637433e-01 3.036733452529966626e-01 1.645608127703137025e-01 1.678913693492660730e-01
3.851690376921240722e-01 2.572910781449740947e-01 1.792183555371041903e-01 2.785182282795787279e-01 1.980241991003786894e-01 2.432449453499013758e-01 1.098546937605795609e-01 2.501447994744353531e-01 3.124413273890312426e-01 2.455637005437902587e-01 2.762844543002139774e-01 2.642451804278872496e-01
2.682975232017228429e-01 3.052947355244207683e-01 1.656040827764288237e-01 2.224721124195585265e-01 2.204084005309858985e-01 3.468475180184587003e-01 1.530132733628788433e-01 3.582285687429216381e-01 2.465069492625676095e-01 2.300981923966391451e-01 3.420045278871410854e-01 1.412241158762700399e-01
3.034992551883629042e-01 3.018214899962072817e-01 2.480107065999734295e-01 2.041064975104707468e-01 2.232467116674445307e-01 3.183314255831654060e-01 2.532885722081804625e-01 2.649725791215429838e-01 1.954826455643365046e-01 1.859079786054547156e-01 2.617054191828163123e-01 2.396267187720385050e-01
1.901770160668856680e-01 2.551428026992852982e-01 2.465476353440188007e-01 1.799632465017144412e-01 2.402219051970892749e-01 2.314314168150709006e-01 3.014205851559709215e-01 2.845690584636247911e-01 2.432419176386392268e-01 1.912416501342891761e-01 3.541716362373552585e-01 2.818711297460634313e-01
2.159806760019095384e-01 1.932705607293507821e-01 2.413168839699926516e-01 2.984834470678287555e-01 2.042412265927039394e-01 2.288215503568867271e-01 2.203135549913244340e-01 3.031858747358178174e-01 2.320223085652167172e-01 2.542456234702097917e-01 2.757656191128505796e-01 3.323526744059100424e-01
3.235020390293301129e-01 3.530596275155131192e-01 1.512893666672575632e-01 2.574679318349105683e-01 1.371274856955529975e-01 3.636198253786845358e-01 2.353062315317651088e-01 1.456574654796816415e-01 3.259561642854701957e-01 3.288892189059237636e-01 1.956400983098892654e-01 1.824845453660240147e-01
2.413196525626572220e-01 3.275914881862613814e-01 2.824896211617776154e-01 1.304023356416922907e-01 1.547118876198135817e-01 2.504720466647533117e-01 3.245155423062102695e-01 2.822991642042369520e-01 1.370660196775521922e-01 1.753957883747320201e-01 3.759967751119862589e-01 3.177396784883287362e-01
1.997723659974489085e-01 1.450486328638884992e-01 3.757184208368046230e-01 2.715208612880257166e-01 1.606279297846832932e-01 1.693726797736078149e-01 3.650198915224786567e-01 3.142893670834758790e-01 2.129907015243396318e-01 2.935299126924534874e-01 2.265430441429401309e-01 2.655661924898529147e-01
1.766331758242896677e-01 3.655063355407811021e-01 2.821211373794159094e-01 1.687825729623107507e-01 3.247413891870501446e-01 2.099925004761278302e-01 3.038889147832108395e-01 2.862795273243870509e-01 1.687661527670509809e-01 1.795909181992303427e-01 1.906839391198932865e-01 3.430134364362513733e-01
2.404301885802999361e-01 2.431847183298549986e-01 1.767275246539290190e-01 1.620090912059324040e-01 3.977403095220890528e-01 2.800893291593467005e-01 2.281846058337490268e-01 2.118562813454977212e-01 2.936070542911734527e-01 2.963923728854775952e-01 2.438118579533994912e-01 2.259666662392554870e-01
1.445823866255933621e-01 2.958953868523949149e-01 2.351021930477409094e-01 3.032507369600209168e-01 1.411390619382127676e-01 3.087347681963639179e-01 2.312450533214031601e-01 1.648299183333536977e-01 3.272420270829261568e-01 3.425208072474245635e-01 2.090365778574075906e-01 2.964210825371603186e-01
1.182947796793213380e-01 2.847015837812854055e-01 3.069912325838005662e-01 2.872915596837622987e-01 2.207253605206496994e-01 3.778347766627541682e-01 2.220943316662463141e-01 1.912709133384379867e-01 3.445959038997834512e-01 2.681508090469770789e-01 2.580890678786273984e-01 1.199596812583479111e-01
2.539867615429978187e-01 2.654747168609292718e-01 3.031397958074717458e-01 1.874958109965800535e-01 2.029889060044356430e-01 3.641747920014583029e-01 2.159776603271497120e-01 1.926660410415196867e-01 2.422743512727316417e-01 1.965438440112006746e-01 2.125239832021208475e-01 3.627533369314024370e-01
2.480296529902235314e-01 1.932771900271857413e-01 2.153595293253434129e-01 2.627831503530134172e-01 2.830739867033958967e-01 2.885846608778379063e-01 3.355327661635434389e-01 2.078642112789282348e-01 2.216559213007004980e-01 2.969514115452224212e-01 1.758620317686312717e-01 2.710254876659738965e-01
3.199849610638191288e-01 3.029438202492747423e-01 2.759030479300751404e-01 1.907736276013671239e-01 2.773943818797608429e-01 2.087363460282789240e-01 2.208412673781702806e-01 1.264426242577773585e-01 2.030459418955806172e-01 2.740717372080944125e-01 3.937202686617760072e-01 2.061419758460284746e-01
2.173734525044395682e-01 2.851756491086294698e-01 2.771567876396183738e-01 2.498501066034538587e-01 2.812536456658607520e-01 2.371075019907492309e-01 3.221902220990489618e-01 2.823621429784324288e-01 3.119976609289406011e-01 2.139936955051383871e-01 1.628640673793939342e-01 1.586750675962909363e-01
2.557040900223827018e-01 2.208684634647677392e-01 1.901075099501017551e-01 2.474395737779840343e-01 3.067734635189542924e-01 2.153226928935168538e-01 2.449635336913608685e-01 3.036781922583977611e-01 2.097236604958789830e-01 2.409838248799312521e-01 3.176390442329609654e-01 2.467959508137698710e-01
1.880902851017661748e-01 1.843474004010096645e-01 2.150154482228841257e-01 2.676867159775562222e-01 2.407792560436842755e-01 2.682580240850067632e-01 2.519041003665219991e-01 3.207398595717078083e-01 1.895857280988357263e-01 3.033898355669953362e-01 1.721547843228972141e-01 3.980485622411324975e-01
2.962711147538592549e-01 2.650014609486076589e-01 2.056941360873724700e-01 2.006868305135530439e-01 2.900707639980223407e-01 2.116286176453313628e-01 2.041838840855840775e-01 2.632298385733886081e-01 2.071548734949174575e-01 3.589799013433874753e-01 2.928904790683016790e-01 2.042080994876721844e-01
2.277336967321107464e-01 1.985456886336605942e-01 2.826361557788529821e-01 2.186219418690323324e-01 2.872887362242151910e-01 3.158164465512930397e-01 2.955066838092980652e-01 1.543022212155084061e-01 2.504410605905029730e-01 1.905148414186773609e-01 3.242656946180820787e-01 2.543268325587700884e-01
1.757597145071037592e-01 2.296297728127240367e-01 2.423390434573781116e-01 4.010871120119302580e-01 9.453128979230002171e-02 1.947651135385757015e-01 3.491783221473819809e-01 2.625137169356958067e-01 2.873305734810046030e-01 2.179557452691039954e-01 3.194169262440948454e-01 2.254926698026976095e-01
2.387450368119236332e-01 2.959277774317912169e-01 2.078468242433395563e-01 2.502439472207860227e-01 2.982304488079041693e-01 2.596759411757635361e-01 2.461264312052665049e-01 2.617341400200703938e-01 2.551809642208064388e-01 2.744104359863754894e-01 1.755262909338843880e-01 2.363517619420881233e-01
2.101487088583642304e-01 1.987329164186781016e-01 2.761335552098835300e-01 2.182240058165188790e-01 2.874140754770628803e-01 3.103279873163669600e-01 1.931865681744595054e-01 2.247959588886136451e-01 2.739572102696060107e-01 3.249670857707688820e-01 2.455771955092643788e-01 2.365347322904077232e-01
2.498681290301830171e-01 2.374779212936064532e-01 2.361781743629746688e-01 3.562852939787199968e-01 1.386688108591706270e-01 1.935128126142082183e-01 3.832832835650121783e-01 1.659888289541797124e-01 1.820130246315496692e-01 2.932592283313961157e-01 3.214939514717245483e-01 2.419705409072770708e-01
3.099548236861689454e-01 2.182268190234412653e-01 1.606816902872597042e-01 3.724388535435013692e-01 2.799056740983767444e-01 1.431382980785254055e-01 1.208462638615997869e-01 2.384557044588138663e-01 3.120810021834971026e-01 2.215183433901764809e-01 3.020515566354877723e-01 3.207009707531546239e-01
1.665550534275259675e-01 2.290466851760568079e-01 2.156494092046877808e-01 3.188223045216969087e-01 2.637145809300124322e-01 2.771950567374686925e-01 3.101790225603294204e-01 2.152143684802735601e-01 2.289889443728970742e-01 3.092233604817221648e-01 1.904667683586376559e-01 2.749444457486931448e-01
3.405358127531613599e-01 2.581501991982299016e-01 2.326859898233677726e-01 2.610727818918195942e-01 2.845613584506281879e-01 1.763740932135882677e-01 2.023619927566149834e-01 3.735862026685280446e-01 3.430338177166103453e-01 6.770418766005431577e-02 1.014151571558459947e-01 3.585184067115523288e-01
1.458882459741385473e-01 3.263795574728617366e-01 3.135606501189260320e-01 3.016936711854985020e-01 2.626403412944454674e-01 1.750450514020273629e-01 1.746964923277837256e-01 1.866272386780071235e-01 2.350504157486649759e-01 2.502415959952707381e-01 2.944569568915967883e-01 3.337197829107823033e-01
1.168679713014272731e-01 2.865431846190622522e-01 3.654809292409026966e-01 1.734322038415947453e-01 2.874551823491684477e-01 2.118881613276590303e-01 2.242415822522579594e-01 3.491258829870683700e-01 2.433357378674932403e-01 2.158221450511985107e-01 3.373162049027589315e-01 1.884908142594115821e-01
2.583552185980702021e-01 2.532899960792078242e-01 1.665618215953373893e-01 2.124531890893296415e-01 3.177435143247466787e-01 3.194802567403418614e-01 1.837926194268399704e-01 2.657023162883712653e-01 2.634074247039042138e-01 2.898517544836134441e-01 2.023534095589777371e-01 2.670084791112697920e-01
3.268627043453985470e-01 2.600016641149833774e-01 2.299259097575214739e-01 1.247182796774968516e-01 3.548840041127808154e-01 2.051678008136337827e-01 3.171908346794126698e-01 2.737760718029094709e-01 2.279098132159579904e-01 2.581925182624952297e-01 1.835687787775759083e-01 2.378016204398275546e-01
2.448665100885568102e-01 2.200653329161345595e-01 4.374455137328078225e-01 3.013949587477975367e-01 1.855378187288871383e-01 1.769603927687289635e-01 2.107775982074124310e-01 2.145096979081506094e-01 2.657839186414045485e-01 1.169323334812250315e-01 3.984399687118044264e-01 2.272859560670885126e-01
3.331687970302314450e-01 2.049935622215520448e-01 1.622322817995156263e-01 2.732835868093941301e-01 3.218118870503747786e-01 3.022705919120723950e-01 2.506696595484427803e-01 3.561550603928827496e-01 1.477455261630997718e-01 2.346450902746796685e-01 1.403496787061937479e-01 2.726742780915635267e-01
1.917262175332463958e-01 2.438801760934651286e-01 2.516422058756687119e-01 2.891449704872280368e-01 1.468880035886488689e-01 2.643393124648057979e-01 2.335866769877916471e-01 2.203432044125893663e-01 2.497805904067535721e-01 2.954248363557711032e-01 3.737478629125116081e-01 2.394959428815165159e-01
3.401451812764315630e-01 2.811265574919574184e-01 2.034608328032413427e-01 1.905749515435327390e-01 2.596514107401837190e-01 2.770994847425831131e-01 2.166546739333632954e-01 2.195618385204537171e-01 1.802714472000377932e-01 3.309920181480419110e-01 2.095594000683179692e-01 2.909022035318599708e-01
1.874285647620683448e-01 3.214349683009651848e-01 3.611839341324720176e-01 2.132186367424569740e-01 1.874628991976201031e-01 2.206636604106289035e-01 3.287673127290773323e-01 2.333944760800606144e-01 1.692660693986577369e-01 2.435848089500246005e-01 2.796448653466921952e-01 2.539498039492759651e-01
1.895537076709777335e-01 1.211032455450840872e-01 1.548045490682490033e-01 2.944557044449871430e-01 3.782180471080741624e-01 1.681012233126309430e-01 3.256696440075158572e-01 2.644084438103534440e-01 3.276903638582553402e-01 1.498397259470259091e-01 3.270235315296289857e-01 2.991318136972174191e-01
2.185177703653621573e-01 2.027685128157997174e-01 3.649652907707378047e-01 3.693364917122604618e-01 1.909337323092214767e-01 1.578117922771024584e-01 2.239839386933661358e-01 2.375309060652467386e-01 3.334597057934025055e-01 1.470392252996635951e-01 3.554146486258580317e-01 1.982379852719796109e-01
2.925283048969964383e-01 2.826349635764292545e-01 2.521708259792582729e-01 3.088391414932551982e-01 2.569259808041153281e-01 1.716661675246068941e-01 1.965989632934638243e-01 2.401410397680054376e-01 2.751128464034490184e-01 2.178028229799255366e-01 1.344168797781964964e-01 3.711620635023024084e-01
1.975574300418808660e-01 2.281104999346802442e-01 1.675272857038612173e-01 4.080737915177850006e-01 2.263383538182573429e-01 2.254632927298295952e-01 3.399443491723683208e-01 2.301119788969784308e-01 2.486897509795287231e-01 2.141769014698836071e-01 2.030503366292128464e-01 3.109560291057333337e-01
2.984059335847057404e-01 2.250172767013864372e-01 1.060211236563977921e-01 1.896661729921786943e-01 3.367724213118931109e-01 1.732791848790458666e-01 2.627985271152535329e-01 2.948057526715153753e-01 2.786899650647360338e-01 2.381850745317509455e-01 2.155605075378053404e-01 3.807980599533269395e-01
2.505910785591362044e-01 1.982015951715412339e-01 2.850756123508961792e-01 1.952188630650267265e-01 2.627812588724023346e-01 3.326306551516494125e-01 1.777814038806369845e-01 3.076738386366228983e-01 2.912710817355679271e-01 2.281722777472270369e-01 2.329993097632871157e-01 2.376030250660042531e-01
1.202088349296592668e-01 2.365618897400653120e-01 3.312923116088482001e-01 2.566362570445692715e-01 2.456081476709048306e-01 3.015521513182907176e-01 2.891288217856732845e-01 2.315297995359421046e-01 1.360039256316022682e-01 3.642557172249295538e-01 3.299699258831593207e-01 1.572522176263513316e-01
1.448592519309919169e-01 1.614520035629985473e-01 1.837237389633195050e-01 1.887675549581039891e-01 2.068065317432952188e-01 2.856742563984198124e-01 2.689752800924833376e-01 3.469849973221915129e-01 3.240554796350137989e-01 2.692703365391512227e-01 3.068226168791964303e-01 3.126079519748317104e-01
3.437181142841626014e-01 1.651297204749591629e-01 3.030097024066254474e-01 1.608987211109772220e-01 2.982179005076430744e-01 1.397016277393523520e-01 1.831127708573346280e-01 4.213519476711888867e-01 2.861842266378715194e-01 2.934331342953604427e-01 1.719836855206086090e-01 2.332584484939163594e-01
2.323401815316781527e-01 2.121641427091185972e-01 2.598349732794620892e-01 2.117822120922349671e-01 3.153063009392960137e-01 2.719295134886556831e-01 1.469252668771670600e-01 2.676272234920691329e-01 3.620356339222534636e-01 1.816609820549545395e-01 1.999527748084937717e-01 3.384407948046154191e-01
2.656472456142127681e-01 2.513827248850182272e-01 3.821098013515802916e-01 2.167033778867426819e-01 3.818709068330965462e-01 2.472817022021981670e-01 2.318511864677615386e-01 1.855227561555409244e-01 2.198856855523903531e-01 1.723422820017854185e-01 2.262093748129161419e-01 2.191929562367548046e-01
2.342474309937465360e-01 2.331841161059407530e-01 1.829746282047564621e-01 2.198451398879085750e-01 2.484889152947889479e-01 2.633635485454779435e-01 3.595954176489202236e-01 2.327541741855063684e-01 1.688628127411424540e-01 3.944089208116438594e-01 1.942162646024963024e-01 2.680586309776669118e-01
3.132449930125870141e-01 2.288396217166206448e-01 7.038418653132723357e-02 1.293240980283441310e-01 2.653143421404178248e-01 2.589611150513387305e-01 4.509584958554559986e-01 2.648809846805001422e-01 1.751656772820454067e-01 3.983749802338838464e-01 2.210755468280320990e-01 2.234759586394439168e-01
1.656956081544274928e-01 3.751754338711402736e-01 1.270955095707904103e-01 2.123932738887838456e-01 2.303496532725842760e-01 2.765575259541904751e-01 2.398344932295400633e-01 1.482089325724370299e-01 2.523729615858436581e-01 3.594114305750629734e-01 2.571025850640227262e-01 3.558025922611769420e-01
2.070538379606963186e-01 1.720773616280172336e-01 3.319670560822057803e-01 2.932377439070717462e-01 2.101907030881243199e-01 1.687713132049898368e-01 1.808502181360013839e-01 3.394876845182028813e-01 3.458944425818676338e-01 2.103188905831834266e-01 1.925078080411171677e-01 3.476429402685334291e-01
3.104672485061409359e-01 3.238107984767851222e-01 2.515546502842903598e-01 2.851456508633936071e-01 2.285301487821188582e-01 2.144024378237853468e-01 1.720731665072822714e-01 2.313051714247956747e-01 2.580733179791249721e-01 2.084364567928206347e-01 2.681135404350045159e-01 2.480874121244593111e-01
2.212051110634423723e-01 3.540017490403508105e-01 1.569754366043965843e-01 1.539602038114856741e-01 3.482518864402061043e-01 2.212117764492928518e-01 2.736669427833170465e-01 2.732193225392607339e-01 2.815193497420650504e-01 3.697690390794656223e-01 1.853964120620796574e-01 1.608227703846423218e-01
1.987325451692792400e-01 2.632453248364216569e-01 2.806501848975677671e-01 1.992452993632273794e-01 1.702230123818034291e-01 2.822708663121806238e-01 1.998140296313584696e-01 2.956694004725464175e-01 2.126602961635361555e-01 2.839557985201035528e-01 3.614772303007229848e-01 2.520560119512455510e-01
2.019517327327313150e-01 2.504894469539322710e-01 1.977812828890279928e-01 2.541556248747007807e-01 2.474677364468210461e-01 3.477100411848934591e-01 1.998977277860228829e-01 3.573658368805846530e-01 2.026979668652448274e-01 1.570645858842319442e-01 2.253395918328957581e-01 3.580784256689109046e-01
1.719506342206369442e-01 3.012062428595637664e-01 1.590323864312168101e-01 1.990553022117246551e-01 2.475331805111565253e-01 2.612492403534658614e-01 2.756058366783021851e-01 2.437571499512063977e-01 2.436620599990784175e-01 3.470514411810472488e-01 4.087842574951978114e-01 1.411122681074045981e-01
1.766408768916077066e-01 2.054830950053688765e-01 2.066302498032459578e-01 4.301546928625545885e-01 3.152910914588982760e-01 2.033761258694974927e-01 3.184529995778880851e-01 2.810428262642902242e-01 1.473947629857023378e-01 2.050230283881361304e-01 2.704742530620453111e-01 2.400359978307593234e-01
2.632116288553568717e-01 2.736707914932723362e-01 2.807400558325289230e-01 3.062087521119317701e-01 2.726960725264017116e-01 1.868744716653210625e-01 2.622880990836464754e-01 1.766032760206233676e-01 1.131891339572176636e-01 1.762237921947396035e-01 4.042072994386491924e-01 2.840866268203031675e-01
2.201125049915499121e-01 1.816675733996002406e-01 3.471293174950581539e-01 1.205996176348936300e-01 3.223669930861333688e-01 1.902883205560153557e-01 2.629649033527126645e-01 2.403039705319640063e-01 2.814400422908727717e-01 3.102601948344365645e-01 3.069401217226503942e-01 2.159264401041115500e-01
3.075988186260097956e-01 2.314248453551754625e-01 3.046874307286958072e-01 1.862118586754571981e-01 2.845775002785702057e-01 1.192606170829127732e-01 2.049464750305248217e-01 3.925442913025551928e-01 2.599876943307060095e-01 2.262039341340930099e-01 2.189372161611302381e-01 2.636193182941666269e-01
1.732482726169880527e-01 2.547658137944563972e-01 2.149691208256624964e-01 2.797915502432410939e-01 2.880964698868171969e-01 2.845065511470314945e-01 2.943662507615690815e-01 2.772127507585426254e-01 2.508380114252261039e-01 3.245817769489611204e-01 2.071853710782965430e-01 1.504380605131939719e-01
1.409465633580843091e-01 2.500936886224214284e-01 3.738435906002949838e-01 2.022127552469792644e-01 1.838412447591403209e-01 1.899249085927764424e-01 2.925540514510516221e-01 2.618233950284128420e-01 1.901506488422875230e-01 3.243610184883896075e-01 3.176302960501125039e-01 2.726178389600388829e-01
2.705589602081913680e-01 2.476976439985921763e-01 1.968492239018207191e-01 2.758358555030812065e-01 2.925301357162914950e-01 2.456824610808904519e-01 2.475087356975821939e-01 2.731203285838661454e-01 2.147731260425925770e-01 3.201791983399890906e-01 2.163907379168162337e-01 1.988735930102810689e-01
2.521180489241204858e-01 2.245167378919196710e-01 2.195600570411946340e-01 1.187249146788633969e-01 1.894661843362334397e-01 3.578005125979972223e-01 2.801897955719349076e-01 2.870180167087026391e-01 1.942359555093516321e-01 2.983909840091604759e-01 3.621550600826857202e-01 2.158237326478256168e-01
3.152630680949324304e-01 2.780595297283136036e-01 2.337043225723801632e-01 1.756114985007169171e-01 2.338444281954858983e-01 2.705797825077307928e-01 1.739367280334085109e-01 2.251031486557875938e-01 2.204265026106655145e-01 3.074888892575090571e-01 3.316231864909011673e-01 2.343589153521662971e-01
1.417325491274902260e-01 1.581544423263946952e-01 3.112625991803207315e-01 3.759114220465747946e-01 2.235803700934366200e-01 2.678150370983691797e-01 3.524295055524599984e-01 2.700623903733425646e-01 2.607847140275254549e-01 2.105522829539555607e-01 2.466143177785671270e-01 1.811003694415636023e-01
2.569019230323437153e-01 1.830384462400310164e-01 3.366685102735076929e-01 3.058462245841948590e-01 1.757826214456493785e-01 1.534967282006186040e-01 2.870743219051392625e-01 3.452208773162680489e-01 1.663821157783767490e-01 2.701532172930981579e-01 2.736875447772711967e-01 2.457474691534996813e-01
1.710864753582662101e-01 2.835023245972558836e-01 2.207174769653565405e-01 2.746849469608190208e-01 3.467544964124488205e-01 2.238375035120120371e-01 2.529243539972946264e-01 2.774408167341794185e-01 3.032339581702769293e-01 1.551208553555030178e-01 2.533464750997464487e-01 2.373503168368391314e-01
2.235056659088202058e-01 2.419904673643142601e-01 3.127095020365814326e-01 1.994246147015258930e-01 1.714388944598799480e-01 2.481100483560479408e-01 1.960350604464773383e-01 3.984491364376994138e-01 1.653907313532543277e-01 2.559773746763385205e-01 2.947107957035137171e-01 2.922577085555393417e-01
3.038746796629581137e-01 2.518625845256204920e-01 2.154614663035882005e-01 2.837402691090631368e-01 2.176278175341757604e-01 2.298424329636086783e-01 3.195697886073080030e-01 2.463941755876296325e-01 1.895958877782279450e-01 1.911223907602807026e-01 3.457903719145188903e-01 2.051181352530194180e-01
2.807230342815982826e-01 2.863328952831870611e-01 2.866822008128180888e-01 1.817562396993793461e-01 3.255807446443932385e-01 3.221823572346018127e-01 1.458017069739807603e-01 2.925207663663131341e-01 2.446198002513029213e-01 2.055190246165932710e-01 2.474030399460084573e-01 1.808781898898242091e-01
2.636788882239240461e-01 2.012794189245786236e-01 2.360594730903414207e-01 2.297358028371085659e-01 2.709143176763483263e-01 2.848878403875221843e-01 2.429402943315641383e-01 2.557365525830651576e-01 2.256136320827747954e-01 2.087294292272220408e-01 2.834559189817884017e-01 2.969684316537656854e-01
2.758783852673622472e-01 2.424165040413826522e-01 2.828697824246443338e-01 2.479724140875457228e-01 2.167564154536353871e-01 1.983359272056417766e-01 2.281867958160866960e-01 1.703223098573082850e-01 1.949676491483360030e-01 3.875035327859501777e-01 3.079718484500044151e-01 2.468184354621087984e-01
1.368868396032214274e-01 2.769974085385318863e-01 3.515909002478969647e-01 2.547202774679347415e-01 2.268784220781033256e-01 2.807017814557228874e-01 2.141723713369116378e-01 2.637039059118903017e-01 2.324806727029522513e-01 3.249001047853650181e-01 2.859550863103904605e-01 1.510122295610752119e-01
1.962347584569715253e-01 3.125679794907495479e-01 3.637410541958887022e-01 1.673524800452810823e-01 2.738577894394527146e-01 2.245023433705347349e-01 2.908758665206520044e-01 1.646858026009549170e-01 1.892324053557064567e-01 2.949317942894937872e-01 2.505894618053720047e-01 2.714282644289526258e-01
2.568662006850217505e-01 2.581245349234391195e-01 2.446012374955815472e-01 2.409617214220093895e-01 1.214620857986228597e-01 2.803460909310975802e-01 2.806771951760184125e-01 3.681957490895590990e-01 2.607650338800524548e-01 2.024621641290583196e-01 2.856249077455650376e-01 1.999130787239722928e-01
1.887822178227694658e-01 2.256567955018925209e-01 2.418178954399951841e-01 2.329374815007910771e-01 1.723581371339829582e-01 2.373524987135448017e-01 2.055649293989750825e-01 2.398864265609288171e-01 2.524329139074683592e-01 3.332685996044015830e-01 3.479626129730123418e-01 3.219794914422410836e-01
1.407229775061962784e-01 2.717207106162934926e-01 2.510760063677676124e-01 2.011665629704222913e-01 2.894104082267323630e-01 3.601721875222703151e-01 1.997228171317168011e-01 1.369731076849845519e-01 2.505232728892801686e-01 3.232705880524049946e-01 2.128411218879134315e-01 3.624002391440144244e-01
2.309567120362573389e-01 3.196070224964968620e-01 2.578928470726598032e-01 1.599655263118979764e-01 2.592284429094223741e-01 2.640923953949368408e-01 2.198204832993219393e-01 1.588593932392343699e-01 3.070854138891508933e-01 2.210752539198669875e-01 2.673199364404532652e-01 3.340965729903098147e-01
2.692065790135597103e-01 3.302171462963562898e-01 3.088015158720959774e-01 2.692823375272869746e-01 1.710375857271684008e-01 2.946902510374114770e-01 2.011696387797795582e-01 1.789524322873602691e-01 2.247144624158089188e-01 2.643992158670332993e-01 2.908073800456538738e-01 1.967214551304890258e-01
1.768154539415595639e-01 2.570257316074197051e-01 3.508997786296454424e-01 2.191816022355723981e-01 2.045422582458196747e-01 2.619310053099061508e-01 2.807659107414313682e-01 2.223472677208522263e-01 2.570023114205706172e-01 3.012147365842695046e-01 2.461279095474038503e-01 2.221460340155502755e-01
2.576124383056842548e-01 1.886582460466311728e-01 3.095999177201489427e-01 3.328711892190482358e-01 2.440139288443672616e-01 1.143241467927514077e-01 3.280898350240102346e-01 1.890696953805585390e-01 2.072109335471614688e-01 3.700398902736597440e-01 2.054332728233657090e-01 2.530765060226083385e-01
2.081547083964658817e-01 3.321582882710274465e-01 2.116644614379613321e-01 2.643644327186791543e-01 2.141692585705347318e-01 1.590649123268224885e-01 2.507661576144851745e-01 2.590112902474058232e-01 1.551703307284131861e-01 3.888807191316044909e-01 2.021079573068197410e-01 3.544874832497836303e-01
1.237358855677151287e-01 3.249439308858035891e-01 3.870389890365079077e-01 1.717905950768356393e-01 2.862738331575054307e-01 2.213115947782136328e-01 2.616903328695820430e-01 2.842680947476463604e-01 2.155609732205089057e-01 2.286655504009473816e-01 3.277908577647089539e-01 1.669293624940295651e-01
2.629395448670204249e-01 2.426420642159534680e-01 2.978246106115663427e-01 2.257983695170648897e-01 2.189936654207840783e-01 1.995797033744085014e-01 2.227998820769440114e-01 2.378782562605820661e-01 3.091966524405558303e-01 1.601883629989522273e-01 2.767337086533779855e-01 3.454251795627868438e-01
3.789064344369045267e-01 2.951319648245339655e-01 1.768493365409900542e-01 2.226268035787259403e-01 3.651537792876368149e-01 2.891096020870904115e-01 1.596408242685164458e-01 1.862976882916911603e-01 3.045830040324801757e-01 2.968864934195659111e-01 1.487796853913689876e-01 1.760343838404966887e-01
2.645470086846388735e-01 4.374228146526915606e-01 2.776136197550089779e-01 1.714604590034347620e-01 2.710587690878307754e-01 1.955704301509978704e-01 2.275311887524242571e-01 2.285475530140874123e-01 2.480189959826655799e-01 2.250394152245457913e-01 2.121694247388788701e-01 2.410203209527991830e-01
3.019387679762289278e-01 3.168820922791302785e-01 1.678939879190981532e-01 3.105692064593970070e-01 3.100817974843298463e-01 1.362884448831120643e-01 1.508991065294337797e-01 3.541294268031622838e-01 3.137037895476783023e-01 2.828409260810605952e-01 2.179375190531763207e-01 1.368349349841919693e-01
2.281291448411491563e-01 2.555640309685242029e-01 2.529229049289304365e-01 2.525820147845633246e-01 2.087493455481255200e-01 3.426950260853123820e-01 2.015779481946549101e-01 2.002094596423937278e-01 2.727081268309203832e-01 3.983224053009320476e-01 2.199870415410061508e-01 1.665525513334870644e-01
2.394191731654011779e-01 1.802135283220568374e-01 9.443638412379197489e-02 2.047252186446018585e-01 3.183170479786615603e-01 2.074525681877435468e-01 3.345451776693430523e-01 2.835342761753900653e-01 3.386514279139971051e-01 2.793287885590433062e-01 2.925015504002925759e-01 2.268748588596862237e-01
