-8.260761507569238660e+00
-9.574125558294838356e+00
-8.743200094211067253e+00
-8.557206708412751439e+00
-8.175280104551328364e+00
-8.010681327774779703e+00
-1.016902499091234624e+01
-6.679210830592478665e+00
-1.077286434827079198e+01
-7.087250714479141678e+00
-8.161905117481611072e+00
-8.400140802733524481e+00
-8.820067164659608494e+00
-1.009871426032164088e+01
-8.700741355748824901e+00
-5.681877342867786673e+00
-8.273309607310727287e+00
-8.362026222293753364e+00
-1.071160880796031023e+01
-7.827995782497397137e+00
-8.839336135982792442e+00
-9.163540793517590544e+00
-8.205422710237076700e+00
-9.279421306366666400e+00
-8.198135241027884490e+00
-9.946086724783093302e+00
-9.356798084766881018e+00
-8.435348591221819348e+00
-1.192866150532972824e+01
-1.070987208594207019e+01
-7.486266340548560549e+00
-8.238678040470691855e+00
-7.857124402966675802e+00
-9.099597756166668105e+00
-8.063086711712911026e+00
-1.038311126776607551e+01
-1.018836331765393410e+01
-8.204706400934515642e+00
-6.277804286950246393e+00
-7.945601981461953400e+00
-9.055444655193387149e+00
-8.333127025723547021e+00
-8.483457957116112169e+00
-9.105398243524492230e+00
-7.869068896402011681e+00
-7.826803166973482107e+00
-8.588180960157142607e+00
-8.031183853158752939e+00
-7.252823709882067149e+00
-1.011289167152668611e+01
-1.086984446908281399e+01
-8.367205854133894505e+00
-9.337694799353887021e+00
-6.304677001575809570e+00
-6.958933558748384485e+00
-9.244143633232319246e+00
-9.751241653799544551e+00
-8.043096517139732171e+00
-7.219874430400995635e+00
-1.040953486208933043e+01
-6.619982564018894955e+00
-8.219524218799879378e+00
-8.159674388571286130e+00
-7.720941516529930659e+00
-8.791199655826092751e+00
-1.007870834793514447e+01
-9.690343573941033739e+00
-1.076469675334221598e+01
-5.350516667508214752e+00
-8.495352538652625185e+00
-1.203496188264138311e+01
-9.960662546039330323e+00
-1.090111118440975702e+01
-9.131214314800253362e+00
-7.807753888346362636e+00
-9.741176864317070638e+00
-1.137671281838943926e+01
-6.884261608623067907e+00
-8.149802394971114694e+00
-1.272588155062066484e+01
-8.449929720908114561e+00
-9.153403159002492018e+00
-8.626993559592765592e+00
-8.893415928283612715e+00
-7.901143939362359703e+00
-8.181255106247842690e+00
-9.357545714048793428e+00
-7.055484764954050192e+00
-1.028036215134540576e+01
-9.199977837059813979e+00
-9.009271612153709086e+00
-8.426979328070965281e+00
-6.693368835074595680e+00
-6.319329444581116562e+00
-1.012879452384184553e+01
-8.929547598659409502e+00
-9.159219890895036187e+00
-6.925245276831363483e+00
-6.624472278958513982e+00
-9.404433966875691553e+00
