1.782567465652005745e-01 6.662401138116194055e-01 1.192118873767503417e-01 1.869679525197894682e-02 8.701397494417860423e-03 2.109620036192548162e-02 1.851142908639684670e-01 3.303408050384956107e-01 2.418590340634600433e-01 2.304827291721834315e-01
1.403926320190759108e-02 5.740684019736361221e-02 5.267532674842426710e-01 1.848527309687716946e-01 1.040632584239641056e-01 4.219373107366762299e-01 7.291059028836072153e-02 1.820603695119046295e-01 3.232394929607695366e-01 1.127368762260392426e-01
2.831951130042151821e-01 6.163321583534758091e-02 6.708290132283592500e-02 1.983249799064127072e-01 2.921717070646931980e-01 1.773575654063540008e-01 3.469674247141482648e-01 1.624870322796496125e-01 2.520114041527637960e-01 1.587686563135792261e-01
1.099576855256557961e-01 2.589542112429129572e-01 2.662310251991913401e-01 1.706992705197435678e-01 6.375620136033569030e-02 4.117968312797137820e-02 5.089030855181528312e-02 9.445481790259060983e-02 3.726694469011554434e-01 5.712073496686271845e-01
3.209205871715764546e-01 2.356979880876639705e-02 1.562254717199246523e-01 3.950927164437281203e-01 1.777895374441171850e-01 1.336643241471944799e-01 5.992362300252170038e-02 6.809556919284358301e-02 3.008691674665150972e-01 3.638492046028131699e-01
9.626216398985511236e-02 3.371565699843546149e-01 2.057697843777223090e-01 2.631073906931125084e-01 1.009254329241681680e-01 6.788650941876039902e-02 1.725108492344110678e-01 9.261912480364548061e-02 3.323442042295936538e-01 3.314179703443774216e-01
2.252614389271294926e-01 2.199623524383242656e-01 2.875843375978475724e-01 7.001194440190454671e-01 2.675562807704706114e-01 1.126308195523715722e-01 6.269504970819916867e-02 4.522840066521681412e-02 1.179804470252816644e-02 6.716383161886593789e-02
4.566943535608948279e-01 2.463858892851022442e-01 1.184193564623162165e-01 8.858505430923807600e-02 1.189494544110296509e-01 2.227149244065268485e-01 4.152204417095130551e-01 7.879162820345188278e-02 5.253846943939750186e-02 2.017004282125293702e-01
1.842853442302949674e-01 8.223796575497735462e-02 1.562843749341066568e-01 3.296773027937968115e-01 6.239997623190478987e-02 3.183468966138497391e-02 4.057402422336077452e-02 8.839918267729141022e-01 7.036295027964063753e-02 1.583515451176211453e-01
3.819272041239778481e-01 1.249870698775476935e-01 4.189629941411406738e-02 4.427210825594096177e-01 9.373905291688942876e-02 4.758063144048775561e-02 1.343024273676591829e-01 4.053681522187805863e-01 2.662410138547808280e-01 6.123706622635353286e-02
2.790132853152383907e-01 1.082648039373432097e-01 3.349530588824260052e-02 9.712280303867140002e-03 6.567714108704410594e-03 3.256625911479944790e-02 2.911813729247695326e-01 5.453728950519903806e-01 1.613041233213142744e-01 5.325219600337309789e-01
3.751919876318745017e-01 2.697001430109938758e-01 4.130839804082130362e-01 2.897718676494664414e-01 8.621425184068905179e-02 6.081286763809598539e-02 1.063741573182897943e-01 2.533678360986297284e-01 6.097097602973061692e-02 8.451193237401717628e-02
6.411565423840832612e-01 2.158175792297367113e-01 6.349144396999675810e-02 1.086221512156383961e-01 4.225930872541722172e-02 5.075266824763068757e-02 2.814565701822836080e-02 2.323847900278789291e-01 4.204056153254669970e-01 1.969642438559240649e-01
2.391395483236643249e-01 1.508521882168125383e-01 2.135244865887057641e-01 2.455967040777537469e-01 4.382538924903087857e-02 4.835669175980566309e-02 1.006063844715908984e-01 3.887975324852963599e-01 8.398332616960714481e-02 4.853177486577326394e-01
1.935034985282783060e-01 1.915730709368130280e-01 4.962576332706670201e-01 7.725777362730806841e-02 2.537209728338286618e-01 2.794719171242791567e-01 1.141359066817971557e-01 4.703178537701580009e-02 7.896360804578858583e-02 2.680838335742257716e-01
2.597819344843247946e-01 3.172892660966645795e-01 1.239569140661510027e-01 9.517947707684552838e-02 2.442776316747755361e-01 2.197750617688252750e-01 1.489769151566362471e-01 2.691008596826075516e-01 2.115447862358809661e-01 1.101171537572870202e-01
7.244965539478384620e-02 1.448614836093899405e-01 3.536527918937342196e-01 2.951521771821148943e-01 1.293573348962044900e-01 9.439568546870366617e-02 5.158283759811531644e-01 2.766163330551144606e-01 8.188651338861582807e-02 3.579964913018586492e-02
1.816018516866608756e-01 2.084975387889881349e-01 7.775363244664276752e-02 8.884932731969845399e-02 1.244160102130747597e-01 3.087164561971859067e-01 1.723054021530216195e-01 1.821929226250662559e-01 2.457193435037510754e-01 4.099475150659098732e-01
3.183352167597920390e-01 3.406817762499441127e-01 3.894385639094304075e-02 4.615532415144291828e-02 4.210472394877183555e-02 4.828279121737056312e-01 1.590556973720476663e-01 4.720655692678535353e-02 2.333128777728886438e-01 2.913760582536801813e-01
1.023003119248255821e-01 8.297634112491591996e-02 2.211683513765041464e-01 4.538932785257465685e-01 2.139477997790172059e-01 2.216128550528576741e-02 2.624877996714704287e-02 1.535447125054750228e-01 4.282772385479008403e-01 2.954819007431830902e-01
5.959842906804603546e-03 5.895357175278119477e-02 5.447988227466427080e-01 3.405469475575416682e-01 6.347325143226228983e-02 6.521424470288424147e-02 6.496921787571434681e-01 2.335460327581429241e-01 3.186009975933408456e-02 5.955007626462149525e-03
4.480530496342074454e-01 3.121666681287414979e-01 1.022809318612629137e-01 9.757348759539413718e-02 3.527058245500938605e-02 4.939286609456784022e-02 8.240032917621814557e-02 5.784198411885227431e-01 2.307625926792600812e-01 6.367965118681762071e-02
3.556102156767613209e-01 1.485233498294493693e-01 3.189673485265384634e-01 2.279770574890839230e-01 3.709971023266977336e-02 2.561901160370735897e-02 8.168113415532292365e-02 4.807152997965110641e-01 1.775762209120592683e-01 1.462306517778977355e-01
1.602089613551621258e-02 6.185594512865286859e-02 6.727398537827005143e-01 2.152832045896316271e-01 7.077591504347138796e-02 9.091135954433104960e-02 3.037869077363291592e-01 3.537999493660602401e-01 1.656156497592824739e-01 4.921031891402332520e-02
5.499153095836398220e-02 1.727319013008356552e-01 1.620143700647875828e-01 2.719808283960809536e-01 6.867289734422572789e-02 2.506701638511742436e-01 1.027142258967939509e-01 5.922861624871092467e-02 4.128099768005570325e-01 4.441854891384702797e-01
1.797902038270596942e-02 4.136841886686847686e-02 3.224542047518044741e-02 2.363355266844799074e-01 3.915226226441369528e-01 2.974056289291829303e-01 1.627988457173160652e-01 6.443956272264934615e-01 1.406363620028199535e-01 3.531252707081595360e-02
4.760855792813165621e-01 2.163735360694837850e-01 1.805988633219264561e-01 5.375422731541944221e-02 1.210622308767050903e-01 1.988825433065963544e-01 2.404212209635795960e-01 5.609111002736723306e-02 6.470966832593051665e-02 3.920210205116758662e-01
1.077742057169736173e-01 3.031602182665923614e-02 2.367179970756251584e-02 2.190606398854277534e-02 9.262929425280745643e-02 5.507985801484770461e-01 3.006386523484802509e-01 1.400389388071904273e-01 2.871317233702741500e-01 4.450947198330325594e-01
2.074497194273834666e-01 2.815617735856673631e-01 4.210579112753800035e-01 9.387678934023675759e-02 5.728331081881062048e-02 9.898500941733194558e-02 4.419020255088540461e-02 1.699150614375642410e-01 3.603424816547896592e-01 2.653377404919496918e-01
3.085743934365515750e-01 1.805299849276099378e-01 2.753713335900578318e-01 9.498464536648303091e-02 4.712769867917286637e-02 1.361601846780921901e-02 4.867366538291859751e-02 2.041185341634924322e-01 6.739601050772799917e-01 1.530436209086265265e-01
7.191105212870607666e-02 2.036874421430185100e-01 2.442592038914890296e-01 1.910985239682870540e-01 1.893688024235071210e-01 1.318051374773224760e-01 3.502682374173067270e-01 2.828380291236397004e-01 2.627514345559225362e-01 7.201213687080006143e-02
5.227355112178450058e-02 3.088698222840561072e-02 1.626075086928711333e-01 1.453444742991779337e-01 1.065799787787960751e-01 2.360304660552426659e-01 4.203680327493947155e-01 1.746600222093903643e-01 2.612230548693702525e-01 4.100259289955669462e-01
1.605900433622441670e-01 2.329271665747054132e-01 5.234254415858073939e-01 2.242327830372590203e-01 4.219015556029334646e-02 2.853509933758230366e-02 7.692698888757577846e-02 2.057532306739889572e-01 2.286716052562612900e-01 2.767474857242838149e-01
1.798066039258793269e-01 3.850930142843256854e-01 1.259573197369169006e-01 2.061097875360885512e-01 7.308599705689068637e-02 6.162068116921501915e-01 2.524751334439683248e-01 8.062438121395491819e-02 3.023965016058930561e-02 5.040130094923548493e-02
2.996700010638748690e-01 1.097151979970837216e-01 7.046175813082650174e-02 1.177655100965785545e-01 1.180823488350132566e-01 5.287156545827846887e-01 2.821551022620191751e-01 9.490039419525829467e-02 1.828982745507813090e-01 1.956357582857801425e-01
1.942087687498684212e-01 9.564379186640081798e-02 2.591924731986489094e-01 4.056171055211574838e-01 2.495990268941299661e-01 3.364663089300054533e-02 5.004955684114661962e-02 7.672997327351527286e-02 3.862540303430738176e-01 2.490586424190589787e-01
1.358327836936408170e-02 4.444351822685958797e-02 1.656239202592117987e-01 7.384881118194508431e-01 3.662380899350847069e-02 7.389131775633789312e-02 4.228841154627926979e-01 2.383824998438754117e-01 2.217545555157668102e-01 4.432487375283227643e-02
3.881930849010107321e-01 1.460911022149911642e-01 1.152612975692381136e-01 2.032579137077018261e-01 1.065235909827959571e-01 1.775595459778366025e-01 3.010959437433108343e-01 1.914530488840616718e-01 1.530908171618485247e-01 2.174736548572043793e-01
2.761641060940228654e-01 3.237952782641504434e-01 1.280052394436506924e-01 1.628401824124335318e-01 7.932522596172071616e-02 7.238833207541299497e-02 1.897668549065325561e-01 1.475322353777102080e-01 2.797188835678603991e-01 3.404636618965061201e-01
8.002111176186091357e-02 6.202788391460870715e-02 1.794575389537231280e-01 3.571134657051190375e-01 1.565829360870790721e-01 1.021514547557486330e-01 1.542138019790870174e-01 1.316314429362831773e-01 1.948921681880071421e-01 5.819081957184835119e-01
1.894113215322300314e-02 1.213036819442547126e-01 7.069991605276366720e-01 8.695162420476738874e-02 5.025164852538776400e-02 2.349180768906988237e-01 3.747450865176398249e-01 1.871769369960209206e-01 1.737260520476323067e-01 4.498660019273906935e-02
9.232947308409542031e-02 5.816687876958910319e-01 2.186946074415916097e-01 2.568961941403883481e-02 9.370146160070258468e-03 5.491065417143352334e-02 1.893168085956550284e-01 1.421524825274096404e-01 3.724646426112098729e-01 3.134027782986066879e-01
5.747950787251648874e-02 6.179848570399863045e-02 1.028998201371120469e-01 3.716003241475326901e-01 2.528836111385722174e-01 2.490013553216622599e-01 3.241791023237747815e-01 1.277478238082454531e-01 1.564274619790439746e-01 2.959825075675416861e-01
9.932230903918409792e-02 1.863840112081147637e-01 4.308950517797625612e-01 2.588076503154891350e-01 1.051710828610253889e-01 8.654693356862361298e-02 1.005117181783686253e-01 5.879140027061970780e-02 1.417826838368232978e-01 5.317871589419893574e-01
3.805953217066524452e-01 2.376117713502939183e-02 4.540068940207775405e-02 4.676753495093169399e-01 5.662659029882226996e-02 2.813500421895023251e-01 3.397480843014396568e-01 2.525840153469243732e-01 9.404701332672414649e-02 5.821171678351051010e-02
9.094631764680718641e-03 7.937183410656386065e-03 4.371806414503978666e-02 1.429593196332664962e-01 3.449231788261674092e-01 4.217308601426046355e-01 5.000951163108595388e-02 2.833143056090119405e-01 6.239709361330156856e-01 7.234200870447159148e-02
2.428387090937597081e-01 9.391714912756449207e-02 1.354491111780672385e-01 5.024159517617337034e-01 1.786447157457272117e-01 1.126005511989300739e-01 3.534672277778512228e-01 1.070328762599956490e-01 1.166035541183124691e-01 1.570301537380580370e-01
3.803495041625598594e-02 1.012604449708221360e-01 3.949478175287353121e-01 3.936603496146542369e-01 9.158500883006313875e-02 1.785797949644701010e-01 2.480543984189048090e-01 3.157120187353559815e-01 1.281851513471505832e-01 1.099800651735871049e-01
4.187698447205191465e-01 1.886473020058285210e-01 7.150168378410524939e-02 3.441122036500054299e-02 3.836227875134634591e-01 1.396227952924473936e-01 3.156310969608296935e-01 1.716484161636727679e-01 8.496775213184545872e-02 1.911771010622881628e-01
4.300586092733698490e-02 1.413621829954358200e-01 2.803448670242498775e-01 2.113625699726585927e-01 7.579260812460631991e-01 2.986707654400030942e-01 1.157095585584647229e-01 5.582205106674661271e-02 4.997536062869362833e-02 4.582070214034771050e-02
9.434942006313110086e-02 3.389628114617207477e-02 5.723382747511027713e-01 1.540462415951053821e-01 2.068029564078852633e-01 3.720637617234496403e-02 2.291690268377202105e-02 1.539027968427792992e-01 3.875300260127187979e-01 3.370107243249890194e-01
2.722195351014186082e-01 5.737109522537471307e-01 6.886289812055890192e-02 9.057754964062686431e-02 5.646861750028431270e-02 2.334331247403397536e-01 1.211948033761165444e-01 1.538876882076191110e-01 1.787278845295600382e-01 2.509169465297299562e-01
3.860521264609554498e-02 6.018491166791004043e-02 4.294678497691667429e-02 5.012190339863160926e-02 1.312715821386062909e-01 3.009712404380179840e-01 5.316203191638966263e-01 1.875948634450805286e-01 4.380197944723417391e-01 2.186633876525032327e-01
1.100574133876290606e-01 9.286965740628300159e-02 2.473980599377534340e-01 3.130439646374176266e-01 1.479295163756178533e-01 9.418702856536692591e-02 8.446455592053025985e-02 4.149333395971305238e-01 1.870388331851812469e-01 3.080776309870901786e-01
5.864046102819138462e-02 3.490908596865490710e-01 5.024775927683660104e-01 9.623829276791753817e-02 5.283800098897941527e-02 1.508893628581483570e-01 4.983516702166304047e-01 1.997340425890786197e-01 5.006565428855366817e-02 4.167406280758549630e-02
1.079184648039468175e-01 3.185309014063304051e-02 8.422382292407808863e-03 5.499362141661356951e-03 3.170153714605321998e-02 2.678372106477900361e-01 6.290542107548309225e-01 1.126476248764929355e-01 5.077300864445387640e-01 2.973360307516447754e-01
3.054543597013170686e-01 9.614339107633805559e-02 3.343334388033641913e-01 2.014462285408279429e-01 3.768553156241222918e-02 5.861892463487574506e-02 4.337242992466150415e-01 4.448868195429508954e-01 5.363523096841679716e-02 3.407177592288174184e-02
7.916880582200047645e-02 9.926716328502149800e-02 2.980433660590872114e-01 7.967936311322598719e-02 3.601327490540069953e-01 8.692334473829572972e-02 2.208016952005719402e-01 3.071422290594079119e-01 2.193684902191726516e-01 2.494727934492095567e-01
1.835188567019931383e-01 7.536584434765017382e-02 9.170243472829597842e-02 1.714347251242875347e-01 2.578237605073154803e-01 1.259370822259891498e-01 7.533224715361581947e-02 6.546115513524624063e-01 1.707179690349807100e-01 1.935555288234092064e-01
8.523826347527731218e-02 7.169183530940930194e-01 1.297955429618586343e-01 1.365834889337336489e-01 4.796158635811842985e-01 1.675455044857361853e-01 1.052123197688787509e-01 4.486897946495310707e-02 3.368053722456634813e-02 1.005411470097195142e-01
3.239957267113471318e-01 1.306429121885335776e-01 2.078951508823847702e-02 7.850219166077429533e-02 3.852521462167698418e-01 9.447029528359607298e-02 2.133582776997510755e-01 3.079938276866311941e-01 2.428848066964831853e-01 2.021103007678757280e-01
1.475381973444614969e-01 6.051339024611838147e-01 1.505814066939702989e-01 4.239693256866177568e-02 9.194529398951092891e-02 6.649247529115294431e-02 2.009577185231049001e-01 4.186937308172756778e-01 9.570113644970872080e-02 1.805592058609706008e-01
2.673584220054484040e-01 8.630108108014397650e-02 4.006752413134826579e-02 2.443164716796854263e-02 2.621719675754841106e-02 1.710885322860967173e-01 4.991150396762607522e-01 2.479766095442336449e-01 2.355178006977083904e-01 4.019261466532431659e-01
4.919536392890339060e-01 3.484775587779565531e-01 7.922088636962920649e-02 5.336264986871008809e-01 3.959715463048734674e-01 4.662094512578290884e-02 3.940021199480424514e-03 3.189955494415684569e-03 1.458689661940020324e-02 8.241205213232810634e-02
1.642583812499963380e-02 5.613596875626804261e-02 1.398806879610169362e-01 3.941999116176688744e-01 3.022620356885985515e-01 1.267102850025308425e-01 1.637603089848190252e-01 2.835333701327901745e-01 4.641883892794578248e-01 5.290320445184937964e-02
2.682027437364777889e-01 5.302182416176042662e-02 8.477267685841755052e-02 1.846829648755396458e-02 7.914979830738905209e-02 7.481681757665028520e-01 2.242345349546391031e-01 3.040063130706893713e-01 8.105461047873728508e-02 1.389210261778320576e-01
4.911711158571054753e-02 5.806964893508395620e-02 1.479719688018105717e-01 1.470654980182621863e-01 4.015226178734360163e-01 2.358459210677251172e-01 4.678136952814507254e-02 2.268088047098594240e-01 5.864579912808192130e-01 1.003590681991491929e-01
7.614262698497893667e-02 3.857485157299003209e-01 1.629849286545526077e-01 1.336191371674037565e-01 4.639644916743775882e-01 1.437737394843441596e-01 4.947974454029984148e-01 9.870299505418735075e-02 2.517174316638525963e-02 1.509437668087208577e-02
1.770765074566348907e-01 8.736619516007720909e-02 1.950293494402943750e-01 2.443941241965564282e-01 2.450209250317277598e-01 1.758417222488891374e-01 8.493589695041156573e-02 1.551542961608751992e-01 3.042320261205011533e-01 3.309489572340327812e-01
5.433801784320233530e-01 1.634730529669711496e-01 8.585425686295238001e-02 6.646033065702365850e-01 1.155568658153852124e-01 1.498990427811184301e-01 1.752192653259390664e-01 4.437037922856663236e-02 5.806052298531056560e-03 5.183759971827796992e-02
8.113553392352884641e-02 1.081699432475563549e-01 7.744340308628098191e-01 9.868547144886510858e-02 3.540819742451968566e-02 3.927316206672032961e-01 4.982777601229486375e-02 1.122294016183239540e-02 3.479620935642401686e-02 4.135882768949667443e-01
5.252819255526290643e-02 5.345334648318203485e-02 8.581036235922932798e-02 1.682311327943038226e-01 1.089499272060761581e-01 4.134283847877312512e-02 1.718288920024519384e-01 5.283744634852556299e-01 2.445515476139564215e-01 5.449292970215096066e-01
2.667709106228834115e-02 7.360381502220865457e-02 4.883546097815729126e-01 3.270526668648439106e-01 7.564700786761709150e-02 1.927630251886041507e-02 4.994147795421155500e-02 3.956717619575431666e-01 4.582512922398477850e-01 8.552397473100663283e-02
1.140375761947933220e-01 5.474156455162173529e-01 3.160743456151116071e-01 3.783395968835590040e-01 2.484050481589184234e-01 2.395080309591199330e-01 7.982575700852842515e-02 2.728595395839704396e-02 1.256219694659218948e-02 3.654584875876182304e-02
1.256122902240219552e-01 7.506979287911216825e-02 1.660382177928068081e-01 1.656581481855079474e-01 1.581258067654716104e-01 4.559855753197387118e-01 6.350258919825486903e-02 7.771171179810970608e-02 5.364236884053383836e-01 1.758721794316383535e-01
1.124544447555218679e-01 1.575940293204341758e-01 2.465498374887523381e-01 4.912210260005125395e-01 6.301737152167367906e-02 1.780584209081408770e-02 9.286878041053017729e-02 3.055102609183933948e-01 3.685555625287788573e-01 1.444228449645906798e-01
4.890928279330833406e-02 2.473091820872287683e-01 1.644804452142621665e-01 3.619681105901074725e-01 1.518271992987802466e-01 2.537372016661942897e-01 5.761543170947949211e-01 1.699490847078696243e-01 1.401932268607843091e-02 1.164585386137656324e-02
1.157293877535164467e-01 9.478722301247000104e-02 1.370161482276849862e-01 4.172360245809020318e-01 1.357030723757665369e-01 3.873260318002132996e-01 6.552225462922885157e-02 2.503911034960295406e-02 1.211187841768536777e-01 5.005219630937612907e-01
1.171463895461625493e-01 1.548850496822811729e-01 3.350642921367373572e-02 5.931189734180353224e-02 1.752645117328742730e-01 2.602169567364996383e-01 2.789398812091004043e-01 1.713660802235549285e-01 2.395568607606749223e-01 5.098059435533746075e-01
6.414612611669656683e-01 4.147426039707678702e-02 4.306640862770464047e-03 7.303191818359319222e-03 6.473476957465569559e-02 6.932046326336805953e-01 2.124363168915364419e-01 3.190333163740576017e-02 9.835229917889137807e-02 2.048232958386579927e-01
1.579256886559742695e-02 5.597027887025526893e-02 1.670859124119341010e-01 1.931827278143978255e-01 3.141224807197650071e-01 2.639648558426670455e-01 2.712151703190757712e-01 4.217507654396688843e-01 2.529012715666402733e-01 4.401396814999856272e-02
1.248528332933534490e-01 3.537282161928700236e-02 1.051404140919342742e-02 7.234641253391010940e-02 7.061187642096602435e-01 2.232961399863720442e-01 7.610187214045009696e-02 1.202148206152252180e-01 5.619630053028517036e-01 6.921928888969716698e-02
3.113948765782319494e-01 6.672244614175504296e-02 7.332400554646278934e-02 9.837272831205169654e-02 2.282182524336659191e-01 3.573957197011082276e-01 2.714464433502816743e-01 1.074487159277149328e-01 2.779158520384847342e-01 2.077609599702432974e-01
3.833952801447699787e-01 9.455676806184296068e-02 9.896854382545429429e-02 1.672041626141897858e-02 1.056524103052492725e-01 6.714403387498929510e-01 1.834513392909707108e-01 8.130845658474075699e-02 1.054930583999150046e-01 2.590133883757458344e-01
6.634851467854033236e-02 6.306287129068736952e-02 6.721571922642169405e-02 2.089196609249457104e-01 2.950157639509984886e-01 2.633159230433961273e-01 2.583138577458323759e-01 2.363940024754515590e-01 2.094246406827712237e-01 3.319890459809552441e-01
7.554885193204682881e-02 1.229674793951355052e-02 2.075036213999181117e-02 1.956799353983488254e-01 6.556881977695634411e-01 1.158405054193034078e-01 5.355259352847681342e-02 1.154966706449644664e-01 4.277570881976495709e-01 3.273890470301404898e-01
8.529932177329442589e-02 3.545233271671111019e-01 3.512630423193586759e-01 2.221261349150087661e-01 1.380812367146519171e-01 8.915773151022747534e-02 7.854698006955239398e-02 2.391416250480996319e-01 3.021756502699145530e-01 1.396849502127804066e-01
2.542407548118772453e-01 3.620078811628578697e-01 1.922675917412190461e-01 4.847196924189157707e-01 2.008475398339685525e-01 1.258264114622556495e-01 1.703767195719569361e-01 1.004684713466107021e-01 6.811557525995430573e-02 4.112936239038492148e-02
8.926925067214178111e-02 4.016180640673002733e-01 2.098815518898228816e-01 1.415886675298698716e-01 4.784906402170226170e-02 1.637417075306671910e-01 3.807019466676173636e-01 1.228151543884085234e-01 2.802153824830425077e-01 1.623192107494281222e-01
1.327215022746651985e-01 8.695742893125631146e-02 1.812170173301705933e-01 2.558262209275755650e-01 8.812335621335432023e-02 1.202654322735001724e-01 1.372384011110283075e-01 3.459352338397886917e-01 4.629790045751634997e-01 1.887364025234972431e-01
4.668935868105095546e-03 2.583727284392203435e-02 2.697651826059942470e-01 5.756009755176735299e-01 1.263507473990806707e-01 1.740925859432516376e-01 4.874701667300482821e-01 2.316112783964096866e-01 8.996513858501971328e-02 1.463771611049525211e-02
1.288300446050162362e-01 2.764369046210287187e-02 6.477153883376336740e-02 9.471690148028708012e-02 4.694857982410892694e-01 3.259268603005282539e-01 5.447741500863646780e-02 3.740766014205822165e-02 2.651398835701282986e-01 5.316002073563905750e-01
7.035665034585306121e-02 3.575278498630523050e-01 3.723349817736015255e-01 1.756740640636325068e-01 3.058636540251152836e-02 7.088823545947603444e-02 8.512017773763209949e-02 2.407220031676821081e-01 4.812387362663139712e-01 1.155509359202454289e-01
1.668419835019245845e-01 2.596565476612425205e-01 2.860264657271621158e-01 5.338431451548333179e-02 7.986608337894195164e-02 9.261543296104407519e-02 1.862856818763150291e-01 2.717328586744137686e-01 4.520971400382097771e-01 1.514934916652624919e-01
2.264059990824136837e-02 3.890782591788616296e-02 1.010609490060339621e-01 7.322117196505177894e-01 8.590281429616780651e-02 8.134934909144743431e-02 1.868101245602732385e-01 2.825436473941108639e-01 3.460795873269183476e-01 1.224933828484029014e-01
8.997896657632799278e-02 1.803874725576485871e-01 1.156941182197639140e-01 1.788861155970884187e-01 4.154439821154988222e-01 1.707479894982317781e-01 5.996762252735172993e-02 1.120067332904078894e-01 5.372744565518310367e-01 1.396125430658500532e-01
2.305490732873261284e-01 2.954431029918915819e-01 2.524458472572533863e-01 8.983536937403430178e-02 3.627187246078147354e-01 3.534385064160892043e-01 6.227209336299415615e-02 1.742790704334890028e-01 1.005116572401504732e-01 7.850655502895803606e-02
2.767154078233002856e-01 1.470504182183727249e-01 1.998708658838942998e-01 1.007938500418013028e-01 1.195287740032440621e-01 1.465839880346459234e-01 2.789051145327748893e-01 3.258751276876467040e-01 1.883189519350640662e-01 2.163575018392566440e-01
8.390040142393642708e-02 1.304741378029654342e-01 3.432323302075639404e-01 3.788521460732544033e-01 2.277462987179619258e-01 1.916494982896007615e-01 3.150962074025274173e-01 2.005323080500753807e-01 8.219674671323795589e-02 4.631992531887556969e-02
3.073666209529229282e-02 9.064433237988740039e-03 6.501180409110286773e-02 5.811132146819848465e-01 2.807838834810172379e-01 6.426720090501547578e-02 2.502622171071059581e-02 2.088758437536857582e-01 5.413207907845699607e-01 1.937999452586335325e-01
