1.982479617247272508e-01 4.177409743826089317e-01 1.572878482956812096e-01 8.185946783988606867e-02 4.734019990783173981e-02 3.555598438593125799e-02 2.066002002461107268e-01 2.637796667008570628e-01 1.978345983599372471e-01 2.850416824829681284e-01 3.831737778974353414e-02 7.039403788371759174e-02
3.385480492112550865e-01 7.944210120935471520e-02 6.864892737807963552e-02 3.850213614866119238e-01 4.617276130866525274e-02 1.534107453900420137e-01 2.909643452060453050e-01 1.701813363489598774e-01 2.920119636895007753e-01 5.081073674480671154e-02 2.766745147296241839e-02 9.712022055371703766e-02
3.149372405646228001e-01 1.531974937194476860e-01 3.498377716625137857e-01 1.438974811601009263e-01 2.972195679783706246e-01 1.153439195203332240e-01 6.145444554816910376e-02 1.792293000213260323e-01 1.743937678912909073e-01 9.526634484661905544e-02 3.916321476688258696e-02 7.605945232032282344e-02
6.199460218624099073e-02 8.594345329395206012e-02 3.046054942672393184e-01 3.667191794569355512e-01 2.643853369915156182e-01 1.795038240686639905e-02 1.186428554610762798e-01 2.970060409376980015e-01 1.215092159369917241e-01 1.657435376497083945e-01 1.164427538541915330e-01 7.905714755758452839e-02
2.506206862947679692e-01 2.180076384779339183e-01 6.885044969840259377e-02 2.702945309186637335e-01 1.344628898601245015e-01 1.989966581447287775e-01 9.217928494466026690e-02 7.430130842757985687e-02 1.792450682473103463e-01 6.358515760170389830e-02 2.134655314596796694e-01 2.359907959244448294e-01
1.813752688660790757e-01 1.535300552403170704e-01 2.190447827910994016e-01 4.387251947254485751e-01 2.552844461848282065e-01 1.209293665258824035e-01 6.197389651208049660e-02 4.136454943550115643e-02 9.648404839639912467e-03 6.670295365611925154e-02 2.906903961803823933e-01 1.607306850426240830e-01
1.656933917542595391e-01 1.257545684537800246e-01 9.478218409021341162e-02 1.315242328278148909e-01 3.039374114691029138e-01 5.734183695441893991e-02 5.127414671968640036e-02 1.789091199518154374e-01 2.608500897696793830e-01 1.080383145790310140e-01 1.874334828022965471e-01 3.344612206279006239e-01
1.154164509430699037e-01 2.627858479129638880e-01 4.629444850329463013e-02 4.676170972003226844e-01 4.541532426507462195e-02 1.833626889862468579e-01 2.808306524694998418e-01 6.059418684725060428e-02 2.597874783683323807e-02 3.963197389631094025e-01 7.142957853079155706e-02 4.395523754154413015e-02
1.480714625756930636e-01 2.857801563168585468e-01 2.184236996595927960e-01 5.370912580608437625e-02 2.291480699333268700e-01 1.934779834248721020e-01 1.316877937175309765e-01 6.934001272893509926e-02 3.083499856821961954e-02 4.952713200780967107e-02 2.372318070100788434e-01 3.527677582509992638e-01
7.840612427179036170e-02 3.440418369881519389e-01 2.750327345752718311e-01 2.100073169298340148e-01 2.804632434069702640e-01 2.244383736990122058e-01 6.895210705462800904e-02 5.034587444766188552e-02 1.093352909137423890e-01 2.834909456986811072e-01 4.866515240935388037e-02 2.682099960490175877e-02
3.915615745041813867e-01 1.391397963539381388e-01 8.206954381717095071e-02 2.145508731254160972e-01 7.667283603089870836e-02 6.420835267119090473e-02 1.770505812584814709e-02 1.398800050235961823e-01 2.881641490701674635e-01 1.437121854597130377e-01 2.621203702792903600e-01 1.802152555385893584e-01
1.665886696601059369e-01 2.740224315844719261e-01 3.947672038602560718e-02 2.946212434637852928e-02 8.100149059327535483e-02 3.702440145887824774e-01 5.591760477786558020e-02 3.821579123927604238e-01 9.718633197326703721e-02 9.201162717512031963e-02 3.709515366750968379e-01 4.097953584685026795e-02
2.610452858646906682e-01 2.616475939873981194e-01 1.426056933203257993e-01 6.987251029421452653e-02 1.136583943835711569e-01 3.118288693046169513e-01 1.814762904174417879e-01 2.200995646546454187e-01 7.860298397605300358e-02 5.180520034640810623e-02 1.460452207256056623e-01 1.613123927250300071e-01
8.891240736473321471e-02 1.859619806772815909e-01 1.367654595147942409e-01 5.570091264732868197e-02 1.246804705590188883e-01 1.577179291918436310e-01 2.578575886124567229e-01 2.395594879297193169e-01 1.556914247874895407e-01 7.848316479521383338e-02 3.440510449843658947e-01 1.746181289357552624e-01
1.049224540250733861e-01 5.824807273037136551e-02 1.279067843003903193e-01 2.573283222800508696e-01 8.963688729125962595e-02 9.426010839951681763e-02 1.172958170736858319e-01 2.655654021847949631e-01 1.376351566315814068e-01 2.049251948964623260e-01 2.150800370742252943e-01 3.271957631125876897e-01
2.916376675040486810e-01 3.454323023625335276e-01 6.489592555979566135e-02 1.011227365203140605e-01 3.225681866879807208e-02 3.754340653677887274e-01 9.845565549513748960e-02 3.568099326324175591e-02 2.496521559847994509e-01 2.442045593922479163e-01 7.291792122206466886e-02 8.830919865922952361e-02
1.763228836046534798e-01 2.871608230057451916e-01 1.687795293740695368e-01 2.248969158552510672e-02 2.464338141046474445e-02 1.035974312952945842e-01 2.759206334024473239e-01 1.579844035307358674e-01 2.892627646373505113e-02 6.264044193835222041e-02 3.916637490800675692e-01 2.998707553089091649e-01
9.241288974911782139e-02 4.060749797497009705e-02 3.743762058189813446e-01 9.921493789721747003e-02 2.129978187345716450e-02 5.312355660379998457e-02 3.628597646572755409e-01 2.449044214075710157e-01 1.457329848140208606e-01 2.376826759416474089e-01 1.264044355884442750e-01 2.013808476734987862e-01
7.299827013182422220e-02 3.662011664499257857e-01 1.181645747353052833e-01 5.110975662588422563e-02 3.553040171269861713e-01 1.059739897365402361e-01 2.503570105642229371e-01 2.006963476745916297e-01 2.723082853742263623e-02 1.293440356778173192e-02 5.597921090248237502e-02 3.830504239470338135e-01
1.320288091440459943e-01 1.024549829303574716e-01 3.833146993937254499e-02 4.914385060813182549e-02 4.227791254049468872e-01 2.117528667517624696e-01 1.732341787137264277e-01 1.114907875207179627e-01 2.225145618212058252e-01 2.459404091412991100e-01 1.619822143357231847e-01 1.283467436887102686e-01
4.644179804599332662e-02 1.718103779895105432e-01 1.402959397573419476e-01 2.214114025177769118e-01 5.194900309464409172e-02 2.885312249335668655e-01 1.217790565849249662e-01 4.688293137676486505e-02 2.690217433313130124e-01 2.856099528941505872e-01 1.199061522977239169e-01 2.363604171762909156e-01
2.128664934832349628e-02 1.506909647710592548e-01 2.354099571000288216e-01 2.153578797755613672e-01 1.027933938753971543e-01 3.776906591824831239e-01 7.375879120879587358e-02 7.800239421139321117e-02 3.558200938207740638e-01 1.888862067611779549e-01 1.716393481922359188e-01 2.866366175277087341e-02
1.432107184071484407e-01 1.790284604527086210e-01 2.536973097662319487e-01 5.796964657955173961e-02 6.984221150412549262e-02 3.854644973817413778e-01 8.613549364129011177e-02 8.828593875797086099e-02 1.852528410420335447e-01 9.285027872553222594e-02 8.686314668844188902e-02 3.713994570532250794e-01
1.701912589654601682e-01 6.161011005900571269e-02 6.552981876529606620e-02 1.571350731517723864e-01 2.339767174896821011e-01 2.096723389641099722e-01 3.274715381568588102e-01 8.096340777575634917e-02 1.177325232423927781e-01 2.880709127304948436e-01 7.735206917021827944e-02 2.102942315289541009e-01
3.082319823225534439e-01 2.503201727171068258e-01 2.327291221711560165e-01 1.015037126818323227e-01 2.033909600444882004e-01 8.294297061232704105e-02 5.297090341183782053e-02 2.079244159340382786e-02 6.893942614191883589e-02 1.554159801482721814e-01 4.026764869187271501e-01 1.200858412363767780e-01
7.361339974934183461e-02 2.326720755612347313e-01 2.092780801498648202e-01 1.820704826082175654e-01 2.319718239222268719e-01 1.249673434531961280e-01 3.252522122586092856e-01 2.143442903678561828e-01 3.000775029670097460e-01 7.451353829839478526e-02 1.546071885553368386e-02 1.577853180851504500e-02
2.046187887321735399e-01 1.178825833787305599e-01 5.516211560576606693e-02 1.253884680572768806e-01 2.845454412290676638e-01 1.015755905819123034e-01 1.413726886700917840e-01 2.752971267269699318e-01 8.789873091699251795e-02 1.354366133186916954e-01 3.098586812587316164e-01 1.609631715235948501e-01
4.504934955163508725e-02 2.143137409504383348e-02 6.203256735729108240e-02 1.623677906288689132e-01 1.518876205654643985e-01 1.738038228796225104e-01 1.671650843035301648e-01 2.846882163479467209e-01 9.598682726876264781e-02 3.302241687815283822e-01 7.386525737763027788e-02 4.314979208426759638e-01
2.440981255728759403e-01 1.663678687774818865e-01 7.117360818833515235e-02 9.394788493184684508e-02 2.615438212628752312e-01 9.595111544323603470e-02 8.758704193525609916e-02 2.073631492255471609e-01 1.177510736802325070e-01 3.464240147751549426e-01 2.112953449096218184e-01 9.649695129753715905e-02
1.067981788255740472e-01 9.290575797239147837e-02 2.082114407235694520e-01 1.253130691250570194e-01 2.466707874726510319e-01 2.816608038778184442e-01 2.481569214398310630e-01 5.402009064251311887e-02 9.747662923675010083e-02 7.593285987876201293e-02 3.018601917946791557e-01 1.609932690104037833e-01
3.305569933974199237e-02 3.042966935305217724e-02 6.348112234172739732e-02 4.215554238096599349e-01 1.883853205606755843e-02 7.180645735170865240e-02 3.652748758883278546e-01 1.716348855050914834e-01 3.042070911363068397e-01 1.136015361361857601e-01 3.025453371396410462e-01 1.035693699424884151e-01
1.340068664430014156e-01 2.521683510464419742e-01 1.047777223191347917e-01 1.578272911845563509e-01 2.562393338098439832e-01 1.724300253204547606e-01 1.801113014080293617e-01 1.876518881263998240e-01 1.734947959436292653e-01 2.110940708642445318e-01 6.966531450185718677e-02 1.005330390324082890e-01
7.001239835094524855e-02 7.583746648347558517e-02 2.268025789418273708e-01 1.325458302044813241e-01 2.138639352909766367e-01 2.709249103730275166e-01 7.475000602359910262e-02 1.113731684411611578e-01 2.124760904916483395e-01 3.013410257488546851e-01 1.772399903408423405e-01 1.328325993091604151e-01
1.952693605860389425e-01 1.104828908720768416e-01 9.272337065048907867e-02 3.855387835853865131e-01 3.253367713834061370e-02 4.988376181694316458e-02 4.148584239443380839e-01 3.650054139087183930e-02 4.030320678917939659e-02 2.164380438275221585e-01 2.697662031015551909e-01 1.557017362972568653e-01
2.894250225797139753e-01 9.875256936426969612e-02 4.147148982016108515e-02 3.629074415238322526e-01 1.001946817454369143e-01 1.085242933201271444e-02 1.273452131063087210e-02 1.107390197843558938e-01 2.992727452594480253e-01 1.094917346704628591e-01 2.946766274141914277e-01 2.694817171954833057e-01
6.623410078921768140e-02 8.251432751726994752e-02 9.034015989940002989e-02 2.895127018955980791e-01 1.832682905295184017e-01 1.980471679090415327e-01 2.678835592777141228e-01 9.575991023892141407e-02 1.332954395680560067e-01 2.924561938822566876e-01 9.319424355505698254e-02 2.074939049379473377e-01
2.922094099087687025e-01 2.233013858380899774e-01 1.071196066857473816e-01 1.357875634682049193e-01 1.942337269831415081e-01 6.880416195111066502e-02 7.286850385780499484e-02 3.090082058220737782e-01 2.025442984681841696e-01 9.489430779879282768e-03 2.783362877547450320e-02 3.568000774615202042e-01
5.019850127052760680e-02 2.972754888224249381e-01 2.559284335058835680e-01 2.732136723596156891e-01 1.416271719392326878e-01 2.371279458528367107e-02 1.281470639740000562e-02 3.373244832442610919e-02 1.311673189245607385e-01 2.015067658010107343e-01 2.358155477376492337e-01 3.430071503319849779e-01
1.233630122478645424e-02 1.311855138795393894e-01 3.515801964013086645e-01 7.437461538491256519e-02 3.004846068474927301e-01 1.075004516291128559e-01 7.978936764670738202e-02 3.523103531267995914e-01 1.021987023342101064e-01 8.635829239036883764e-02 3.441067534925186244e-01 5.777484564224086294e-02
1.738899403751615891e-01 1.332728986019929007e-01 5.292256550713942548e-02 1.006831674125914788e-01 2.758772589346007997e-01 2.766021051684571797e-01 9.816858692458306501e-02 1.816244470691610324e-01 1.770104739014899398e-01 2.357940538238921802e-01 1.114438896427542708e-01 1.827106126381768392e-01
2.947133977580321251e-01 1.487650122261386931e-01 7.333761249696862938e-02 3.430043160163238208e-02 3.913245855005863527e-01 9.854661371592957075e-02 2.982627247559791472e-01 1.799634840633412003e-01 1.110673907196335630e-01 1.662971943865425017e-01 7.542916907656420367e-02 1.279923836986541219e-01
1.258275948785906595e-01 1.350296628266434429e-01 4.517048315383389578e-01 2.757398762962561256e-01 8.296676762100431424e-02 3.300927450271003150e-02 5.121453222082009149e-02 9.906877961279642042e-02 1.853319817587385510e-01 4.085006543673494472e-02 4.276071546063187623e-01 9.164947870104665772e-02
3.042785633007851209e-01 6.481886255208449410e-02 4.949257606842655949e-02 2.216602830185191719e-01 2.921602520175348716e-01 3.076872271538157455e-01 1.628282925398741310e-01 3.815789358714617441e-01 3.621000459443082797e-02 2.744289463092888792e-02 1.713705378976661253e-02 1.347050544623723811e-01
6.352098968908542753e-02 1.148294892569169112e-01 1.657927370002445500e-01 2.271160071680122239e-01 5.793970237584045169e-02 1.934410697102885435e-01 1.339206041059907704e-01 9.437104651647482134e-02 1.783726188146471936e-01 2.625746096337388535e-01 3.826437573868664010e-01 1.254773683418945462e-01
3.226840014323976158e-01 2.399535902600194448e-01 9.069424562707295578e-02 5.717654229078176359e-02 1.547437332208465299e-01 2.123329852408250007e-01 9.090691193842215245e-02 5.910544717268475384e-02 6.470922789517961904e-02 3.422280170439528924e-01 1.062698692536038908e-01 2.591954286242131866e-01
9.871705184007097122e-02 3.338482413762290379e-01 3.756282988836234793e-01 1.158394444471212426e-01 4.798525225590435928e-02 7.999353732913008774e-02 3.144942180486887118e-01 1.040865690247190639e-01 4.350308578146101085e-02 1.286615205623292124e-01 2.177576546315328210e-01 1.394851258191896481e-01
2.986550770495335211e-02 4.838380744120385733e-03 1.151745883742050051e-02 1.121003772568302942e-01 3.621188333945982718e-01 7.278357986635930477e-02 3.597544950471565084e-01 1.698178158477363642e-01 3.615591746418006514e-01 6.024847246271758383e-02 2.689514911005197462e-01 1.864444130957875756e-01
3.005638844579214264e-02 8.901500647662602406e-02 3.976456195635014179e-01 4.061225151335581263e-01 7.441464460223694288e-02 1.397988658346794796e-02 2.699603484340743625e-02 1.025117551949670525e-01 3.444820530672229042e-01 6.041578577642424397e-02 3.955657936464747060e-01 5.879451666632108664e-02
2.052946544374589233e-01 2.716969671140679887e-01 1.553780923490018506e-01 2.727364936988503352e-01 1.394078913434656231e-01 3.620918283078986000e-02 4.837503285070977876e-02 1.263075824198008901e-01 2.182172884411955338e-01 9.301166641133762347e-02 3.824317070192505968e-02 3.951219774013973174e-01
8.555834068196482844e-02 5.439789392032992610e-02 3.775268804947136403e-02 4.251510340805144117e-01 7.307411271652965168e-02 1.097682896804224317e-01 3.475241194263284372e-01 1.360376868192745003e-01 2.130755140850134344e-01 1.242112052272814765e-01 9.206248793881718906e-02 3.013866273740548052e-01
2.648444773313951561e-01 1.179708301827093325e-01 1.451929319520853939e-02 6.187002714667327874e-02 3.498650836174488354e-01 6.333165422074332751e-02 1.363430676100835792e-01 2.278308136720638699e-01 1.584188703450656877e-01 9.793977199305885228e-02 1.147161097971918231e-01 3.923500008883571977e-01
1.297230926899379244e-01 9.254929076119931819e-02 2.612420493825379775e-01 8.983249370810665602e-02 1.464906124313431202e-01 3.277611546278099142e-01 7.279046068419542381e-02 2.617902008156086091e-01 2.148455708616717752e-01 1.163120861295723896e-01 1.411866187596715894e-01 1.454763691483458299e-01
1.703312395197131152e-02 9.906454593139650544e-02 3.105149260075996676e-01 1.604351380901028745e-01 1.982943794214958588e-01 2.451079453027679156e-01 2.281725368331141701e-01 1.380521148439878276e-01 4.574018163342435245e-02 3.130433412778733659e-01 2.129906929008075211e-01 3.155107380546030849e-02
3.089457082423934312e-02 9.206965588574696907e-03 8.556802979168982512e-03 2.036202343075389429e-02 7.334050425021818032e-02 2.593173448312376950e-01 2.071779150578309803e-01 3.520968977820152501e-01 2.891523781154322625e-01 2.261904223540123215e-01 2.518888541885115906e-01 2.718153205980052278e-01
3.593928041108788718e-01 6.743385748905650345e-02 2.344857040967476269e-01 6.773022384630203452e-02 1.511517755472983338e-01 2.165002049375569504e-02 4.118595805195941068e-02 4.378080562720551017e-01 2.028203313164420873e-01 2.826480189378650643e-01 4.158647256575028622e-02 9.210677727188995578e-02
9.960579399488511676e-02 1.132677769148675712e-01 2.423853288247290183e-01 1.140106616051012323e-01 2.788604841328045092e-01 1.873290143610215341e-01 3.121650101430954380e-02 1.071489881834593177e-01 3.547667426490004328e-01 4.990757847206508252e-02 7.335054435541754625e-02 3.481505854923401255e-01
2.322712466531685616e-01 1.560660850377454667e-01 4.102922621731960318e-01 1.038497803619790050e-01 4.126007228084168088e-01 1.599349278615361802e-01 1.716704485944607894e-01 8.331875989733217303e-02 6.452223115078861704e-02 3.062713820780065335e-02 6.249480766193900999e-02 1.123515895916380736e-01
1.524373747964193337e-01 7.683951036702196813e-02 3.669176598595578348e-02 9.883248462650967570e-02 2.081797482260869525e-01 1.897401831155079432e-01 3.732288227719308127e-01 9.555522880505754046e-02 4.293774681157594419e-02 4.293251646490421347e-01 7.792901732608546739e-02 2.183029525188073250e-01
2.959249232742223734e-01 8.590931009503041671e-02 4.826721918706424266e-03 2.327458001941242957e-02 1.901890022592221396e-01 2.216310520398416251e-01 4.559674151283265586e-01 1.021123851025806106e-01 4.078548071091556149e-02 4.159458712566674876e-01 6.908532624303080627e-02 9.434793195204493887e-02
5.695853007829669579e-02 4.339900272896055622e-01 3.055158047032815669e-02 3.838340995452400872e-02 9.873548913052765386e-02 2.192695542462266278e-01 1.233347340981227891e-01 2.349177232882364991e-02 8.435295107563893502e-02 3.583633596981921077e-01 1.457592344640718240e-01 3.868093571656429086e-01
7.324939982927669568e-02 4.479339615454663165e-02 2.883808014049230595e-01 1.626782264456602123e-01 4.006303454057336122e-02 2.957195035868966093e-02 8.244158432472631359e-02 3.654450377716828569e-01 3.729222555981949183e-01 1.134329805710320993e-01 6.488693706742790224e-02 3.621343959332654627e-01
2.623119912056061653e-01 3.055597677210312169e-01 1.734318691373159527e-01 2.386965724089203933e-01 1.152935571941408888e-01 6.525870378826820195e-02 4.678386864213113228e-02 1.254628066779642226e-01 1.837952728944781400e-01 1.075979219531273678e-01 1.975119700521937305e-01 1.782956983248201455e-01
6.881630500791378890e-02 3.798699584346927338e-01 4.215013064969070494e-02 4.350261840037054906e-02 3.779727138568691469e-01 8.559462081184575355e-02 1.623139926674664890e-01 2.354218387767207932e-01 1.694886984022067056e-01 3.758392353160853183e-01 4.659113458980657096e-02 1.243875308632997820e-02
8.316386928139682388e-02 1.727837171396165439e-01 2.053728652188175907e-01 7.353471773897454766e-02 6.519359208929806360e-02 2.206020114071208238e-01 1.002239662431175793e-01 2.327481663350828844e-01 1.327748603320179077e-01 2.107370807463124218e-01 3.522460868432395475e-01 1.506190666250055155e-01
8.244646978213002186e-02 1.501938981649241778e-01 1.136081532165306163e-01 1.519380112577435604e-01 1.275249267619607274e-01 3.721858409114473520e-01 9.185469990406708307e-02 3.857732124986512079e-01 6.074631831931257692e-02 1.547823189991408797e-02 7.747816749053343388e-02 3.707720697927835429e-01
6.378907931493757455e-02 2.819749016159479593e-01 5.520720557072432422e-02 5.023931853444936479e-02 1.125819424995134904e-01 1.676219028794945776e-01 1.844561453630513270e-01 1.086612621640935666e-01 1.599132817976097742e-01 3.371333624534282314e-01 4.400226338608177468e-01 3.839896394593071693e-02
3.754252785437270368e-02 4.035609374163652563e-02 8.080667259778200051e-02 4.542728157122140065e-01 3.515557808719227961e-01 1.075748323657942235e-01 2.766280171968072965e-01 1.816253100172591228e-01 3.337582152479866282e-02 8.590096003436438477e-02 2.192872281349525776e-01 1.310739399480955192e-01
2.260867366791159405e-01 1.872881743589571157e-01 2.216362799467396782e-01 2.753620514988771584e-01 2.098855467546715814e-01 7.443971199963665686e-02 9.206157551187021948e-02 2.402371090872571294e-02 7.789545533184063890e-03 4.389976691168409606e-02 4.243983610602076739e-01 2.131285388363308997e-01
3.839000561937244704e-02 6.251831224832354872e-02 3.878596949857642251e-01 4.549954787879812584e-02 3.292360582438307315e-01 8.601002073778063473e-02 1.052508589993391697e-01 1.311967261751174063e-01 2.209349840502567441e-01 2.553269222446027387e-01 2.605017130470669851e-01 7.727515576974734735e-02
2.747051630373060771e-01 1.503531879136731642e-01 2.664091077259084228e-01 7.772771507767488319e-02 1.272168691299200849e-01 2.244759664913873604e-02 7.394702333330392674e-02 4.065490217402971118e-01 1.698980548050569861e-01 1.653711945549861950e-01 1.074747158944120984e-01 1.579003501383214880e-01
3.343694602056571791e-02 1.211223207661263207e-01 1.164700516549870835e-01 2.222526372475440437e-01 2.452809414392233822e-01 2.249881074789388258e-01 2.375009733168035597e-01 2.298357185514717793e-01 1.587004146337430699e-01 3.181039302823432946e-01 7.318790315221578024e-02 1.912005545603707307e-02
3.760826607632378193e-02 8.529718170259670273e-02 3.740989570853674451e-01 5.248071486244161588e-02 2.626576359068220207e-02 5.947234905850284914e-02 2.468968438479487715e-01 1.612585738707330574e-01 8.761640417301383432e-02 3.451954831742007901e-01 2.852524886651333080e-01 2.385569738930557460e-01
2.065659184134743531e-01 1.554171984973592435e-01 7.852037972422484802e-02 1.943720264590800828e-01 2.394404124898341091e-01 1.387417743193155584e-01 1.748953253930219109e-01 2.087962676921909233e-01 1.074064948596150926e-01 3.216367026766946413e-01 1.000056547163442056e-01 7.420184475884457342e-02
1.663923906865753255e-01 8.318289031261749678e-02 3.673367821298221397e-02 9.477188912699186299e-03 6.063459997972574234e-02 3.788090572207216677e-01 2.061109712996662680e-01 2.837329214935469524e-01 8.285745324333976258e-02 2.050418830538064396e-01 3.531494652283276858e-01 1.338775003559914967e-01
2.767293040513770230e-01 2.005132464538185444e-01 1.144922035837630248e-01 6.073025714967864724e-02 1.330339162648078166e-01 1.951626221067958300e-01 5.943635424748464763e-02 9.392005404892690701e-02 1.277665823611061069e-01 2.649551330719072118e-01 3.192848319478794883e-01 1.539754947124560847e-01
1.583520570035725980e-02 5.494298055569266093e-02 2.991784366289442776e-01 3.877583709141333435e-01 1.498329372166731233e-01 1.716411502218827545e-01 3.449681762759981840e-01 2.060917382497084449e-01 2.075082738290116302e-01 8.399902278135171207e-02 5.902003875424902124e-02 1.922366887199696700e-02
2.124874524192073011e-01 9.263633883794056278e-02 2.896403299716606705e-01 2.166296119971594103e-01 4.535918345705080429e-02 2.689705281262757749e-02 1.520406361441630216e-01 3.174269715102458478e-01 6.594466369942855732e-02 2.291234824437804740e-01 2.015954683701128847e-01 1.502188083366224614e-01
6.006189970010003543e-02 2.233780917695955825e-01 1.354627165319225446e-01 1.760811741788592677e-01 3.350744037456815372e-01 1.172379564922817613e-01 1.530325402164034176e-01 2.039339565391128928e-01 2.432881476159517720e-01 6.303503497366846897e-02 1.650533168936531014e-01 1.243607613427697434e-01
1.386218897543916584e-01 1.388518946483406347e-01 2.840857970854764325e-01 7.897745863198875338e-02 4.777108939083207079e-02 9.271513306332576643e-02 6.425733023998982107e-02 4.268287205931283190e-01 6.029306383324520985e-02 1.748344172246755757e-01 2.458521800619631326e-01 2.469110254726438747e-01
2.984453548473570694e-01 1.477690653231403806e-01 9.345363142200555084e-02 2.538974658439799303e-01 1.179924419173368766e-01 1.094434018490516580e-01 2.970445965259728149e-01 1.125003229139402566e-01 3.264215345878014596e-02 6.311400702446415267e-02 3.743804617758393904e-01 9.931709709813225928e-02
2.156447053649468981e-01 2.219906434479130830e-01 2.456742193307167033e-01 7.605997902812126898e-02 2.537711343164835154e-01 2.461774085495874176e-01 5.283924466940995157e-02 2.663811074968216452e-01 1.416950035999204882e-01 7.053745269688302399e-02 1.218293225408502850e-01 8.739977895834949440e-02
1.953283613237886407e-01 9.503318899536400410e-02 1.152687145882655417e-01 1.231725043569174977e-01 2.044419041422510241e-01 2.358766557995507773e-01 1.600123080472139747e-01 1.706623268851329422e-01 1.109963105230177549e-01 1.031185265495394854e-01 2.335069690592678771e-01 2.525822297296913543e-01
2.129018003994531116e-01 1.668438224994838737e-01 2.375526844484179279e-01 1.774824573530881522e-01 9.752353678578110086e-02 5.735096853713780862e-02 5.676062244391506112e-02 3.261685009723015033e-02 7.503534883462895100e-02 4.121435161366609479e-01 2.891344053676251358e-01 1.846539870965793750e-01
2.372472007474881253e-02 1.515929121349760544e-01 3.337300067107564217e-01 1.737381852282787742e-01 1.520702559830247602e-01 1.871254499328024457e-01 9.919850010713987531e-02 2.123006101865369255e-01 1.578245175401364886e-01 2.903025463448225540e-01 1.872259668539755229e-01 3.116632890280197909e-02
1.098680067163178148e-01 2.282668784553102959e-01 3.512382383550637366e-01 6.967509384514636306e-02 1.658873263323025760e-01 1.225928629188774988e-01 2.037785066109352727e-01 5.414803774480782955e-02 7.978521127969018245e-02 2.511309594009614177e-01 1.570040218264877330e-01 2.066248565140977878e-01
1.622349857041277543e-01 1.816633496803089498e-01 1.368276995344186453e-01 8.834711519919349887e-02 2.895714028432221088e-02 2.309053732101723211e-01 2.286264446112637738e-01 3.775462791942021390e-01 1.428840311299064969e-01 8.758426452797209161e-02 2.341520107546249951e-01 1.002713061694876506e-01
8.141739735450045923e-02 1.116937729758602504e-01 1.537195378178502492e-01 1.227027662652104972e-01 5.640380566269469903e-02 1.053410641586280672e-01 9.324281356446201263e-02 1.440968434793442887e-01 1.709820744326526754e-01 3.254018069081867637e-01 3.306366458006702036e-01 3.043614715799400905e-01
3.856124448096996671e-02 1.558333834893436132e-01 1.777177466297032715e-01 9.490355304361211553e-02 1.669979068767401820e-01 3.424584345243328887e-01 5.341072771617864923e-02 1.545513231431728217e-02 1.178803981253712940e-01 3.196423983894979282e-01 1.041931941631900893e-01 4.129458802467430578e-01
1.185092763023247175e-01 3.026705892334420334e-01 1.347294282341853500e-01 4.275900383096346846e-02 1.718471776608502255e-01 1.980853330619558594e-01 8.393931341584634498e-02 5.156969312564958774e-02 3.037107106745332574e-01 1.153411903289495305e-01 1.432104370389988557e-01 3.336278470922993122e-01
1.887649522528667689e-01 3.093382573267970392e-01 2.842255111935056977e-01 1.876882002943152661e-01 6.813262703183410596e-02 2.705827492204724849e-01 9.171586002701706541e-02 4.221643777363208450e-02 7.742718646216319167e-02 1.741875953855828718e-01 2.261406168358790492e-01 7.958000619593137703e-02
6.632403240511891562e-02 1.388299153264125896e-01 3.457730328649066820e-01 1.056636467265263113e-01 9.151110941174714353e-02 1.784075327391075327e-01 2.123451690279744564e-01 1.287301797522148461e-01 1.941740254717098657e-01 2.612198894862163279e-01 1.575918298782160165e-01 1.194296369098508670e-01
1.690953323446095502e-01 8.767977961830422662e-02 2.189871720849014269e-01 2.903872455848952594e-01 1.004387966325759329e-01 3.252203583839884116e-02 3.631674996869687644e-01 7.480695135598375289e-02 6.466653379651761402e-02 3.977445840509700181e-01 6.886308719118228172e-02 1.316409818146923594e-01
1.003145081761332991e-01 3.415647562060393216e-01 9.154582005251943322e-02 1.042578936784841204e-01 6.387489738304022446e-02 4.231334390491073988e-02 1.493272403370057844e-01 1.462113249730628839e-01 4.609358440696233183e-02 4.323553600593343926e-01 8.500363260348847705e-02 3.971376382190191512e-01
1.939105857745341763e-02 1.812836235758674974e-01 3.540031075157036300e-01 8.122831020027446169e-02 2.657369462429353124e-01 1.087282330661190621e-01 1.525990194636130393e-01 2.587135541979716513e-01 9.231752403302362353e-02 1.049089832899875868e-01 3.278582648386128007e-01 5.323137499843524911e-02
1.913841528241403134e-01 1.714039513828882200e-01 2.506212870783977587e-01 1.189189363114719344e-01 9.793483931169820467e-02 7.814639146623535149e-02 8.721075616932329189e-02 1.316059368550918096e-01 2.887239576581461797e-01 6.665043848613089184e-02 1.896469541697216599e-01 3.277523982867543428e-01
3.778323885557514084e-01 1.824354585432232390e-01 9.000859987008161256e-02 1.423212984938414249e-01 3.556850706219168989e-01 2.171727972970470266e-01 5.535169275994836213e-02 5.528722267066341067e-02 2.269484059553371902e-01 2.033607395971022413e-01 3.546853741780288394e-02 5.812778821728416256e-02
2.159457632799137994e-01 4.482579936467186998e-01 1.892969227897102757e-01 7.963954139357248829e-02 1.987243198442125713e-01 8.837999991384129506e-02 1.082972238029296791e-01 1.380109919297775600e-01 1.718546829588208646e-01 1.101266360341559558e-01 8.899903162323113959e-02 1.624668927831169896e-01
1.912476775353830483e-01 2.666801648689471893e-01 5.469744603200986377e-02 2.415333924981590275e-01 2.119361242423259684e-01 2.051688332772295259e-02 3.836617592626632295e-02 3.730269093680487202e-01 2.491684155416265534e-01 2.565472194421530849e-01 7.635127747734429815e-02 1.992831374001479902e-02
8.301128456737737193e-02 1.415847786000690445e-01 1.745242528137637139e-01 1.608226236800121278e-01 9.923228476666519360e-02 3.495545913698553386e-01 8.227134630638080481e-02 1.073567470691096787e-01 2.319690828598587606e-01 4.150612654903557130e-01 1.097401781507607310e-01 4.487156432578989079e-02
4.160874626290636535e-02 1.124166100536382051e-02 6.607402228741576095e-03 8.111291027341453741e-02 3.344768275493101850e-01 1.045061470584712493e-01 3.504898459203303895e-01 1.848997205692358425e-01 3.363025118641042033e-01 1.999191441460504981e-01 2.546773097702482724e-01 9.415777335182334840e-02
