-7.817721572901765725e+00
-8.042715711392943945e+00
-8.163644980897323933e+00
-7.931441410415455806e+00
-7.859727585341596878e+00
-7.993900703160406351e+00
-8.049069209925137969e+00
-7.695432105508806409e+00
-8.046139601096045979e+00
-7.596070497068436289e+00
-7.786547224600061767e+00
-8.004592037771830704e+00
-7.927337503301148836e+00
-8.303394642843379359e+00
-8.071582031677943192e+00
-7.604945451258716460e+00
-8.015380375524591372e+00
-8.113559406846784228e+00
-8.304759968305281959e+00
-7.845749294517076144e+00
-7.716641594357056988e+00
-8.083265377464028845e+00
-7.930057555401718972e+00
-8.034125686146243339e+00
-7.887187038002386963e+00
-8.212258304640775108e+00
-8.122844113966266377e+00
-7.946709203040356329e+00
-8.765002201102461754e+00
-8.312795720321595638e+00
-7.941949447976361931e+00
-7.960019801609637291e+00
-7.911910182972438754e+00
-8.034104983770443908e+00
-7.976818131179008731e+00
-8.421339527750969722e+00
-8.085952668825491685e+00
-8.112091935817915100e+00
-7.689370608872811097e+00
-7.925851276584783278e+00
-7.969709942923495660e+00
-7.826833345573972700e+00
-8.087694218576414684e+00
-8.159524148335108862e+00
-7.630683387973670406e+00
-7.629457582383331271e+00
-8.098119539428562774e+00
-7.987088412791418790e+00
-7.756489437487838146e+00
-8.018008551483946533e+00
-8.304990673814833357e+00
-7.963227391652538678e+00
-8.139905287786771027e+00
-7.661144905723046072e+00
-7.630934382247214209e+00
-7.956025142729088451e+00
-8.100067687616366641e+00
-7.960519834149131668e+00
-7.733873252368160145e+00
-8.264634396992999399e+00
-7.627515388208850666e+00
-7.911947406660347681e+00
-7.957774145463476501e+00
-7.492577413326824143e+00
-8.062179166461580948e+00
-8.037839622464929334e+00
-8.224550467688498401e+00
-8.339874497993220004e+00
-7.547659829645459340e+00
-7.634863680915530360e+00
-8.260207938424407814e+00
-8.181402789312283375e+00
-8.342891574561518198e+00
-8.083305199375574901e+00
-7.855650655157513818e+00
-8.246068300255480210e+00
-8.434277514997425840e+00
-7.596892993682030415e+00
-7.981716907624854862e+00
-8.367200073084950063e+00
-8.027272727597647872e+00
-7.751042820520248178e+00
-8.147844483952015437e+00
-7.945224722085802327e+00
-8.010285448106074568e+00
-7.754346606001725206e+00
-8.282213840795039417e+00
-7.762725171076366948e+00
-8.419150565421347210e+00
-8.209750762860691609e+00
-7.930645351850691860e+00
-7.899177946089778857e+00
-7.654767644952283234e+00
-7.649697964064336553e+00
-8.218006910675578425e+00
-8.133543254979395343e+00
-8.196384818714523846e+00
-7.873816462475068612e+00
-7.746178969023092442e+00
-7.941425791764327613e+00
