6.372210414275861212e-02 7.624435501543117000e-02 6.277194793183531185e-02 6.148377804556449944e-02 6.297833563747821939e-02 5.744779827292586377e-02 6.772718325425262920e-02 6.778593262241208728e-02 6.527903539021587265e-02 6.910615042491419224e-02
5.624238461121999766e-02 5.932447820040778752e-02 7.496758792884222755e-02 6.503813989414672370e-02 6.205717487209504168e-02 7.524999248263863905e-02 5.823449422729522901e-02 6.783307299250923572e-02 7.000765247150679549e-02 6.652695172696643233e-02
6.968030095096064414e-02 5.984983897183887569e-02 6.209541899001368159e-02 6.687378417752362636e-02 6.791100174502819053e-02 6.343169778590901364e-02 7.050884153904897478e-02 6.310109860165680207e-02 6.847570682007575460e-02 6.226054242809827416e-02
6.030315122057799959e-02 6.711994868029308448e-02 6.518485729875718449e-02 6.455040583468306392e-02 6.186369970834883214e-02 6.188755815064498483e-02 6.396825686212198603e-02 6.319766900855938729e-02 7.054143419655957425e-02 7.570306929825272590e-02
7.310242970772343196e-02 5.075781561448745177e-02 6.633174549900676398e-02 6.990844645533687840e-02 6.269349791253643611e-02 6.698590508206833660e-02 6.296587499674069499e-02 6.321595798401279109e-02 7.057627047517173180e-02 6.864665825640178798e-02
5.929728703951511748e-02 7.143574811974406913e-02 6.317129086768538682e-02 6.873192264433010401e-02 6.359433395015945401e-02 6.116235912184256329e-02 6.984721772225782610e-02 5.898297750082288210e-02 6.913243890682181647e-02 6.933695861914324077e-02
6.682800625267448780e-02 6.413713523036970732e-02 6.810552274409756301e-02 7.900237686883677946e-02 6.806844712520589147e-02 6.382690021369735733e-02 6.291145044544399489e-02 6.591958967929982538e-02 5.325084592278553353e-02 6.294878409315660117e-02
7.072619218699016663e-02 6.689624659229401193e-02 6.515537798311317463e-02 6.431368941176088261e-02 6.364972540054161798e-02 6.420451771218300963e-02 7.028823058601338380e-02 5.996900568585873670e-02 6.186114647619585238e-02 6.681118658541347621e-02
6.824357859499817491e-02 6.039103328118448910e-02 6.589539422324831863e-02 6.986442707112569539e-02 6.085621941060392198e-02 6.744874046250054489e-02 5.378101156304700842e-02 8.480117217050643641e-02 5.803897918754639951e-02 6.804529015566689043e-02
7.379458611398682921e-02 6.566300512414882662e-02 5.390964067093219347e-02 7.583184784711141657e-02 6.208422790694642646e-02 6.322379437449182626e-02 6.528698568259445889e-02 7.006196433253845945e-02 6.996634304505555679e-02 5.638133055935569404e-02
6.657978812227338672e-02 6.530249093405161853e-02 6.432232534488854792e-02 6.251372903229490685e-02 6.000480161295435738e-02 5.875932629036540594e-02 6.778387521036845220e-02 7.232191930120644707e-02 6.288825535852179960e-02 7.390316223545499719e-02
7.099453894718010805e-02 6.628688743215435664e-02 7.084327996829940799e-02 6.796025531590181579e-02 6.254511552197987434e-02 6.314272355855518604e-02 6.257368282961509043e-02 6.943564783810450558e-02 5.926653747722162441e-02 6.109565670357749306e-02
7.686015762220960168e-02 6.596085400942518218e-02 6.116170556914417994e-02 6.828672031602529835e-02 6.027929985061156876e-02 6.744204108196168168e-02 5.420024382375818878e-02 6.699721341661592222e-02 7.030281729578692629e-02 6.371449995506839326e-02
6.641213686464855770e-02 6.452727857006773649e-02 6.691461876969596878e-02 6.848214084484001429e-02 5.918532047453070599e-02 6.416798594330203054e-02 6.221831919421537405e-02 7.291954736276998195e-02 5.658196122074315298e-02 7.371780313244588601e-02
6.566293772238093740e-02 6.393266293012236923e-02 7.454933161125140706e-02 5.661228405358238042e-02 6.879153150840455755e-02 6.751870118090021189e-02 6.394306686793221894e-02 6.222115590349281550e-02 6.193169043656978484e-02 6.956418303292956351e-02
6.707858497351949778e-02 6.805967246309745089e-02 6.332271654119324411e-02 6.219575818072827639e-02 6.769590479478858336e-02 6.630229982549845635e-02 6.288025395558954900e-02 6.785867103304633885e-02 6.674850050698570569e-02 6.166229059519404143e-02
6.478011266822673864e-02 6.392681689306364823e-02 6.804421912106561887e-02 6.704941057902016888e-02 6.537134298550324740e-02 6.048985493099045402e-02 7.217218560727566012e-02 6.635621072416281185e-02 6.349636774652418769e-02 6.224184618504220723e-02
6.344579134164791967e-02 6.799278469594952079e-02 6.151393755859966422e-02 6.424001508783487580e-02 6.251917031374208678e-02 6.823036109999050525e-02 6.360329291436317423e-02 6.566387412152796532e-02 6.633232851686657328e-02 7.032183587184552553e-02
6.900359288191459939e-02 7.204473209838803405e-02 5.708207649371636883e-02 6.904240061125316297e-02 5.406271598803882861e-02 7.361848157531000747e-02 6.505506979110162180e-02 5.679383815926714735e-02 7.117331163971740704e-02 6.808302090706498666e-02
6.452618038814653123e-02 6.419937934514050037e-02 6.563529128241468724e-02 6.989587301578560619e-02 6.717050371093193084e-02 5.705792043000100511e-02 6.169144195071302877e-02 6.578282376498177653e-02 7.000989490480769017e-02 6.788744833464488426e-02
5.992292756672288473e-02 6.189667044278510805e-02 7.463018374094188001e-02 7.016702144510811312e-02 6.489485593505812944e-02 5.803443320789920812e-02 7.519890862199921089e-02 6.618049155039297526e-02 6.079574029532522350e-02 6.315844617538651784e-02
7.290506501893836977e-02 6.732845055610749141e-02 6.261719615745012235e-02 6.829068152413060588e-02 6.157310447582738100e-02 6.640016626159686575e-02 5.847573959420664796e-02 7.329716279074384444e-02 6.663420894157515151e-02 5.751380776527485056e-02
7.218561653802313405e-02 6.161480279880816174e-02 6.954830437481877847e-02 6.800047622471899755e-02 5.973306533113227623e-02 6.259145647438976723e-02 6.038345882147736626e-02 7.283459156147782665e-02 6.369266815522499348e-02 6.395998968589838851e-02
6.120654365188973184e-02 5.880330253848439076e-02 7.662222836692392236e-02 6.563618524343943494e-02 6.490316158731165852e-02 6.297860949173229861e-02 6.736734639431347926e-02 6.817031765269597476e-02 6.468597343985636738e-02 6.401378004109538333e-02
5.708163088642147914e-02 6.984808161435498985e-02 6.346984054325627289e-02 7.068297660786920789e-02 5.671177907915560951e-02 7.019997970977989721e-02 6.569440667179288207e-02 5.860226210913178219e-02 7.170465259933665736e-02 7.163400258113281072e-02
6.147888596268595574e-02 6.800343831852208309e-02 5.685909280805789834e-02 6.779354513320477726e-02 6.865369618666004869e-02 6.865657628664588452e-02 6.317018851786286582e-02 7.453363256899775413e-02 6.292965893712866576e-02 6.263884616917315962e-02
7.217603700068635220e-02 6.629337710003191386e-02 6.773065313572801394e-02 5.821632759506566862e-02 6.508901025216154435e-02 6.466340782821497490e-02 6.755409301486015039e-02 6.023993683938845545e-02 6.046592226026362149e-02 7.175043292472482737e-02
6.225181787608387307e-02 6.115221674784933337e-02 6.547303580507826681e-02 6.136882067334446800e-02 6.195683594534494298e-02 7.318823653469161417e-02 6.792828948607428086e-02 6.458978117269918717e-02 6.627594946243857421e-02 6.996190450026565366e-02
6.688634682500926854e-02 6.607847589506685160e-02 7.097271794827875180e-02 6.095684438133653488e-02 6.224170168370982831e-02 6.840257240700681196e-02 5.785016262112378099e-02 6.598455616177814620e-02 6.843330067926819971e-02 6.641098615686702455e-02
6.903056348060658542e-02 6.207338396932224334e-02 6.770078680957151984e-02 6.225002693040461443e-02 6.456694303420608405e-02 5.798143304724608094e-02 6.438032334970132664e-02 6.636888478882864428e-02 7.692631613343708930e-02 6.326397184546941888e-02
6.173603029926622715e-02 6.663352403249780953e-02 6.559985758179606719e-02 6.440205215029763675e-02 6.661061781347582533e-02 6.270465905580772936e-02 6.994104637716547224e-02 6.589173187222695238e-02 6.855134196160582449e-02 6.171528762028596210e-02
5.833534866546670472e-02 5.847965305690181609e-02 6.845057031320619934e-02 6.549392038645586445e-02 6.318912228795491026e-02 6.655162484522045285e-02 7.127442053447770320e-02 6.457434293080228926e-02 6.646659168335693202e-02 7.155137495558525074e-02
6.450806552756828405e-02 6.675833339859943427e-02 7.230812120290212863e-02 6.678114069691751253e-02 6.127950700769928261e-02 6.150109698185156348e-02 6.308108667853554175e-02 6.622589602482521765e-02 6.428695680588082662e-02 6.704409224513536991e-02
6.527889272142607668e-02 6.950632384156853194e-02 5.973000278853587280e-02 7.029370539677920471e-02 5.766756578740577649e-02 7.621581323199833058e-02 6.695109670434043481e-02 6.516754683035164142e-02 6.295429185579481945e-02 6.120997610162205727e-02
6.838129324849337443e-02 6.211477737545979816e-02 6.202158548741618788e-02 6.764568962984823797e-02 6.117563098356618850e-02 7.320152437602038542e-02 6.768124926883101189e-02 6.191213636334025328e-02 6.703192678732780574e-02 6.303484888046820278e-02
6.680043227419429908e-02 6.313305972166952107e-02 6.743786602018142506e-02 6.936569789027947908e-02 6.823203255315404836e-02 5.774543109993928586e-02 6.650208223951215025e-02 5.994930940459220620e-02 7.015246349682245641e-02 6.491522269470717532e-02
6.213546436336193912e-02 6.541308531157369321e-02 6.274126936532359311e-02 7.882351519215895219e-02 5.195772688167826087e-02 6.394152148771263533e-02 7.297567333165227987e-02 6.465021752106468733e-02 7.066949347645211377e-02 6.266856714610145873e-02
6.994497959712178692e-02 6.310308190095986758e-02 6.316985751911846636e-02 6.818144876799296650e-02 6.159551874641141372e-02 6.505540348122323957e-02 6.777857228378064702e-02 6.491646307843673691e-02 6.513903246441161976e-02 6.492682805052124584e-02
6.635724189952370289e-02 6.928861711839615078e-02 6.120381651585858618e-02 6.712166022481567962e-02 6.251388210439823290e-02 6.093115060643871511e-02 6.785469900400577237e-02 6.233448722323403635e-02 6.765701394688501680e-02 6.870079898650471861e-02
5.923660732402580287e-02 6.322045333450304616e-02 6.530066111763727088e-02 6.875849872610020896e-02 6.399101694312024635e-02 6.269218572497224640e-02 6.751174264422030169e-02 6.524853053708054573e-02 6.378129937782420211e-02 7.455683799313060633e-02
5.810039079325728106e-02 6.179175284977202892e-02 7.587082555566840303e-02 5.880608464623564291e-02 6.228241185521572049e-02 6.899213154782883606e-02 7.021118810093909812e-02 6.524046441498942972e-02 6.890995673491306928e-02 6.462299646682344301e-02
5.832836879822479031e-02 7.436162247902559919e-02 6.601720509959152494e-02 5.946942916109394794e-02 5.816588303840612012e-02 6.451067829279058530e-02 6.997306537508564406e-02 6.264649112301742817e-02 7.052405018792341773e-02 7.098420962341839280e-02
5.857276116214923944e-02 6.498392356250798363e-02 6.195852484129751869e-02 7.005409368915241353e-02 6.629614988987243829e-02 6.630687036603009898e-02 6.994572752910713231e-02 6.220000006796910785e-02 6.407312202708141669e-02 6.979732775683102075e-02
5.910085667405933635e-02 6.664416461807265435e-02 7.036123593785731378e-02 6.660449423650985357e-02 6.421534408859526366e-02 6.412823621165700261e-02 6.695221380222568519e-02 6.090756327770371903e-02 6.213913218822874479e-02 7.336307678182726888e-02
7.645807511011729063e-02 5.249438530176821216e-02 5.911034940483783640e-02 7.758222386775588675e-02 5.553002708303668433e-02 7.257909145406186979e-02 6.882650322694969236e-02 6.915035866243972318e-02 6.733349148737541312e-02 5.846232337937060097e-02
6.163637050870110490e-02 6.073722400258206588e-02 6.513528017017554406e-02 6.533311443637657145e-02 6.737368868658788479e-02 7.227866337605655389e-02 5.643439287423626660e-02 6.964049846447042946e-02 7.531699484685519530e-02 6.104339027575337445e-02
6.840644822148550519e-02 6.283375876841584828e-02 6.227602692051742439e-02 7.276471025180444863e-02 6.414503654029130031e-02 6.199181844899188942e-02 7.128319374289132648e-02 6.092626550328512913e-02 6.531928883707921463e-02 6.439756465075570369e-02
6.051164549869019610e-02 6.318467021216983559e-02 6.949074720511974612e-02 6.967726114529324000e-02 6.109882375466004628e-02 6.701304620284195823e-02 6.544378160787422960e-02 6.815138078716526104e-02 6.237551182610333311e-02 6.705242856823118158e-02
6.954889712737173657e-02 6.532338914119849294e-02 6.551672923631374212e-02 5.448497632631699172e-02 7.403637752516119275e-02 6.067608815014407381e-02 6.995836803049904074e-02 6.702582870429775463e-02 6.229611217942453150e-02 6.613519510145618452e-02
5.893944168066282685e-02 6.392621533451330051e-02 6.679261134338115857e-02 6.408849117980534860e-02 8.149430635810450685e-02 6.816785596057706176e-02 6.332458792306888684e-02 6.173045364854453515e-02 6.271725609480517660e-02 6.358685137533152953e-02
6.608347881193905871e-02 5.279923678826375921e-02 7.759373201655553332e-02 6.082668246130731871e-02 7.073451079920457796e-02 6.271987746404739106e-02 5.905469665325147055e-02 6.790173395483183050e-02 6.863447806181274813e-02 6.944188189319955296e-02
6.686764188300076128e-02 7.487703968625283868e-02 5.736786237001883365e-02 6.833133362838544889e-02 5.832255175119308022e-02 6.886199830121793319e-02 6.238530149617529247e-02 6.467122628421001496e-02 6.550812974475307693e-02 6.769095364295960038e-02
5.635243554024797763e-02 6.683101600563672029e-02 6.263979481032277974e-02 6.250178513258995705e-02 6.568181214250430611e-02 6.699428553902368744e-02 7.420219780621939432e-02 6.312824921592828653e-02 7.006366184953351228e-02 6.608020772417619315e-02
6.373509747474011278e-02 6.194063168159830157e-02 6.711608840692782907e-02 6.711442020169389178e-02 6.397230800216413549e-02 6.516507357882103668e-02 6.018503154931521132e-02 7.242670522134997402e-02 6.245276926125641753e-02 7.009603073931063022e-02
6.136816593581594093e-02 7.014214679421867937e-02 7.276955309963190066e-02 6.319515370976086510e-02 6.294561743103835316e-02 6.252976098953112738e-02 7.062118656706845021e-02 6.433194568819061709e-02 6.029320420537206959e-02 6.594100530328761423e-02
6.455088079254552025e-02 6.432913193786873873e-02 6.236143554075672391e-02 6.040316106349152836e-02 6.039852086198697206e-02 6.755526423567949357e-02 7.530898402768047839e-02 6.010325990657794382e-02 7.309773707164342327e-02 6.657518276830667880e-02
7.332179682164213785e-02 5.799840098583824988e-02 7.063888904478556052e-02 6.778022842297648509e-02 6.118894132206625924e-02 6.200952267013699198e-02 7.099621923336643659e-02 7.233129304900098866e-02 6.085003714471767106e-02 5.811612437986208440e-02
6.153474140398617481e-02 6.286353073745223896e-02 7.122304911380045178e-02 5.559191670133806218e-02 7.330243925847493291e-02 5.901555544486474653e-02 6.807872531141009875e-02 6.911717069172361450e-02 6.446672049651303027e-02 7.014656204916150384e-02
6.733796932229500765e-02 6.121396624726288538e-02 6.439510803687517604e-02 6.453579847353155263e-02 6.770601006821824752e-02 6.556651956016439076e-02 5.721789911497501824e-02 7.702578065869701562e-02 6.256075467361357778e-02 6.728182198896760779e-02
5.706263392162246040e-02 7.820535278597268158e-02 6.224851052084202918e-02 6.305965761027322591e-02 7.239268031468404363e-02 6.184907063391370530e-02 6.638590568866145625e-02 6.295792926063210893e-02 6.126180253790842328e-02 7.017407274802144046e-02
6.901552665147124566e-02 6.667969759883246583e-02 5.536087095642239220e-02 6.245701500753041147e-02 7.234120810740513052e-02 5.908512943234978110e-02 6.812344243064540061e-02 6.859512103308496034e-02 6.750009050272902378e-02 6.551796137958687538e-02
6.173853716465108749e-02 7.483365898024665896e-02 6.431486640146066858e-02 6.001295733669718968e-02 6.903403369434733816e-02 5.989434154592027104e-02 6.546515820519402395e-02 7.097783149461731056e-02 5.847906644176950608e-02 7.032985322666737704e-02
6.686710439780964299e-02 6.288504596864981366e-02 6.372000624990645234e-02 6.413235958602148123e-02 5.825809523478107238e-02 6.516811673831156282e-02 7.105086384718997672e-02 6.589662803738337293e-02 6.697238216489784235e-02 6.897997928118523858e-02
7.116204720402172224e-02 6.883849827996017801e-02 5.971774789789886795e-02 7.619400688472129091e-02 7.210233447076358493e-02 6.327452834765009970e-02 5.884616623355995446e-02 6.140683706039069822e-02 6.229350304292449736e-02 6.107461328267501516e-02
5.968939193513164709e-02 6.594976175776900984e-02 6.370660702404173925e-02 6.988241226932141725e-02 6.763708487775706157e-02 6.458324134826136376e-02 6.647900557854463655e-02 6.553073587612125162e-02 7.216003354336551767e-02 5.852021714846215861e-02
7.004831440521162855e-02 5.648517144394955836e-02 7.030408861920581232e-02 5.749269628535779580e-02 6.123463373739662652e-02 8.012698778211704842e-02 6.578130118155535444e-02 7.116304981174417787e-02 5.906151759261037137e-02 6.426008887744952269e-02
6.490829611765583373e-02 6.329615410247604879e-02 6.789352365991353777e-02 6.239537415294991313e-02 6.971781617158899491e-02 6.830157052270245666e-02 5.770139029624654636e-02 6.664844141165521263e-02 7.317565451015327349e-02 6.049864497428428245e-02
6.163633005455605718e-02 7.199549234842293755e-02 6.402663505248654130e-02 6.289180687105541678e-02 7.457321882553467896e-02 6.038759639818733899e-02 7.446693866284531671e-02 6.220256523061365450e-02 6.301649912661902442e-02 5.988596399765631906e-02
6.594388429697516096e-02 6.165300844415635972e-02 6.651771725886757025e-02 6.544092440426056700e-02 6.571076324408345326e-02 6.592919585517935388e-02 6.200610773129547337e-02 6.550812500397956706e-02 6.719254126439429264e-02 6.770695987634671453e-02
7.567376497584316075e-02 6.534390961542023424e-02 6.018124379596488660e-02 7.910402277833013251e-02 6.129826255409612235e-02 6.846755200974824485e-02 6.940131368805735335e-02 6.544627085564565239e-02 5.202359826622861283e-02 5.932513375530965721e-02
6.403923345853700100e-02 6.245572696662837764e-02 8.047776904733708325e-02 6.284681460040128509e-02 5.710106898402816933e-02 7.447580020712538107e-02 6.014325763780679207e-02 6.163373114669661035e-02 5.841470527801872342e-02 7.505871952405540615e-02
5.557117122399026637e-02 6.506879496467374291e-02 6.379120406104082930e-02 6.624976032445625829e-02 6.652141763802978114e-02 5.790831256353457662e-02 6.595186128808463999e-02 7.332358770597764697e-02 6.517384267969118794e-02 7.542695341487673510e-02
6.308807608903634068e-02 6.007013509085916414e-02 7.137407363294583085e-02 6.730115926661571490e-02 6.284379436937628793e-02 6.217302481968083744e-02 6.090660911378944359e-02 7.125745459949968386e-02 7.152902237340251490e-02 6.352422248623627865e-02
6.206286362125223999e-02 7.295409387638562837e-02 6.794755086577505820e-02 6.993252637090033308e-02 6.485819179559400294e-02 6.694345522523841019e-02 6.309252474066263938e-02 6.264745354148967826e-02 5.965162515762418433e-02 6.394649787986400602e-02
6.721503196124901935e-02 6.239722477739342854e-02 6.765900556481610484e-02 6.655730487058733602e-02 6.188843379079288914e-02 7.387110056929573065e-02 5.905092181707260329e-02 5.996789585594250460e-02 7.402281793160719880e-02 6.230049941765301857e-02
6.594072188151955949e-02 6.656258720457017275e-02 6.489986392983379537e-02 7.293126413643419292e-02 5.995541477235603184e-02 5.845583204006147421e-02 6.497175839741298198e-02 6.741979845953442740e-02 6.919080309626060576e-02 6.375602393739518425e-02
6.129572814855324681e-02 6.930623516804736151e-02 6.155044178810796518e-02 7.011083751997176927e-02 6.429955635928745472e-02 6.808752024877816333e-02 7.433434510705155818e-02 6.670607204815622027e-02 5.725624070511079605e-02 6.149652494082775978e-02
6.130941407618181738e-02 6.564917508702809712e-02 6.418042758620365329e-02 7.314888221010630576e-02 6.067443035894001802e-02 7.308619275342845278e-02 6.208037112783946349e-02 5.859835447828363325e-02 6.380625457503635856e-02 7.242276900562824582e-02
5.989372291387395214e-02 6.992532893029473895e-02 5.828953960176432025e-02 6.269940456924927297e-02 6.635235139891190737e-02 6.534514366652870165e-02 6.772998501955490580e-02 6.486582578618756145e-02 6.628291058466773134e-02 7.304231256197454836e-02
7.712818259106171692e-02 5.609964935860338453e-02 5.942570684901891942e-02 6.350471397416351804e-02 6.003518091585382382e-02 7.864094329345669432e-02 6.753617706430516121e-02 6.106842566517938636e-02 6.868476089540882790e-02 6.370354764466627795e-02
5.856071808372989573e-02 6.363819593978412015e-02 6.657629944174357772e-02 6.402528004443476528e-02 6.793602060445430579e-02 6.726696137672227849e-02 6.744108104166245121e-02 6.970135014376498128e-02 6.750787954282989889e-02 6.115028396863764204e-02
6.882420506791202264e-02 6.346304337784328120e-02 5.833615856504785480e-02 6.320288208249795481e-02 7.861800316757046325e-02 6.926781940338815058e-02 6.451906470793422610e-02 6.070349946461646440e-02 7.464763697087110905e-02 5.446627464807933527e-02
6.957735146407902083e-02 5.929620077924504379e-02 6.515446183385695256e-02 6.403130959983792392e-02 6.599167006090227161e-02 6.858210720772540958e-02 6.783123028619345019e-02 6.168995112028389377e-02 6.883356436438617387e-02 6.307548988512384769e-02
7.000573430095796690e-02 5.925823954641456365e-02 6.976582302865619312e-02 5.577688759749917236e-02 6.327603403491861844e-02 7.672387939176640581e-02 6.463587915026154651e-02 6.616723005903557553e-02 6.328273243742604803e-02 6.613228385574870805e-02
5.884598370739749229e-02 6.533178330109329357e-02 6.149130331880438283e-02 6.644155411849159143e-02 6.750700014622029732e-02 6.615140871004371315e-02 6.777740950141136755e-02 6.651269200022351391e-02 6.398378392194059572e-02 6.993129930727992605e-02
6.282908308820189802e-02 6.032344426635222190e-02 6.024068426421778227e-02 6.685875457681959844e-02 7.585270639612037846e-02 6.312436130531214051e-02 6.489776562153726225e-02 6.273125965365163037e-02 6.946478746279585725e-02 6.784300190089662119e-02
6.079088354092284513e-02 7.015266769565776939e-02 6.831898443222859940e-02 6.642199696992820424e-02 6.556283321480362025e-02 6.419033712833235872e-02 6.081220244971619754e-02 6.625018532568738294e-02 6.713497199401236015e-02 6.417533902833072457e-02
6.792586843079387315e-02 6.928017163860533678e-02 6.341357140818135174e-02 7.303621498471592199e-02 6.443099863419836371e-02 6.384254398380567741e-02 6.684492400739598661e-02 6.343202939655402661e-02 6.564943244980160630e-02 5.649225616442482556e-02
5.942450911306197681e-02 7.161199170066202824e-02 6.388936050848928461e-02 6.745795684003938475e-02 5.924955511856717927e-02 6.545929960172094941e-02 7.153064369077789808e-02 5.966324508249919861e-02 7.017032849114057669e-02 6.627327028336577053e-02
6.593894344751879966e-02 6.083595552351990510e-02 6.473882390761870331e-02 6.747390864292798773e-02 5.957809628830400966e-02 6.581280007937373444e-02 6.370308434012530996e-02 6.924120112902486246e-02 7.179318057015106336e-02 6.483392889476188858e-02
5.916069612098948105e-02 5.925549603188899617e-02 6.791997768125469792e-02 7.356063629555445460e-02 6.309630609834894488e-02 6.601705125605392133e-02 7.170742518262310239e-02 6.564280151815293785e-02 6.627557347415789779e-02 6.162557134609943088e-02
6.359848404022527824e-02 5.983873682105477626e-02 6.855699438248215316e-02 6.091736089762491563e-02 7.155166011526148395e-02 6.885623486329547904e-02 6.179584017187524092e-02 6.014099676229679725e-02 6.706501797727326686e-02 7.202271288696750207e-02
6.147065625275521805e-02 6.972414188547614022e-02 6.810620763217657692e-02 6.725507808953894162e-02 5.784730418229887955e-02 6.784201467758799176e-02 6.253736727887469760e-02 6.529638443162316674e-02 7.168249022678828408e-02 6.251833817660176762e-02
6.483709454053393495e-02 6.578178275457310931e-02 6.836468081056018553e-02 5.728519164264687935e-02 6.568531208793967902e-02 6.356548496265906900e-02 6.655783914677290691e-02 6.661683701397079493e-02 7.144689024496735097e-02 6.396204521233971041e-02
6.016246835298507539e-02 6.592323582120836190e-02 5.912401987698687189e-02 7.733518888890456022e-02 5.794594967731652585e-02 6.569748758445675962e-02 6.761135230124334927e-02 6.616578724092694874e-02 7.000139248994166619e-02 6.514367452790960356e-02
6.284764631506388477e-02 6.885396059248388712e-02 6.333559441830192982e-02 6.460278072019573492e-02 7.025229638564915724e-02 6.523123711179289186e-02 6.253410527176585243e-02 6.135266772498726429e-02 7.329646082411964136e-02 6.196923587986650356e-02
6.778554316991923512e-02 6.645424023009674497e-02 6.913910709930040643e-02 5.970999798044215878e-02 6.969509155877769147e-02 7.010815466605328783e-02 5.615205631525273938e-02 6.987983879821564603e-02 6.420782761184505583e-02 6.164966985573794300e-02
6.757250227047481572e-02 6.206729315380538070e-02 6.735401550695289952e-02 6.211843515099466084e-02 6.510073912629049664e-02 6.404731786545661554e-02 6.662110703736628947e-02 6.837985904018305250e-02 6.455425127505669269e-02 6.590064633104678049e-02
6.516416788395375248e-02 6.348783357598988819e-02 6.853629699965554933e-02 6.919282408754351410e-02 6.660366677825499404e-02 6.422997724493903493e-02 6.727643775503125423e-02 6.506403904743390809e-02 6.281816224813087379e-02 6.131133052880109041e-02
6.312904794056956037e-02 5.929747646974382197e-02 6.058198480970504451e-02 7.437189390723289439e-02 6.711933609075892981e-02 6.521379378349775879e-02 5.871479229193318772e-02 6.722646981546205602e-02 7.262402771324998063e-02 6.599026557815713956e-02
