3.980449887085540928e-01 4.232093566151883257e-01 3.954049840318832887e-01 3.902391141363925064e-01 3.924536340530241363e-01 3.805972742770524220e-01 4.052484445917663991e-01 4.062590482860374275e-01 4.004300487098250150e-01 4.081131065902762756e-01
3.758326327182083260e-01 3.856542857889963538e-01 4.202950068065860467e-01 4.013920507031017992e-01 3.934671567036445716e-01 4.193307287013857687e-01 3.833680933173820859e-01 4.063200539166074154e-01 4.115209906759078606e-01 4.028190006681788837e-01
4.089873101203732597e-01 3.863721782526531312e-01 3.919399220878333479e-01 4.032681851204245049e-01 4.063448899612569498e-01 3.964014004941001090e-01 4.110504292752052424e-01 3.952612385378758142e-01 4.067859651797233189e-01 3.935884809705692544e-01
3.891992973920408994e-01 4.031148827861530393e-01 3.995796256050104800e-01 3.983153920512437773e-01 3.913626476291461875e-01 3.909182368239492722e-01 3.955177976545622420e-01 3.959381311655681968e-01 4.132659809227818837e-01 4.227880079695421345e-01
4.162793494050660570e-01 3.614471877049145743e-01 4.015175750619909834e-01 4.106963059169400632e-01 3.957376516034223357e-01 4.027081856048687625e-01 3.935079765626196546e-01 3.950029927801803065e-01 4.131110628944618668e-01 4.099917124655368394e-01
3.863026327971699758e-01 4.123601503969945847e-01 3.961169456647470888e-01 4.074853561892544107e-01 3.959024420906719355e-01 3.901750996012640083e-01 4.085064345858682167e-01 3.856865716151072210e-01 4.085570922861784249e-01 4.089072747727477419e-01
4.025889661834658462e-01 3.981189518981712583e-01 4.084223684030587886e-01 4.297873148135625265e-01 4.081115890479959374e-01 3.968209353592043742e-01 3.938009604278137621e-01 4.000228512989600915e-01 3.687940627612130706e-01 3.935319998065579528e-01
4.130748632101022277e-01 4.047173271520517757e-01 3.995041741953881398e-01 3.966019292560647447e-01 3.958370138631507884e-01 3.982657335031399848e-01 4.106862204890215917e-01 3.867850795783480677e-01 3.908403017938618662e-01 4.036873569588698141e-01
4.055020598738614535e-01 3.886909101385783716e-01 4.011734415133091369e-01 4.105764372220238601e-01 3.897065917239499466e-01 4.031367573732712040e-01 3.724025088155910601e-01 4.372282070937901222e-01 3.850951085232824367e-01 4.064879777223517343e-01
4.171818447938980823e-01 4.009282321531520976e-01 3.722591976616048126e-01 4.206546181113338112e-01 3.932625066463929508e-01 3.947766692029323621e-01 4.002523196862093346e-01 4.112663228024006079e-01 4.101091372024303072e-01 3.793091517396386392e-01
4.037291554806462512e-01 4.002323643313174251e-01 3.974275136177555789e-01 3.927785415244080536e-01 3.856056732183588687e-01 3.836639133122598522e-01 4.058876527141903057e-01 4.158432760211513424e-01 3.963665265969634199e-01 4.184653831829449055e-01
4.121018455798935443e-01 4.042658383535391309e-01 4.133458970784928965e-01 4.063744456220965140e-01 3.928646665719373599e-01 3.939451991318803081e-01 3.941158416137349185e-01 4.085414145761003257e-01 3.850518263691581344e-01 3.893930251031746947e-01
4.245439084937032703e-01 4.025254863029331109e-01 3.899672990878233492e-01 4.057588928344215695e-01 3.887005672780771692e-01 4.032060758193399819e-01 3.714740239375912134e-01 4.032402766761439827e-01 4.113877656127832294e-01 3.991957039571789601e-01
4.031249204415352505e-01 3.991470882051553204e-01 4.037501695746295027e-01 4.068822676187067167e-01 3.846177500069645760e-01 3.965312544684522766e-01 3.932024272346894556e-01 4.155937029082770739e-01 3.796641100662506152e-01 4.174863094753415993e-01
4.019169723067662070e-01 3.980385692336291248e-01 4.184729074904836033e-01 3.791974580954086127e-01 4.074337618808238637e-01 4.055014709397168904e-01 3.970594444288191305e-01 3.914690986859118427e-01 3.918598587527835075e-01 4.090504581856613808e-01
4.040368250901588132e-01 4.062242917887022298e-01 3.952300181541911206e-01 3.923697543944698607e-01 4.049983274325880123e-01 4.023258828207105786e-01 3.948431763710219533e-01 4.054958172406835093e-01 4.029235875504744713e-01 3.915523191569939554e-01
3.979666398221172186e-01 3.971490688981100803e-01 4.068226841226655344e-01 4.041305184808822726e-01 3.994599575778122746e-01 3.887622928414165013e-01 4.149554233408144777e-01 4.033813796492614623e-01 3.957278017349411536e-01 3.916442335319792467e-01
3.965336873087386693e-01 4.054664979746899212e-01 3.905488848353840248e-01 3.967637777347056693e-01 3.934818645844433971e-01 4.063119959029686257e-01 3.960188363858719862e-01 4.007152961480780484e-01 4.027409864138898898e-01 4.114181727112325437e-01
4.103251594318833573e-01 4.151155904762238169e-01 3.799937560974051554e-01 4.055824595268359145e-01 3.726926266556634393e-01 4.176755296891484504e-01 3.996408233917274622e-01 3.791499936610693289e-01 4.116640088594802904e-01 4.081600522105630624e-01
3.977169699007123693e-01 3.965042789306519877e-01 4.015368890128213075e-01 4.112933280926749369e-01 4.044428397967005928e-01 3.785304114845511880e-01 3.898560435954385728e-01 4.016384023660731772e-01 4.118138481226248926e-01 4.066669886977468673e-01
3.856767136980014943e-01 3.929762181416363021e-01 4.213894458606119997e-01 4.123147774089365170e-01 3.986043374119421223e-01 3.823100960961848260e-01 4.207087726901042046e-01 4.035713291734663866e-01 3.897316340426551506e-01 3.927166754764632728e-01
4.155804803687910276e-01 4.055291357358574711e-01 3.945117759077494402e-01 4.059895021559315476e-01 3.910016794109074656e-01 4.010669966252132790e-01 3.844123945385515828e-01 4.170576325116099325e-01 4.031883095644375192e-01 3.816620931809502348e-01
4.139359675632149349e-01 3.925912390290295928e-01 4.098310519202025271e-01 4.063172482576827838e-01 3.861444378017122037e-01 3.918186862645324231e-01 3.887466795370390082e-01 4.160169406642026391e-01 3.972977396540920969e-01 3.973000093082955653e-01
3.886347773611686929e-01 3.850893164889173104e-01 4.240593214668689770e-01 4.025834958182590295e-01 3.987064606005561451e-01 3.937175597857587861e-01 4.048004393898634867e-01 4.071687549242259951e-01 3.994367892985819513e-01 3.958030848658042333e-01
3.803502203765837808e-01 4.089758032626220619e-01 3.965704146856914303e-01 4.112093450989268706e-01 3.794797426819235264e-01 4.099153204791006200e-01 4.001925080775053933e-01 3.849528103875377583e-01 4.141330514060092005e-01 4.142207835441079067e-01
3.904666788205526373e-01 4.048539377528000971e-01 3.790732172888845453e-01 4.053966957338165367e-01 4.079741200197788964e-01 4.082459136680527956e-01 3.963612576721503578e-01 4.194834356196732728e-01 3.948540912131462965e-01 3.932906522111404568e-01
4.171791457204304665e-01 4.040377254308040733e-01 4.044526214858128466e-01 3.816873558101732677e-01 3.988467779174919015e-01 3.994167874714883992e-01 4.048829069183766949e-01 3.865637073269748702e-01 3.881004334819070367e-01 4.148325384365422197e-01
3.929969310411104422e-01 3.897435695193720573e-01 3.989701488125799167e-01 3.899963307131315560e-01 3.927041045498327887e-01 4.173296265071343436e-01 4.069242687642978806e-01 3.987827642075295609e-01 4.024273057473365944e-01 4.101249501376729167e-01
4.038699389724915156e-01 4.026133641548528264e-01 4.120266259356960559e-01 3.899941908244229927e-01 3.925211300824850702e-01 4.055461301074057001e-01 3.818751560093300856e-01 4.011427517700094647e-01 4.072451189522592330e-01 4.031655931910393953e-01
4.075326979366066249e-01 3.921757023046075763e-01 4.052308456106556434e-01 3.931266549804230404e-01 3.973696264882888851e-01 3.806002473774300343e-01 3.973367813043251484e-01 4.041414448831081030e-01 4.254501221334575645e-01 3.970358769810978794e-01
3.909459116914379972e-01 4.026033244785029996e-01 4.011798178170384865e-01 3.979456992961880601e-01 4.022113303445405963e-01 3.940945455136639630e-01 4.104069107997078691e-01 4.025981202427564298e-01 4.071614737930291383e-01 3.908528660231287977e-01
3.826081675028365492e-01 3.825981268661434731e-01 4.064512122522173643e-01 4.008243966720660967e-01 3.952163099135143076e-01 4.029400366237002595e-01 4.129700562475174253e-01 3.995101108650672694e-01 4.037856395116052877e-01 4.130959435453349649e-01
3.980550003074617704e-01 4.044049463900420416e-01 4.162093162652886202e-01 4.042093846580318006e-01 3.896768409721687587e-01 3.895869768678366096e-01 3.944036866531284713e-01 4.021958810536665485e-01 3.979891414443956776e-01 4.032688253879842533e-01
4.001013607947099815e-01 4.096341117291451006e-01 3.870849009501056148e-01 4.090703593870343435e-01 3.824289082353115599e-01 4.233513529941074216e-01 4.056128562698587681e-01 4.000637173438649774e-01 3.928156312441286602e-01 3.898368010517289095e-01
4.065754648569874785e-01 3.924808567145303684e-01 3.916123583516029627e-01 4.040206800286969546e-01 3.915510751089722463e-01 4.174223961621044698e-01 4.062018781213843632e-01 3.920950516728198831e-01 4.027950860008465694e-01 3.952451529820524279e-01
4.029089414496172528e-01 3.944928391971202486e-01 4.055284898080714906e-01 4.100288960600126931e-01 4.069373307214261271e-01 3.810408218836905947e-01 4.008401552870489715e-01 3.875267635455071913e-01 4.109065780432632486e-01 3.997891840042485101e-01
3.911043153014108209e-01 4.001639833646274402e-01 3.964044663073696961e-01 4.267803065677174823e-01 3.659399281343582722e-01 3.962891218395819259e-01 4.167430915178086392e-01 4.012341507361640858e-01 4.117778959305455899e-01 3.935627403004081093e-01
4.100477804729673603e-01 3.951726619256356599e-01 3.949193828810079743e-01 4.054993825422852360e-01 3.913589612074058754e-01 3.993300407704544197e-01 4.054989695568450569e-01 3.992133102557551827e-01 3.993802923988297726e-01 3.995792179888188467e-01
4.033854729187076327e-01 4.085611826309533123e-01 3.906524403037287541e-01 4.031785025059441141e-01 3.930572587144718355e-01 3.894755617657056912e-01 4.046559580087774055e-01 3.933968572630028859e-01 4.054128301497037512e-01 4.082239357389982892e-01
3.856076210276498384e-01 3.941186071673912217e-01 4.000499585492292565e-01 4.081013653400785701e-01 3.970484884410797610e-01 3.936283364497474846e-01 4.040244295211913306e-01 4.002547690417583848e-01 3.979301455701962364e-01 4.192362788916729754e-01
3.815321782598830591e-01 3.925265358503982061e-01 4.218576672658683746e-01 3.849649392119794955e-01 3.921269689869313901e-01 4.080660749764648543e-01 4.119261961559035901e-01 4.015542783843386587e-01 4.082070502010103352e-01 3.972381107072272544e-01
3.845029850603678412e-01 4.192716200824883610e-01 4.025138002723218644e-01 3.851139391812981039e-01 3.809494609972698398e-01 3.980145892908204530e-01 4.103372461073048205e-01 3.954875184799878096e-01 4.117141818325374958e-01 4.120946586956046875e-01
3.837371208384790511e-01 3.978044426083049423e-01 3.922173582952144244e-01 4.106042745260433113e-01 4.032038209929757477e-01 4.031426619345315210e-01 4.096392365315646988e-01 3.929913551450573417e-01 3.972940921138757853e-01 4.093656370139576728e-01
3.857128817712363045e-01 4.030887306113555280e-01 4.115126164944297726e-01 4.037283264709822239e-01 3.973926653805547327e-01 3.971262489643736515e-01 4.027069843070665844e-01 3.894282641749466922e-01 3.930105585147143921e-01 4.162927233103392854e-01
4.210660820062935294e-01 3.677971615953855578e-01 3.856834529587155336e-01 4.239022377836733635e-01 3.776486259801912770e-01 4.154843351153757469e-01 4.093965022764476380e-01 4.095639124715817481e-01 4.046644807933878485e-01 3.847932090189553067e-01
3.895525047145345088e-01 3.878304881442712349e-01 3.991374356146248359e-01 4.011945651208898012e-01 4.058105735749939491e-01 4.140368712176418220e-01 3.785224388304739840e-01 4.104406490930085916e-01 4.221371622108522903e-01 3.913373114787039864e-01
4.065783586820395090e-01 3.939137965933294794e-01 3.934311049179141095e-01 4.156285793725074118e-01 3.981446121487831613e-01 3.926514500598375923e-01 4.120561660234747792e-01 3.898733523090738284e-01 3.995277076766409197e-01 3.981948722163934917e-01
3.876205337858483202e-01 3.952611359823461346e-01 4.099073344850642231e-01 4.102439836843835841e-01 3.901684739090193199e-01 4.030742568468472786e-01 4.005944428745817354e-01 4.066862091549909297e-01 3.936212182759989964e-01 4.028224110009134273e-01
4.103778086232556799e-01 4.007582393088679473e-01 3.994325452083679062e-01 3.725200379101185622e-01 4.172037744459661246e-01 3.907574133732385491e-01 4.107918601407173353e-01 4.035588713480855461e-01 3.928602537398979688e-01 4.017391959014858793e-01
3.841942421454992429e-01 3.953892657058936666e-01 4.029374150332828419e-01 4.001412411910887368e-01 4.343266572086962318e-01 4.089303101387831707e-01 3.951411654209676105e-01 3.901097256748919384e-01 3.934489473476291965e-01 3.953810301332620902e-01
4.011099161098449217e-01 3.679422049667013805e-01 4.241306127424200323e-01 3.920657908161309102e-01 4.122201280235853749e-01 3.930239905966766423e-01 3.841362179429341772e-01 4.054667603147696364e-01 4.096210901742418642e-01 4.102832883127010555e-01
4.052889397398725668e-01 4.205116203270273245e-01 3.811864534755531331e-01 4.049058165615226912e-01 3.831385074720371486e-01 4.075425286642762601e-01 3.931642067671818341e-01 3.981855657984744168e-01 3.998731448049658299e-01 4.062032163890861858e-01
3.777155240797593350e-01 4.021548093105152821e-01 3.936559360623441695e-01 3.928997720510729041e-01 4.005428455314674618e-01 4.050017938694962516e-01 4.194922933899326578e-01 3.969232331246186352e-01 4.104646936628751908e-01 4.011490989179194999e-01
3.958973234043393630e-01 3.918359214303358540e-01 4.038317874626325965e-01 4.047350836101935578e-01 3.969245519374716147e-01 3.986757556607949393e-01 3.878577615159969905e-01 4.149140221577453103e-01 3.949005855282622379e-01 4.104272072922308112e-01
3.912647425226678521e-01 4.121204533101718859e-01 4.172853112121672758e-01 3.955313153798120096e-01 3.929890877376716052e-01 3.935996257734213355e-01 4.118988257279651011e-01 3.984322688623848085e-01 3.874291819671192849e-01 3.994491875066188968e-01
3.986869672421697874e-01 3.973028995952878617e-01 3.923637060509163610e-01 3.865610623038860938e-01 3.880638595924995604e-01 4.060605208421756429e-01 4.215827410618709359e-01 3.895024210825341893e-01 4.164046577097489932e-01 4.034711645189140716e-01
4.153708714675133917e-01 3.839078909787679295e-01 4.121737898018790758e-01 4.054754833454464746e-01 3.894994124146555770e-01 3.920039076840532433e-01 4.138182043814661037e-01 4.161085947019868003e-01 3.898559756019814304e-01 3.817858696222468651e-01
3.913649012122366044e-01 3.942989328797099069e-01 4.120238477744979089e-01 3.769129851959533428e-01 4.153985999982501287e-01 3.854538655843963713e-01 4.064223373237089154e-01 4.088536697140150999e-01 3.994603396481910540e-01 4.098105206690383362e-01
4.039842757194166412e-01 3.899782946531690220e-01 3.969511589248186367e-01 3.988687639429523424e-01 4.054246455397109705e-01 4.000202180740924929e-01 3.807999391913216014e-01 4.234919775863166813e-01 3.954585146593644351e-01 4.050222117088428941e-01
3.815526072803017699e-01 4.258415004252805169e-01 3.940592055471686117e-01 3.954595677316841140e-01 4.145425610687938356e-01 3.929757543099388628e-01 4.016223357876219646e-01 3.941949724385745979e-01 3.902635980659275861e-01 4.094878973447170778e-01
4.088336836775281480e-01 4.022676964821028101e-01 3.744702533186017313e-01 3.930552794118963300e-01 4.146230024241844281e-01 3.861130147865213802e-01 4.059548455604818362e-01 4.075384432289186343e-01 4.055525443734045998e-01 4.015912367363642099e-01
3.932275875629965278e-01 4.205236761823651914e-01 3.985301090096470267e-01 3.873576509802852397e-01 4.063116797416167492e-01 3.876123811268737396e-01 4.007864584815277187e-01 4.120461753547819406e-01 3.839000585598447701e-01 4.097042230000609297e-01
4.036665512246549459e-01 3.944337293670495681e-01 3.958334496139771508e-01 3.959901276447380658e-01 3.822298832113807388e-01 3.996929721480214637e-01 4.129160762369529225e-01 4.024991156345638643e-01 4.043053703074472871e-01 4.084327246112120502e-01
4.127630718104202678e-01 4.077139675762101456e-01 3.880583973378547991e-01 4.238685839999874472e-01 4.166629257781425677e-01 3.959922280332168198e-01 3.829082404400207529e-01 3.891569887630348390e-01 3.920003316366880153e-01 3.908752646244286755e-01
3.850907485862365420e-01 4.003429201394195225e-01 3.974228482535310247e-01 4.107343318260049947e-01 4.056840197610118159e-01 3.981039466451226083e-01 4.025078296543370127e-01 4.018545223870580996e-01 4.147589822214052258e-01 3.834998505258755408e-01
4.100125702666452265e-01 3.796972147947767495e-01 4.086310499843599509e-01 3.800922103626522830e-01 3.918309226234876208e-01 4.310978834516225877e-01 4.044838273165047848e-01 4.123654153102534470e-01 3.845686595413385644e-01 3.972202463483642809e-01
3.979922083906994312e-01 3.948255501855932881e-01 4.053393804442739778e-01 3.943179753651636643e-01 4.101718441702486562e-01 4.060252131140410503e-01 3.814230544309096804e-01 4.032275283701592383e-01 4.171703698661209381e-01 3.895068756627858564e-01
3.919154231433378266e-01 4.142301385664663993e-01 3.980087084228967065e-01 3.948070500647799519e-01 4.189061422214770958e-01 3.902931694937104012e-01 4.194274107776869709e-01 3.935236007749289833e-01 3.934500257800463974e-01 3.854383307546697668e-01
4.012153522370544012e-01 3.909587802129436129e-01 4.021222172894348135e-01 4.007351161843997200e-01 4.013001292497812011e-01 4.008551383596524742e-01 3.917195090589177253e-01 4.001230579990884273e-01 4.049244067394296431e-01 4.060462926692963714e-01
4.219398436972997546e-01 4.020192085519823655e-01 3.889658180311350022e-01 4.269292734352245766e-01 3.920238294336857443e-01 4.083594966668101511e-01 4.101078806757186279e-01 3.998658521166922331e-01 3.636766015740058311e-01 3.861121958174462132e-01
3.982553925751309287e-01 3.957455714051432150e-01 4.303819751658692350e-01 3.955082422967003408e-01 3.802777268146959599e-01 4.183180371398650399e-01 3.882355833372000964e-01 3.899817249566513988e-01 3.833545379605523551e-01 4.199412083481935398e-01
3.756112099491374368e-01 3.978491540116513292e-01 3.968764905227289974e-01 4.031189143384628637e-01 4.017083327636904455e-01 3.812706892829188510e-01 4.013148404724953267e-01 4.185173858869916108e-01 4.027939366498023421e-01 4.209390461221189650e-01
3.928772535478660122e-01 3.873394033929649094e-01 4.138152784602912027e-01 4.059189435109513688e-01 3.940085298404560898e-01 3.904870827572130554e-01 3.896248387435274907e-01 4.142931832077259013e-01 4.153026491708138312e-01 3.963328373681940242e-01
3.929266688452060508e-01 4.171705657912713194e-01 4.076888232905263587e-01 4.108728770416302245e-01 3.992698378486831956e-01 4.034391421423392243e-01 3.945701140938097096e-01 3.931522357931487854e-01 3.852955975153116164e-01 3.956141376380785113e-01
4.036646954174904489e-01 3.930751237124031627e-01 4.049056283332508888e-01 4.029918248313157925e-01 3.934570502084948629e-01 4.171764627818274063e-01 3.849502076695711650e-01 3.873436602897654124e-01 4.180142114101372819e-01 3.944211353457321989e-01
4.005916877598066916e-01 4.028249621835154337e-01 4.007864527159418211e-01 4.164905736432253924e-01 3.870648073662413813e-01 3.817696363646658209e-01 3.986257565850175877e-01 4.059185572197595016e-01 4.093027749685543837e-01 3.966247911932738734e-01
3.905943547181310871e-01 4.088377417047536211e-01 3.918407716193005319e-01 4.096118092343294381e-01 3.980402037988379771e-01 4.081441740614282221e-01 4.206218873915085199e-01 4.042007031787500093e-01 3.789517111326534682e-01 3.891566431603076803e-01
3.911669639140015753e-01 4.000607261382416735e-01 3.976212075167868121e-01 4.168208589958598553e-01 3.910178458111405742e-01 4.164251378721791630e-01 3.918525951641548821e-01 3.829370846766643188e-01 3.965195460807121042e-01 4.155780338302609289e-01
3.884047797471974484e-01 4.087846059100120888e-01 3.824025328540126556e-01 3.932987495336991435e-01 4.021005754589191405e-01 4.008236838783838518e-01 4.050937184997952523e-01 3.993283089228731875e-01 4.029867275448891784e-01 4.167763176502150557e-01
4.247129827123641288e-01 3.781324097461755684e-01 3.837195856666789084e-01 3.938513496787064416e-01 3.897864858532553156e-01 4.283549747221736537e-01 4.067820700621598284e-01 3.896548196876907788e-01 4.065028154410226247e-01 3.985025064297748054e-01
3.823180121261214870e-01 3.955193847483253755e-01 4.029228940447672769e-01 3.975411631011990798e-01 4.056874524554285322e-01 4.047051397475196488e-01 4.058965638001407195e-01 4.108270901060976366e-01 4.053641045679961530e-01 3.892181953024034802e-01
4.072759331250019321e-01 3.946124502144688906e-01 3.821960967717182855e-01 3.960665797085579642e-01 4.289900554576112079e-01 4.110000056098364607e-01 3.986991479532764893e-01 3.889132352540735083e-01 4.181845753087350959e-01 3.740619205967178340e-01
4.089945776572002090e-01 3.853777191504180744e-01 3.985590642038111531e-01 3.966869988576924855e-01 4.023743949890200566e-01 4.078129333472453322e-01 4.058235384661382228e-01 3.914454666995761389e-01 4.072827085211498943e-01 3.956425981077491549e-01
4.106770611741683563e-01 3.866330260700848731e-01 4.075990496450822564e-01 3.755493588228380197e-01 3.963223604720418902e-01 4.245002121510433879e-01 4.006036280504450264e-01 4.011810246748961362e-01 3.947899017549304501e-01 4.021443771844679937e-01
3.844512307254409622e-01 3.986811492329948026e-01 3.906513669981083181e-01 4.026991169436907048e-01 4.052362964885430907e-01 4.026366651544181496e-01 4.054899845585875351e-01 4.029822780420215800e-01 3.975377774949043763e-01 4.096341343612922570e-01
3.941285624256206099e-01 3.858468421952747640e-01 3.871526035682609779e-01 4.051153498193761360e-01 4.234358326841643483e-01 3.962204933396148432e-01 3.976599596410585469e-01 3.936407724017095822e-01 4.099864019689062333e-01 4.068131819560109053e-01
3.889756432747277781e-01 4.106606727880955932e-01 4.078865197466533532e-01 4.035050421990324931e-01 4.002594058633786034e-01 3.963782955202995173e-01 3.888650825088897922e-01 4.023101041618627471e-01 4.042709233052499962e-01 3.968883106318075726e-01
4.053987383499819686e-01 4.093188948640801850e-01 3.974648507183600743e-01 4.164090892476755013e-01 3.984335096115172448e-01 3.964008860102552489e-01 4.033132486426318497e-01 3.960079102560176700e-01 3.994338319471182341e-01 3.778190403523648544e-01
3.863544876728486899e-01 4.132622678235537417e-01 3.978324769001863048e-01 4.039643062887718905e-01 3.850276368236766888e-01 4.004117163156136749e-01 4.131788601808906725e-01 3.880023454949678152e-01 4.100778364306340018e-01 4.018880660688519679e-01
4.002565955129927522e-01 3.888822996312408797e-01 3.986623353114036039e-01 4.045954586584059598e-01 3.861731164797410631e-01 3.996711525715701541e-01 3.965744322360528762e-01 4.100098965473568668e-01 4.152797194079480558e-01 3.998949936432936170e-01
3.831987536832377472e-01 3.849122899335705728e-01 4.069593213732075609e-01 4.183670338330385263e-01 3.958761600910576384e-01 4.016702942416636724e-01 4.140593628916183766e-01 4.021633755506048291e-01 4.023880768308928380e-01 3.904053315711061289e-01
3.968416179631073515e-01 3.860070699766657842e-01 4.054492460409735988e-01 3.908140379273711273e-01 4.147094223200787355e-01 4.086048557764118128e-01 3.909834489492439724e-01 3.864302035806134183e-01 4.047363091692983139e-01 4.154237882962318329e-01
3.904132741416491137e-01 4.100827285042257797e-01 4.075714380146369664e-01 4.044307044249920158e-01 3.813729202503702842e-01 4.040090431820457795e-01 3.937877563039229312e-01 4.012474633572532534e-01 4.136862341681553090e-01 3.933984376527434601e-01
3.988789123834642347e-01 4.012934841004639486e-01 4.064465164762927074e-01 3.801160207340464892e-01 3.995469125506797559e-01 3.956768579702518718e-01 4.033102208618819517e-01 4.039965895030718790e-01 4.136719372719436238e-01 3.970625481479029828e-01
3.866516154603534816e-01 4.001167641064374836e-01 3.866154927360614946e-01 4.242797248971389434e-01 3.829960476901733135e-01 4.001398010168509822e-01 4.049357816708594182e-01 4.035587987100871521e-01 4.108279643581402851e-01 3.998780093538951697e-01
3.942107543907443779e-01 4.068402835267163065e-01 3.956404063961145301e-01 3.989565862514204420e-01 4.111843608871179612e-01 3.998729329233108865e-01 3.926946779210915839e-01 3.909556438311835302e-01 4.166785510868360465e-01 3.929658027854620039e-01
4.054113347509599730e-01 4.033281889867372239e-01 4.079309773588215560e-01 3.873426878065652224e-01 4.098011339272721321e-01 4.103756013548242043e-01 3.781538494702182396e-01 4.087601206275607302e-01 3.973842193924352895e-01 3.915118863246109804e-01
4.048142752281532197e-01 3.927123058214708751e-01 4.039363284397735065e-01 3.923485068900735007e-01 3.988561882206945186e-01 3.969944145332996999e-01 4.033808584498136951e-01 4.069524243891823878e-01 3.987263522544329808e-01 4.012783457731120551e-01
3.987113594229125813e-01 3.960744462084336837e-01 4.079111309262429819e-01 4.093143227879271207e-01 4.032642356898807345e-01 3.975416627366724076e-01 4.043299110096726934e-01 3.994390294175240719e-01 3.937263077774489917e-01 3.896875940232871205e-01
3.936548588845592000e-01 3.834243890305458757e-01 3.892619435307880238e-01 4.204511085010980143e-01 4.060402716026864645e-01 3.988994776789699381e-01 3.827305899449201521e-01 4.048323751082252286e-01 4.173273563810491193e-01 4.033776293371641453e-01
