3.065928902598658579e-01 7.173771509305405525e-01 2.727389730212832486e-01 2.589519741268661024e-01 2.302776882261118874e-01 1.222963509437023366e-01 4.406279678610071082e-01 4.734493746878389864e-01 3.577525057060120806e-01 5.545918444378631351e-01 1.060429424348068722e-01 1.593003373640813625e-01
6.080299747963571200e-01 1.911498038440458958e-01 1.766890008507516208e-01 7.022721450115148034e-01 1.121205819875110143e-01 3.503458446460683273e-01 5.167557162798119830e-01 2.943104856702153382e-01 5.348241291904096695e-01 1.466816365995701199e-01 1.121795920283188558e-01 2.546410890954334261e-01
5.565024641395674987e-01 2.842368629148568360e-01 6.248393344783713665e-01 2.778386721325397102e-01 5.274231489621420410e-01 2.797396353200411467e-01 1.533333124960786775e-01 3.571882689697317703e-01 3.496174071352414203e-01 2.479424840498436200e-01 1.354200665872376252e-01 2.059183428143477324e-01
1.938126808636924103e-01 2.518120575438104192e-01 5.538956282066467285e-01 6.044193559106998404e-01 5.020316296602165274e-01 4.286821470832121589e-02 2.765123819668124927e-01 5.326489523288114869e-01 2.229022386508835163e-01 3.275661953310343155e-01 2.728024676035782914e-01 2.187281972254969120e-01
4.395334868751159529e-01 4.368486357681785615e-01 1.496999448194499815e-01 4.936295417779880124e-01 2.644485061385091207e-01 3.953157646990986818e-01 2.146350294199596553e-01 1.886962339346719697e-01 4.220814688802184689e-01 1.484444255791201872e-01 4.284206079018623159e-01 4.182463542058325046e-01
3.423121081473168292e-01 3.291314492533723435e-01 3.788241819420551382e-01 7.730171889062014134e-01 3.689611951108431320e-01 2.839342663489800023e-01 2.571453921804794374e-01 2.358169070283162583e-01 3.854760058130659445e-02 1.673917569302649233e-01 5.299660189292523249e-01 2.949519346416283883e-01
3.087381298461423507e-01 3.131702039039919172e-01 2.577823199057363013e-01 2.840563352437945888e-01 5.595807008938625815e-01 1.448273592664117149e-01 1.362600999001529201e-01 3.704901115630442332e-01 4.787301261063699465e-01 2.158528455883129138e-01 3.525057237501212914e-01 5.780060440320615722e-01
2.988065291810598212e-01 5.035817903748873725e-01 8.256164722271418233e-02 9.089895712744824330e-01 8.830434528862857180e-02 3.623988665868412284e-01 5.107050092449209044e-01 1.310267770611014404e-01 6.096923200903086454e-02 7.223229409960698622e-01 1.898323786204570429e-01 1.405009121398008154e-01
2.455915464766391110e-01 5.225004891649316363e-01 4.075283429203716556e-01 1.124819241167867578e-01 4.813760483651677857e-01 3.709131562075340671e-01 3.249838019555402191e-01 2.775103727281524324e-01 1.390665606489327466e-01 1.216096035606886588e-01 3.925776297345091037e-01 6.038605241207216645e-01
2.129784125092198943e-01 5.913493184649103451e-01 4.680313988020146088e-01 3.963882244718255343e-01 5.013532829545075398e-01 4.431675579877397686e-01 2.132698063107595077e-01 1.696443047573901186e-01 2.518558954101109415e-01 5.153280301400510188e-01 1.278611135184903325e-01 1.087726546729982091e-01
6.922354222453330763e-01 2.782652675296206080e-01 1.548519555210551846e-01 4.171819442688489699e-01 2.033333188741093256e-01 2.299366620399834471e-01 5.437756071433306332e-02 3.367127493404732386e-01 5.194079154312626345e-01 2.756288945295337633e-01 5.108340844847542028e-01 3.272342250206765613e-01
3.504723496257046156e-01 5.097632023556691871e-01 1.000574663422189592e-01 1.168634579685799563e-01 2.262171111327284656e-01 6.380879394939205085e-01 1.077361502606005716e-01 7.019918465619690018e-01 2.449457011512448656e-01 2.312664494124225256e-01 6.837401302722625474e-01 8.885819542269447757e-02
4.477231675009354928e-01 4.574401175697982436e-01 3.151644544040307361e-01 1.968903891820204533e-01 2.603945354344946450e-01 5.377203895810158674e-01 3.168605828051020423e-01 4.180819167310993456e-01 2.062099281094840753e-01 1.616941352868460080e-01 3.661599958140016042e-01 3.156603875811770377e-01
1.771434673593459408e-01 3.971879131470964497e-01 3.258697645718240388e-01 1.481158340208134638e-01 3.197117385040443849e-01 3.217438037956601438e-01 4.355325776144805539e-01 4.314552767047167836e-01 3.331020472192018911e-01 1.664241432028323864e-01 6.076327747121670342e-01 3.360806591478228134e-01
2.429645813835300261e-01 1.676169058659422728e-01 2.957704278992426827e-01 4.728285425484717308e-01 2.065793658741097161e-01 2.657591912131849199e-01 2.651697638926411305e-01 4.753825655661880756e-01 2.866111738509400375e-01 3.875617966056930097e-01 3.696415923827214289e-01 5.641140929173387164e-01
4.787613119383088978e-01 5.584392479492286121e-01 1.512370839499972974e-01 4.021884859914448551e-01 8.764521726687672654e-02 6.770899509411959505e-01 2.586599609126861710e-01 8.522527747344400828e-02 4.750297838677898232e-01 4.656924995964767944e-01 1.745621132886065741e-01 1.854690668239303564e-01
3.210184905176560743e-01 5.112755024934008130e-01 3.609692311058859682e-01 8.009855434012858044e-02 1.334343720364224717e-01 3.224725204007075630e-01 5.033058935534133749e-01 4.051364223201274761e-01 1.073966628215734659e-01 1.500706478694662782e-01 6.530649746298547997e-01 4.517567279113793854e-01
2.715995478496245896e-01 9.607407042528340324e-02 6.643926897484955241e-01 2.608785099490445458e-01 6.853637149527741501e-02 1.251630007108855414e-01 6.328406397010135631e-01 3.945060416414573612e-01 2.910901491180959422e-01 4.972858984107803582e-01 2.496665485446704358e-01 4.479665324053620501e-01
1.384985805430759553e-01 6.601706643157756460e-01 3.000392619503758906e-01 1.302237717376149018e-01 6.640128054756312403e-01 2.115012391978606243e-01 4.524394809671485884e-01 4.329546079852152896e-01 8.738121966383860517e-02 6.291757233531339311e-02 1.684668613268402171e-01 6.913939345013182525e-01
3.157921243384200771e-01 3.144215608747939483e-01 1.339458482162419473e-01 1.147490270350004643e-01 7.581113077289897140e-01 3.194616451488568321e-01 3.455084106663141030e-01 2.679560939708311995e-01 4.079391133914933021e-01 4.499823113324430413e-01 3.178422361521232586e-01 2.542903211444675904e-01
1.191328214378504780e-01 3.749830808905059154e-01 2.887367135048150013e-01 4.408723130025522519e-01 1.025509938749223082e-01 5.422316546837089302e-01 2.971447055018051620e-01 1.052762502761028091e-01 4.893379948999679319e-01 4.974828335373143173e-01 2.273169619216419413e-01 5.149336764688156043e-01
7.083223339757696579e-02 3.637455599753475211e-01 4.399973119659671417e-01 4.205359157170981410e-01 2.120716024175346714e-01 6.945527728516271981e-01 1.825430440272002297e-01 1.804439607783593358e-01 6.296803756438164035e-01 3.294297945040230990e-01 3.850193046162201926e-01 9.114812410521595798e-02
2.632049090647352596e-01 3.447794287965997850e-01 4.974085317521901306e-01 1.341102580298903502e-01 1.643373364852085960e-01 6.995998426602032527e-01 1.820998515925029704e-01 2.098049910657659722e-01 4.223299724134740862e-01 2.244433684181501021e-01 1.814825762741711368e-01 6.763989334470985604e-01
3.615148346933222401e-01 1.604775928656800854e-01 1.900375012219047144e-01 3.708334917034287193e-01 4.196528116464817160e-01 3.665231489112873442e-01 5.899121964781112171e-01 1.845426950908731767e-01 2.733628549278349640e-01 5.299880325613279819e-01 1.490534835921519530e-01 4.041013563075794846e-01
5.476576630012732760e-01 4.267356708936280163e-01 4.324703641625758377e-01 2.113147938911402735e-01 4.053650546931016896e-01 2.236246616934562392e-01 2.115171047777851809e-01 8.670072067695377971e-02 2.088205170231073327e-01 3.042119685758618020e-01 7.168437918702633693e-01 2.247376887408488177e-01
2.224409176689512990e-01 4.481567923724697478e-01 3.701524388444393798e-01 3.509339216558490238e-01 4.461994250968816522e-01 2.683397337263105364e-01 5.874896560424273106e-01 3.695142235467284708e-01 5.435241595813928850e-01 2.277452410818719408e-01 8.408440882673608174e-02 8.141908155593742535e-02
3.992591310701661955e-01 2.971850787047837228e-01 1.536927578181735976e-01 2.879082536509375845e-01 5.220596771924157498e-01 2.076858678937431590e-01 2.977247772557993777e-01 5.144989010637497362e-01 1.938141423134255303e-01 2.929454180378712191e-01 5.515293434797553518e-01 2.816966515191845488e-01
1.283109135855130534e-01 9.577936901660212554e-02 2.171623890225901632e-01 3.773471853899073025e-01 2.901618636971816656e-01 3.470788107068057959e-01 3.324809157382758174e-01 4.997232334008816501e-01 2.061061180471289445e-01 5.658598494597237849e-01 1.396429500466845885e-01 8.003464018887145315e-01
4.635011408065102811e-01 3.458374309529315127e-01 1.716934955500390436e-01 2.227536847599911329e-01 4.970178322167557727e-01 2.136689027012251274e-01 2.302375298378849244e-01 4.604411547992926512e-01 2.198147426257271997e-01 6.001110725792481171e-01 3.849574232822507436e-01 1.899655898881301985e-01
2.430682445319183871e-01 2.112665154673978307e-01 4.297523013989761331e-01 2.599731935743341271e-01 4.238199889523945330e-01 4.802682985595299048e-01 4.385019376591949847e-01 1.412226262265318111e-01 3.291666743819113283e-01 1.822601354986730093e-01 5.315810246178326315e-01 3.291190591312950220e-01
1.543080040844813094e-01 1.934744371362231430e-01 1.921655974972046599e-01 7.819154067446666412e-01 4.834006914074402694e-02 1.851001933285477130e-01 6.438777062282712293e-01 2.937303707357415972e-01 5.200197493375336988e-01 2.370760788247009976e-01 5.012075100598034627e-01 2.487848768820797862e-01
2.889852087900414146e-01 4.669864598632482711e-01 2.201056359496305070e-01 3.258050788099564610e-01 4.676871853494968256e-01 3.274217793873216431e-01 3.546049676399861683e-01 3.655274604710936903e-01 3.303068358372235891e-01 4.185126232086131548e-01 1.723756783714060770e-01 2.616810863219938277e-01
2.112610582413792515e-01 1.993746441846375728e-01 4.546425749077257494e-01 2.533865991683611485e-01 3.945767831598556152e-01 4.965906212134819642e-01 1.775507105462005575e-01 2.621738299830745356e-01 3.896178683488462080e-01 5.091825404011973699e-01 3.286027810038161245e-01 3.230399888414210996e-01
4.160280574502219775e-01 2.794938495615837404e-01 2.256223931254760784e-01 7.098002091647261924e-01 8.187040187540112202e-02 1.349223242938259737e-01 7.649412380565030478e-01 9.717289575935618429e-02 1.061576538430087369e-01 4.317159771037292759e-01 4.706709581966584954e-01 2.816040415695169608e-01
5.344519718057795243e-01 2.889038699116242004e-01 1.054098559887803876e-01 6.440195319078975134e-01 2.717193289767857456e-01 4.318601979795698431e-02 4.760598549608260899e-02 2.889817647086646568e-01 5.405955356840048687e-01 2.230110712646227455e-01 5.554597161231031865e-01 4.566553483346983966e-01
1.768479529550925078e-01 2.433993472923323687e-01 2.065809498212125006e-01 5.335466964720548821e-01 3.368698575422641728e-01 3.653217868455468920e-01 5.073441971981551557e-01 2.021834305758609396e-01 2.877662153412981483e-01 5.351946739014677989e-01 1.775394142582421009e-01 4.274054777964721441e-01
4.713157872488593081e-01 4.500390674798296908e-01 2.926421220919067090e-01 3.065523046188567413e-01 4.331416718270807431e-01 1.881509745638912101e-01 1.627188406851949876e-01 5.508095771294027054e-01 4.147348214464908200e-01 2.397284557163365318e-02 6.873854712130562927e-02 6.371834402155647226e-01
1.061430582258757749e-01 5.587375312395078675e-01 4.415895986186014754e-01 4.775309261664604232e-01 3.745565824398778831e-01 1.057733220396031848e-01 8.693124504422694576e-02 1.575684045212612794e-01 3.544502717833020733e-01 3.494035965773849561e-01 3.953896310199017661e-01 5.919258323239812158e-01
3.694463457297675335e-02 3.197926730152631514e-01 6.226552400833755829e-01 1.358494740831192593e-01 5.613972576432680883e-01 2.686088129732131513e-01 1.895991702488843689e-01 6.444288264806141697e-01 2.389808471012694335e-01 1.942303434049610367e-01 6.326358983656109602e-01 1.548768220274370777e-01
3.488523215259771160e-01 3.306586732311562749e-01 1.530960070434345399e-01 2.243621988334981165e-01 4.783888005196319515e-01 4.766423752638945244e-01 1.980942715704535062e-01 3.922296946524964634e-01 3.474880414760859737e-01 4.433415157538351248e-01 2.406987681529582090e-01 3.661473319765837231e-01
5.130400269370201105e-01 3.129102987161315741e-01 2.100121929503956375e-01 8.961255282288568824e-02 7.144197128195944879e-01 1.967909961146282471e-01 5.315403668041428498e-01 3.698671188060714266e-01 2.367939534928317769e-01 3.774767497617565470e-01 1.827956777060646687e-01 2.647403530684584450e-01
3.215984905616291467e-01 2.640738690661939003e-01 7.868977278754363258e-01 4.022450342129710865e-01 2.034213496900987017e-01 1.254113209243817861e-01 1.801973010411782594e-01 2.577075625058173891e-01 3.837055321008452924e-01 7.845306481666909637e-02 7.982479965147308842e-01 1.980407506900344616e-01
5.485432026503767045e-01 1.747246001537604565e-01 1.384112483269619998e-01 4.084334321028618708e-01 4.860671009545964871e-01 4.963485198040842317e-01 3.148900665663020848e-01 6.567291713640392992e-01 1.112006181857428666e-01 2.498332719677154590e-01 9.037884562761697160e-02 3.244399222959358786e-01
1.813093830177752719e-01 2.791227125323099134e-01 3.288756017897243034e-01 4.281028044714769165e-01 1.212435589574580724e-01 3.984173650212704532e-01 2.940088617150742323e-01 2.323614789122591673e-01 3.805658726290489513e-01 4.240189367863403946e-01 6.533613830310804893e-01 2.786120411361897031e-01
5.388985787376074921e-01 4.114144833363876375e-01 2.440107868218419629e-01 1.825085584629571323e-01 3.361924170351806573e-01 4.037645654111623461e-01 2.406413667472253048e-01 2.132769295446382829e-01 1.633455961053813799e-01 5.999559680915688142e-01 2.245861315304234218e-01 4.414046181756607345e-01
2.228950825230304189e-01 5.154764071117488022e-01 6.033665414548226025e-01 2.677691101860379952e-01 1.836903056720443905e-01 2.140691560757280731e-01 5.600364853670303233e-01 2.590635245284864663e-01 1.364996529138976233e-01 3.068260571110494328e-01 4.104745584146393123e-01 3.198331186414906102e-01
1.033151623232616001e-01 2.973263194023606851e-02 5.434156609361605328e-02 3.078692411799123230e-01 6.377459778221503672e-01 1.634314342043987622e-01 6.745181150507439938e-01 3.206191728183418466e-01 6.771502719604581833e-01 1.381775458920898036e-01 4.857927261067570002e-01 4.073061546080268269e-01
1.549392884333928022e-01 2.548994774716858425e-01 6.327772401205864483e-01 6.600489534418685356e-01 2.187780404291450598e-01 9.047062662345675688e-02 1.399754760156590727e-01 2.687475370254568952e-01 5.844144443920965548e-01 1.168874423977433186e-01 7.060219772883591371e-01 1.720394963605407501e-01
3.559390422978928048e-01 5.132261184058684034e-01 3.211139849276246072e-01 4.812853039542211997e-01 3.449930626510539500e-01 1.256154217593543621e-01 1.431325498930448581e-01 2.760001418399629092e-01 4.107865731013201627e-01 2.118165113727284998e-01 9.309816822639448153e-02 7.229931215705234226e-01
2.152351743810418105e-01 2.017640771326682514e-01 9.988089320028167850e-02 7.925413019494520483e-01 1.692133373065175805e-01 2.441125034067690991e-01 6.215473926120380632e-01 2.376622845991853972e-01 4.078890012911937091e-01 2.939710727182556771e-01 1.977506610183673852e-01 5.184323003842297162e-01
4.185398226632826013e-01 2.744651560791194767e-01 4.923737941340005503e-02 1.730618675288262132e-01 6.375253213713365508e-01 1.418507892451944252e-01 3.299332940841867012e-01 4.396475838836737537e-01 3.475110848645251993e-01 2.836325374489050977e-01 2.460114766089893934e-01 6.585836868085807039e-01
2.918536167252768765e-01 2.081246004843547437e-01 5.077775537673336892e-01 1.891119436651818309e-01 3.113879766643213864e-01 5.961211768253047438e-01 1.428686228982201656e-01 4.815996984039091489e-01 4.110311992484036447e-01 2.295905320434975250e-01 3.071609124953398329e-01 3.233721667788588272e-01
5.943525004313401222e-02 2.673271972692640164e-01 5.624009390329103297e-01 3.133901096947387388e-01 4.057216028588257473e-01 4.468299894916873960e-01 4.413239075954628610e-01 3.469142227429414804e-01 1.008629549011053200e-01 5.527303265831979839e-01 4.212737797678897667e-01 8.178972001885162491e-02
9.871323344664989508e-02 9.015508951146009031e-02 1.212631511731859790e-01 1.535094262104263474e-01 2.287271752841998906e-01 4.636846249844999157e-01 3.731877404394586262e-01 5.946566323379695040e-01 5.159154829334607895e-01 4.069971764912447276e-01 4.450227850006757691e-01 5.081674821867682157e-01
6.416753608119787344e-01 1.268885680662712734e-01 4.090308748573615594e-01 1.419431564741695795e-01 3.895302500841685278e-01 6.641686682294790922e-02 1.121170712997558438e-01 8.247824477160288215e-01 3.445017917775000105e-01 5.868730000881362541e-01 1.238619430349291867e-01 2.323786689667592664e-01
2.213301669938140814e-01 2.712649253318484277e-01 4.824476710754436182e-01 2.116069040484920283e-01 5.032925089597266588e-01 3.972625138463121708e-01 7.752060396346863169e-02 2.649546909583550547e-01 6.366914685932887341e-01 1.152381269214522580e-01 1.846370450419748122e-01 6.337533742658325586e-01
4.163689064512695048e-01 2.567606903306938193e-01 7.528474427668062630e-01 1.994663022387901941e-01 7.463481397260611772e-01 2.446882319290102914e-01 3.062254777491320579e-01 2.237577116546453082e-01 2.398585605932831988e-01 1.205319583637484426e-01 2.113072879126174364e-01 2.818392902839446101e-01
3.302003455553590427e-01 2.204890508837382690e-01 1.304245403421310512e-01 2.831101729080628404e-01 4.018425730129555062e-01 2.973150877572111606e-01 6.575402106013379377e-01 2.221093672665733210e-01 1.095014436058844576e-01 8.031641915528311415e-01 1.481702707295087795e-01 3.961327457843929478e-01
5.444955657480370359e-01 2.177217695552639831e-01 1.741628308371332562e-02 9.787843706755051942e-02 5.021575756903177146e-01 3.680371021343090687e-01 8.271395134991303966e-01 1.921936896881855095e-01 1.009773896626016826e-01 7.700891828789432347e-01 1.588432582041415242e-01 2.030502327878391244e-01
1.310641119316239556e-01 8.107710468289002215e-01 8.680423342014248478e-02 1.163905221116192656e-01 2.229276441819843524e-01 4.014037103540471496e-01 2.559965443056351209e-01 6.464581867233504253e-02 2.482321971222892498e-01 6.482281065860792113e-01 2.802715957397908797e-01 7.332644687455461829e-01
1.885735059499059063e-01 1.252369890711973466e-01 5.556684964737077514e-01 3.734567367693573670e-01 2.007145606356267875e-01 1.742618082589484363e-01 2.072858378402989699e-01 5.380818579266538615e-01 5.857417467924281862e-01 2.401473535098054279e-01 1.638766288332670351e-01 6.469544779387910172e-01
4.513954182535609982e-01 5.298979570886275248e-01 3.142065791942457720e-01 4.432254390495026231e-01 2.730477026494336767e-01 1.989218711510569726e-01 1.416029820891437918e-01 3.072920198591695407e-01 3.731831706834733975e-01 2.179709986016932499e-01 4.099269866503382764e-01 3.393288747297331653e-01
1.909655909195148715e-01 6.762333018349500069e-01 1.011836111234282881e-01 1.144348160434714712e-01 7.024616068549608405e-01 2.029564096659592087e-01 3.853286748994307898e-01 4.564091572122129792e-01 2.998332753505202897e-01 6.899674405962704649e-01 1.307550421831509546e-01 4.947107331616036607e-02
1.883109645009233279e-01 3.589690645835844629e-01 4.045884172466185369e-01 1.780889820563211212e-01 1.743752437494011931e-01 4.733186878995954139e-01 2.047214438659828439e-01 4.704512876923777065e-01 2.796593425671706767e-01 3.603911439352520119e-01 6.104159324807795217e-01 2.967094894219937107e-01
1.674642710310174087e-01 3.422399830546944410e-01 2.594542671386114718e-01 3.110960259704048103e-01 2.682791738210474897e-01 6.726349252884364915e-01 1.770001651318608427e-01 7.030664877616981112e-01 1.744515593796465980e-01 5.487640136156796133e-02 2.057522403968163327e-01 6.636844996642093930e-01
1.636965938816867250e-01 5.359171681372292273e-01 1.329200667423607318e-01 1.481329085889059871e-01 2.991407860085830150e-01 3.500331399741982707e-01 3.496036977283318858e-01 2.771555579302380501e-01 3.739510838959047012e-01 4.915528409281945676e-01 7.832201657575130760e-01 9.467599042685508060e-02
1.418749507717156910e-01 2.299718479277583771e-01 2.139432953902829504e-01 7.832181504557884644e-01 5.046766947279366367e-01 2.339850694958359734e-01 4.986765449665935268e-01 3.843340798019763693e-01 9.368487858492895171e-02 2.128407274345775757e-01 4.163648857775149037e-01 2.864288746651019735e-01
4.270242549059835024e-01 3.780978566349780801e-01 3.650190826851087977e-01 4.937740662509496614e-01 3.585023041606106853e-01 1.956406527329666856e-01 4.050759303644929088e-01 1.528874106021262391e-01 3.905030498293211860e-02 1.075206451510304084e-01 7.674334174384493945e-01 3.099740740903729197e-01
1.611075257002441696e-01 1.727045850026251994e-01 6.666668221513886161e-01 8.938105503968712950e-02 5.707115464632541713e-01 2.024280734949874816e-01 2.975917970219892350e-01 3.088098681234905385e-01 4.032588957787365813e-01 4.381885993189825745e-01 4.731846494442319417e-01 2.159665824603675122e-01
4.863424640343755323e-01 2.863570732651232187e-01 4.748396207929055923e-01 1.839879966923619048e-01 4.061977967690535429e-01 7.159617931274522840e-02 1.680075984965108959e-01 7.259261210815665111e-01 2.725859437146079256e-01 3.313088437524975838e-01 2.622544090743008094e-01 3.305959530139382374e-01
1.461075893881480514e-01 3.784679079543615821e-01 2.539183592120072830e-01 3.916813350204874089e-01 4.513264961242889894e-01 3.877179632865038195e-01 4.476027420763709630e-01 4.149648800270040461e-01 2.893062581986682869e-01 5.717540477448264102e-01 1.894729156489070865e-01 7.767950531841680273e-02
1.133843180226417890e-01 2.320364116002275323e-01 6.704847281266448356e-01 1.511482990638803869e-01 1.216015178179814110e-01 1.699509052635381212e-01 4.606510307343715249e-01 3.318968476112056365e-01 2.131689769813441271e-01 5.956218274790644474e-01 4.670794612038762228e-01 4.729756760952153472e-01
4.197522588687772616e-01 3.319987926815148316e-01 1.686627617778325150e-01 3.921926694331233643e-01 4.442272197204562012e-01 2.695026826195767722e-01 3.608980269153699849e-01 4.136194444226249933e-01 2.113861167293446808e-01 5.855118450581427991e-01 2.323571257519545241e-01 1.698910560212902876e-01
3.612327873701448588e-01 2.801240940628348941e-01 1.875231140047730061e-01 4.443969061076294413e-02 1.693838608467845563e-01 6.837313631052586160e-01 3.414529766671339783e-01 5.435618187553947767e-01 1.994645526940687363e-01 3.563684324442808471e-01 6.194567314362342536e-01 2.132605780023257014e-01
4.964262541161892361e-01 3.826050688762788754e-01 2.701970565490025566e-01 1.569637615579023704e-01 3.032957087391650597e-01 4.025191608194435000e-01 1.497288587824585071e-01 2.752336121920790912e-01 2.818094260162302134e-01 4.427947630241494958e-01 5.493921445475299370e-01 2.890341847795983021e-01
9.250461008367874549e-02 1.281209523958943552e-01 4.386289862296371966e-01 6.332900822547191666e-01 2.743618478462073185e-01 3.680312171600026994e-01 5.878189577847519054e-01 3.730111305291822776e-01 3.954302859390555480e-01 2.385854798367663676e-01 3.151968920630473514e-01 1.550195578770619809e-01
4.564273047977860376e-01 1.877827988110944701e-01 5.092348290800370325e-01 4.279443575138682787e-01 1.178124083123717747e-01 7.730813453425625092e-02 3.497421813066100005e-01 5.649665708555708932e-01 1.327252304994905874e-01 4.675489670281098298e-01 3.964582426554551509e-01 3.120489746053542457e-01
1.401161219393301516e-01 4.638959768261304295e-01 2.810145912058796824e-01 3.217296227376050255e-01 5.951634183793296229e-01 2.357472928637105725e-01 2.973521813694084415e-01 3.852504533701395784e-01 4.395560203079836303e-01 1.300982095911335235e-01 3.939090083030002409e-01 3.161671031063507109e-01
2.588847278740332714e-01 2.885102594409438836e-01 5.041506880875727958e-01 1.862523924176380241e-01 1.734833619381398462e-01 3.437416017126574408e-01 1.588050048407768089e-01 7.970442304434137704e-01 1.273865470800630839e-01 3.211919362456967519e-01 4.290886686679142303e-01 4.114605812511332172e-01
5.402289176075292243e-01 3.334191705864221200e-01 2.044703267414883507e-01 4.862880845739349089e-01 2.607739872332617836e-01 2.231168258816994265e-01 5.306492586621751606e-01 2.745025086750043641e-01 1.098479519914389857e-01 1.744313781925348195e-01 6.743501412855171795e-01 1.879214485689933156e-01
3.813860390382173282e-01 3.995880836172359118e-01 4.528936589374370492e-01 1.465367358656932406e-01 4.777216348995008688e-01 4.618028169403221028e-01 1.021945157187647835e-01 5.138076116059928644e-01 3.176021097681722138e-01 1.865316822720964607e-01 3.510061985052022049e-01 2.089289128313595312e-01
3.610661283089422469e-01 2.275656331306267210e-01 3.026537127713816444e-01 2.714117831833516847e-01 3.823754924953080558e-01 4.311576870766129499e-01 3.014532082447251016e-01 3.623004378494864008e-01 2.748299071475280297e-01 2.273558959227080234e-01 4.176582690160193234e-01 4.401718448533256667e-01
3.998020262609789377e-01 2.877789260419714168e-01 4.410415443316303419e-01 3.290077252805251318e-01 2.311646595973596563e-01 2.234028870379031750e-01 2.940908239296795013e-01 1.437605423929878001e-01 1.684059397959523363e-01 7.092089923312647759e-01 4.044751861255622694e-01 3.678607468741771358e-01
7.236515361382492295e-02 3.344265205002888708e-01 5.785756373253542195e-01 3.114628522543417821e-01 3.234433457285565972e-01 4.117809814325246176e-01 2.282046068486717205e-01 4.426113874701351758e-01 2.961661065860187736e-01 5.054490363358277172e-01 4.015268505099466312e-01 9.398752139453879495e-02
2.224164105329544672e-01 3.999799214503553801e-01 6.110633990636802348e-01 1.454391322060644975e-01 3.785340808500597398e-01 2.600199449507054617e-01 4.198211960837269774e-01 1.415205285172493332e-01 2.058131688435875517e-01 4.773692174065958804e-01 3.032289785209617006e-01 4.347940215740663250e-01
3.239032475677304790e-01 3.446193494139298541e-01 3.030215496102671158e-01 2.595191345939139582e-01 8.426202176207764349e-02 4.789312413237608590e-01 3.847370363730557852e-01 6.538986292320190241e-01 3.107578494940926861e-01 1.964646055386168599e-01 4.497382598242345431e-01 2.101470752662939756e-01
1.740569678359313588e-01 2.602174700896801585e-01 3.383344059257391012e-01 2.790859714100089595e-01 1.439726888983222930e-01 3.008637482404624697e-01 2.440344159201739138e-01 2.975692430390489696e-01 3.207854952992292841e-01 5.741652882323082796e-01 5.272766466769363003e-01 5.396376584321700420e-01
9.619504113608888518e-02 3.743447824998670237e-01 3.859389212963379445e-01 1.830364886642513733e-01 3.122748072884918846e-01 6.060951909588623288e-01 1.277753216012093018e-01 5.324076529525815366e-02 3.158093135195811918e-01 5.664401415753900215e-01 1.990353736580971200e-01 7.798138525065654303e-01
2.200008005053841198e-01 5.495519724006143747e-01 3.203556919414862758e-01 9.802074747506847596e-02 3.533334041314634688e-01 3.962021060527981531e-01 1.964924685054289799e-01 1.222124561408538534e-01 5.764842583550701116e-01 2.494707761189514927e-01 3.063349406788700713e-01 6.115403776940139258e-01
3.985220740554268892e-01 5.209446209840368214e-01 4.863218030010900694e-01 4.057571200622523966e-01 1.469236178920844405e-01 4.986010028289850626e-01 2.283117648151838652e-01 1.339191036737706064e-01 2.133369774128292540e-01 3.600352342529985483e-01 4.250158461041941838e-01 1.823108349171510822e-01
1.746879212423402827e-01 2.879962604863260944e-01 6.108967458821982222e-01 2.227179251268188720e-01 2.098989469632558669e-01 3.686276644486126686e-01 4.063733304713892380e-01 2.562357482352078386e-01 3.754586807535926218e-01 4.633910590819973474e-01 3.166496232869239758e-01 3.070660940213415513e-01
3.914318185572152609e-01 1.721863656289729372e-01 3.871344810797594516e-01 5.116957757195266243e-01 2.203939028283965207e-01 7.824674202925038791e-02 6.594007855191923451e-01 1.853126154167832607e-01 1.612869751805737772e-01 7.368217547607560647e-01 1.619549656345727340e-01 3.341338176450143749e-01
2.017574768811919161e-01 5.636225145096338540e-01 2.153780675574319958e-01 2.784004458485278555e-01 1.711479323508176553e-01 1.049251866246304482e-01 3.304841817710991725e-01 3.165284249603893540e-01 1.051576401229521451e-01 8.140022459193927418e-01 1.780600576891599451e-01 7.205358257647830333e-01
4.747994706388680014e-02 3.702627716489686471e-01 6.177564498999887910e-01 1.520997605557725396e-01 5.453916802935621089e-01 2.599140311814768234e-01 3.201093820686486957e-01 5.025398205367108684e-01 2.114058961727058872e-01 2.334322471117517006e-01 6.030719843918003198e-01 1.365360290747316685e-01
3.200518706155762727e-01 3.345872231569922417e-01 4.635648054783131355e-01 2.467832552600064400e-01 2.751587069808451580e-01 2.499622911437658912e-01 2.366714604456296722e-01 2.808640981389166069e-01 5.382537321565239452e-01 1.377771257341609545e-01 3.471544009875505155e-01 5.691710299017241903e-01
6.796045570706839012e-01 3.607771690524403940e-01 2.234402991129639249e-01 3.011174167634057541e-01 6.079456929198251425e-01 4.125703684578150288e-01 1.560106250242228043e-01 1.519338690997334984e-01 4.414613461134606065e-01 4.170121329492585405e-01 9.747592723882797516e-02 1.506505961973786667e-01
3.423249838070568374e-01 7.990878756224221169e-01 3.064270068849127004e-01 1.791030151341366505e-01 4.268119076392840050e-01 1.979738228995185367e-01 2.443418482762500510e-01 2.987935186491118555e-01 3.485244804350944303e-01 2.398118878162988077e-01 2.342595979434798359e-01 3.825400548924439148e-01
4.127204825138577893e-01 5.019573108724494359e-01 1.036782855714597912e-01 4.621371971367747022e-01 4.409617153050009453e-01 5.598501600346360296e-02 1.041242518960248942e-01 6.840646484478779543e-01 4.021263910091119609e-01 5.114323260563388152e-01 2.592236695080983311e-01 6.158870567954852215e-02
2.848335013019717699e-01 3.305443192062347824e-01 3.490399209943981784e-01 3.647034289338002000e-01 2.144950724275939413e-01 6.187425698657582629e-01 2.052402339822275434e-01 2.203018611212219091e-01 3.341908038843616202e-01 7.129737760269769797e-01 2.157240506749852904e-01 1.492104615804633327e-01
2.356874929106720917e-01 9.379973573693528577e-02 3.036877024800452643e-02 2.228781773184861370e-01 5.981599045642918000e-01 1.968056386410858005e-01 6.259798181182447685e-01 3.539158758511528613e-01 5.814507539375300960e-01 3.641514140425181068e-01 4.310401796006680386e-01 2.657622390304111293e-01
