-6.362533777366383703e+00
-7.104960221384158281e+00
-7.095925900417443088e+00
-6.610378051164230939e+00
-6.579848032113288170e+00
-6.714139817119612275e+00
-7.113966619858088869e+00
-5.924535216989592179e+00
-7.250058229826079170e+00
-5.976738382585314646e+00
-6.284043918637875592e+00
-6.757802915977013214e+00
-6.702240600393429837e+00
-7.579573997636916083e+00
-6.942982289941219243e+00
-5.627031313180433258e+00
-6.705195201199019017e+00
-6.914933318642499493e+00
-7.735542463134033042e+00
-6.360151400136927258e+00
-6.266514582764123098e+00
-7.014320286055576226e+00
-6.595333982526345729e+00
-6.887803215191732775e+00
-6.599778866250963993e+00
-7.335975006573312029e+00
-7.109651197559019309e+00
-6.601723313145938299e+00
-8.615498119009759037e+00
-7.612379942442410119e+00
-6.488278795310550073e+00
-6.682799182492241030e+00
-6.458370317636124902e+00
-6.921171642724878836e+00
-6.632455936418552689e+00
-7.766960517729896374e+00
-7.254772706796924986e+00
-6.891647899304122582e+00
-5.871944265112173156e+00
-6.532650924274278736e+00
-6.814741794218577731e+00
-6.463971590528871047e+00
-6.907108236041233695e+00
-7.128796354933800039e+00
-6.320593999204948688e+00
-5.969336767028656787e+00
-6.945044856306396674e+00
-6.639523365105099550e+00
-6.209571013031935927e+00
-6.993772314994377126e+00
-7.781426447366445842e+00
-6.700542369072644000e+00
-7.125460852918496180e+00
-5.840317413234958011e+00
-5.829743730239968613e+00
-6.732063919810158836e+00
-7.186998513874528705e+00
-6.714083872119445573e+00
-6.120294589472614177e+00
-7.536750223662017412e+00
-5.896159457918734859e+00
-6.598591400324613332e+00
-6.587502763270697947e+00
-5.713922800216073128e+00
-6.900900361820532680e+00
-7.154540631846729504e+00
-7.317683908205989241e+00
-7.718687842600163940e+00
-5.461769582751574426e+00
-6.290879509775388456e+00
-7.803035802605521098e+00
-7.348173519120011044e+00
-7.658469744929979228e+00
-6.950252304062273012e+00
-6.456058843989791463e+00
-7.373260712339648748e+00
-7.947501294048377574e+00
-5.863608176052054866e+00
-6.683768500661531498e+00
-8.029714792566608139e+00
-6.775285529502073523e+00
-6.501938958922313105e+00
-7.028799372115415167e+00
-6.733879505057135617e+00
-6.671806685198344411e+00
-6.208051583233587856e+00
-7.357108047453186472e+00
-6.131053103279271888e+00
-7.801522170492301456e+00
-7.209129998678651674e+00
-6.667046489296159173e+00
-6.540900895863051012e+00
-5.874805375968420229e+00
-5.809627252492200356e+00
-7.388313421212042265e+00
-7.045994821666966779e+00
-7.243670898403991032e+00
-6.276069844606831261e+00
-5.991140121319755707e+00
-6.751304057323170404e+00
