1.853149687125098533e-01 3.319653556608099243e-01 1.687431022838719041e-01 1.526146483083677952e-01 1.477520563877856019e-01 1.103016042476020475e-01 2.192492192112800720e-01 2.395459909278175870e-01 2.001119105278627575e-01 2.444011437320948443e-01
8.336072809863495636e-02 1.086109106618366321e-01 3.114737426714171420e-01 1.843413036682138850e-01 1.566551876283509559e-01 3.093863773531104200e-01 1.262466642365380753e-01 2.338304279998999480e-01 2.679485346080909824e-01 2.181461230739077661e-01
2.568337761134844022e-01 1.299041457067476868e-01 1.425183471665664725e-01 2.136839760887676576e-01 2.314163511993517219e-01 1.771264026956417825e-01 2.638283592650315645e-01 1.747820590387535733e-01 2.410072271858993975e-01 1.688993555397557411e-01
1.454550811479753125e-01 2.122933626402767060e-01 2.046049864297257714e-01 1.893066281195509570e-01 1.532246102518259045e-01 1.514663479732052676e-01 1.639277682323704577e-01 1.801725582672775161e-01 2.711013714414005626e-01 3.284472854963918498e-01
2.864898464970407899e-01 6.325070120319398193e-02 1.728105582262682294e-01 2.622908347635277693e-01 1.711648458824260310e-01 2.138781100568593607e-01 1.587596841555488636e-01 1.504562879730449720e-01 2.752519661143841279e-01 2.456471651277071511e-01
1.337234190591714278e-01 2.718905885663411848e-01 1.801048456069496706e-01 2.449403690693778279e-01 1.665346647823441328e-01 1.468773178311563732e-01 2.483169849178692157e-01 1.335049204386708488e-01 2.352032231741271184e-01 2.389036665539920890e-01
2.213115515865523852e-01 1.857003491125670813e-01 2.349473236636411277e-01 3.570054849434042277e-01 2.406582822961346735e-01 1.756965999127135802e-01 1.745151479680412954e-01 1.891190442600937660e-01 7.440122203983293159e-02 1.466449942170187926e-01
2.719000749968726316e-01 2.237246724422944089e-01 1.942049995805226470e-01 1.814103161447797319e-01 1.789558675518294062e-01 1.890585808414468327e-01 2.663029186569098594e-01 1.314400725496332190e-01 1.422510168444618694e-01 2.207514803912489498e-01
2.128745686818512839e-01 1.372052987365727228e-01 1.951501979415211085e-01 2.610715379575863082e-01 1.586972590468743727e-01 2.053551229413951851e-01 8.749611421686562251e-02 3.999469467274427426e-01 1.139884663516220614e-01 2.282144873982692723e-01
2.942830386045467428e-01 1.694531477420019305e-01 8.311911531450411061e-02 3.218250971977449360e-01 1.530952209196581038e-01 1.601394787522197327e-01 2.045868425377807553e-01 2.618988611085649731e-01 2.449999775777635946e-01 1.065992202452147042e-01
2.202835375588762801e-01 2.047300820807051447e-01 1.851994125584657813e-01 1.589751055629298748e-01 1.152613218464743350e-01 1.189609061501131770e-01 2.281870268472542262e-01 2.886792774595556277e-01 1.779590637888057991e-01 3.017642661468197263e-01
2.708776431858631595e-01 2.168269248050820608e-01 2.717580543513550273e-01 2.287846834594420842e-01 1.688588632976148474e-01 1.614615698838378632e-01 1.697731255775933590e-01 2.543054133695200059e-01 1.218355420755918295e-01 1.355181799941002629e-01
3.274137050423751583e-01 2.022757037183656736e-01 1.537025764813735318e-01 2.268029230461821588e-01 1.552957472231959735e-01 2.039561496778764249e-01 9.003303789089409093e-02 1.966594070486062107e-01 2.580493792928577057e-01 1.858113705782733771e-01
2.034327477355570846e-01 1.947717133425371783e-01 2.124920484808784926e-01 2.390684106741793324e-01 1.266371382740093532e-01 1.581813739280474307e-01 1.608040655453461809e-01 2.892658923147786165e-01 1.148238211120673619e-01 3.005227885925990106e-01
2.037966880730590624e-01 1.802520270693029336e-01 3.051820063420264129e-01 1.123963380533400946e-01 2.343686584171598142e-01 2.301556724201378468e-01 1.849488725198378813e-01 1.497925347267413665e-01 1.550473675747606195e-01 2.440598348036356613e-01
2.200490570067242524e-01 2.369276976191766471e-01 1.716049358854591089e-01 1.581807170814742147e-01 2.289398986690460158e-01 2.103661364914261589e-01 1.724872613534770283e-01 2.304253993103876075e-01 2.134801474267343513e-01 1.575387491560956421e-01
1.849836514475278471e-01 1.845849913069346759e-01 2.380063104038399602e-01 2.246964986142446219e-01 1.904278820435840180e-01 1.437047765283836209e-01 2.876853137654444281e-01 2.156328640075255432e-01 1.764332943018435407e-01 1.538444175806730485e-01
1.807962452297922074e-01 2.302017321323656385e-01 1.534482951068152357e-01 1.727414836685825239e-01 1.676466911889892275e-01 2.370741494903090274e-01 1.783553813282426903e-01 2.036740207347217391e-01 2.105253833643709049e-01 2.655366177558124985e-01
2.412867541334198784e-01 2.670567433555956494e-01 1.212791129432898019e-01 2.135700395011012609e-01 9.774204501529971945e-02 2.997922245962406085e-01 1.717102785303545320e-01 1.016192392396400024e-01 2.476650447468705107e-01 2.382785179381878837e-01
1.844586907634345463e-01 1.783261513928439679e-01 2.130005170634780287e-01 2.639305726698648602e-01 2.201594317246859389e-01 9.731929293177118967e-02 1.292356754033702204e-01 2.111876967909345204e-01 2.640465221803093843e-01 2.383354490793068159e-01
1.118316279158119708e-01 1.471600625553072250e-01 3.275454938877596645e-01 2.783417201989504819e-01 1.809412668332501528e-01 1.128921973478259622e-01 3.260557155158039233e-01 2.085517429890466623e-01 1.557059644694290534e-01 1.509742082868155144e-01
2.830674110520917663e-01 2.241757888356375739e-01 1.716633920416298920e-01 2.264841683217059254e-01 1.604692419471266396e-01 1.964394153183315894e-01 1.305020965632255059e-01 2.963338672957708253e-01 1.954772567206644329e-01 1.153873619038155718e-01
2.764515950522039023e-01 1.650967917784619821e-01 2.521226850109259399e-01 2.321331560575350950e-01 1.351555832076808406e-01 1.412632832153598861e-01 1.446338128669296952e-01 2.923861659017995551e-01 1.792866784524549950e-01 1.814702484566493024e-01
1.237779311678229854e-01 1.190684087387063606e-01 3.402599386432436646e-01 2.129046714604728163e-01 1.974787931928290163e-01 1.618507365661272235e-01 2.299301192085562162e-01 2.363975303340116740e-01 2.005646282001376235e-01 1.777672424880929192e-01
1.161044182656533197e-01 2.432629296264296470e-01 1.850062016379817043e-01 2.608213328505910589e-01 1.117394699742880471e-01 2.522157035844685424e-01 1.824445339312661396e-01 1.198176259786941367e-01 2.626776579590038851e-01 2.659101261916241299e-01
1.532292312929983136e-01 2.207940158909035278e-01 1.104770540950533730e-01 2.293656169520964239e-01 2.412579913589674163e-01 2.472334604142094328e-01 1.732466833602463729e-01 3.135833392648102458e-01 1.635220841125500091e-01 1.472905232581647461e-01
2.901230225443716115e-01 2.171500719561145487e-01 2.129439983371950451e-01 1.209119985038854261e-01 1.864895732786585603e-01 2.009460757875822512e-01 2.318956331207450983e-01 1.267939721938076691e-01 1.340648128998255806e-01 2.786808413778154581e-01
1.562722335433265330e-01 1.442844403031107725e-01 1.965341602719871683e-01 1.432749233011383350e-01 1.539107291288010215e-01 3.028223479735945300e-01 2.350787174885057285e-01 1.952042495163328617e-01 2.079553104708551092e-01 2.646628880023486619e-01
2.199240679527990905e-01 2.102042383412721649e-01 2.709950561965436266e-01 1.414581829421993897e-01 1.567016714674853151e-01 2.331618197924593683e-01 1.172203508649238557e-01 1.933306468914125498e-01 2.445456390092480004e-01 2.124583265416572497e-01
2.448595670230360177e-01 1.636508849220447703e-01 2.296908947884889751e-01 1.667978422894105250e-01 1.686272662692648583e-01 1.083699399344024983e-01 1.828040942721824158e-01 2.167164403408589901e-01 3.425205922597116537e-01 1.759624779005992679e-01
1.456522151560297462e-01 2.154462334402421075e-01 2.057595007702983092e-01 1.902542972010748956e-01 2.118801694824922477e-01 1.670047177974338382e-01 2.609085489779942035e-01 2.119028353972739476e-01 2.447149234556383612e-01 1.464765583215223155e-01
1.064434926700888184e-01 1.040344208118864910e-01 2.404448377737600229e-01 2.016079041921089721e-01 1.734037538307945658e-01 2.187440198769209643e-01 2.699023625160049678e-01 1.953933152899701708e-01 2.119457737936212005e-01 2.780801192448433268e-01
1.868812599743956138e-01 2.217757606720485997e-01 2.891309503774828205e-01 2.237456975273371951e-01 1.437777581486909539e-01 1.368752628534466442e-01 1.703447746978547506e-01 2.137559899286810838e-01 1.928190124224461455e-01 2.208935333976169701e-01
1.915886097920426745e-01 2.508742152982305074e-01 1.450176083080164102e-01 2.536765539129512415e-01 1.227526409139549357e-01 3.319411277928002724e-01 2.164346656689348225e-01 2.052090430706596247e-01 1.479725059105040930e-01 1.345330293319053905e-01
2.388465685311755016e-01 1.560318369046156672e-01 1.540517431401800807e-01 2.214722614417944380e-01 1.588416379756324437e-01 2.947208161236628543e-01 2.230455488828115840e-01 1.620106423351262981e-01 2.119069878903979687e-01 1.790719567746030805e-01
2.148865246760768843e-01 1.660950527397964671e-01 2.297515931092370400e-01 2.513356585747210659e-01 2.325479820615699578e-01 1.171474193319006207e-01 1.867042765165622953e-01 1.436347898878546636e-01 2.601137780141328237e-01 1.977829250881483480e-01
1.455364964804771732e-01 2.092353228885353855e-01 1.750670925630935237e-01 3.599157507524457511e-01 6.692864424973435367e-02 1.359647142672670561e-01 2.978520997621089128e-01 1.963007673161581146e-01 2.629338474073963372e-01 1.502652643127833365e-01
2.589886343986566586e-01 1.698736832122080542e-01 1.701642449652223110e-01 2.324565837353932130e-01 1.551457403951859160e-01 1.918916632926875310e-01 2.331110233483060235e-01 1.951194893906170180e-01 1.964533216392565507e-01 1.967956156224666409e-01
2.157694351897690987e-01 2.450378031346374663e-01 1.550922515066344709e-01 2.199749303461156769e-01 1.595896082307548258e-01 1.437972911213563632e-01 2.271077305913935807e-01 1.680826788580626618e-01 2.222211083117802133e-01 2.433271627094962808e-01
1.275201727989313527e-01 1.583867306885008430e-01 2.047057437546136727e-01 2.483124252498232765e-01 1.824537695094735346e-01 1.656349523166370241e-01 2.182086664033187628e-01 2.006775793369184047e-01 1.811004431385005997e-01 3.129995168032830288e-01
1.013519722739678885e-01 1.405070208935021991e-01 3.321969204393503405e-01 1.205283867524554742e-01 1.540008600593318899e-01 2.499394880254732776e-01 2.684370277137210770e-01 2.040245717594072472e-01 2.482871785997469716e-01 1.807265734830447446e-01
1.336959949049336127e-01 3.071878750855235873e-01 2.097852778204074564e-01 1.141595476351444094e-01 9.766410528256919132e-02 1.835534747857679450e-01 2.539547702827870124e-01 1.775939914927197327e-01 2.615348200950616264e-01 2.608701426150863978e-01
1.267279348989136245e-01 1.755217849889051940e-01 1.658201775603841133e-01 2.567142491859951692e-01 2.132475045149890280e-01 2.145378492115870284e-01 2.509764639019085308e-01 1.613830674904890017e-01 1.803639713250356491e-01 2.547069969217942709e-01
1.298480355173040612e-01 2.083406411988278639e-01 2.645167665665205115e-01 2.236360023209987835e-01 1.819347748181907864e-01 1.829559797922831188e-01 2.172911782792098789e-01 1.393481129379765815e-01 1.532683034770646879e-01 2.988602050916226438e-01
3.327418363499583531e-01 6.247779287745192089e-02 9.187478914682974118e-02 3.493973822906404347e-01 9.887451803479280210e-02 2.685287618016451994e-01 2.372892334088950728e-01 2.499360320235511912e-01 1.893957544557781092e-01 1.194838996104582024e-01
1.266049595222401569e-01 1.303215990383428113e-01 1.879220139134157863e-01 2.046813088506978240e-01 2.314796541351310522e-01 2.741103725009612635e-01 1.119181695340100147e-01 2.524282285447509988e-01 3.240741371363473622e-01 1.564595568241022028e-01
2.401695229942099885e-01 1.642156842295837971e-01 1.596037982333209648e-01 2.884636870930039620e-01 1.787759036109860811e-01 1.577299124784833917e-01 2.713868087970409126e-01 1.514311602576301485e-01 1.942839716884739720e-01 1.939395506172658656e-01
1.359866170631931492e-01 1.680178305600697197e-01 2.536491877510816950e-01 2.554448063840925043e-01 1.519096248873531840e-01 2.120150748811250319e-01 2.045010938565791914e-01 2.355813815866680538e-01 1.687495578191186285e-01 2.141448252107195915e-01
2.564041645635738442e-01 2.070638576194946956e-01 1.712210925741037559e-01 8.953537663318220097e-02 3.049318288675644251e-01 1.519347071540955163e-01 2.570590940812848002e-01 2.035953537494315790e-01 1.558054700993908859e-01 2.024490546578786299e-01
1.221731091244993572e-01 1.731467169430818132e-01 2.207364092733545835e-01 1.875634847231074653e-01 3.803460259405902488e-01 2.535922900289311333e-01 1.760722656325372504e-01 1.414343801165766634e-01 1.728521884089645189e-01 1.720831298083565775e-01
1.719963866686547438e-01 7.341625080143135418e-02 3.500334390308191268e-01 1.538251526666791213e-01 2.793213758401390523e-01 1.379920918302393051e-01 1.032215850624741971e-01 2.191456373263954982e-01 2.508220984830609179e-01 2.602259822901064057e-01
2.147564829643233975e-01 3.145056141943446959e-01 1.196058279892307091e-01 2.144088758153182561e-01 1.300625714449608339e-01 2.363195386337184067e-01 1.638850091305747436e-01 1.846977891143761763e-01 1.880428326950987772e-01 2.337154580180554608e-01
1.027701302450935578e-01 2.073871888664737262e-01 1.705369082957801652e-01 1.542816877973165746e-01 2.072586547017594150e-01 2.251450081123221869e-01 3.076802975321702993e-01 1.756658124663536547e-01 2.597608402239262593e-01 1.895134717588039808e-01
1.675900552418752854e-01 1.516116327839959199e-01 2.201702427859832112e-01 2.255456609428340975e-01 1.872052876869808868e-01 1.846130675179835090e-01 1.382298036884069270e-01 2.901216362490151024e-01 1.718064202903429316e-01 2.631061928125831284e-01
1.585459553130980637e-01 2.633528989286577082e-01 2.953764473045044081e-01 1.768960461320576716e-01 1.534089360070416130e-01 1.670577958808179830e-01 2.709992402675752143e-01 1.847659016637432094e-01 1.410401135373605674e-01 1.885566649651433946e-01
1.958734759373740308e-01 1.815042980181046928e-01 1.524764129869090323e-01 1.207717556498500155e-01 1.413383450111806161e-01 2.300391820618933325e-01 3.229856357489499508e-01 1.472421832436322797e-01 2.915523555789735766e-01 2.162163557631319732e-01
2.995379346070601301e-01 1.265576795738924398e-01 2.563659525100405734e-01 2.165705723773129476e-01 1.289080866195964903e-01 1.542727356352007750e-01 2.848547577416421506e-01 2.968908302804339483e-01 1.310238710512421079e-01 1.050175796035798248e-01
1.412284795248992253e-01 1.592213462565541249e-01 2.689026506724610521e-01 1.093632120079097159e-01 2.949660981723979392e-01 1.309113219078545387e-01 2.169366175834430144e-01 2.388893677895002343e-01 1.907664610383771331e-01 2.488144450466028001e-01
2.112258988166054452e-01 1.490256012332514257e-01 1.810788831150145217e-01 1.963202680961383118e-01 2.341877143287102170e-01 1.881872601829137626e-01 1.105427918290703693e-01 3.362188843189737875e-01 1.670736915693731561e-01 2.261390065099483648e-01
1.214720877518506853e-01 3.463639658049671999e-01 1.452708030909017345e-01 1.621061719961855163e-01 2.799071203336919167e-01 1.667755227386650274e-01 2.096839837024130904e-01 1.609396052280164802e-01 1.478802923948819292e-01 2.596004469584275998e-01
2.529709928880262138e-01 1.982413421994389802e-01 7.930555081097578896e-02 1.401838200673914403e-01 2.921424501916448091e-01 1.325433014807735899e-01 2.309797748240259296e-01 2.395645547206493309e-01 2.312526377336394656e-01 2.028155750834345905e-01
1.672053409172379879e-01 3.169361009905715121e-01 1.660143107620470349e-01 1.339044269505211826e-01 2.346964550293650087e-01 1.372005631843616902e-01 1.882788803328409311e-01 2.685667973727458024e-01 1.279609270751136396e-01 2.592361973851973200e-01
2.223274066733210708e-01 1.683800823664618473e-01 1.804015398334724019e-01 1.716825805240128899e-01 1.138451071597648412e-01 1.895072774698023099e-01 2.751917219483509536e-01 2.109091588831824016e-01 2.212839825269710126e-01 2.464711426146616591e-01
2.741186191157494734e-01 2.342494964324947360e-01 1.371571208152067012e-01 3.411585828796401820e-01 3.032078656471853817e-01 1.698319030875007352e-01 9.917558956442465434e-02 1.307127172982058272e-01 1.543123368593262434e-01 1.560757683002654550e-01
1.119544172435151530e-01 2.014044872756501625e-01 1.898909967192003723e-01 2.560038651105775998e-01 2.290524204618830106e-01 1.852192908971007357e-01 2.164722786992296644e-01 2.083983601669358032e-01 2.896897499060382408e-01 1.119141335198701459e-01
2.563614334227365954e-01 1.206994035478934219e-01 2.628832461227015305e-01 1.074395550556607876e-01 1.189967376561640033e-01 3.651207610168116235e-01 2.144335925204033100e-01 2.641371318869691898e-01 1.121314984171312146e-01 1.777966403535295170e-01
1.812740393660981220e-01 1.755234033825487094e-01 2.270747441379108444e-01 1.704364683896838761e-01 2.572733191428502320e-01 2.230306090802252894e-01 1.150208495809811882e-01 2.022269508562188622e-01 2.990462128619181259e-01 1.490934032015649169e-01
1.540752090501472660e-01 2.789117174828115719e-01 1.823182327102623734e-01 1.600194176573035421e-01 3.102802454146523781e-01 1.513000890000436305e-01 3.145912042955788523e-01 1.614373422199925079e-01 1.611930551252161725e-01 1.258734870439929820e-01
2.032515914628005016e-01 1.528977984190016681e-01 2.108760862136984660e-01 2.051991668771095401e-01 2.080886404170938508e-01 2.036191032701484549e-01 1.556930137164117545e-01 1.976779114231888845e-01 2.283272298867488892e-01 2.343694583137976295e-01
3.212306594440141327e-01 1.827430576790809169e-01 1.350279999870891423e-01 3.499872475711175990e-01 1.595900859536434346e-01 2.474758376829678808e-01 2.615524787105354965e-01 1.890024228538479956e-01 5.377716994653652938e-02 9.961304017116681675e-02
1.822591737799720835e-01 1.770847414131716258e-01 3.621929623289011912e-01 1.597321725354678978e-01 1.063861712680830851e-01 3.145792291579042055e-01 1.364098694481969132e-01 1.176765918944204792e-01 1.230644558798188876e-01 3.206146322940661153e-01
9.612279887984967464e-02 1.751621093764881287e-01 1.922706118649714913e-01 2.216372459081348001e-01 2.072333359798595454e-01 1.137456525310265032e-01 1.747145123643101539e-01 3.025199420393075433e-01 1.996461644605413421e-01 3.169476265955104566e-01
1.432945278894786623e-01 1.380139720549559690e-01 2.824093685872681170e-01 2.329614203927063421e-01 1.741981401264525720e-01 1.358495862440706747e-01 1.440469190736790028e-01 2.816164586749150267e-01 2.852438361430867375e-01 1.823657708133875066e-01
1.618770505512226732e-01 2.991076613550642249e-01 2.337602914529303966e-01 2.616733851979152758e-01 1.924350252129765626e-01 2.261173434110118341e-01 1.714459380099930264e-01 1.539286318443460477e-01 1.292531692146276501e-01 1.704015037499131968e-01
2.238822574156469625e-01 1.643089553001366721e-01 2.225969337222066247e-01 2.116596543474023040e-01 1.602121550280559137e-01 3.040114189642108555e-01 1.115735166865942790e-01 1.187631398122930421e-01 3.118059806602050954e-01 1.711859880632485009e-01
1.957248545676757157e-01 2.198894245244112644e-01 1.997340169408399757e-01 2.992974860958559913e-01 1.216372761923087964e-01 9.876452979160588175e-02 1.905861649263582702e-01 2.379971773029003201e-01 2.532862824573402505e-01 1.830827872007039225e-01
1.488557757556309702e-01 2.534037857924212878e-01 1.643768152837109531e-01 2.631183061447755489e-01 1.815143878191926297e-01 2.464537037478664594e-01 3.096124974246106110e-01 2.238153551506299466e-01 9.714120799968412046e-02 1.117081648814785833e-01
1.571883005019990565e-01 2.067364663478787334e-01 1.830554634058318697e-01 3.036908274709013700e-01 1.515675192268506888e-01 3.014874297589628105e-01 1.386668179688493874e-01 9.641921011420720444e-02 1.656584230531735757e-01 2.955295421513444154e-01
1.480324305433545762e-01 2.540188887670565276e-01 1.170273718803942625e-01 1.474029932765978379e-01 2.122803766358460908e-01 2.054626604316715233e-01 2.233850136837202682e-01 1.947408055207155708e-01 2.034341371870992121e-01 2.942153220735453378e-01
3.452438927454903883e-01 9.118077320406089981e-02 9.327709811148497676e-02 1.516245851758353247e-01 1.574379269785006752e-01 3.487016929935308762e-01 2.311801986413056231e-01 1.440247470793931950e-01 2.426127315033730081e-01 1.947163535670258516e-01
1.039320170195818377e-01 1.702319241228828772e-01 2.207688732428916001e-01 1.882920381665362519e-01 2.352561076990125066e-01 2.210972988195729072e-01 2.327169134523824623e-01 2.577020189996753752e-01 2.347434237777913102e-01 1.352593846996722471e-01
2.415275293929224909e-01 1.644078097890253054e-01 8.757883079035624907e-02 1.433399296443805537e-01 3.645141255146202575e-01 2.661267605111540258e-01 1.787293504237807140e-01 1.329564527909335991e-01 3.230571856227495986e-01 9.776202552007745572e-02
2.528861927602256143e-01 1.312837543572737409e-01 1.797212443397238346e-01 1.820793694248636074e-01 2.098446374680091875e-01 2.387984722315410757e-01 2.271770316314973281e-01 1.556489156755709313e-01 2.424320487387281731e-01 1.801283333725674229e-01
2.540514109639727680e-01 1.445063528207072290e-01 2.458259172326393571e-01 9.467789302788645611e-02 1.489660944301707812e-01 3.350672333617672471e-01 2.000206374451342917e-01 2.041315068875518279e-01 1.657913552723150330e-01 2.069615985578550088e-01
1.301696120948713231e-01 1.809345699020208920e-01 1.565485312089359149e-01 2.111514124950257254e-01 2.265994002156123677e-01 2.136906803899444873e-01 2.254517043705067947e-01 2.142464118944643892e-01 1.861838207136888024e-01 2.550238567149299418e-01
1.680239897039550456e-01 1.162033961513119218e-01 1.313508663975070934e-01 2.253175421861502714e-01 3.308673718282248988e-01 1.804191702529854280e-01 1.788417636965285995e-01 1.710703462548838760e-01 2.596031811328599614e-01 2.383023723955946249e-01
1.441511563626094172e-01 2.601395252485421694e-01 2.401208725336519412e-01 2.184883539129697239e-01 1.989800869129391414e-01 1.773338425919700478e-01 1.447367731932266144e-01 2.108536767109249754e-01 2.276704472253485712e-01 1.775252653078169540e-01
2.163831760409444804e-01 2.485529281647535504e-01 1.815923480544368029e-01 2.896470786372145612e-01 1.870025125490229201e-01 1.818544036471728409e-01 2.167860413921378349e-01 1.864705155217795673e-01 1.865898811397138091e-01 1.051211148528236744e-01
1.314082199061720746e-01 2.790367910054926126e-01 1.923982984770105653e-01 2.239144240678104247e-01 1.264807712352289393e-01 1.865605660918886466e-01 2.719584246654131454e-01 1.397544996404189999e-01 2.526813169493557498e-01 1.958066879612098410e-01
1.977806608976150071e-01 1.441151717892957818e-01 1.907582304386022665e-01 2.255952690606554956e-01 1.363405759848563548e-01 1.910372245966411309e-01 1.851489400684142861e-01 2.485919535994082497e-01 2.806567547984890054e-01 1.999752187660226721e-01
9.691390145192679828e-02 1.209846411685570056e-01 2.459695595347395070e-01 3.059607134534132467e-01 1.799835408852556162e-01 1.982025463830786316e-01 2.843674067601849043e-01 2.114511681801803655e-01 2.160310841249785951e-01 1.401354380576858294e-01
1.738426166334875456e-01 1.312861555443479433e-01 2.273581137123449891e-01 1.577528213876922270e-01 2.777037664552183260e-01 2.436485141375199781e-01 1.465381377739340130e-01 1.290564529435879182e-01 2.259095859368625281e-01 2.869038354750062525e-01
1.439380546703383223e-01 2.628017260485296935e-01 2.435059198995062624e-01 2.197898213740601403e-01 1.156015601665887071e-01 2.155526677407402780e-01 1.704152724727800994e-01 1.965348033827679086e-01 2.779332529937438290e-01 1.539269212509456752e-01
1.906603597336889444e-01 2.079489462333685146e-01 2.330110519150899728e-01 1.140901544191378764e-01 1.862707489605942845e-01 1.785481121456973796e-01 2.148787094541310672e-01 2.168502323467182968e-01 2.778356508864443519e-01 1.799060339051298529e-01
1.378370297762898378e-01 1.954705182489505366e-01 1.360159222958229053e-01 3.448962858846171819e-01 1.165508306114162451e-01 1.857837317483659600e-01 2.254831166152840294e-01 2.148452852206745867e-01 2.551064335461974975e-01 1.880108460523818303e-01
1.646769115313062304e-01 2.399055366201207629e-01 1.745783159435307375e-01 1.910004966960278661e-01 2.656165277375957534e-01 2.021209654514111720e-01 1.563572140149925294e-01 1.494361859814781757e-01 3.006056286487761020e-01 1.557022173747615867e-01
2.304228961788450658e-01 2.196935168391923043e-01 2.413504764560506222e-01 1.375855206735986935e-01 2.441880875370563420e-01 2.440698160853817522e-01 1.074796086850153959e-01 2.452547929124472559e-01 1.808562115553161986e-01 1.490990730770988537e-01
2.258849916115308054e-01 1.650802781818364595e-01 2.214216678945270800e-01 1.626939543855330517e-01 1.892485643275292340e-01 1.852871361743924639e-01 2.173989154181167893e-01 2.370424885865888287e-01 1.911703808599049537e-01 2.047716225600400564e-01
1.906366940476730831e-01 1.796710143741981902e-01 2.436517314531675416e-01 2.495002027644157849e-01 2.169339797492901012e-01 1.858171854039150639e-01 2.262177690324344570e-01 1.985607705458787564e-01 1.618393671419566804e-01 1.471712854870706466e-01
1.577523369977458789e-01 9.898261148408314669e-02 1.326262055737599810e-01 3.222533476040548850e-01 2.401312586062073484e-01 1.943830693953953748e-01 1.137699264635043117e-01 2.206193514798018562e-01 2.938941720305576766e-01 2.255877203648890550e-01
