4.961389401908761210e-01 5.106717466186178056e-01 4.968110073881273903e-01 4.971820048628642907e-01 4.993508057550462009e-01 4.928862834500193357e-01 5.032504871828724635e-01 5.025655351539513038e-01 4.985568332269669778e-01 5.025863561706713778e-01
4.901229484696018046e-01 4.947975371838186365e-01 5.103065075490790248e-01 4.991762845717456765e-01 4.947411299714513100e-01 5.104792108345609369e-01 4.904499871874962724e-01 5.024055985332435137e-01 5.047902283603218354e-01 5.027305673386884832e-01
5.062147159448038281e-01 4.939120059381763572e-01 4.979028444419095201e-01 5.013614545129392308e-01 5.031438884037726655e-01 4.962208834239568711e-01 5.055698161270461011e-01 4.961397364757512696e-01 5.037091819512480306e-01 4.958254727803904638e-01
4.923531312290704287e-01 5.018761384692040917e-01 5.001031074820536659e-01 5.005074720513206232e-01 4.972787926182268281e-01 4.981420491166842490e-01 4.989836436138223030e-01 4.970919224366976419e-01 5.039323418282520839e-01 5.097314011546577595e-01
5.091669029507057687e-01 4.824886480139726763e-01 5.030846627055920450e-01 5.051226682861971184e-01 4.974734158094009095e-01 5.012967770224553421e-01 4.981187424569900601e-01 4.963077253202866634e-01 5.048323335640010345e-01 5.021081238704008243e-01
4.922679613036530788e-01 5.062217984285111161e-01 4.970498551635598172e-01 5.037152898836410042e-01 4.982090942695900360e-01 4.960642349346636726e-01 5.053800110499798715e-01 4.927844317906803218e-01 5.040195731161010162e-01 5.042877500596272267e-01
5.020697720314224455e-01 4.977444588571329209e-01 4.996902265724292858e-01 5.120494583403512046e-01 5.000217969677477337e-01 4.978654068959443846e-01 4.980537545719454506e-01 5.040554208085805676e-01 4.879932476180147694e-01 5.004564573364249647e-01
5.051627310671480409e-01 5.003033119131430340e-01 4.996595550577010991e-01 4.988058137129773306e-01 4.986955027181005917e-01 4.988397631911002383e-01 5.064411260549187555e-01 4.942972167649998250e-01 4.967194721057797135e-01 5.010755074141189924e-01
5.019578791025591791e-01 4.956039281978465993e-01 4.993029723058835523e-01 5.066673805451534784e-01 4.940226819225663757e-01 5.040672387073302785e-01 4.847569070565898031e-01 5.209458804987918690e-01 4.890283625116019217e-01 5.036467691516836043e-01
5.093517764623627375e-01 5.013794838868914638e-01 4.864119568345977584e-01 5.120599506204336349e-01 4.965509521261574077e-01 4.974132868059573109e-01 4.990240707872143355e-01 5.048341576068475778e-01 5.040497409222652880e-01 4.889246239472637146e-01
4.997733842118078362e-01 4.997635588428815390e-01 4.996191188155174046e-01 4.993987089340546914e-01 4.959946110608923764e-01 4.942345261710249238e-01 5.027372144073385396e-01 5.065467943094230652e-01 4.944722106182413701e-01 5.074598726288214179e-01
5.055342213960071218e-01 4.993806587611407943e-01 5.041376877924783617e-01 5.021782199550967052e-01 4.968221083727348830e-01 4.983408738114674663e-01 4.979593918502329131e-01 5.059480794989326125e-01 4.939645797993307830e-01 4.957341787625750840e-01
5.098351697670814309e-01 4.999100373883773041e-01 4.942781364107741160e-01 5.045095314043273049e-01 4.953401956052670974e-01 5.048172023370592898e-01 4.879282702858540044e-01 5.031991113248508452e-01 5.040544618803615151e-01 4.961278835960558076e-01
4.993533827276478432e-01 4.989371199607430252e-01 5.003837544898567247e-01 5.050409550015804161e-01 4.926603072292213836e-01 5.007565388169086251e-01 4.962690531768733093e-01 5.093614957317702530e-01 4.878959631101397743e-01 5.093414297552585346e-01
4.999851299343371913e-01 4.971603303248853800e-01 5.099589980852075044e-01 4.888369703434771729e-01 5.042265425454214300e-01 5.023113321343837256e-01 4.994499303668450962e-01 4.966349241486281985e-01 4.972540433915901836e-01 5.041817987252240618e-01
5.019277726744016954e-01 5.031155015666365360e-01 4.979037981663133605e-01 4.965731135043173206e-01 5.029618742451437141e-01 5.009349074052655837e-01 4.968864941449944173e-01 5.026346034164963505e-01 5.015935911106368383e-01 4.954683437657972922e-01
5.005823448344430826e-01 4.980221013828315946e-01 5.030650105658367455e-01 5.011965503451083492e-01 5.001038378809172791e-01 4.935059320645137082e-01 5.074976412540851411e-01 5.005412688424035750e-01 4.985923150642157520e-01 4.968929977656427743e-01
4.966028459506582338e-01 5.036878549522394444e-01 4.958298845673410060e-01 5.003105222413943842e-01 4.969184611926107942e-01 5.041931181778324111e-01 4.973192061244498530e-01 5.003422972935536173e-01 4.997034675455976904e-01 5.050923419543186244e-01
5.013793267615944682e-01 5.072626915313956930e-01 4.899974326634163324e-01 5.060011223904603561e-01 4.868769599561354466e-01 5.110337693618084431e-01 4.997491682769223953e-01 4.907379328213828384e-01 5.049067281414161279e-01 5.020548680954640686e-01
4.985873605032824507e-01 4.980021999149150114e-01 4.998620415370833570e-01 5.046978164954469825e-01 5.029917551055752556e-01 4.916175076531001942e-01 4.973799607457177752e-01 5.006618563172855474e-01 5.045479434021367116e-01 5.016515583254550492e-01
4.957977929910706849e-01 4.955147300710288638e-01 5.093555018090498709e-01 5.035986159670565732e-01 4.986988586372726462e-01 4.903097813363749280e-01 5.108600431045268175e-01 5.006871806038470929e-01 4.961827040530681909e-01 4.989947914267064411e-01
5.074499989512821774e-01 5.020370452678617479e-01 4.959396425646941386e-01 5.038098052839093954e-01 4.961977601596717635e-01 5.020965049767036614e-01 4.918130667764951669e-01 5.091751218049224148e-01 5.009930318105685343e-01 4.904880224038946079e-01
5.064277756027433242e-01 4.947113263359576019e-01 5.038992314129193684e-01 5.035537625275086082e-01 4.945477519258061339e-01 4.983458373569710775e-01 4.951114824450927876e-01 5.084173401879323873e-01 4.972854678890596958e-01 4.977000243160012993e-01
4.969206280150941790e-01 4.922902102272757041e-01 5.121379206998610822e-01 4.990729129915345008e-01 4.991401298344993465e-01 4.965298176044483647e-01 5.023752350485677365e-01 5.023499412754806048e-01 4.999778053452605397e-01 4.992053989579725015e-01
4.887632786860941492e-01 5.056023844789158117e-01 4.972493189815354597e-01 5.067755387322030458e-01 4.891125321362418954e-01 5.068946739959572234e-01 4.999104392899458293e-01 4.924562649627218791e-01 5.058067877750977992e-01 5.074287809613023947e-01
4.962867173919723318e-01 5.056073321767395878e-01 4.899697669872185024e-01 5.037107384667562915e-01 5.020655603582319104e-01 5.027920370048098997e-01 4.948503757365985134e-01 5.098508969781605504e-01 4.962556199863901174e-01 4.986109549131189644e-01
5.058660078346509659e-01 4.990694001137833125e-01 5.029398512414351430e-01 4.921915127497934472e-01 5.011954821914184066e-01 4.999012821591069522e-01 5.040000779764773897e-01 4.945316771625414276e-01 4.947526952642379849e-01 5.055520133065408706e-01
4.968718106786904620e-01 4.967591720440891478e-01 5.017353761488528852e-01 4.966893829594553056e-01 4.958601075647277590e-01 5.078418489537498415e-01 5.013246745896767775e-01 4.976933098586926452e-01 5.000520263264727205e-01 5.051722908755987840e-01
5.001825293884734069e-01 4.999215207576299114e-01 5.056943426960258670e-01 4.953099078484513584e-01 4.974888652761779717e-01 5.049242968453173663e-01 4.921696984198075109e-01 5.011547289284594697e-01 5.029875597431719969e-01 5.001665500964780353e-01
5.038897310148068298e-01 4.952389872561486772e-01 5.041524597944242458e-01 4.968227984916435691e-01 5.020956205241873249e-01 4.921401004585514993e-01 5.002950551199673024e-01 4.992566232451168817e-01 5.113493106375219810e-01 4.947593134576316332e-01
4.970842911484378290e-01 5.017835536665274931e-01 5.009024645596021896e-01 4.986243733496111830e-01 5.016043023609115803e-01 4.961631279494682634e-01 5.045122307542586615e-01 4.995271680079617638e-01 5.037419980575528200e-01 4.960564901456728237e-01
4.931612613060641914e-01 4.935912672686073588e-01 5.048296100624019012e-01 5.005806786226200122e-01 4.969758411783652408e-01 5.004529065313254588e-01 5.053005390608085179e-01 4.974479283407154950e-01 5.004257210904651254e-01 5.072342465386375787e-01
4.979406112214163627e-01 5.001834031189107410e-01 5.062609114123994836e-01 5.013331882953778740e-01 4.959623623111095170e-01 4.972762089736996183e-01 4.987519847466309053e-01 5.018192520492583686e-01 4.988036852752535943e-01 5.016683925959486423e-01
4.997445783000494801e-01 5.059031744047266521e-01 4.928118143670773277e-01 5.061822199944618905e-01 4.892989232486079088e-01 5.114193165787704887e-01 4.999496901469190902e-01 5.004020556169392897e-01 4.970532702823536875e-01 4.972349570600983482e-01
5.038699148809107076e-01 4.971386093638200387e-01 4.970760512191741975e-01 5.028469885789694782e-01 4.944945765267594884e-01 5.076217562819665963e-01 5.017727776704601350e-01 4.955674492191678437e-01 5.018484757407315477e-01 4.977634005180376353e-01
5.019504546963302616e-01 4.959851044923359598e-01 5.021553106353283669e-01 5.030156715192309891e-01 5.040460771827990349e-01 4.911612669546593368e-01 5.033459227911927236e-01 4.937327710932836733e-01 5.061660150924423007e-01 4.984414055423881384e-01
4.962802929504265825e-01 5.007521399460013178e-01 4.966710537721816809e-01 5.153295083179953995e-01 4.837133240415785740e-01 4.994427712763572780e-01 5.073472715690662271e-01 4.983226954030071654e-01 5.043901489576680941e-01 4.977507937657200121e-01
5.048517819736260126e-01 4.973217681967129766e-01 4.978689627259763606e-01 5.036846397309417966e-01 4.961038058758820979e-01 4.997590031857966908e-01 5.027379970713254931e-01 4.992454688325472789e-01 4.993069944303715202e-01 4.991195779768234364e-01
4.998347637671325949e-01 5.037104449425927610e-01 4.952430781828698336e-01 5.028900883062130678e-01 4.979310708965282717e-01 4.961894539363546630e-01 5.034214940776298164e-01 4.965804947278865678e-01 5.016744684627270079e-01 5.025246427000544802e-01
4.926816306004048740e-01 4.983998094823663405e-01 4.999201611361457909e-01 5.043718765697340345e-01 4.979727755016650770e-01 4.975473756032372519e-01 5.020398402983258235e-01 4.997743504361870093e-01 4.971074611522030007e-01 5.101847192197529468e-01
4.930931697018769988e-01 4.965961287267272040e-01 5.125690861206254612e-01 4.921455230273915626e-01 4.967163138884158613e-01 5.030256502845161792e-01 5.043371056490242310e-01 4.978377262280769266e-01 5.040985947539231571e-01 4.995807016194241390e-01
4.899579195974906876e-01 5.095968392603782426e-01 5.013576474078800249e-01 4.951294013395147742e-01 4.933258197498532338e-01 5.008388217739565551e-01 5.047380354721456852e-01 4.957573811832503008e-01 5.041443157609027947e-01 5.051538184546201515e-01
4.928307081501053233e-01 5.009786129632731733e-01 4.961273639388344980e-01 5.051240828487182366e-01 4.994430766087049611e-01 5.003130886403324151e-01 5.039849413893987551e-01 4.965074307122141484e-01 4.984446758496574592e-01 5.062460188987529808e-01
4.920608913632630310e-01 5.009625247936702053e-01 5.044918466947510005e-01 5.008443096461659971e-01 4.980125579784754342e-01 4.993848303525366683e-01 5.023740110836447670e-01 4.958984672510396430e-01 4.967025901367873586e-01 5.092679706996752209e-01
5.132321652138851498e-01 4.864332885085050351e-01 4.947459855918215910e-01 5.138581208680901291e-01 4.875025668168775361e-01 5.062871001947479854e-01 5.021007895334295146e-01 5.024266675917313796e-01 5.011384414460171577e-01 4.922748742348847517e-01
4.968364596737913086e-01 4.966802369527292815e-01 5.005557164205527432e-01 4.997635313798116097e-01 5.015684995362899024e-01 5.070033055240985576e-01 4.881601607771505202e-01 5.040328050722517883e-01 5.101996540196421792e-01 4.951996306436853290e-01
5.039361624559923758e-01 4.967471382851477713e-01 4.965435013907644746e-01 5.075247327093361793e-01 4.984436850977070343e-01 4.955493651042983672e-01 5.069641020552693167e-01 4.949298944637516295e-01 5.004206656594476499e-01 4.989407527782873664e-01
4.947056355011860695e-01 4.982422928406728957e-01 5.037947429115965381e-01 5.047133156218033267e-01 4.939526869672108411e-01 5.020544641045190382e-01 4.994162025447496100e-01 5.034402107347254463e-01 4.963594925253318468e-01 5.033209562482005017e-01
5.050955724277984560e-01 4.992144785593285450e-01 5.019746799478940202e-01 4.872733776941263750e-01 5.109061243209858105e-01 4.933819709761242955e-01 5.053554875671151247e-01 5.005759760723832441e-01 4.968648391409261067e-01 4.993574932933104726e-01
4.949376140607208985e-01 4.993314557448348956e-01 5.010926054370175020e-01 4.956814134746209688e-01 5.143916127320395937e-01 5.007855401633576342e-01 4.971962152358068154e-01 4.968362573683983707e-01 4.995619675455775788e-01 5.001853182376225782e-01
5.019253749129006792e-01 4.844290927633675414e-01 5.140843837534667671e-01 4.934886470628325195e-01 5.067448840478866456e-01 4.967390418802136165e-01 4.942224275694435676e-01 5.016622993622906757e-01 5.036195052624281576e-01 5.030843433851661661e-01
4.991945996549715936e-01 5.104360165861578924e-01 4.894689076463129007e-01 5.052470443207282003e-01 4.919265551888096777e-01 5.060846870340178771e-01 4.961749678499992600e-01 5.005484487116185210e-01 4.986450438290868648e-01 5.022737291782923830e-01
4.908681716183258548e-01 5.035119096909325132e-01 4.985999708919794382e-01 4.974321285591140063e-01 4.998872150419091387e-01 5.005179245001944999e-01 5.075909247678697112e-01 4.954743849689777768e-01 5.045774680850630967e-01 5.015399018756325766e-01
4.976661032988488054e-01 4.968540950457532301e-01 5.015099272221182902e-01 5.026869320544823383e-01 4.980903287618571595e-01 5.007503024886847953e-01 4.936703561130179052e-01 5.079535222375632930e-01 4.954116941494545734e-01 5.054067386282206087e-01
4.951503086596993342e-01 5.041962403179238716e-01 5.070371946160473486e-01 4.969120282280882761e-01 4.972770685535636837e-01 4.971629635716842133e-01 5.062480538404026120e-01 4.994371781140933830e-01 4.951635789293256096e-01 5.014153851691820485e-01
4.993868153660562248e-01 4.995145096780078120e-01 4.992944813949787286e-01 4.958703454066235583e-01 4.957353950038543844e-01 5.018918682788346963e-01 5.097669766854580065e-01 4.912225103632030798e-01 5.072208876826567181e-01 5.000962101403239046e-01
5.099577098677824383e-01 4.906125343342784828e-01 5.062436575824155183e-01 5.023418059531918889e-01 4.958034768297182593e-01 4.949876756745165141e-01 5.061974368227682985e-01 5.065895109118094819e-01 4.954299008224987699e-01 4.918362912010191268e-01
4.964874663428904267e-01 4.970543551311826791e-01 5.079327132939330802e-01 4.882668640706927521e-01 5.097750777733807137e-01 4.919417738674548013e-01 5.032356998634190948e-01 5.025016593497105832e-01 4.987323280610804765e-01 5.040720622462595557e-01
5.018931044530936525e-01 4.963536924873164224e-01 4.989273124636257051e-01 5.000279232705839849e-01 5.025469069191821347e-01 5.008514848914882300e-01 4.897336567745784741e-01 5.123934173460271690e-01 4.953748237645875241e-01 5.018976776295149822e-01
4.892448450004154847e-01 5.135255154269233735e-01 4.951502464220413069e-01 4.970659890396493807e-01 5.067865872769029556e-01 4.964771805599795251e-01 5.010442893506641404e-01 4.987910816326240893e-01 4.958148134993795031e-01 5.060994517914068069e-01
5.041864042028214588e-01 5.022358697380211456e-01 4.900072937728337519e-01 4.981784578903343252e-01 5.088224581791697121e-01 4.921578035833215070e-01 5.025072638942350567e-01 5.023352591757723751e-01 5.010439337453624908e-01 4.985252558181371141e-01
4.944503265400639336e-01 5.098726691281698642e-01 4.980553754213938311e-01 4.947376757450718809e-01 5.044152495761533572e-01 4.948438645448884898e-01 5.000671739570747842e-01 5.068660899862614810e-01 4.913950669870205679e-01 5.052965081139080272e-01
5.011649432306402030e-01 4.976216974957554662e-01 4.995905003842368020e-01 5.005770542793742672e-01 4.930756367267924989e-01 5.003093207492383954e-01 5.055965585187890410e-01 4.990517590699521944e-01 5.000534834059322531e-01 5.029590461392808853e-01
5.060023546149826634e-01 5.028035803913740720e-01 4.907779024604320695e-01 5.097272957271481442e-01 5.059101026830020720e-01 4.977262580960536975e-01 4.941393795805194555e-01 4.985723232467104138e-01 4.983778861252571857e-01 4.959629170745265547e-01
4.953860946043914804e-01 5.016921321936824718e-01 4.982305201178847121e-01 5.039695526671880144e-01 5.016860495825755661e-01 4.979661798069912604e-01 5.004150900745951702e-01 4.995462145114670793e-01 5.079494934060073685e-01 4.931586730352195413e-01
5.063312243921362921e-01 4.907753434061464803e-01 5.070114634594546921e-01 4.917646215921296915e-01 4.949001900148466415e-01 5.138717994004065037e-01 4.982583795661728598e-01 5.048364967118907920e-01 4.926987700219772615e-01 4.995517114348356214e-01
5.001332955577146855e-01 4.979307985556831184e-01 5.031596022183814076e-01 4.956779362015812929e-01 5.049305939721613345e-01 5.029863552451920850e-01 4.912224346433582967e-01 5.011628585582983408e-01 5.088767881299647300e-01 4.939193369176685944e-01
4.975565244704541756e-01 5.069072647540890930e-01 4.984152480484483894e-01 4.956162953317063136e-01 5.092678444568878859e-01 4.921630409899913627e-01 5.096435640377102727e-01 4.963175946295926844e-01 4.994286584469857515e-01 4.946839648341372353e-01
5.005324559443411481e-01 4.959050195105654812e-01 5.015847152761669925e-01 5.001572944970049672e-01 5.005491440714420204e-01 5.009295165829725782e-01 4.965186124848600113e-01 5.000635974616789436e-01 5.016442412460767608e-01 5.021154029249035311e-01
5.112651049012189031e-01 4.996186322116149547e-01 4.916247431395668888e-01 5.136404283898998724e-01 4.927841056429101974e-01 5.025486818341772244e-01 5.041494433664659436e-01 5.027756031002500459e-01 4.856531814004277359e-01 4.959400760134700104e-01
4.964882144962242116e-01 4.952162778060438808e-01 5.142314255590525462e-01 4.970439157433432786e-01 4.895075301601745643e-01 5.115204030111319966e-01 4.949539583604352644e-01 4.976566947163228449e-01 4.922052234434418083e-01 5.111763567038238865e-01
4.882629550743048386e-01 5.013228655535613143e-01 4.986061484254858400e-01 5.025387972884929333e-01 5.015050465957784365e-01 4.924117943768726580e-01 4.997556050572907749e-01 5.076640442201050263e-01 4.972889341520584372e-01 5.106438092560576791e-01
4.979196762932477927e-01 4.941288162504203774e-01 5.068235212846861071e-01 5.020889489262898575e-01 4.978746347405798023e-01 4.970088588396857077e-01 4.951683177027322857e-01 5.056157965127847653e-01 5.059957445380058871e-01 4.973756849115608114e-01
4.955560432428757767e-01 5.073701820668226059e-01 5.002011550511490379e-01 5.035617514320815946e-01 4.977961627941854261e-01 5.024112683479555752e-01 4.980246390914999099e-01 4.996138857151926072e-01 4.950438328894626316e-01 5.004210793687724479e-01
5.018506587968046828e-01 4.964439420819227178e-01 5.026305357932442375e-01 5.007314854173312568e-01 4.958262704725497905e-01 5.093193281738115363e-01 4.933440917046130747e-01 4.940434658702265169e-01 5.096769569660437593e-01 4.961332647234550919e-01
4.999924965990960035e-01 5.006216062091077834e-01 4.986570388238393825e-01 5.085304917239366063e-01 4.948381546158590050e-01 4.935812688921798475e-01 5.004455378790666487e-01 5.023953121212691997e-01 5.034036713458651668e-01 4.975344217897748056e-01
4.966352776580413297e-01 5.057011658114660690e-01 4.948187702394984955e-01 5.049737623289130006e-01 4.965651088655957390e-01 5.014097157231796054e-01 5.077952539624557282e-01 5.021461981958379450e-01 4.913740520521999167e-01 4.985806951628088957e-01
4.942227710964691156e-01 5.007359297602353987e-01 4.973151795038812661e-01 5.082485230097528728e-01 4.925018067661949273e-01 5.092210249685611423e-01 4.963021639367586335e-01 4.941614917632730641e-01 4.982563748466464770e-01 5.090347343482293230e-01
4.927975980831076908e-01 5.063579716006915143e-01 4.926925573188731811e-01 4.988854257114557766e-01 5.011742165754276002e-01 5.004309023865720629e-01 5.013896544415119561e-01 4.988613661648175768e-01 4.994191257488953539e-01 5.079911819686393493e-01
5.131187885487433764e-01 4.902022184742281241e-01 4.959563451621114560e-01 4.991686014910704516e-01 4.939814845500946072e-01 5.127535650888586094e-01 5.014296128206192638e-01 4.933841087066367925e-01 5.029110176149482747e-01 4.970942575426831045e-01
4.942759334505518187e-01 4.998272191948919252e-01 5.022020571121672550e-01 4.981063796511613351e-01 5.019407800591226820e-01 5.005563825504530939e-01 5.005253520504894249e-01 5.035138212714045380e-01 5.025483316833824210e-01 4.965037429763790033e-01
5.065980980272020151e-01 4.986934360393915355e-01 4.936696165172866912e-01 4.957789286928184214e-01 5.134277713242274555e-01 5.012752821703730932e-01 4.984429509474380682e-01 4.936513234789734472e-01 5.116933579778426555e-01 4.867692348244585521e-01
5.057728001266043050e-01 4.931227699724078373e-01 5.013538668986854407e-01 4.981448346380187298e-01 5.009201556669633515e-01 5.022067727099996937e-01 5.027394187797524783e-01 4.946492378623930097e-01 5.042725934754146433e-01 4.968175498697717796e-01
5.054918085476192147e-01 4.932443180155470785e-01 5.064974133615325336e-01 4.894813373425629388e-01 4.982163756104978636e-01 5.111595467208686072e-01 4.982163724554125039e-01 4.996013550256458435e-01 4.976443606096805361e-01 5.004471123106426500e-01
4.929820826952183710e-01 5.017585952349519207e-01 4.959943449101298918e-01 5.018607229203375653e-01 5.012745373278602035e-01 5.003246852932288213e-01 5.012067101484354303e-01 5.009564775076948973e-01 4.976636003525961027e-01 5.059782436095403568e-01
4.986059321363772723e-01 4.954888447718538980e-01 4.953807710623608362e-01 5.011157734822269116e-01 5.105992056064845297e-01 4.960296407687911358e-01 4.992311081778267323e-01 4.963933234387763460e-01 5.045758326430335172e-01 5.025795679122680992e-01
4.942677604602011554e-01 5.049428155299999776e-01 5.019524148656029361e-01 5.005184743120953961e-01 4.999702193603809963e-01 4.996963880692658622e-01 4.952490914109103359e-01 5.019611740139862111e-01 5.022607705047897886e-01 4.991808914727643987e-01
5.035906587333881523e-01 5.035429334373787702e-01 4.963501830344688726e-01 5.069170486949142740e-01 4.983417269973605124e-01 4.977782788782886825e-01 5.022049506830400523e-01 4.987781794353469134e-01 5.018786677484213810e-01 4.906173723573861167e-01
4.926198364592736523e-01 5.068572641711744931e-01 4.982200217403606746e-01 5.028085053449368180e-01 4.930855360582980795e-01 5.008102235006660630e-01 5.064272649062595555e-01 4.929984849416355619e-01 5.048757771129266381e-01 5.012970857644717393e-01
5.005892940134251123e-01 4.956952469941830475e-01 5.003267571201369668e-01 5.036270051046121132e-01 4.942198161693811542e-01 5.010850104472575062e-01 4.975273737060142976e-01 5.030086257974155650e-01 5.053823469176698113e-01 4.985385237299005956e-01
4.954306924082943486e-01 4.943511570472502448e-01 5.031728324721697065e-01 5.078605042574169115e-01 4.956690630578133305e-01 4.990012906055580344e-01 5.057168033609138469e-01 4.993958786288068552e-01 5.016293529541856477e-01 4.977724252075862443e-01
4.983417440331738280e-01 4.937947036176877358e-01 5.043402884661341012e-01 4.940663459483117803e-01 5.064726414055960024e-01 5.033731047058438435e-01 4.965488984379267112e-01 4.938711031693728271e-01 5.024045627093755018e-01 5.067866075065790010e-01
4.947481394164844892e-01 5.047084059679870505e-01 5.022560472684109989e-01 5.024968231818160991e-01 4.915670053794838346e-01 5.041011699268593826e-01 4.966875826903146551e-01 5.000773121242101382e-01 5.063589712955960387e-01 4.969985427488365914e-01
4.995724624893670418e-01 5.001841646343356818e-01 5.049163530134973543e-01 4.910905435128555818e-01 5.022958575270592974e-01 4.979239168817889416e-01 5.013963644466926661e-01 4.996205619184980184e-01 5.061375923892230677e-01 4.968621831866810723e-01
4.940435322608079383e-01 5.023277067817625285e-01 4.924108221544329922e-01 5.137568783851307330e-01 4.904106081547218166e-01 5.009719623018842327e-01 5.011100921372199091e-01 5.005979744080276683e-01 5.035719663726072604e-01 5.007984570434076410e-01
4.975124449352341660e-01 5.037992162585537281e-01 4.977973353561090941e-01 4.982708301094136982e-01 5.054016723181482540e-01 4.996152606910653216e-01 4.972054696386218886e-01 4.954331772948112889e-01 5.091624117151677398e-01 4.958021816828790396e-01
5.023350823328895931e-01 5.009306454611174297e-01 5.034650698768631250e-01 4.927794004230164338e-01 5.046797588609807095e-01 5.055012084026093699e-01 4.892542929249089068e-01 5.057475037173211341e-01 4.994312218965795136e-01 4.958758161037246093e-01
5.027066682918772678e-01 4.961776336511724006e-01 5.030793368420967138e-01 4.967748332075850870e-01 5.005416986883219899e-01 4.983023238106508712e-01 5.013511394885323824e-01 5.024387934352423368e-01 4.986767991505181019e-01 4.999507734339968534e-01
5.009681571508439735e-01 4.975487074091083928e-01 5.028223302062020394e-01 5.028157436022278048e-01 5.004590509481710026e-01 4.977983786834428992e-01 5.023892114408881060e-01 5.001075999497466285e-01 4.985436751458333093e-01 4.965471454635458359e-01
4.980495161204547827e-01 4.947266603313389410e-01 4.947881212896437231e-01 5.097790137224816887e-01 5.011222401543624638e-01 4.999242437712241305e-01 4.919601972603487305e-01 5.020561422163631882e-01 5.068795524796274599e-01 5.007143126541624412e-01
