-9.630497887721055861e+00
-1.024727162721671547e+01
-9.935473204214799736e+00
-9.921368429167989333e+00
-1.010759228906010954e+01
-1.010001575893827308e+01
-9.729981020090333388e+00
-9.797718916037384318e+00
-9.637425346248432945e+00
-1.006266828068112673e+01
-1.000607420011760773e+01
-1.021452546696480290e+01
-9.867415298976057514e+00
-9.928722569953567501e+00
-1.001691074834714890e+01
-1.020124314638395191e+01
-9.916656430077804174e+00
-9.889424714757817370e+00
-9.945588468132891435e+00
-9.987494666813859112e+00
-9.908895402476439074e+00
-1.027198489205309606e+01
-9.868980043094147447e+00
-1.053936759799290357e+01
-1.045666718060087597e+01
-9.739210141278572763e+00
-1.028867812143506377e+01
-9.899963516392835672e+00
-9.937323250220892135e+00
-1.033464915495693681e+01
-1.012425934944834438e+01
-9.973888376687211732e+00
-9.642655994281369658e+00
-1.005549367374555025e+01
-9.882579822022652394e+00
-1.003475496067336437e+01
-1.003922804676201075e+01
-9.609897678245681973e+00
-1.000199479656662405e+01
-9.983495632705738032e+00
-9.676425595495556919e+00
-1.016658164790966090e+01
-1.022844065463964647e+01
-9.996121661059149233e+00
-9.807089276902718922e+00
-9.649132653358131861e+00
-1.013474126678227449e+01
-9.798303147332626750e+00
-9.946293024183203713e+00
-1.018033576745875912e+01
-9.769107483222544630e+00
-9.763839662164290445e+00
-1.008077281870665765e+01
-9.599812818617010635e+00
-1.003526491881944871e+01
-1.028204265343744872e+01
-1.001255744735385456e+01
-9.861908692967370271e+00
-9.798458478850911035e+00
-1.022348533520415081e+01
-1.036548657949967556e+01
-9.953992809788077878e+00
-9.982590295302792072e+00
-1.062065030250301056e+01
-9.541517674596503795e+00
-1.006669813641464906e+01
-1.010475672154874971e+01
-1.014534102032899021e+01
-9.880310960904875373e+00
-9.997827718038166722e+00
-9.844660055562046708e+00
-1.012600911732365816e+01
-1.009129973542668957e+01
-9.991726191384334044e+00
-1.031256205470112874e+01
-9.824459868234150406e+00
-9.988298365514902244e+00
-9.471121172849922942e+00
-1.008062763430422493e+01
-1.020698625093611867e+01
-1.013084580083273600e+01
-9.915103123628492554e+00
-9.714723938553250449e+00
-1.001831364742837316e+01
-1.030589310388743662e+01
-1.008982524010696302e+01
-9.606055721364706201e+00
-1.029265246285928370e+01
-9.900953394704046673e+00
-1.005518170507396292e+01
-1.010632801585913754e+01
-9.931093684638392816e+00
-9.652674187255660954e+00
-1.054403596226059392e+01
-9.497773206692711412e+00
-9.921225311182485740e+00
-1.049749869650069733e+01
-1.052101695875157183e+01
-9.631657208008014948e+00
-9.805219533813723132e+00
