4.217304728220760968e-02 5.027084706101919709e-02 4.005232542659317024e-02 3.885899784411713659e-02 3.917468232665514277e-02 3.586436747081194615e-02 4.340186079502242333e-02 4.427837675906941967e-02 4.197849908430061755e-02 4.465315602386792787e-02 3.547472112987229420e-02 3.771826425191394244e-02
4.750729755616872607e-02 3.956072995785355623e-02 3.826396497267411240e-02 4.710404873369535006e-02 3.512815775721087747e-02 4.143703426860165934e-02 4.461323403353811140e-02 4.047241919909592284e-02 4.364306529021511061e-02 3.695120473932658051e-02 3.736542219853766778e-02 4.178528305529896625e-02
4.419142626083313180e-02 4.102808177221351632e-02 4.565015846183553133e-02 4.078370109161587320e-02 4.413244841476685054e-02 4.017906813220653572e-02 3.769435693607600668e-02 4.185938106360340832e-02 4.125541319152944281e-02 4.021816477973487458e-02 3.774416088776946093e-02 3.842931613156402859e-02
3.967458113732491576e-02 4.009208709911186996e-02 4.485144818361496560e-02 5.014294421900757776e-02 4.552521870040737717e-02 2.977967860494084087e-02 4.094770024059565111e-02 4.502689910247775762e-02 3.882207851891177064e-02 4.127839549631623361e-02 3.969850397660741603e-02 3.852448882448308853e-02
4.400357456646867421e-02 4.322113781034254282e-02 3.682016841951713665e-02 4.390441347951387630e-02 4.002296037647332799e-02 4.265841970325108534e-02 3.891947890766736529e-02 3.794938839792584562e-02 4.277555118500226544e-02 3.655730900957260970e-02 4.291873386161430826e-02 4.356983300654956870e-02
4.168285066448462056e-02 4.033655325578280881e-02 4.284113808656033612e-02 5.264300178031649374e-02 4.356756774725314280e-02 3.871023249299528762e-02 3.968735364994994269e-02 4.046438965391666032e-02 3.115543755625652111e-02 3.848660625283214370e-02 4.448779688429153889e-02 4.025560244658058645e-02
4.057108568816544802e-02 3.992918347130927637e-02 3.944040223863937850e-02 4.017953768613494181e-02 4.468913756896594758e-02 3.697055516497170513e-02 3.732841419615047507e-02 4.259546349821363709e-02 4.409360414241977194e-02 3.882150828667167014e-02 4.216250577690697221e-02 4.649553365081442874e-02
4.045067507013272445e-02 4.195813129369557748e-02 3.398854419965267187e-02 5.687799691394376106e-02 3.765228977304022756e-02 4.275819822235066292e-02 4.781233689853359864e-02 3.943939108067588684e-02 3.177019700252850520e-02 4.782102875584625518e-02 3.889457742962487696e-02 3.673960813261690356e-02
3.972643347960110038e-02 4.567265960558763993e-02 4.373122628230247805e-02 3.437666789612690149e-02 4.354563162214927091e-02 4.225316145976774906e-02 3.996230695293610802e-02 3.994136690928160038e-02 3.700321156903807474e-02 3.587882623175219637e-02 4.417264617841080293e-02 4.752518778860881365e-02
3.895903512800834995e-02 4.622334401783928515e-02 4.462228237055260865e-02 4.206344176133932494e-02 4.521705126131466551e-02 4.313926452473151874e-02 3.857830213311963519e-02 3.839056052888375342e-02 3.926626013308508883e-02 4.333928107357147563e-02 3.646543434217420360e-02 3.718596309107571884e-02
4.918982683175807807e-02 4.192971178581571257e-02 3.736648773455195083e-02 4.197537851200971309e-02 3.802352154515789562e-02 4.045986903198319634e-02 3.263543450808022856e-02 4.158993139120792382e-02 4.454597424045431825e-02 4.069177759792420163e-02 4.328392629022798088e-02 4.217948538226903160e-02
4.194842896977682423e-02 4.506017814488844087e-02 3.619599962798345644e-02 3.921614817315124957e-02 4.062049220705925973e-02 4.581192915961216500e-02 3.535366489537962453e-02 4.808597057295547345e-02 4.072529603983714858e-02 3.974791479789280962e-02 4.723499167924569142e-02 3.434140116233762308e-02
4.382290235091897829e-02 4.405945608283644982e-02 4.099895367493662512e-02 3.843856169746831530e-02 3.990647317513597303e-02 4.474588150483460591e-02 4.106430512673707456e-02 4.208455527321625089e-02 3.829527992349422011e-02 3.735727219558315076e-02 4.168996425849585269e-02 4.060232256965089215e-02
3.734486179421166174e-02 4.191550955055558386e-02 4.076077450143328340e-02 3.665577472820411020e-02 4.103754989286461513e-02 4.054286386040509976e-02 4.319032388947661311e-02 4.350273423808192347e-02 4.096203406681932918e-02 3.758030762050813822e-02 4.711482635690882048e-02 4.266249038548680650e-02
3.954912831637858589e-02 3.793579866891996777e-02 4.068043401856724639e-02 4.328856061426040319e-02 3.855191593312960047e-02 4.010433588559090407e-02 3.951136506270536142e-02 4.348990550742772021e-02 4.035981511690477086e-02 4.147465154066996146e-02 4.248470950253140782e-02 4.560484144936404610e-02
4.550525064969640487e-02 4.576400710976614300e-02 3.630086813264807311e-02 4.212448861995599786e-02 3.351019540197957419e-02 4.756103212268769642e-02 4.170132960922371540e-02 3.481823458140140271e-02 4.508423257984756072e-02 4.561946478025595553e-02 3.820046764948237250e-02 3.816916061274137906e-02
4.053275738230497499e-02 4.516287459155355483e-02 4.205548027749699685e-02 3.404168287334147919e-02 3.751997351133089936e-02 4.136050174100619481e-02 4.460832428679637612e-02 4.338366042960230956e-02 3.555210391610325732e-02 3.704471081374522551e-02 4.827625548683760898e-02 4.442305529798347419e-02
3.969453395952233371e-02 3.476635010547299981e-02 4.767944852143656681e-02 4.202312937637028845e-02 3.584134076947016745e-02 3.756409110550445324e-02 4.776909905791085903e-02 4.359531516015779234e-02 3.992657820501857580e-02 4.390313793005057308e-02 3.903736371364149166e-02 4.210649772470218682e-02
3.651381267427266514e-02 4.817595078169549516e-02 4.260411143720402999e-02 3.590629743670516183e-02 4.598390832337376222e-02 3.920016023839088815e-02 4.336607110456905390e-02 4.385312294699526131e-02 3.678804369663628282e-02 3.697857009903755127e-02 3.867668577713213179e-02 4.606658585280912210e-02
3.988446206642677627e-02 4.077287410215933022e-02 3.715976721270861788e-02 3.648038756560824381e-02 5.006834836662019811e-02 4.240312826507320471e-02 4.009349059464926979e-02 3.962762941290799701e-02 4.297343501246694147e-02 4.328455761729297496e-02 4.130231476692621667e-02 3.947241388996043654e-02
3.542865282172340952e-02 4.244082142503253358e-02 4.131253527351263360e-02 4.369938505191475059e-02 3.439302613731703290e-02 4.488039016616383881e-02 4.099384474972562337e-02 3.566869867445399134e-02 4.611938965586569877e-02 4.616965252994426061e-02 3.884886906533172729e-02 4.405356150154493555e-02
3.403601609661072169e-02 4.244945381832311571e-02 4.434742104500219440e-02 4.276957402095093314e-02 3.955973550429571495e-02 4.832815428616313996e-02 3.878413564472002473e-02 3.820879740005356934e-02 4.685343692823864398e-02 4.157550262052827489e-02 4.169709137895757228e-02 3.538097641835389467e-02
4.095814839177887995e-02 4.143849399544771023e-02 4.469967789705809463e-02 3.719071780992201648e-02 3.831990435282520147e-02 4.832483011350873631e-02 3.857867100924356613e-02 3.764401741319547967e-02 4.184848771246441751e-02 3.774417471495593313e-02 3.861926012421895010e-02 4.842900387685947217e-02
4.152596444675186321e-02 3.742773444709070196e-02 3.922037440676712922e-02 4.230389909683603816e-02 4.255529419566379118e-02 4.334928751699071436e-02 4.645510215466607667e-02 3.831252541585241506e-02 3.974390559408266799e-02 4.402022274728806944e-02 3.631578659861488950e-02 4.206048245900872312e-02
4.472104404628899493e-02 4.424173614176069719e-02 4.234409400646600707e-02 3.823553517398482759e-02 4.203569329548023648e-02 3.818857672947972154e-02 3.925740912545053196e-02 3.488851081513675428e-02 3.881612586682570143e-02 4.212198346498489954e-02 4.959760523697705897e-02 3.929595767617145158e-02
3.930509262642910284e-02 4.276193648299055766e-02 4.228474637821614396e-02 4.132083704020683007e-02 4.258155145821846538e-02 4.028136984089685652e-02 4.522075690072963061e-02 4.306886891331198480e-02 4.419249634602047394e-02 3.920997092200683570e-02 3.658824979652518239e-02 3.641342050921954343e-02
4.147777591506085493e-02 4.027655731775457715e-02 3.730308421077111608e-02 4.080472047263025009e-02 4.455682831291846169e-02 3.874889258858758845e-02 4.078839777279586604e-02 4.436007094406736739e-02 3.831247963883926272e-02 4.077010579393687550e-02 4.534949312060977678e-02 4.036021249669795308e-02
3.809982106684410563e-02 3.704530953573097890e-02 3.971494249795882309e-02 4.173517024950347543e-02 4.036173176432313048e-02 4.221380501739498137e-02 4.161717254032119839e-02 4.423273312638800053e-02 3.839311713881704557e-02 4.368634725465487395e-02 3.671167303100197898e-02 4.996719110981796136e-02
4.359409151991439774e-02 4.210740003289479422e-02 3.805815753532264950e-02 3.879904451919876512e-02 4.351461407605194953e-02 3.833278644959715181e-02 3.890572513083622591e-02 4.244235361870222351e-02 3.836675660413556288e-02 4.732168642675820686e-02 4.375200636618957473e-02 3.813129840884381394e-02
3.956920008977846820e-02 3.831015291527073430e-02 4.282678269037096253e-02 3.950920835721338786e-02 4.303832195267872501e-02 4.536926544854297944e-02 4.324503194097608499e-02 3.581051288368680696e-02 4.131448120131304969e-02 3.773611306194847581e-02 4.465493928498841941e-02 4.191710690926468003e-02
3.824672427504990924e-02 3.958568047827997621e-02 4.048858358218555831e-02 5.015388536644845019e-02 3.124516572750187307e-02 3.895667294616992488e-02 4.730605130813611559e-02 4.121579829038638648e-02 4.370866156624153565e-02 3.982332745236938365e-02 4.399761207805015506e-02 3.970256859003562511e-02
4.042305918599646553e-02 4.336554769426015365e-02 3.890206708866104229e-02 4.118528000713037734e-02 4.376537009570203446e-02 4.136065093342666116e-02 4.127758754570252236e-02 4.172023621622665546e-02 4.115597421836885567e-02 4.230318646668775745e-02 3.731487891114551592e-02 4.013577189587697047e-02
3.871957215432762084e-02 3.805029171044103237e-02 4.270616273174605848e-02 3.924685967989889612e-02 4.281369914718147207e-02 4.448522454051403313e-02 3.785587595962830454e-02 3.980174791974223913e-02 4.273972927742170774e-02 4.495523181460982926e-02 4.095816808074575349e-02 4.075577519548767569e-02
4.253920373215645118e-02 3.989643066003677879e-02 3.983662852065246451e-02 4.798661731395050672e-02 3.437211736652350663e-02 3.774898633794215169e-02 4.949885330456646471e-02 3.577961626352979541e-02 3.719956434439999210e-02 4.457100440227262234e-02 4.441910391174968414e-02 4.045184137700148785e-02
4.452748501796364999e-02 4.027650888493229664e-02 3.597024083466418554e-02 4.738233649570007533e-02 4.234096813129873543e-02 3.531418860569168067e-02 3.455162753078579868e-02 4.081952481273595085e-02 4.373238498675258157e-02 3.932520446633584743e-02 4.489158444366049550e-02 4.480391501943522398e-02
3.705112472242733795e-02 3.953902303326415485e-02 3.916792193299371838e-02 4.507846898016385634e-02 4.187855255790043363e-02 4.255333673603677730e-02 4.475957220350793020e-02 3.882623257211008372e-02 4.038353939007281040e-02 4.446408842092498814e-02 3.740520760783552084e-02 4.216115875659270235e-02
4.538837014790423480e-02 4.291787206865063653e-02 4.076262726429505379e-02 4.066481685965367410e-02 4.273354993706748872e-02 3.845372291231606565e-02 3.856033269681976433e-02 4.787316286508998958e-02 4.580838558416904654e-02 2.954094508539632444e-02 3.438648405375155370e-02 4.774340365125764873e-02
3.462549806521414419e-02 4.541091419224579234e-02 4.511774888260078331e-02 4.369563934015639750e-02 4.216918646923466241e-02 3.712249836562788591e-02 3.688232769668132321e-02 3.788218876743406488e-02 4.069150937107377658e-02 4.058187823076302853e-02 4.384513906280946421e-02 4.566819752444392644e-02
3.222341266415174738e-02 4.368372112974584776e-02 4.749765091250032073e-02 3.587632980827117068e-02 4.437611865960440494e-02 3.966696573015621868e-02 3.871471778339821007e-02 4.786314586007817118e-02 4.095351119384007393e-02 3.813626760356268047e-02 4.679807970181515397e-02 3.857568132937094774e-02
4.118348951902598559e-02 4.113852005674471096e-02 3.711029804491439849e-02 3.917349049688987478e-02 4.476017758262678531e-02 4.457655964721073116e-02 3.779017275199986897e-02 4.193302958468859976e-02 4.172573529610595217e-02 4.281082340453996882e-02 3.911706172537889048e-02 4.176658575725766820e-02
4.524437881642366654e-02 4.202187106872248834e-02 3.999740426982776459e-02 3.397803844763226666e-02 4.679575187121514518e-02 3.866547394010028810e-02 4.471100767470505277e-02 4.277513022585251179e-02 3.938521223420932138e-02 4.164405398285184884e-02 3.777728444850390194e-02 4.068230289824365659e-02
3.994681101622939851e-02 4.077113967394310062e-02 5.344534517696740428e-02 4.335790646406833398e-02 3.863872245098436131e-02 3.756248853971014268e-02 3.785571031420327526e-02 3.917502536693882875e-02 4.147952205614998528e-02 3.278879410358136182e-02 4.958455476446554933e-02 4.018920374872931439e-02
4.588424650271524102e-02 3.878292908156849572e-02 3.647296076067185755e-02 4.276420291898146153e-02 4.525723920430926167e-02 4.379933789113918396e-02 4.208871828159054668e-02 4.660558445668301630e-02 3.467155137000117043e-02 4.076267623793493333e-02 3.517846909998968014e-02 4.163285472412584648e-02
3.832356926882805187e-02 4.038714499951159137e-02 4.112227868495594435e-02 4.291845639104512750e-02 3.514153350517439794e-02 4.174255313419757835e-02 4.009741145059619177e-02 3.907029132978245139e-02 4.153286221142128004e-02 4.385082356710179319e-02 4.829760204495541637e-02 4.090647183656609398e-02
4.649079305515354393e-02 4.270976551124930354e-02 3.881527749152914597e-02 3.818355024691316713e-02 4.140279167337500288e-02 4.208352774381739214e-02 3.961093071282023592e-02 3.942255188552224593e-02 3.706715412990093522e-02 4.526994802094060771e-02 3.894650224659910315e-02 4.328274277068071274e-02
3.805562178696684367e-02 4.497427080498431901e-02 4.721453175216595161e-02 3.959740213791807656e-02 3.823628741575933049e-02 3.922799026716509291e-02 4.499782343152125552e-02 4.034307918184998343e-02 3.691282633897842447e-02 4.047085226306418315e-02 4.234413538245276887e-02 4.097316868061838535e-02
3.782234871319308661e-02 3.579152860385122203e-02 3.623224931482357802e-02 4.264565766639209776e-02 4.781704042355788137e-02 3.722449526383309754e-02 4.511926410716814162e-02 4.243366534937327572e-02 4.520257361097690385e-02 3.600705700036307966e-02 4.463679783974772164e-02 4.310325429393043611e-02
3.859933236731038358e-02 3.946552424419821903e-02 4.776597425683407755e-02 4.784600387289361656e-02 3.891197834146945672e-02 3.700284026621034755e-02 3.907944913815927790e-02 4.043280821476465808e-02 4.519809692056887818e-02 3.527693268822637562e-02 4.626766542598661353e-02 3.821644585348944051e-02
4.349766535178763160e-02 4.307517632508086475e-02 4.167564022151891423e-02 4.394674288036561766e-02 4.109212325652276954e-02 3.749932019230936553e-02 3.850821352594082508e-02 3.976652274487688099e-02 4.236429612997818367e-02 3.950145871269776510e-02 3.455178832893018859e-02 4.807594438148286853e-02
3.879600150249221113e-02 3.946546061219629448e-02 3.634813984063448022e-02 5.092278042147752037e-02 3.941485417163431704e-02 3.966604511692548019e-02 4.664592816835740063e-02 3.948691275874906953e-02 4.116398724029991102e-02 3.998302631124195372e-02 3.823426290959918566e-02 4.379145568024972457e-02
4.402280678090774585e-02 4.070227466470510008e-02 3.255795118178845399e-02 3.826771858358113398e-02 4.574699516880911115e-02 3.605170933115444537e-02 4.179312482360625358e-02 4.385480462413111208e-02 4.202264906274721240e-02 4.045506470385872716e-02 4.010398484941087027e-02 4.842179999780381328e-02
4.044157993014303731e-02 3.829767272497931752e-02 4.359020988704619820e-02 3.763636430724266041e-02 4.173021330954140157e-02 4.608778857803266099e-02 3.662198981185670055e-02 4.423433486913318224e-02 4.379720221388086476e-02 3.941363051957238323e-02 4.043993927920130904e-02 4.099716804850398605e-02
3.488480216045097143e-02 4.073040566188516898e-02 4.499931049634021268e-02 4.135592945290539335e-02 4.190407321772164628e-02 4.335076702537720567e-02 4.310921446848509780e-02 4.080362291380525142e-02 3.469178347721706135e-02 4.666379827930858259e-02 4.499991282659041025e-02 3.629677670594190497e-02
3.480189963258736169e-02 3.696926301773086759e-02 3.812779320039748343e-02 3.723514619188486585e-02 3.848699030074564237e-02 4.327570116876374579e-02 4.207574117783510759e-02 4.659625533882461035e-02 4.563867574158451956e-02 4.197493980765124033e-02 4.415048391787525228e-02 4.435509499451160964e-02
4.608598676341942035e-02 3.664132131429991002e-02 4.288641029291980628e-02 3.585691213094276131e-02 4.314701550523165896e-02 3.509019109349065940e-02 3.827888965108840191e-02 5.238772524282325760e-02 4.310367089631590709e-02 4.429840234271482241e-02 3.671770620381016592e-02 4.012412451277015679e-02
3.912031040013567995e-02 3.941874083358710978e-02 4.293880973931493011e-02 3.815151013347714559e-02 4.465629303311151321e-02 4.332400817393630005e-02 3.441438082352632488e-02 4.174254113250146225e-02 4.789728154870929316e-02 3.655002065238584924e-02 3.884269486673050387e-02 4.676715717658128796e-02
4.141348493009745085e-02 4.131486853075743565e-02 4.901335801523569458e-02 3.956162277320895981e-02 4.884313250592954569e-02 4.101532156570154158e-02 3.955440763346157462e-02 3.797622175951072959e-02 3.942148423100516608e-02 3.634813452485982643e-02 3.954621358110919915e-02 3.978436138267613803e-02
4.103724779644232767e-02 3.952918555256012406e-02 3.701091339411241576e-02 4.023482561580951633e-02 4.108415826689706951e-02 4.127244772313815036e-02 4.815955702709973779e-02 3.986406770003935590e-02 3.636372160324203434e-02 5.016674146294108211e-02 3.780045701526539570e-02 4.139615933837104828e-02
4.528886211589547295e-02 3.999225768192061353e-02 2.887062181199710059e-02 3.674339123888371861e-02 4.288802540317758483e-02 4.095699123335060782e-02 5.575000181770571606e-02 4.169366342725523006e-02 3.574785906749889525e-02 5.072297868534334647e-02 3.958463153197080281e-02 3.783637306928979566e-02
3.654833637372872229e-02 4.779479758668635919e-02 3.465025329978034530e-02 3.913130175813281375e-02 3.991024015220921012e-02 4.224881365739306671e-02 4.084627217941842747e-02 3.548084836414011622e-02 4.123469322727334879e-02 4.711972577802078094e-02 4.219284049130168218e-02 4.711370662930465525e-02
3.829323846500769235e-02 3.668543625628004762e-02 4.608504139352449791e-02 4.279460817986729254e-02 3.878362500314160716e-02 3.811960666865443076e-02 3.761148277066549139e-02 4.544237338131442566e-02 4.703742672963314581e-02 3.905330205355243139e-02 3.738608216225810382e-02 4.649904437729556611e-02
4.427469187126446826e-02 4.548104467407550200e-02 4.131205341029423050e-02 4.265701480154997921e-02 4.002966998269510274e-02 3.906352059911361724e-02 3.677803345547291103e-02 4.029880211576095800e-02 4.124712591766785397e-02 3.858063547172434216e-02 4.226190633118862006e-02 4.109407653807273936e-02
3.915230074745743721e-02 4.686947299230592029e-02 3.537122762434141005e-02 3.650978598652628720e-02 4.719372789229050319e-02 3.868383829167248988e-02 4.245406121740244454e-02 4.357028858707710783e-02 4.206600434519020687e-02 4.813520236757906634e-02 3.877598718120608273e-02 3.541949541166215104e-02
3.810877819777203079e-02 4.171653121154224320e-02 4.252615008922366879e-02 3.797352069772637340e-02 3.746050282186251523e-02 4.272693232334366653e-02 3.777165694903750204e-02 4.347102738451501941e-02 3.974920623734497921e-02 4.246081201028517604e-02 4.776695865073786462e-02 4.158918470003927087e-02
3.784261057132250888e-02 4.131109232798817893e-02 3.907033889547838201e-02 4.029645200542229799e-02 4.136021328246466955e-02 4.694600640810556169e-02 3.801519532045376931e-02 4.717670974173780729e-02 3.919409757338055550e-02 3.504780104427352577e-02 4.031040193427605500e-02 4.728336607351860121e-02
3.726379228632693136e-02 4.409214384752015853e-02 3.513529821601287656e-02 3.813300686580191334e-02 4.182267875589092132e-02 4.093243799123261889e-02 4.205574143218818173e-02 4.130386677264386713e-02 4.090640977028437569e-02 4.634932136872310648e-02 5.127617892157271262e-02 3.486351630208597147e-02
3.745389461149860322e-02 3.953143498929383159e-02 3.858922279778676662e-02 5.275071478676814779e-02 4.495504091443116440e-02 3.797302726370004738e-02 4.473003143501006612e-02 4.252141835298343248e-02 3.464110721671597587e-02 3.930988980532235111e-02 4.221100751494881453e-02 3.945689811635102323e-02
4.229285807625227100e-02 4.272602282582144834e-02 4.197754575868332255e-02 4.457511911885266714e-02 4.249433021186332232e-02 3.657812538289916676e-02 4.153114055293108398e-02 3.800530985320500765e-02 3.322707691623524168e-02 3.761890974218865674e-02 5.077708046743811127e-02 4.226341405833275444e-02
3.894826439177488664e-02 3.802194665887698860e-02 4.594520571955622301e-02 3.298017297500724365e-02 4.466346211117577097e-02 3.845787939527187116e-02 4.116030141343189619e-02 4.135772760390776098e-02 4.318336857264720718e-02 4.462081763788855460e-02 4.459536972611779365e-02 3.987820181792382790e-02
4.388285698043671579e-02 4.100781796823069897e-02 4.328538234228142961e-02 3.727004261661599066e-02 4.286383282755812374e-02 3.356811898404182121e-02 3.915030350218944716e-02 5.004019142249103297e-02 4.117709609100151519e-02 4.033676983191727267e-02 3.981373877602839562e-02 4.142741669580597696e-02
3.747026598818629928e-02 4.128919326020837055e-02 3.857419147668691289e-02 4.279295067288858834e-02 4.358527771839050546e-02 4.254576487352366293e-02 4.382015874973373137e-02 4.282169403424432308e-02 4.074281866343626435e-02 4.519931286475571686e-02 3.893700355528767476e-02 3.549775529370506610e-02
3.509482093192314855e-02 4.092464826039407533e-02 4.796288693856132906e-02 3.832293854573313313e-02 3.814026631589786942e-02 3.786099117657137914e-02 4.275374226010226347e-02 4.131668506860532164e-02 3.835763745816504755e-02 4.519009590832302747e-02 4.494268715074193482e-02 4.278605357072992610e-02
4.249846546373827610e-02 4.094386975417296792e-02 3.771285309641441569e-02 4.287180544013401845e-02 4.356451078786183900e-02 4.025304911293287047e-02 4.162923847709457809e-02 4.243225999277707577e-02 3.864981491898154126e-02 4.526406276227488978e-02 3.959678555358772667e-02 3.765918185425442405e-02
4.038769493693156881e-02 3.963357613740655511e-02 3.927190202199286329e-02 3.333971446032127361e-02 3.892900785616970616e-02 4.744514856575770406e-02 4.255865281745158102e-02 4.392937232615969079e-02 3.818851006259475767e-02 4.308571573428379708e-02 4.768055800023805746e-02 3.938995638481763290e-02
4.438529972751704966e-02 4.272892705306950700e-02 4.018347952163389691e-02 3.706579390076159691e-02 4.037762028912108420e-02 4.179295274517038500e-02 3.651416871439409212e-02 4.020030306231137107e-02 3.965410962804581663e-02 4.388009268913121985e-02 4.586389283299097119e-02 4.057581156457929633e-02
3.612341843985315826e-02 3.620123268840496483e-02 4.408811815877800022e-02 4.833113559856236363e-02 3.979472965729924372e-02 4.207583846171064623e-02 4.681894434647991543e-02 4.211943363357836118e-02 4.182447672479136513e-02 3.867156921736184666e-02 4.007386527904355233e-02 3.755966252223407603e-02
4.239528923875139632e-02 3.775567704504933370e-02 4.508150200419965697e-02 4.429998931775960130e-02 3.757562589832826039e-02 3.567418541167226981e-02 4.306753721848195077e-02 4.576288863834165194e-02 3.611669668950995282e-02 4.307158503123190846e-02 4.233667317091901333e-02 4.043477100240357863e-02
3.598932677309467365e-02 4.338031992030172423e-02 3.983739757744757248e-02 4.174974179044148304e-02 4.697724813383069575e-02 4.003148413692422108e-02 4.070908081513897186e-02 4.311951808154273341e-02 4.365629312152210367e-02 3.535264943565362417e-02 4.201764249968716058e-02 4.059200813023311483e-02
3.961780072650331053e-02 4.071806906387127889e-02 4.416560830753470113e-02 3.789156312289018724e-02 3.780885789141430475e-02 4.100883264434031922e-02 3.773666118952907073e-02 5.010326242211107090e-02 3.686144518161427880e-02 4.083333386565165396e-02 4.379520836317665061e-02 4.320651787677718542e-02
4.439955235799537825e-02 4.154880319585953219e-02 3.839052724311129566e-02 4.325981025281194076e-02 3.967052400183512101e-02 3.952943185519575825e-02 4.503115095149868435e-02 4.108147265154864225e-02 3.729070210690372394e-02 3.854209708083083247e-02 4.648717036845276263e-02 3.812893023615755717e-02
4.196805489651472820e-02 4.367201586916585193e-02 4.347375905178152422e-02 3.683200536021578875e-02 4.538151885145508269e-02 4.474132752976050370e-02 3.441439703114115845e-02 4.415434395312390486e-02 4.109453915881387115e-02 3.798514817450571179e-02 4.179007678701338047e-02 3.804813656128976096e-02
4.163259138400635107e-02 3.859510405976889630e-02 4.043646718771062160e-02 3.973285694148370045e-02 4.216013370234281132e-02 4.317126455747221508e-02 4.045221772795503518e-02 4.134015147807874185e-02 3.988073806643857577e-02 3.878841547839526754e-02 4.289824510872020102e-02 4.378023011799805908e-02
4.274399460382198590e-02 4.027222997623979700e-02 4.256539976687380433e-02 4.144598088507483319e-02 3.869889419643947337e-02 3.793915215830962612e-02 4.026331570199998683e-02 3.664517934072232530e-02 3.819375926572703833e-02 4.962934431389390277e-02 4.394384145864578539e-02 4.112809552229923504e-02
3.517375918548160812e-02 4.260548571214133745e-02 4.673363913811686560e-02 4.129593960585907497e-02 4.040817092605818867e-02 4.236994314604514145e-02 3.863015697042066626e-02 4.207522381290843688e-02 4.047664263971450377e-02 4.452678716727058450e-02 4.298819101297846057e-02 3.614608440177959070e-02
3.835121690307875808e-02 4.406029283000293534e-02 4.726118358739555408e-02 3.672234562414107562e-02 4.210133420318349501e-02 3.971127098106624204e-02 4.269554843215841305e-02 3.693285992800684342e-02 3.867630194689098549e-02 4.326458998012698565e-02 4.093548016038466714e-02 4.271045159814072095e-02
4.155684983443672098e-02 4.141624472630243969e-02 4.074843013594887237e-02 4.067504312619592971e-02 3.358863850310770532e-02 4.287761203077822963e-02 4.315089621670588349e-02 4.820615918598408073e-02 4.187509492467234029e-02 3.830522003444547519e-02 4.278609159684187285e-02 3.838282961207668820e-02
3.768134519857534170e-02 3.949099477746498971e-02 4.069415964544677300e-02 3.975093960608185734e-02 3.667851003423529960e-02 4.054472988371651820e-02 3.851921134893412924e-02 4.011501766564314064e-02 4.155342628928494070e-02 4.602419088848356404e-02 4.694266435996817532e-02 4.539788615270963501e-02
3.434633396427594354e-02 4.168722924140074587e-02 4.230060232567488948e-02 3.815697325777130805e-02 4.280580641312359269e-02 4.799044873111845549e-02 3.850879644113184425e-02 3.444289739272720502e-02 4.207870779533944006e-02 4.442696898666387284e-02 3.915368134847932446e-02 4.828963897121463927e-02
3.958186118368791501e-02 4.508181188900729081e-02 4.225894317534974881e-02 3.544140677273318468e-02 4.142547040413078335e-02 4.231932763763911198e-02 3.875522200667284867e-02 3.616331384065258475e-02 4.478263303740727397e-02 3.904007563861505714e-02 4.196871670218341177e-02 4.673764634181400146e-02
4.245886924518962879e-02 4.553402867233423412e-02 4.476071444230164675e-02 4.235462082698434466e-02 3.634985078074230713e-02 4.314790862418318995e-02 3.861819865071961649e-02 3.722028628270706435e-02 3.981421404861050506e-02 4.181588602414507833e-02 4.289513184935445783e-02 3.833128089603637240e-02
3.726054669016898996e-02 4.105683881004691671e-02 4.685154069879154948e-02 3.949128906037970704e-02 3.854698171458414979e-02 4.182314208423566770e-02 4.234416841520262376e-02 3.941871721297732917e-02 4.199420193491319730e-02 4.360618895118215099e-02 4.050189282636811744e-02 4.020912121866393463e-02
4.253032096348187407e-02 3.770176260859531281e-02 4.377726794895787227e-02 4.685917403130687720e-02 4.054696423757723350e-02 3.261832734739394946e-02 4.601487811576421977e-02 3.766451162209340231e-02 3.834484731438151522e-02 4.918408584320806132e-02 3.809494356344451937e-02 4.094807936765595957e-02
3.977519622979486941e-02 4.535272934188314120e-02 3.867764694099497941e-02 4.207115875982689324e-02 3.946202536694382729e-02 3.514760227103584656e-02 4.166114396151094496e-02 4.126543799934292295e-02 3.539519649048714078e-02 4.967100723082555624e-02 3.919766402817290857e-02 4.650106202808338557e-02
3.329752681303009554e-02 4.523092512483024852e-02 4.848946410534114154e-02 3.647740213745312432e-02 4.398466575591714750e-02 3.972305985360911895e-02 4.086069108477952128e-02 4.431133434152424722e-02 3.925510199833963376e-02 3.900733442639866405e-02 4.594822563636832141e-02 3.748617292081587310e-02
4.142273958223739727e-02 4.109282640149888866e-02 4.389679195193388339e-02 3.915682887154223191e-02 3.949989016411595971e-02 3.930934445935640315e-02 3.896609972445457676e-02 4.025680523636996494e-02 4.448727372672735270e-02 3.582055287539159111e-02 4.240631709367515684e-02 4.696940052390960463e-02
4.835504370074311664e-02 4.280625449085991019e-02 3.758893870284654715e-02 4.043563909604498685e-02 4.729932157052841452e-02 4.286712791388763710e-02 3.715669209719710264e-02 3.763302898448570022e-02 4.316343261052479896e-02 4.305288620414039064e-02 3.570556683970817213e-02 3.774206293429868686e-02
4.185020262978522698e-02 5.377500118129408674e-02 4.235273056182427970e-02 3.638855143450321628e-02 4.230592649624567020e-02 3.780215042105201928e-02 3.924863734941275162e-02 4.031826221855839415e-02 4.073074409141535374e-02 3.909605939225343357e-02 3.934730623615236705e-02 4.066915234543472951e-02
4.396231633443271197e-02 4.543917096161385200e-02 3.534123425134386154e-02 4.420836291852209970e-02 4.463140481434512558e-02 3.383374563553367270e-02 3.674559854146940141e-02 4.826904117187658799e-02 4.383572106616633740e-02 4.408777564858295389e-02 4.075894300483381277e-02 3.334634482402076133e-02
4.020665356606437091e-02 4.058101628092394136e-02 4.119998019434910341e-02 4.149017604280723359e-02 3.844898247282864390e-02 4.580977692181393418e-02 3.875259365063146721e-02 3.826941209626247287e-02 4.244686931737493701e-02 5.008105530533243921e-02 3.948340322477682934e-02 3.681431660592704436e-02
4.079540320046686624e-02 3.826090940929552375e-02 3.126523877212650238e-02 3.946846251099248026e-02 4.496034331641819010e-02 3.807443708384410097e-02 4.622884538917035324e-02 4.348958109609980111e-02 4.557113032041535533e-02 4.341186112517642082e-02 4.347531394893229539e-02 3.900125909909821914e-02
