2.176515536121901018e-01 4.851415775191589286e-01 1.617520120631877611e-01 5.064150811370692062e-02 2.165325510897060657e-02 2.609246164304973581e-02 1.927850931952648228e-01 2.783910696828730824e-01 2.168100429561003184e-01 2.617647924786328795e-01 3.092085068390349259e-02 5.639578294296279659e-02
3.439710151832603424e-01 9.128856934194710948e-02 7.363172520623355310e-02 3.718117280418448689e-01 4.786281658668373185e-02 1.481219404847141097e-01 2.933712627458680000e-01 1.888027086241484132e-01 2.623270341346486401e-01 4.430400951502964230e-02 2.880649498845367154e-02 1.057006951471667899e-01
3.014284271305615603e-01 1.732042246044293576e-01 3.489888752904996005e-01 1.601970093519785587e-01 2.902701427797414468e-01 1.141295095224533762e-01 6.504819679251989950e-02 1.769559027814549546e-01 1.674787450795965082e-01 9.215922645849664030e-02 3.863959397987209998e-02 7.150014622839746814e-02
5.256144927454131643e-02 7.820688160279902490e-02 2.990666542875871636e-01 4.192821492273468564e-01 2.626580610433958962e-01 1.864074472668283272e-02 1.209761369513237678e-01 3.006686529916453576e-01 1.356289021890073609e-01 1.555243565161990027e-01 9.488516126286045127e-02 6.190084992661156610e-02
2.728479271093243175e-01 2.146494162685421703e-01 7.007014330408264935e-02 2.714143110562777794e-01 1.457052390025120048e-01 2.040781784794787057e-01 8.873749585314047450e-02 6.374584506210463630e-02 1.454843880700799064e-01 5.819882740241733021e-02 2.081884923036199930e-01 2.568797360884201852e-01
1.926832365192192587e-01 1.409299987571623058e-01 2.249727983509622331e-01 5.025368594194825622e-01 2.545417164222897322e-01 8.120415237746902992e-02 3.270960514681560405e-02 2.190465289672474669e-02 7.708850414607524258e-03 6.515162287670481223e-02 2.925721591010226330e-01 1.830843477175398970e-01
1.707676904948190466e-01 9.793951794142824463e-02 7.511480891337056487e-02 1.290565689034840480e-01 2.942940113673001568e-01 5.539939082051575925e-02 5.030127583333689201e-02 1.795497920535228387e-01 2.645611032744522584e-01 1.120248684894141339e-01 2.041693681887147838e-01 3.668216037196411761e-01
3.462158291259734982e-02 9.796537396323018454e-02 5.237494884284597113e-02 5.367985270953516963e-01 9.593725922721153820e-02 2.514044105153308006e-01 3.342138537866027881e-01 9.074093950999220781e-02 2.839560241074535335e-02 3.886754781201881004e-01 6.840873011010960292e-02 2.046329350579559336e-02
1.640686354858635898e-01 2.943809717026634742e-01 2.269310198601413309e-01 5.196059171761897161e-02 2.134332580224094222e-01 1.868544448724400453e-01 1.019525067477934088e-01 4.016104422580004524e-02 1.798580393118319118e-02 4.394937786667235669e-02 2.647638392911993988e-01 3.935585062762149700e-01
7.580174844748385765e-02 3.559831420778075683e-01 2.994508923538154455e-01 2.077460559910995763e-01 3.003989885610724997e-01 2.172772652489421141e-01 6.327771805818149797e-02 4.902624040309866427e-02 1.032016480701826722e-01 2.579241950165684916e-01 4.483049075878677014e-02 2.508161501295831999e-02
4.318797620221381250e-01 1.805881878139264374e-01 7.731610336439731501e-02 1.477405864203842900e-01 5.040943093252464591e-02 4.592136626571499680e-02 1.740021857405638778e-02 1.408984285754651955e-01 2.946502695155518436e-01 1.661924410072043445e-01 2.448086707134092821e-01 2.021945347952263106e-01
1.690712015768844612e-01 2.661281030281533733e-01 3.923683532775756877e-02 3.045097815079515768e-02 7.973981833130487640e-02 3.642685412928289290e-01 6.325341394886306590e-02 3.797130005555773291e-01 1.037895377198178593e-01 9.669392944467247730e-02 3.628257975885879061e-01 4.482884303475861976e-02
2.893655254272462507e-01 2.806297482605136229e-01 1.366013957445497140e-01 6.348576716883044813e-02 1.142285036487128980e-01 3.268441563815551731e-01 2.044666392272238564e-01 2.045035949529589447e-01 6.510042785944956945e-02 3.996722275022517035e-02 1.176704027926801788e-01 1.571366157860539792e-01
9.234897205669355402e-02 1.513644784101786933e-01 1.065448682727047347e-01 4.619249070262226170e-02 1.061931853489832267e-01 1.527986357716296650e-01 2.810249557535884901e-01 2.518028356391595057e-01 1.479819476991029448e-01 8.566590268005028208e-02 3.678800526080720501e-01 2.102016750572140991e-01
1.056902036243485277e-01 5.573423985390169033e-02 1.235332745936822824e-01 2.512700209965055276e-01 8.960561743286347969e-02 8.850638920990588909e-02 1.118480199174096690e-01 2.631631881407234252e-01 1.368715288337974956e-01 1.923461259088523057e-01 2.381761467666071441e-01 3.432552447214021751e-01
3.174012292508939792e-01 3.745743785031355744e-01 5.758399725069302671e-02 6.226285606658429894e-02 2.917668163906666362e-02 3.733079777082512485e-01 9.902878071832769968e-02 3.602470170263143145e-02 2.501348051095420022e-01 2.498039758863563331e-01 6.780742670509468106e-02 8.289318945942442118e-02
1.707621986812203618e-01 2.913319979310881047e-01 1.528012432849235602e-01 1.812592154965401298e-02 1.979299528637250977e-02 9.758984019501215634e-02 2.790463267259669644e-01 1.537398897599715208e-01 2.575951878205329226e-02 6.110093771221045134e-02 4.117125457866073757e-01 3.182365843049212994e-01
6.833466023888624952e-02 4.132103523749960233e-02 3.792296738390504296e-01 1.049079775915529034e-01 2.365947025830039338e-02 5.972163046973270883e-02 3.919562764396027910e-01 2.934171989307996498e-01 1.401122127523491412e-01 2.226983575342234012e-01 1.213735245764540616e-01 1.532679821315497126e-01
8.440675745378528605e-02 3.712997737546372967e-01 1.255250507732136867e-01 5.118671416659847928e-02 3.373519584768839286e-01 1.199403525168869916e-01 2.592853868987398114e-01 1.933334742779860282e-01 2.614420904174064031e-02 1.250420881416234795e-02 5.251422787467707742e-02 3.665078859506885611e-01
8.841010135792706781e-02 5.942995965211270160e-02 2.765423135467602600e-02 5.792635497204473571e-02 4.655263645034377062e-01 2.582527608360244420e-01 1.456481182090653137e-01 9.813217824460274130e-02 2.407395828216581102e-01 2.664082298279996097e-01 1.774533812320216453e-01 1.144187369884297478e-01
4.090352258250888606e-02 1.716120307678702384e-01 1.411093914512861480e-01 2.196705536083515542e-01 5.547076778121376450e-02 2.686154411852708090e-01 1.131765223278881488e-01 5.125936173785850675e-02 3.004416205911704663e-01 3.305430787760372802e-01 1.237614853937202969e-01 1.834362237968242548e-01
1.752597208262825224e-02 1.434151574506926929e-01 2.443948188023019052e-01 2.245107169408079306e-01 1.158742113240243260e-01 3.800223921411480799e-01 7.976756687140737490e-02 8.238086580701761696e-02 3.648762020105306147e-01 1.962641283963847405e-01 1.312010419798445571e-01 1.976692619321177707e-02
1.856969842195256848e-01 1.918718011592159267e-01 2.525841640591444115e-01 6.965222739223890513e-02 8.553122858930262140e-02 3.948982331846824789e-01 9.351782621348875280e-02 6.095193021562424901e-02 1.033560890407344696e-01 6.523563048966127265e-02 9.989353840933942741e-02 3.968103470270434308e-01
1.545628625377381271e-01 5.870717677485732394e-02 6.448213230811378205e-02 1.476331048899655329e-01 2.361786647320188726e-01 2.446301776099187031e-01 3.360038331108340937e-01 8.740012441997457859e-02 1.148359887913845689e-01 2.715365259380319030e-01 8.289514243972691265e-02 2.011342664474368158e-01
3.031328037457643454e-01 2.749482211222529227e-01 2.285133396781074966e-01 9.230255192955089116e-02 1.314623482289407064e-01 4.407680572570268213e-02 2.608375773050464891e-02 1.481918723875318665e-02 7.550488689841494683e-02 2.142618909919180026e-01 4.583641245427493294e-01 1.365300821673403331e-01
6.515466497286584446e-02 2.234232986738506899e-01 2.279442036324778598e-01 1.904808439402888576e-01 2.185389738671732751e-01 1.268838365419177605e-01 3.238739501529067089e-01 2.448780164815269889e-01 2.879828969003738748e-01 6.506741464987818302e-02 1.265047593496355927e-02 1.312142425177816041e-02
1.832577590995450589e-01 9.528418432709287456e-02 5.025849079756815330e-02 1.256072341114091162e-01 2.817753945779406521e-01 1.121376881963422611e-01 1.489166658368713536e-01 2.657778395368775581e-01 9.116304089501703345e-02 1.439273811895745436e-01 3.217940235760577417e-01 1.801002978557046941e-01
5.200602889043820509e-02 2.202265585579386148e-02 5.267812201487233337e-02 1.406316962718990593e-01 1.490836281765222093e-01 1.897096364013158287e-01 1.803456102736932243e-01 2.894078767052199463e-01 9.677811092745049193e-02 2.988196322663974058e-01 8.604741312220602623e-02 4.424695890941900966e-01
2.426521480709168399e-01 1.715310330717608467e-01 7.464649746253115836e-02 8.988705830218265969e-02 2.409569762633812229e-01 9.170323378817347992e-02 7.163542256284149978e-02 1.579277411438119727e-01 1.228603291999074837e-01 3.853387076363030683e-01 2.474423738558824137e-01 1.034184786423076041e-01
1.087761452184265593e-01 8.356369205105444731e-02 1.791751964976537326e-01 1.191294554428983521e-01 2.555360441029652652e-01 3.146418433255546709e-01 2.472189730526901941e-01 4.593760587514819638e-02 7.857329480438993152e-02 7.652266494252583928e-02 3.140533406387412962e-01 1.768717440479519454e-01
3.067148698762342182e-02 3.244467287734294908e-02 6.959059238692488769e-02 4.246514526713435211e-01 2.022970070904514528e-02 7.267866682208909412e-02 3.660969709795443006e-01 1.947119615778259150e-01 2.815525876342538925e-01 1.176521642131581613e-01 2.939188210772143983e-01 9.580092206363431673e-02
1.327928660011185591e-01 2.490136014288018562e-01 1.096996839279171243e-01 1.619886252971347029e-01 2.622261735410207906e-01 1.830979129123239957e-01 1.771458823123512050e-01 1.888361767645097555e-01 1.787915466755079508e-01 1.972054542509140140e-01 6.410143719991402700e-02 9.510063968848764260e-02
5.437163575432472223e-02 6.241555429387823928e-02 1.983771151680312206e-01 1.391879645801159249e-01 2.370477639498110856e-01 2.794945960172408594e-01 7.377395742839602810e-02 1.035561305437176505e-01 2.238127231986087595e-01 3.341776223550879110e-01 1.826386616403222196e-01 1.111462750704651919e-01
1.649809461638188646e-01 9.043603116672398190e-02 9.401090535555228778e-02 3.792312283426197417e-01 3.348086526233140514e-02 5.194785244503402621e-02 4.137301050565865834e-01 3.748522054648664725e-02 4.228889977707767783e-02 2.256338269767168558e-01 2.981486290672421546e-01 1.686254898398113489e-01
2.828288310706927322e-01 8.937562000036020082e-02 4.314675417650573608e-02 3.647186727871031819e-01 1.028569953084850219e-01 1.157837566053676430e-02 1.194226293658034663e-02 1.008186272386574767e-01 2.854139375891432406e-01 1.151325865892878775e-01 2.880277448226207238e-01 3.041595918200276638e-01
4.890623437186918110e-02 6.970542656057039654e-02 9.414498707112793630e-02 3.001558556051220905e-01 2.088530286189648200e-01 2.185903433890363234e-01 2.740558311579799899e-01 1.058761717618919296e-01 1.373877405938114249e-01 2.900026154986057314e-01 9.320078121843411445e-02 1.591209841525863533e-01
3.236068593455033726e-01 2.040966285059719887e-01 8.737452698825921849e-02 8.810279306984160341e-02 1.181936550926900587e-01 5.718859234283880238e-02 9.775478430556198972e-02 3.647252502120708062e-01 2.730445504778339361e-01 1.296880398834851511e-02 2.597986575250806757e-02 3.469636899185740142e-01
5.238571689891316496e-02 2.894245078505014446e-01 2.915166636075915974e-01 2.781981445747001569e-01 1.230919738544905828e-01 1.845493903229538171e-02 8.223842912023607982e-03 2.156941867449668065e-02 9.672055664341025483e-02 1.909172511108307990e-01 2.764924859294256021e-01 3.530044989113231280e-01
1.439369215465786771e-02 1.451076667445167501e-01 3.649933317214485440e-01 8.463875637173004507e-02 2.626330654786123153e-01 9.579682767716418690e-02 8.517580483074528586e-02 3.528723727920268782e-01 1.144150951179422199e-01 9.331635658421985613e-02 3.302608578051091648e-01 5.639617272182958357e-02
1.623742528075421965e-01 1.127171878868763744e-01 4.543752972348117508e-02 1.025174464685940368e-01 3.054580847555640744e-01 3.093496521768114293e-01 9.758643460411806081e-02 1.613118687590810174e-01 1.775823323105053531e-01 2.322929509818481009e-01 1.125032746832872466e-01 1.808689848422891377e-01
3.198879838844441159e-01 1.704810224639737026e-01 8.320295203167615838e-02 3.476893954928936270e-02 3.782361586015325905e-01 1.106795581857976107e-01 2.960920224486183194e-01 1.837639734108584555e-01 9.383612506784633212e-02 1.183919548860417753e-01 6.560920259608500615e-02 1.450501068738340726e-01
1.427121300766807932e-01 1.391139823832452382e-01 5.315738970370350591e-01 2.827940993466434572e-01 6.107709197532383560e-02 1.819167896735323156e-02 2.408246217241321804e-02 4.956856732530010023e-02 1.117479668306844420e-01 4.502965827942184002e-02 4.569218279435814933e-01 1.371866376623176731e-01
3.053193397225427708e-01 6.403992221908405558e-02 4.156536830710087782e-02 2.005337389443664353e-01 3.203740553722312923e-01 3.078299083380433565e-01 1.739079227228457480e-01 3.804040388558250774e-01 3.460587548828658599e-02 2.229843823888526255e-02 1.583187846683965783e-02 1.332895133239479224e-01
6.068096408143578563e-02 1.120920991058765442e-01 1.680459559339861075e-01 2.318703544601444511e-01 5.902155704157852067e-02 1.699355080064457735e-01 1.195506933993589344e-01 8.631830983110956590e-02 1.571104081052158985e-01 2.831884610045324879e-01 4.195325997117629324e-01 1.326530893185543236e-01
3.641232791392109980e-01 2.363987057375267486e-01 7.456424338317468870e-02 5.042946305158645809e-02 1.504293005011012874e-01 2.067449154767304897e-01 8.725429442260096424e-02 5.605381017618803197e-02 6.385222375049601218e-02 3.377178786364956053e-01 1.085567864783545944e-01 2.638750992465321854e-01
8.863264081848441778e-02 3.478284594863514934e-01 4.102676471045393347e-01 1.093211253961914597e-01 4.029115641588280894e-02 7.849293794760478504e-02 3.139301771920445239e-01 1.062446958599064240e-01 4.306431055711590350e-02 1.201876800565791215e-01 2.089123762301486054e-01 1.328267929351524268e-01
2.906188983592590189e-02 5.095383369800348533e-03 1.260866702581585862e-02 1.174490032952147933e-01 3.690007309504966804e-01 7.997765887923975747e-02 3.383585741198512076e-01 1.890044856640742399e-01 3.416389980053348152e-01 6.377938072233607647e-02 2.719405859482609822e-01 1.820846421836500029e-01
2.460147201762239583e-02 7.696494058311298403e-02 4.149309009403393533e-01 4.209014465301211816e-01 6.589599340474336375e-02 1.097156495685980282e-02 2.500210028079713487e-02 9.981289852832100906e-02 3.438414970689562811e-01 6.869459712800946027e-02 3.907760237280477611e-01 5.760656483307045883e-02
2.381643673445711373e-01 2.552438941843993558e-01 1.662002323574889862e-01 2.734623478905315874e-01 1.328172180168939731e-01 3.659221706958904613e-02 4.776373993369849302e-02 1.161792171279604213e-01 1.984237292190799140e-01 8.995285751449502709e-02 4.222646341307925710e-02 4.029737159282111847e-01
8.061275790991631607e-02 5.761306888458872510e-02 4.784973275092124084e-02 4.422805084219746385e-01 9.887404618410708390e-02 1.256849875870677813e-01 3.557607016280803225e-01 1.479651451568603227e-01 1.697145942039473554e-01 9.739098913745491970e-02 9.048877978604583094e-02 2.857646883490363443e-01
2.819916404402572629e-01 9.688398232010003719e-02 1.154273315349144124e-02 5.673553818458558495e-02 3.294487590543700994e-01 6.647675256151937273e-02 1.379510902459809285e-01 2.271891642221712249e-01 1.555628953235937972e-01 8.373087582738542034e-02 1.156664161296176024e-01 4.368201525369277416e-01
1.201407232531398750e-01 8.866324866484506795e-02 2.336292490303868985e-01 9.239773582216424808e-02 1.622432698677311880e-01 3.299903391673225106e-01 8.179257110517257345e-02 2.738969297411630865e-01 2.356801876987812405e-01 1.273242356718485291e-01 1.287495178772874727e-01 1.254919921001563521e-01
1.612422560479679148e-02 8.864880854925213938e-02 3.005079874744419621e-01 1.646634330591264794e-01 1.801132851241374899e-01 2.441937220109073325e-01 2.039130677506854616e-01 1.099984240436113203e-01 5.012354226809780100e-02 3.492482626286727010e-01 2.541002870789235146e-01 3.836495440734441487e-02
2.767616041607048188e-02 6.653236902696601368e-03 5.040900162070608738e-03 1.280322922964922255e-02 5.466182052851911721e-02 2.277118202807947578e-01 2.261661124020108993e-01 3.661597006916035291e-01 3.009147780719457210e-01 2.302367438180169534e-01 2.784622696304492884e-01 2.635132278661719285e-01
3.594626425774293255e-01 7.847769279388228103e-02 2.381657731198873473e-01 6.150661232737174300e-02 1.237273427314753288e-01 1.984669531164800008e-02 5.086611114977313691e-02 4.710507464690460444e-01 2.364878823865204649e-01 2.264345614165054754e-01 3.644426508123862346e-02 9.752967463521970692e-02
1.053021857539774703e-01 9.970845868521657773e-02 2.056070020753033023e-01 1.219824014202657986e-01 2.906662525146973541e-01 1.904321159417311504e-01 3.529764765096755907e-02 1.165582338494204062e-01 3.576027464373771614e-01 5.607360391217922069e-02 7.772620712548061750e-02 3.430431446333833123e-01
2.138162231424975135e-01 1.920216805169637220e-01 4.360166454614976539e-01 1.352035894996947707e-01 4.506689796984704177e-01 1.991119312073882097e-01 1.386656195925109469e-01 4.895778894872791082e-02 3.172371043789275202e-02 1.756491743680331508e-02 4.481065770689393601e-02 9.143825635065964963e-02
1.331226618239086945e-01 6.405269988300292539e-02 2.764992749254284454e-02 7.020682101614013348e-02 1.755672817148185016e-01 2.215267996143379103e-01 3.996337516125861855e-01 1.104390889743385867e-01 5.024427122446570304e-02 4.401484444619333525e-01 9.612547600540183312e-02 2.112827761765238010e-01
2.765883250919634051e-01 7.801424142728685673e-02 3.880315338163925747e-03 9.188628781892402286e-03 9.138754174885950488e-02 2.055137506603238462e-01 5.473988562690235149e-01 1.390555918653874901e-01 4.495881714824954967e-02 4.214679111057649807e-01 8.279973823661415655e-02 9.974628232646887138e-02
6.135509904443613854e-02 4.287593177906243724e-01 3.166358288908774354e-02 3.979491846952833145e-02 9.556304746162389008e-02 2.092884724163235899e-01 1.206243469443950417e-01 2.550975432564590861e-02 8.631993647458036101e-02 3.573672028733668737e-01 1.706062352137324156e-01 3.731480860966550628e-01
7.431024923688586692e-02 4.725923567902397260e-02 2.883907270739987094e-01 1.620549897799046513e-01 3.454946663469433965e-02 2.010087958542099845e-02 7.005299155889398166e-02 3.818983215598448222e-01 3.989618114204086519e-01 1.059650368345592814e-01 6.280149416672561880e-02 3.536547964696394875e-01
2.902400321723596632e-01 3.284199595662242177e-01 1.899269642138896041e-01 2.351458500210582558e-01 1.087529947421393278e-01 5.807535787655780657e-02 3.905739153066452307e-02 1.029155981888799365e-01 1.627631375361731636e-01 1.089086604021587967e-01 1.940689029942952726e-01 1.817251507556006118e-01
6.848136036984207864e-02 3.761151671535867269e-01 4.368128021499910474e-02 4.400095064395458111e-02 3.674008001042680105e-01 8.788046470048535563e-02 1.428630723874499409e-01 2.235703300198856602e-01 2.017763464930779072e-01 3.824075343459946152e-01 4.873287789334317804e-02 1.308981567311389566e-02
8.265331647510157365e-02 1.649158364868516524e-01 1.991672332902397757e-01 7.086527640168889530e-02 5.464056685631756005e-02 1.781123592418247803e-01 9.771744403902307696e-02 2.232975885973572383e-01 1.252544382933000466e-01 2.398864175787377429e-01 3.927105453206936048e-01 1.707789774188638865e-01
9.294809286444902230e-02 1.327749380098385834e-01 9.267847279324714638e-02 1.376655264429167969e-01 1.417751828550152804e-01 3.739011744002233018e-01 1.063510233518834974e-01 3.796672755017749257e-01 6.200087333615328378e-02 1.843016838969501608e-02 8.475795643209185770e-02 3.770493156227116005e-01
4.819452162881155549e-02 1.990381646742674926e-01 4.524154712651530519e-02 5.549337187215350187e-02 1.275729458032739960e-01 1.764244488816704148e-01 2.013949914813956132e-01 1.248957892381497015e-01 1.449843563673005042e-01 3.657141820244820263e-01 4.693303927409691045e-01 4.171528816100979198e-02
3.395129547102575251e-02 3.434143390805226986e-02 8.602537060748831343e-02 5.143147189175556466e-01 3.303506886657202046e-01 9.563032025486342680e-02 2.808642428824893456e-01 1.755324912137477822e-01 3.466940259495258914e-02 8.542848217236309605e-02 2.071929616382984507e-01 1.216985916734422690e-01
2.012419585248498288e-01 1.878550148563717381e-01 2.379033625402542096e-01 2.998908705395366692e-01 2.008021663393869394e-01 4.836187269298225511e-02 3.732436816349683772e-02 9.208390310667275216e-03 6.112098932217716052e-03 5.235936074565730736e-02 4.615089911508748477e-01 2.574315452037033713e-01
3.676289405236773250e-02 6.190833618915173031e-02 3.810924214631932205e-01 4.949899257420480037e-02 3.114023759367318123e-01 8.455877968986200144e-02 9.897771393923512906e-02 1.178757344032297649e-01 2.252033481597733866e-01 2.910295369894912443e-01 2.676204980149429202e-01 7.406936858781576483e-02
2.800940440160423761e-01 1.657360655230511459e-01 2.620464662074419859e-01 6.501242370779855562e-02 8.229194312814455681e-02 1.864644515361743582e-02 9.152761691458681514e-02 4.487055266064025605e-01 2.100680854337825809e-01 1.398494157108415292e-01 8.306759444964351147e-02 1.529543731486487923e-01
2.040509574566866380e-02 7.651277034073165895e-02 9.676107026403601985e-02 2.318646254342120183e-01 2.627251244105334171e-01 2.411194121765613263e-01 2.454351985179470952e-01 2.379221601842731737e-01 1.805791409206504439e-01 3.199332061078002387e-01 7.126713381187631258e-02 1.547506208571073315e-02
3.375358624486891890e-02 9.071056422399417785e-02 3.779956349125517256e-01 5.690102661071731738e-02 2.813189371412259943e-02 5.650101983402801981e-02 2.314067596285178940e-01 1.580403171722895295e-01 8.724202182887461077e-02 3.472181419606811259e-01 3.183166379909347365e-01 2.137823958784195455e-01
1.843184582276931605e-01 1.439256975995249488e-01 8.346860287987450944e-02 2.023830013998128841e-01 2.503300513763223045e-01 1.513913020412481214e-01 1.682389351346275652e-01 2.011000945748306346e-01 1.181825044667851460e-01 3.181104039948347562e-01 1.046290986137797807e-01 7.392184969066617484e-02
1.040682556231216499e-01 3.828038154362523732e-02 1.521798256359211191e-02 7.074947120585070408e-03 6.273693109601846674e-02 3.923074187212959862e-01 2.441153775423610395e-01 2.594296975083978385e-01 8.362389533700474720e-02 2.530210107031899414e-01 4.008962777762888896e-01 1.392278244645200058e-01
2.944012603711618214e-01 2.137780285843964845e-01 1.154640716534169192e-01 5.702625885472945022e-02 1.124422820368405351e-01 1.600934767550060700e-01 5.038330214844106980e-02 7.867032992404437985e-02 1.192074274882669593e-01 2.895268517390036100e-01 3.452727233432101306e-01 1.637339871014810155e-01
8.888837472852319926e-03 4.574557454500190190e-02 3.125106731056209730e-01 4.389077664282433067e-01 1.481315297940381803e-01 1.714606839007485339e-01 3.704057916781055559e-01 2.326456878489918112e-01 1.811138100188481315e-01 5.484692965668887948e-02 2.745725425486876536e-02 7.885461295990082997e-03
1.744883358480770197e-01 9.740860753733243671e-02 3.184547724104779265e-01 2.371663129954018900e-01 5.013894415754072131e-02 2.859124887396393561e-02 1.558943565655827590e-01 3.238731551524072216e-01 7.115095332168286379e-02 2.087880592122077494e-01 1.958481707810034722e-01 1.381970831443221637e-01
5.365982038101921314e-02 1.962077198520829624e-01 1.331329587284423299e-01 2.033874367881193523e-01 3.570132313157480253e-01 1.306792383184456896e-01 1.620307548808071485e-01 2.187969687617871417e-01 2.587310885341892464e-01 6.158897466191762954e-02 1.276033804581749309e-01 9.716842731926778054e-02
1.353050373025957986e-01 1.407008670457151334e-01 2.780131425626175545e-01 7.193230887798982010e-02 3.643377331274438857e-02 7.269507424712473576e-02 7.073820251105022994e-02 4.422574487794949105e-01 6.877486920527045577e-02 1.691859721274461548e-01 2.567802749845145560e-01 2.571830290434350408e-01
2.912572162946846510e-01 1.469958088094402426e-01 9.174390371992245663e-02 2.284387792568258746e-01 1.183693050337402131e-01 1.236045131237940575e-01 3.004967522008266112e-01 1.160749932685245789e-01 3.549478221716602377e-02 6.418499822016929257e-02 3.697005863805182813e-01 1.136383614743891601e-01
2.206063821525068303e-01 2.450435828950486283e-01 2.470745735493084239e-01 8.201766539850416371e-02 2.694663763694126191e-01 2.632799580117057281e-01 5.788989255371664727e-02 2.495990906428315059e-01 1.338767801748298181e-01 6.229278524595499578e-02 9.340126663669927332e-02 7.545164636948187287e-02
2.007910050173024596e-01 8.312625395667899708e-02 9.378706245433299227e-02 1.153874143868255236e-01 2.133405768439065042e-01 2.524400556955332942e-01 1.669326598356578040e-01 1.538277860105249362e-01 9.430633062345412931e-02 9.805300889591642144e-02 2.473136127305566867e-01 2.806942335493118890e-01
2.203571654616536257e-01 1.794796602675004793e-01 2.517966089006811736e-01 1.733432358292980591e-01 7.397709035199245831e-02 3.125918167888007415e-02 2.609926930012791690e-02 2.102328636263639874e-02 7.834936173593036457e-02 4.533870529579824837e-01 3.194141176482954703e-01 1.715139695050210966e-01
2.387205579959479629e-02 1.662408578773208190e-01 3.646705790913272183e-01 1.964431085698175594e-01 1.347478106002500953e-01 1.531036818871767125e-01 8.730853160571441784e-02 1.854349097986516814e-01 1.658197957123618838e-01 3.087256876572175845e-01 1.846761432797448532e-01 2.895683812082188238e-02
1.061189049153107855e-01 2.685025739616622165e-01 3.817383404443964734e-01 7.589403638828090548e-02 1.537729043982006272e-01 1.152046588085892664e-01 1.900485928295761462e-01 5.147510253331574748e-02 7.334114378226649911e-02 2.361863407329147235e-01 1.619583630302376953e-01 1.857590381752503295e-01
1.735973569662990212e-01 1.844536350073540942e-01 1.328265082107421280e-01 8.277286969988256748e-02 2.467541512230821132e-02 1.909049435367499714e-01 2.483402855335419268e-01 4.090211264308750705e-01 1.557744440105163219e-01 8.298034979883144036e-02 2.118418717315449507e-01 1.028111939513529083e-01
8.617628726268494743e-02 1.023957904032604671e-01 1.312353381038326716e-01 1.047134665860409014e-01 4.888078057988858027e-02 8.600077079893600485e-02 7.681429144624563055e-02 1.311537258224758640e-01 1.840401083058053611e-01 3.494855976513769891e-01 3.750138858853103718e-01 3.240899571541427382e-01
3.745164972541126236e-02 1.093270582031231897e-01 1.359126396644623758e-01 1.024663687524427769e-01 2.168085946740569703e-01 3.676230011184312696e-01 6.399902623102779464e-02 1.630461245576203186e-02 1.091869024391962234e-01 3.122744816201479257e-01 1.216595200542661404e-01 4.069861450616720222e-01
1.380357191875858369e-01 3.011957729836420850e-01 1.398990146623256270e-01 4.618627805436743144e-02 1.584055678901988284e-01 1.788518835818675989e-01 8.205054398647268488e-02 5.196993495959879861e-02 2.795103266380674079e-01 1.212094606564263211e-01 1.630950753223402439e-01 3.395904220771064908e-01
1.864730515179874593e-01 3.362593892120993577e-01 3.029308943707015311e-01 1.804310798950045924e-01 6.675223952298123264e-02 2.373307755470649982e-01 8.104312687329756626e-02 4.132042813645503410e-02 7.934299002809988566e-02 1.750843251789508948e-01 2.295378315831404503e-01 8.349386813421885711e-02
5.938701395373643943e-02 1.572912630121802158e-01 3.684183246527359401e-01 1.209432270204089666e-01 8.903794400891698602e-02 1.631216945732460732e-01 2.049151802006927703e-01 1.298641414267259209e-01 1.962070537826672012e-01 2.713027949176261000e-01 1.468130242697827659e-01 9.269833818128041247e-02
1.208269259986493316e-01 8.849925706723589525e-02 2.672956165799066364e-01 3.240738727127027152e-01 1.196634689597835532e-01 3.253900411822571725e-02 3.308289823707710742e-01 7.634908938467960260e-02 7.395746168818602417e-02 3.986612449697274352e-01 7.187202517271845670e-02 9.543305097741244802e-02
1.163181437289463604e-01 3.421044770779685384e-01 1.005145318375102736e-01 1.173032721249433474e-01 6.380674504862376972e-02 3.565710159481193242e-02 1.180828063893258895e-01 1.262568329097622788e-01 5.254621237907819431e-02 4.375234037045964142e-01 1.009887040020273630e-01 3.888977692024061517e-01
2.561549251977854325e-02 2.424455498580225243e-01 4.024409167157824152e-01 9.067803828163842339e-02 1.964032330198182963e-01 9.094777906451859129e-02 1.503269366895017833e-01 2.377960239259940267e-01 9.282278072201483043e-02 1.095473276646598132e-01 3.097668301419516101e-01 5.120909139632187634e-02
2.124218254900386849e-01 1.715599939120125428e-01 2.558102594094435744e-01 1.116861830435514485e-01 7.190535904027757497e-02 5.300579367042845824e-02 7.101557900400107259e-02 1.293737864363691537e-01 2.819068263508143213e-01 6.829374601507631759e-02 2.103421437920452441e-01 3.626785038359421343e-01
3.920285042818249521e-01 1.903441314160950193e-01 7.424380436185862298e-02 1.350648484368718871e-01 3.863061704672365870e-01 2.166530686541354722e-01 4.737616930954984679e-02 5.066034187911691578e-02 2.176711973874594086e-01 1.937463226076336920e-01 3.470648486854864545e-02 6.119895632967096294e-02
2.154559406226294049e-01 5.307138242662350347e-01 2.115539639791253479e-01 6.769258458046518989e-02 1.653583252261676129e-01 8.218090773508299196e-02 1.072444276323264029e-01 1.323940016935093167e-01 1.625502191528402918e-01 1.100265726347087469e-01 8.500862336855666279e-02 1.298206091083531910e-01
1.877012400779862200e-01 2.680311496518950620e-01 6.220002667247459538e-02 2.425848580439197988e-01 2.042013288924995340e-01 1.994419953969286258e-02 3.798510929578044482e-02 3.763368970732973717e-01 2.895796629437934477e-01 2.322577128194554252e-01 6.048922356137625966e-02 1.868859142782904742e-02
5.738237580641566971e-02 1.199760778160988139e-01 1.657071485153103207e-01 1.567477827459766437e-01 1.041215810461096347e-01 3.498778016172373606e-01 7.435311517031639728e-02 8.554684632178906345e-02 2.558682150685972490e-01 4.747774556403058788e-01 1.221202173909030492e-01 3.352138286094195896e-02
3.094279527842276958e-02 8.433547762569357925e-03 5.743086398312313365e-03 7.200492585478973639e-02 3.128195127999716663e-01 1.185746196398874547e-01 3.497859647923320381e-01 2.066197471908800543e-01 3.435701778425115371e-01 2.288654274215846107e-01 2.440764352348196442e-01 7.856375978391769155e-02
