2.063306511918234498e-01 4.664983296024183823e-01 1.735335901975570139e-01 1.808620950405853411e-01 1.818813895018033810e-01 1.199823039526153323e-01 2.777754161682752798e-01 2.921428918721274415e-01 2.123786877336354684e-01 3.416974084335392958e-01 9.084596047238667482e-02 1.922062498551291021e-01
3.568745854703663234e-01 2.038711712377508090e-01 1.348777090090051700e-01 4.035194126625800126e-01 9.268484176763647220e-02 2.513702324906614272e-01 2.828508685639665732e-01 1.930481697288562171e-01 3.024780584433701680e-01 1.179988270107056314e-01 1.725651632476536135e-01 2.183010284496468001e-01
3.239461778461005803e-01 1.735494211376535922e-01 3.621355438631964074e-01 1.755549404173774586e-01 3.092761548987041365e-01 1.903798760045227190e-01 1.564321778825941700e-01 2.413297640342497719e-01 2.146354196334263331e-01 2.031815991948681677e-01 1.664340356132293919e-01 1.464834493646027802e-01
1.908794485302535981e-01 1.809802128469822080e-01 3.217177536089730894e-01 3.821001771997230012e-01 3.802696595998655282e-01 4.283136785558005338e-02 2.292707908410706041e-01 2.772107086954218591e-01 1.738092762516633139e-01 2.269073121105892321e-01 1.785159735579573137e-01 1.777139715892976091e-01
2.681675640979306885e-01 3.017862013569864166e-01 1.102219866896714529e-01 3.314378359127353457e-01 1.580821340996380331e-01 2.728379269905213955e-01 1.680676774106035498e-01 1.403441564487838411e-01 2.910525773181529829e-01 1.113861173698299928e-01 2.924823124202904356e-01 2.566710194672968126e-01
2.306084092960683785e-01 1.997901588171760723e-01 2.526947982271223747e-01 5.268149844688486683e-01 2.432380287909708672e-01 2.010452786813448078e-01 1.545564362653116808e-01 2.501912833198868258e-01 5.327175861932081230e-02 1.665535751058547231e-01 2.811682547875038463e-01 1.999410287507174810e-01
2.024413900042577041e-01 1.927489240247737545e-01 1.932412726605538533e-01 1.851930167338992073e-01 3.212238203989730700e-01 1.239596020581283514e-01 1.656359090727559658e-01 2.343754945927174760e-01 2.925482744130904478e-01 1.697141700366737449e-01 2.352710297355724012e-01 3.398041616919126873e-01
1.408575437515699191e-01 3.532189129191080634e-01 5.501249921277050203e-02 6.723385400152771529e-01 9.003929428947367308e-02 3.608497217768202869e-01 2.845176404979418150e-01 2.181817163067777676e-01 4.696839120093192904e-02 4.636509265143602398e-01 1.331318768929199703e-01 2.144949113469244995e-01
1.828925079789266994e-01 3.067543293011201766e-01 2.958010230034204269e-01 9.153582921655661897e-02 2.996803584178856505e-01 2.130385175055959646e-01 2.132980433702023892e-01 1.871499995499814606e-01 1.419266212694957341e-01 1.312059341383461641e-01 2.772038919713595284e-01 3.689429604871896085e-01
1.599550981016404361e-01 3.496694905496250394e-01 2.820295573159431468e-01 2.331528370246169213e-01 3.012985877349004804e-01 2.624021209493300200e-01 1.614283971495747427e-01 1.839524583715022310e-01 1.592586855945287982e-01 3.044485616983738652e-01 1.130862350444139519e-01 1.728715727852977724e-01
4.136563863369028260e-01 2.355290135696397613e-01 1.332647496429809064e-01 2.844814656485215587e-01 1.235106367314950382e-01 2.734958380011879853e-01 6.412811945592304663e-02 2.497278126300653822e-01 2.793146559369182880e-01 1.945281125695892122e-01 2.795863587903108516e-01 2.119023161268279998e-01
2.470403490441205885e-01 2.951356660417694400e-01 1.093461789143873319e-01 2.383470838560192706e-01 1.426669786383529537e-01 4.201446362179377392e-01 7.724393799000220384e-02 4.433806503058751458e-01 1.981793682453838468e-01 1.879962436374685575e-01 3.929069299855667552e-01 8.365507010747828820e-02
2.888737833570514946e-01 2.726710637653211866e-01 2.127439866959021930e-01 1.771906057972867654e-01 1.791832193232909543e-01 3.173057916065087913e-01 1.963276308313716134e-01 2.518950187073524805e-01 1.597548238551445565e-01 1.451201548672201302e-01 2.445130971717545953e-01 1.910935216803767711e-01
1.551792846666012193e-01 2.245793544542323827e-01 2.199616888648222857e-01 1.270352517477476850e-01 2.389279550431160914e-01 1.806617932208537669e-01 2.924546466991138072e-01 2.345217564700279034e-01 2.398795707318820136e-01 1.322088593259995726e-01 3.764565525472744478e-01 2.422450279030343712e-01
1.695432677699746093e-01 1.773299069309310916e-01 1.890091701932929413e-01 2.931064977462932708e-01 1.467039819615562068e-01 2.301153860243894955e-01 1.594715704146265900e-01 3.036934410135108120e-01 1.730542987086858553e-01 2.496474590894506851e-01 2.184814666620245593e-01 3.400132908630386641e-01
2.807798369515545622e-01 4.013070367980330899e-01 8.864552021256755232e-02 3.435413460160470223e-01 6.177116976366176654e-02 4.203282254518845851e-01 1.849160102877094314e-01 1.111629431883667529e-01 3.120632438327168301e-01 3.067181531872140154e-01 1.599433876231735330e-01 1.662729924918685265e-01
2.075688755195169988e-01 2.935320394106946118e-01 2.491496963256512043e-01 9.554800232709981245e-02 1.581584799184879986e-01 2.173868652762160625e-01 2.984854724984107865e-01 2.671664954584906382e-01 1.200373638609509019e-01 1.347756606419528991e-01 3.912244652779568455e-01 2.848183815798720486e-01
1.949562956954097037e-01 8.726061558246397953e-02 4.207178907508488663e-01 2.079506963238284822e-01 1.528401252450889702e-01 1.294567384068690541e-01 3.899119902635130863e-01 2.848422818205746943e-01 1.774867946409177666e-01 2.946643888116128873e-01 1.636680530696602853e-01 2.329224219215634273e-01
9.990131586796387186e-02 4.194093255079812121e-01 2.555606658727880287e-01 1.145432773150326100e-01 3.631990845557375169e-01 1.463170499103073896e-01 2.886710719784155721e-01 2.644960396254498747e-01 1.267125264929380435e-01 1.822331319350771472e-01 1.246438869085660650e-01 4.018646637749708761e-01
2.009468409739101069e-01 1.997320910164716579e-01 1.674222041800050298e-01 1.062727158415993772e-01 4.729834605781678691e-01 2.114763228353077340e-01 2.252802702178312300e-01 1.657000972331140187e-01 2.743905005435697264e-01 2.575624754296849672e-01 2.187448777982358983e-01 1.871327108558102359e-01
7.662880857434531401e-02 3.472201493555840401e-01 1.473824402318306415e-01 3.642596253714619481e-01 7.235877077129007628e-02 3.360576136853210549e-01 1.793019663291007260e-01 1.268287013503744953e-01 3.173653745417250871e-01 3.755316146374304553e-01 1.375647704887885403e-01 3.624509064075154274e-01
9.118744672864523282e-02 2.792431794309414572e-01 2.457656261394579322e-01 2.942761279552350007e-01 1.531696227992216386e-01 4.142332113814857220e-01 1.690351478154695219e-01 1.628604338074950697e-01 3.667326159058479362e-01 2.018911215070051113e-01 2.603929742895104149e-01 1.052443163542109289e-01
2.010945783777130513e-01 2.366591666590719123e-01 2.824443607653587263e-01 1.550690043325969325e-01 1.493008524115408409e-01 3.967108725501690136e-01 1.582287932628025362e-01 1.690039885160741495e-01 2.193238663464711913e-01 1.703742948251225631e-01 1.563049033651920383e-01 4.008494445243898086e-01
2.087733994580236452e-01 1.587746873243381651e-01 1.840847655898255331e-01 2.316091090883592996e-01 2.591675860393497510e-01 2.481423082801959001e-01 3.433278313962551676e-01 1.633247300013259684e-01 1.785893135645552354e-01 3.040833050226594558e-01 1.151997502353542396e-01 2.653038283409911435e-01
3.513424449447742348e-01 2.314122218124598507e-01 2.815920192090781704e-01 1.312349021508781299e-01 2.856628719991345378e-01 1.339164388755481327e-01 2.367501952714601010e-01 8.420002647576925459e-02 2.175117047160300687e-01 1.980296343297694162e-01 4.782801037664938804e-01 1.331340267574769587e-01
1.866593861685175437e-01 2.483168342040511789e-01 2.516886171945654782e-01 2.041268338695062523e-01 2.727475159274801442e-01 1.736381464340457648e-01 3.382055395554605659e-01 2.257836951731158892e-01 3.084061796291657775e-01 1.679775983351944058e-01 1.487426961524670188e-01 1.320575386180064814e-01
2.346915920313866477e-01 1.916127515048600127e-01 1.571059998494946375e-01 2.052181342813104437e-01 2.959305704331803288e-01 1.702698841354439718e-01 2.095552938451676617e-01 2.876337719365897883e-01 1.643424320789507176e-01 2.075137446210771064e-01 3.134742975239198093e-01 1.936085562078293243e-01
1.138058171939322072e-01 1.902138372194135396e-01 1.641519603266202165e-01 2.592953881539353245e-01 1.803515463814040765e-01 2.757931904129902190e-01 1.819253569531595893e-01 3.646971406009714145e-01 1.082276756959445890e-01 3.803897478110968011e-01 8.253695367866636934e-02 5.166565418265910425e-01
2.813208221052562186e-01 2.193067283869105377e-01 1.794772390899742054e-01 1.593730757569629120e-01 2.779156770898358886e-01 1.651854862738107166e-01 1.614621028671991698e-01 2.668028191160917162e-01 1.443427276233827106e-01 3.819330276222359100e-01 2.691573976694350834e-01 1.600786332915308252e-01
2.241161312958449559e-01 1.385173817502098337e-01 2.876899506336124124e-01 1.567766028846160620e-01 2.918630185967702739e-01 2.604055505628801170e-01 3.111609799071401450e-01 9.414205427021235528e-02 2.871542319347457073e-01 1.179795711289841204e-01 3.542552480990034947e-01 1.918065919221575155e-01
1.501558209015539658e-01 2.365420266633243562e-01 1.562676406525616013e-01 5.164023717458096074e-01 4.518353591701968625e-02 1.884361271337670063e-01 3.428287446382537462e-01 2.019593546961741537e-01 3.057335522276773965e-01 1.595907643234019679e-01 3.143384616241544083e-01 1.872619980611381907e-01
1.758676105001333867e-01 2.948221745053418719e-01 1.581936556935686355e-01 2.290506147884880939e-01 2.642295350219333039e-01 2.255165502822320256e-01 2.118588612238472835e-01 2.411350929071228999e-01 1.987451873197764451e-01 2.723231767728149233e-01 1.251249494507711557e-01 2.343692536576785224e-01
1.779746780634886005e-01 1.494326252775417530e-01 2.687217806924899755e-01 1.705473273651960664e-01 2.590214274842616016e-01 2.985330833775927672e-01 1.449789777646077749e-01 2.088765401575815583e-01 2.294726592491062866e-01 3.191872504481253481e-01 2.002714687785090986e-01 2.128220909474577982e-01
2.375918312995304593e-01 2.164675742975147588e-01 1.728539096852166612e-01 4.034470577747778508e-01 9.418110365896271985e-02 1.451221956787646372e-01 4.273375240879647707e-01 1.053540697747640531e-01 1.715528233602857111e-01 2.660794065301961830e-01 3.104786854642793692e-01 2.010285696896221830e-01
2.785997999263091218e-01 2.183296574053934513e-01 1.068652931225722996e-01 4.008572436362630165e-01 2.228161139765397203e-01 1.317614103220849653e-01 1.027677327378836297e-01 2.057617600750616393e-01 2.904860749458892943e-01 1.640532366867103742e-01 3.122220489135704713e-01 2.931680608310513469e-01
1.076649366548968201e-01 2.408161937760575633e-01 1.503525244407797890e-01 3.336898846572508570e-01 2.151413061172892105e-01 2.525677631369868670e-01 2.869791274122540647e-01 1.797975780559556147e-01 1.791264538607426904e-01 3.275877960666331856e-01 1.166265016091444368e-01 3.054991158873201496e-01
3.091110267546781643e-01 2.474446125037574606e-01 2.081988485613743278e-01 2.075368926325562857e-01 2.625291626332387218e-01 1.519080359698569693e-01 1.777688638804988952e-01 3.506034038370414718e-01 3.898267860526989925e-01 4.094299771259102272e-02 8.156205963426119143e-02 3.893066787448035693e-01
8.042607454442110559e-02 3.691364873536183699e-01 2.647948938824530862e-01 2.871761381929596180e-01 2.381490433079218039e-01 1.395177945917068507e-01 1.508415249092639188e-01 1.539994813519682260e-01 2.044913814771280591e-01 2.227380958471904815e-01 2.382376323725110823e-01 3.744817769282659525e-01
8.726918455652690754e-02 2.664978316858915286e-01 4.003076231739914337e-01 1.051512090254455162e-01 3.175509916105918040e-01 1.651052629315497566e-01 1.799826915559492313e-01 3.569209759067751841e-01 2.166049146004942194e-01 1.618272595279487136e-01 3.452035560369282052e-01 1.548934231168344056e-01
1.957992464013296185e-01 2.406219565179083253e-01 1.305976044200262975e-01 1.930423653016716534e-01 2.753636875483256863e-01 3.250645908377354232e-01 1.321768829398977940e-01 2.688212342625867501e-01 1.957366364754041244e-01 2.902155961598034128e-01 1.514095821487961568e-01 2.597396955855007517e-01
3.327886821776547821e-01 1.928462417187512823e-01 2.561132523085867807e-01 6.173405611771085044e-02 4.450229835360069441e-01 1.203133227606674321e-01 3.524345103568514714e-01 2.307173956187557051e-01 1.881589533700226136e-01 2.362212747033237137e-01 1.500309050020077195e-01 1.991511257173022298e-01
2.721838127685869413e-01 1.454696234901496354e-01 5.684289652572792617e-01 2.639004815124293968e-01 1.750868095760539922e-01 1.381390676723733002e-01 1.967704075869418368e-01 1.355658706088090082e-01 3.151477685654761052e-01 4.824615844620118443e-02 5.282346296984420375e-01 1.207516021801847833e-01
2.954945690603763553e-01 1.816240338483386951e-01 1.295775191932623804e-01 2.571126053601978101e-01 2.757307465222451626e-01 3.168758519973394194e-01 1.782020943147568093e-01 4.260725049681765020e-01 7.324570832025142919e-02 2.945304440282583980e-01 8.762581718414164111e-02 2.589034973037286358e-01
1.607101249986213898e-01 2.234317625214222447e-01 1.864942672678877866e-01 3.043771171794496522e-01 9.080523972684229062e-02 2.703550286810330050e-01 1.777615952503255603e-01 1.849413383709067604e-01 2.276504430762922304e-01 2.629332323812356154e-01 3.915219822732527444e-01 2.043147665182165340e-01
3.154782099610282109e-01 2.526985035140879021e-01 1.753082797614205768e-01 1.621053313054656719e-01 2.182638150731447957e-01 2.517734680186140550e-01 1.660399768168935031e-01 2.228158914603042828e-01 1.128009749730257971e-01 3.647779189912772058e-01 1.422707149754555978e-01 2.967143833068716097e-01
1.496215241622377290e-01 3.105794033863399362e-01 3.667995255365664176e-01 1.721115629072837994e-01 1.805915521247639655e-01 1.657667258763074192e-01 3.174533364570987226e-01 1.918403782414752901e-01 1.409978937097104978e-01 2.139998999888322317e-01 2.292623906372304454e-01 2.264193849661235991e-01
1.753257118135498616e-01 1.104518024942162113e-01 1.465453026884085130e-01 2.315177422035841759e-01 4.383695674079405857e-01 9.880302890015740802e-02 3.899536759686802467e-01 1.655429432235234199e-01 3.916465996329199784e-01 8.789510447905875268e-02 3.570350731237018627e-01 2.317112131265328390e-01
2.286412360996828153e-01 1.545830769089038548e-01 4.115913373096959371e-01 3.681363791665046015e-01 1.654397624778689846e-01 1.263253569643199292e-01 2.129217635325671709e-01 1.510240328624810335e-01 3.918627711445431538e-01 7.163886288068842256e-02 4.375754639230206022e-01 1.142875096292315651e-01
2.182916705755502951e-01 2.926814855745805688e-01 2.024513001887318087e-01 2.893184841086154369e-01 2.243609131601367601e-01 1.476002340948979752e-01 1.713870552645136158e-01 2.016004194739571265e-01 2.223935860469464232e-01 2.165507585401340029e-01 7.861959830861522946e-02 4.419689129496066071e-01
1.265674141611026204e-01 2.640936075947019068e-01 9.027879050818772566e-02 5.137739745293544713e-01 1.612027560084506872e-01 2.070871275188980731e-01 3.428923998371310455e-01 1.720409868638870243e-01 2.246599964829360252e-01 1.942300457173290751e-01 1.400956134609415149e-01 3.280631537464232528e-01
2.390946211665504195e-01 2.406394287893048600e-01 7.327196592566123656e-02 1.471248571600831667e-01 3.459761451923284992e-01 1.085323167964780122e-01 2.676806100181561288e-01 2.584905009610851678e-01 2.392030741646437308e-01 2.229806296857073933e-01 1.711510697984822693e-01 4.317322558223324336e-01
2.343440406795649078e-01 1.408634775799996186e-01 2.958468205241609472e-01 1.459678195740674866e-01 2.237345976495186406e-01 3.499509121636822928e-01 1.161205956210213802e-01 3.160339850920521054e-01 2.518436044517660122e-01 1.905175727476524916e-01 2.105902329045802324e-01 1.949652300711846309e-01
1.059540196146254720e-01 2.108004999296757553e-01 3.035966896594925468e-01 2.170571017406962289e-01 2.228437783003627271e-01 2.783234716959721577e-01 2.322749064616397574e-01 2.391589103075072720e-01 8.753147267177370516e-02 3.933826345225861498e-01 2.870139088921080384e-01 1.398070884881467968e-01
9.983175794282940496e-02 1.589177361341641836e-01 1.535872888051914298e-01 1.612210778119930743e-01 1.600133795445789486e-01 2.737060386704764370e-01 2.221657379476983385e-01 3.512686442075178550e-01 3.001733978674256398e-01 2.433807484123988729e-01 2.625159026610339175e-01 3.103523699009688164e-01
3.938122555152410165e-01 9.259093980905411247e-02 3.678222750319333212e-01 8.137824814870847634e-02 3.335575885224369985e-01 9.560678977418751723e-02 1.414894175136669485e-01 4.999959652522676379e-01 2.282951121086981838e-01 3.128253492413465287e-01 1.324324849646515423e-01 1.872599373497005337e-01
1.819177019036839205e-01 1.788796010082783494e-01 2.629636387988947832e-01 1.546610574341374389e-01 3.011126655835544841e-01 2.588280927795394426e-01 1.089042594331151026e-01 2.321424407583843330e-01 3.691650108730744617e-01 1.353719405664381981e-01 1.699822695663542604e-01 3.404381648456670240e-01
2.732491844870053033e-01 1.705195677987086933e-01 4.706183381463185933e-01 1.240660054197110090e-01 4.672868713294606735e-01 1.693994863951455987e-01 2.364996929364723832e-01 1.317360294393042086e-01 2.258276257109244345e-01 1.150904018244331278e-01 2.237873027801551562e-01 1.612870259119644212e-01
1.747888576977576491e-01 2.190003353389139984e-01 1.359635742814742920e-01 1.993634240607893848e-01 2.219384838406396332e-01 2.191859871289983108e-01 3.595115680864655050e-01 2.227391829889198982e-01 1.035020138945723367e-01 4.923526818780991632e-01 1.115623286267297953e-01 2.872397401659509963e-01
2.645690194907920900e-01 2.267039954164044857e-01 4.121486421732276778e-02 1.122993942570343212e-01 2.694274901806048561e-01 1.885992189471443203e-01 5.662642264174951867e-01 2.637911315974463267e-01 1.179396292435105353e-01 4.830913123010580623e-01 1.548664813532560358e-01 1.967933262608710654e-01
7.220155174069009529e-02 5.020626315144748331e-01 6.111469261772383560e-02 2.409578578892779543e-01 1.643018482947079806e-01 2.539897642777830256e-01 2.071597901063949587e-01 1.241906503139283691e-01 2.225387943827218384e-01 3.968202335771720546e-01 1.725869131499885856e-01 4.616081990251148515e-01
1.553425360189393811e-01 1.379428638144844788e-01 3.303790823323649040e-01 2.507708071975517927e-01 1.765249093734539421e-01 1.653253664334457806e-01 1.441927702503476294e-01 3.367428743698098748e-01 3.286234742894642569e-01 1.922688341691543013e-01 1.323127452325794928e-01 3.549483349927880504e-01
2.904357891928828206e-01 3.204936340611904688e-01 2.025852159845409062e-01 2.731879426292122548e-01 1.758952414081460802e-01 1.989861998125440345e-01 1.329765858969569892e-01 2.004647085829300845e-01 2.297238991047667045e-01 1.561198523066857913e-01 2.592408893652603519e-01 2.025477396362007354e-01
1.574987848865929685e-01 3.725205771742865490e-01 1.065318978626610402e-01 1.129999119398323454e-01 3.824747734798200072e-01 1.528107813725978481e-01 2.713554629339837709e-01 2.649206279878008607e-01 2.289029808375050434e-01 4.175211808890298970e-01 1.399589605708626561e-01 1.545636068453045409e-01
1.638085120885674761e-01 2.306631595989180605e-01 2.400566502958718096e-01 1.735011833537395409e-01 1.253030286191136600e-01 2.977767993528959156e-01 1.254755604568969785e-01 3.123358772883152445e-01 1.646348957303680194e-01 2.673132641284737820e-01 3.574771096323567932e-01 2.212493885595797904e-01
1.242540329806786636e-01 2.755093827124578953e-01 1.362630554897541202e-01 2.595138924613628051e-01 1.688027241034466552e-01 4.188017114010647579e-01 1.126003918084260563e-01 4.194435261859868480e-01 1.409115227662775804e-01 1.519946139843977584e-01 1.693070557298349821e-01 4.097973526590051319e-01
1.381730369658613899e-01 2.973019556628960225e-01 1.036748690204140205e-01 1.845464290744246727e-01 2.166012212453804486e-01 2.246985168416875123e-01 2.394117980156494907e-01 2.108352260997328198e-01 2.206948446604763137e-01 3.282681954325052942e-01 4.900416131228252370e-01 9.290444562407730589e-02
1.266385318603869270e-01 2.220192372266747982e-01 1.412685062313779050e-01 5.312227713353434577e-01 2.996610716139204156e-01 1.610091221096730529e-01 2.845456828695608342e-01 2.446487088922071895e-01 1.049368972147396023e-01 1.946728681812097683e-01 2.213044268507641243e-01 2.103868802110498426e-01
2.552126839217186971e-01 2.327111377570835193e-01 2.458784469687084751e-01 2.764069391596976066e-01 2.561609309574751636e-01 1.274616694813665296e-01 2.507538785533104386e-01 1.455543417203030987e-01 1.082722885157595266e-01 1.326823956102516078e-01 4.704161370529179598e-01 2.208473278101593384e-01
2.334446782997411096e-01 1.033736939877608202e-01 4.495364803973759815e-01 4.861201017720654521e-02 4.147238754639211988e-01 1.101361139833812869e-01 2.764684524206379446e-01 1.827741974002118908e-01 2.826264064413018806e-01 2.627639276196843676e-01 3.172389879267200063e-01 1.605245247822148780e-01
3.120752242011224364e-01 1.711193052867532594e-01 3.351594645342927947e-01 1.068350143730280172e-01 3.226667201629799808e-01 7.566572587540525141e-02 1.745816029060508479e-01 4.195432351140285787e-01 2.095229543472702516e-01 2.144002075436220178e-01 1.883370640251069983e-01 2.172900021684251726e-01
1.378763924307769839e-01 2.436219195115569558e-01 1.570381365367670146e-01 2.656562671899492245e-01 2.534588798989664271e-01 2.559594520119830574e-01 2.584899217560432949e-01 2.644714367483879669e-01 1.934761645478522696e-01 3.262540496228124032e-01 1.633577048098687756e-01 1.373124047777635193e-01
1.082783998051723984e-01 2.128635233336028942e-01 3.913510504920421074e-01 1.448128829301375542e-01 1.880521941202738800e-01 1.422334015727312051e-01 2.613816013854786680e-01 2.264294612301323839e-01 1.471846243897899364e-01 3.357389524712392492e-01 2.692916457235263739e-01 2.738923041502344669e-01
2.378942387977303341e-01 2.203739570080522903e-01 1.517929023901438690e-01 2.596599471143768434e-01 2.572545145079705442e-01 2.128736831651682759e-01 2.071804623675963519e-01 2.690105565339262483e-01 1.494746554348942991e-01 3.343653477072048852e-01 1.701768714640875813e-01 1.666845116560040918e-01
2.411549006540633089e-01 1.613220055762235317e-01 2.126499544361778737e-01 8.702532328484424706e-02 1.571928071638362123e-01 3.794723428613833160e-01 2.184127328789203237e-01 2.990058067037126843e-01 1.486998052256182368e-01 2.729693151887837010e-01 3.867660059127971950e-01 1.595919325568044833e-01
3.123145441466823602e-01 2.256192346826778050e-01 2.160995846766364803e-01 1.393305394015052490e-01 1.955457897424890401e-01 2.497374128187297149e-01 1.211427529089667693e-01 2.235429136794152560e-01 1.762577845799810916e-01 2.835972563121698098e-01 3.322629032570187935e-01 1.845805211856844097e-01
1.346764615984152869e-01 1.319323079657089004e-01 2.811341543545300414e-01 3.897449105553816295e-01 1.845575396108194988e-01 2.350955265344557010e-01 3.534160870153031375e-01 2.190459330555719897e-01 2.524394427998116197e-01 1.519876097313610230e-01 2.217213072619955982e-01 1.426816270254888386e-01
2.616738447040377058e-01 1.320673431026085642e-01 3.383799156130383179e-01 2.698325183128292282e-01 1.560711497527156044e-01 1.271161169202039420e-01 2.457309057372228933e-01 3.547648196465041925e-01 1.093475247446154264e-01 2.772857227302576444e-01 2.304960617624244035e-01 1.949923687511175563e-01
1.171535534671881290e-01 2.905024701410444110e-01 1.792924393094871005e-01 2.405618317813760232e-01 3.621364012961942880e-01 1.708759430007470714e-01 2.438473264113682482e-01 2.172939704008095829e-01 3.184011708092400750e-01 9.902702855554412764e-02 2.468503991386993834e-01 2.032884604858360422e-01
1.897981258775577607e-01 2.067262895718558480e-01 2.894758130972266419e-01 1.632171909033480472e-01 1.308353509291387828e-01 2.719247435430363624e-01 1.073661157284011153e-01 5.083320684297387704e-01 9.601568697518962636e-02 2.740930145216471381e-01 2.366702820232314541e-01 2.816916467301673332e-01
3.236679614916893044e-01 2.102184427070686590e-01 1.721290073257218944e-01 2.650495190222654784e-01 1.847549770433759564e-01 1.841361625742445329e-01 3.151771485773625092e-01 1.961974691634161827e-01 1.795153267728908375e-01 1.326676969086657831e-01 3.913708522748520768e-01 1.289597699297438949e-01
2.779261225774637967e-01 2.283771171982924009e-01 2.964936427442458333e-01 1.292984604164754137e-01 3.142022906099548596e-01 3.269122788073176022e-01 9.072154734658439967e-02 3.074013809350208959e-01 1.970768392840371031e-01 1.567131162840999792e-01 2.497777975407200479e-01 1.327264225231159778e-01
2.418426490284087405e-01 1.582836578438625574e-01 2.166961829520766547e-01 1.841102785477528314e-01 2.412299028611436247e-01 2.599023080307764633e-01 2.003534440370808578e-01 2.244403558740068472e-01 1.939635183559781373e-01 1.685902437739758841e-01 2.638072632880822943e-01 2.582378235127523736e-01
2.581572488425641909e-01 1.885745591955967915e-01 2.647732549054177542e-01 2.060688464699825806e-01 1.874783551558569517e-01 1.530166345185365318e-01 2.045384315919301921e-01 1.435869935184706792e-01 1.462795841273108743e-01 4.303765012895940933e-01 2.761101156865264916e-01 2.138033492502559862e-01
1.132885327736412873e-01 2.550673356915697521e-01 3.349237996084835078e-01 2.261123187754758013e-01 1.865731220782001210e-01 2.664135822245462526e-01 1.493830465940373387e-01 2.654906433618613448e-01 1.811111867804743869e-01 3.119948681374576926e-01 2.528341367848510601e-01 1.312572898069975791e-01
1.584579160456001112e-01 2.805983609215700891e-01 4.067679616032771062e-01 1.057114868048605882e-01 3.009349121743998823e-01 1.452815033238128439e-01 2.973701752706434109e-01 1.210450710537198243e-01 1.635716155611830758e-01 2.767317005452030187e-01 1.907518082805159110e-01 2.688647389391823350e-01
2.363833026102134527e-01 2.224400703925952238e-01 1.866059069395700765e-01 2.489767947252772284e-01 6.823438277777353622e-02 3.161503486227321136e-01 2.127800730452321931e-01 4.095228879931882005e-01 2.342562866123540644e-01 1.560101085865500115e-01 2.797170862442323047e-01 1.460829701187543739e-01
1.376416307046381959e-01 2.096425695314571291e-01 1.891682261115959218e-01 2.174682679007399755e-01 1.216999260702438107e-01 2.344030013877135277e-01 1.506376311443479166e-01 2.184581449000213282e-01 2.042619542632197194e-01 3.436698856645187261e-01 3.214039694467635266e-01 3.307264062818084382e-01
6.784457551137856868e-02 2.856133723822055770e-01 1.987534181593065552e-01 1.767115599919069080e-01 2.470531017965543474e-01 3.801719844401038606e-01 1.605649074883719607e-01 1.178381702302103706e-01 2.162226068660598466e-01 3.474657401160052839e-01 1.293598941067349850e-01 4.673759649789535620e-01
1.729149701559951902e-01 3.104282289798981354e-01 2.354507379218039598e-01 1.139940752018530623e-01 2.498731254307586247e-01 2.111333556768495434e-01 2.082980309599993807e-01 1.057095064817753644e-01 3.336823508307473207e-01 1.637906873915162542e-01 2.408256766471992272e-01 3.468001403624715873e-01
2.544297108408486441e-01 3.194018475451433359e-01 2.717143811940627707e-01 2.771767207453383342e-01 1.089650512995042203e-01 3.011106001926374676e-01 1.481486036945293683e-01 1.549416293641719677e-01 1.975352829163607993e-01 2.160407461498511372e-01 2.737367546729137513e-01 1.515060503510602674e-01
1.464297542986465195e-01 2.143697691212013701e-01 3.543603297585820044e-01 1.732846994146338693e-01 1.813381967962442443e-01 2.197941403623519530e-01 2.511016431613889988e-01 1.811819939131814883e-01 2.306802195634480579e-01 2.760727395977057297e-01 1.978246550706449780e-01 2.063538550614029687e-01
2.421883399908254242e-01 1.432278210720788481e-01 3.133002445672802838e-01 2.906675821103552049e-01 2.571508366061308060e-01 6.007948344968348786e-02 3.821437774062056980e-01 1.347391523208739395e-01 1.632578330021362822e-01 4.133630783380345952e-01 1.433524101395927119e-01 2.329346492570882332e-01
1.178502586657624585e-01 3.933778670093346919e-01 1.384382862083360366e-01 2.728943082747681270e-01 1.814065120442648615e-01 1.319898954333142693e-01 2.096361244947856084e-01 2.793305342100403377e-01 7.949840569029968662e-02 5.152483305430378691e-01 1.001300640328902924e-01 4.492963879114348358e-01
9.735835308227824836e-02 3.083664197124958983e-01 4.391269855802375499e-01 1.069697174537480450e-01 3.224220908773927641e-01 1.567797378173458323e-01 2.376233009151793307e-01 2.594130908288114212e-01 1.914862378463056403e-01 1.690722580324622026e-01 3.323628255619935912e-01 1.317852010124883622e-01
2.355263090395340042e-01 2.017041512557267435e-01 2.878241988429793285e-01 1.697611659801513129e-01 2.040847306591909993e-01 1.639866305100067811e-01 2.050556078212436850e-01 1.725897009933295145e-01 3.302639558177411505e-01 1.049839492250989603e-01 2.718293779787064879e-01 3.203582965150331141e-01
3.993929389676688646e-01 2.444980546345760508e-01 1.617370546825165345e-01 1.864227960532385542e-01 3.672004024416748447e-01 2.578558462845577659e-01 1.441305892125462618e-01 1.513355107369939723e-01 2.659090177212723449e-01 2.618909489843324057e-01 1.250754595185379903e-01 1.395322369233733817e-01
2.091177469791849486e-01 5.289889028712810859e-01 2.560217102616489937e-01 1.275294654562203756e-01 2.673052060337666735e-01 1.377248354180953260e-01 2.025740822682719211e-01 1.870285748896302613e-01 2.125493937192770022e-01 1.865074425272273406e-01 1.650108537578411638e-01 2.274720657374962596e-01
2.830494712352477071e-01 3.106533779920803706e-01 1.133709602730091498e-01 3.008660562043494746e-01 2.867981565051756498e-01 1.040117546829509021e-01 1.202900281022143275e-01 3.883596165094936881e-01 2.786365267569701487e-01 2.656897055458518619e-01 2.199209693392432940e-01 8.910792062847724959e-02
1.911972442705661968e-01 2.226262047246513054e-01 1.997194736787517577e-01 2.557749283892860048e-01 1.375242524400861477e-01 3.715126873870375213e-01 1.345663951384639678e-01 1.979307408780505428e-01 2.143797616011927920e-01 4.566887953883642659e-01 1.712965352954142761e-01 1.520994031781797984e-01
2.107178167324496032e-01 1.748709277417374031e-01 6.855606117529872146e-02 1.784909832548254582e-01 3.242550945187052114e-01 1.336556567569295029e-01 3.761887276197224961e-01 2.194263867447684146e-01 3.574295121206255144e-01 2.330971643104139401e-01 2.850787163754037734e-01 1.747726062068357400e-01
