4.901765428938683611e-01 6.979228193265518687e-01 4.540086005528925495e-01 4.621308655397334819e-01 4.639421665664212879e-01 3.856001147595102818e-01 5.568611266634115875e-01 5.692928721272194625e-01 4.961661474083322032e-01 6.087852214841004139e-01 3.396516852217321136e-01 4.754618374562904481e-01
6.207281750288119460e-01 4.872993423076823483e-01 4.068450512892939908e-01 6.547975366129892283e-01 3.430342833104044198e-01 5.338785671131434096e-01 5.613171666921300540e-01 4.762709068298215387e-01 5.777253916526747801e-01 3.828868401755254336e-01 4.535181007104023831e-01 5.016986382771311259e-01
5.950005021399028537e-01 4.546307054357381916e-01 6.244077855603583638e-01 4.570922322649132452e-01 5.833736950986194714e-01 4.732268267100985248e-01 4.344708994029680138e-01 5.244248210343223082e-01 4.987823166211046710e-01 4.866473983453912244e-01 4.465012763360768910e-01 4.214415410504962489e-01
4.737143232628995837e-01 4.625048445481326764e-01 5.930338888005721731e-01 6.393915076510041651e-01 6.378308087185470265e-01 2.367275111354656403e-01 5.151391026445348853e-01 5.562432328217801203e-01 4.551904023248080078e-01 5.106834608897934391e-01 4.602442628992250984e-01 4.592966543032948046e-01
5.486813378387680462e-01 5.772360860087276668e-01 3.714737399578973420e-01 6.012922007801941859e-01 4.364174046786351013e-01 5.528325242845844034e-01 4.485606826445622808e-01 4.140952688346480892e-01 5.685381296383587024e-01 3.731111242629269187e-01 5.693679662892683346e-01 5.383935347815409500e-01
5.146246160745124865e-01 4.830231969759891664e-01 5.361040641187064804e-01 7.366612715520511889e-01 5.264586883314872345e-01 4.840950421982407326e-01 4.312110460698301839e-01 5.324037312739846595e-01 2.629971381147780951e-01 4.486042105661638968e-01 5.598686615693652113e-01 4.839483331549587208e-01
4.857931320125337127e-01 4.758945801235707762e-01 4.763827402035603620e-01 4.678401222223551037e-01 5.930600527893816754e-01 3.916351383636225147e-01 4.454795829196265267e-01 5.174929324922934448e-01 5.698940284872047179e-01 4.501402934489996399e-01 5.187017286632042978e-01 6.076856682736846427e-01
4.128001379944558624e-01 6.172168416351677678e-01 2.681340669375411601e-01 8.243642479006851875e-01 3.408979855406849557e-01 6.232717012063677675e-01 5.636764875624810101e-01 5.045006488761751839e-01 2.485131666333646461e-01 6.958680889018871163e-01 4.034634333920362748e-01 4.972931934191648917e-01
4.644798160385246177e-01 5.813234920650415249e-01 5.721902414498987177e-01 3.409410285942611751e-01 5.757270836839820660e-01 4.967267992028902013e-01 4.970673738482969672e-01 4.692881514131000409e-01 4.159481198054525986e-01 4.006776100837979859e-01 5.559760525847312618e-01 6.296542312300238420e-01
4.372650613418653798e-01 6.148233032292446110e-01 5.606456611183880945e-01 5.159948138911980564e-01 5.768211572925527886e-01 5.431733932164429790e-01 4.397770155545677184e-01 4.661946912652160102e-01 4.372844286393638424e-01 5.794404159314434644e-01 3.750002566882756905e-01 4.535798018314762814e-01
6.616206070895779279e-01 5.187717911721005937e-01 4.039023591952958792e-01 5.628431904734233493e-01 3.900104247301373617e-01 5.533994089166749397e-01 2.877647455504247498e-01 5.324606980836485981e-01 5.580212265474995270e-01 4.775596721264422362e-01 5.582613915098010304e-01 4.953844846049370032e-01
5.301490429091826329e-01 5.718273140175130775e-01 3.696755233348800740e-01 5.213059637967319970e-01 4.160639499672657005e-01 6.663873820083505706e-01 3.149935991422669890e-01 6.823954574469802692e-01 4.821904610897221888e-01 4.707144313474098118e-01 6.472155395159615576e-01 3.270813354238034654e-01
5.666035427133297997e-01 5.528943483267729775e-01 4.964758099191037277e-01 4.589496302462718891e-01 4.610757627435091988e-01 5.900539960812041240e-01 4.798808361988311511e-01 5.340258375147242109e-01 4.385314978321317447e-01 4.202558701481761694e-01 5.272363546881251306e-01 4.740165135878187663e-01
4.326994677465608174e-01 5.084959662385726276e-01 5.040076272533736690e-01 3.959270883543878905e-01 5.220705616559520035e-01 4.624175053747988651e-01 5.695535321129361339e-01 5.180035346290892129e-01 5.229850080428470882e-01 4.030739335140013369e-01 6.353622261926124004e-01 5.254035488849391200e-01
4.495879812398567710e-01 4.589016997451140778e-01 4.716828732123748980e-01 5.703341138657491705e-01 4.221151955058785044e-01 5.139236004297833560e-01 4.379364177420222992e-01 5.790147704118262517e-01 4.542693018586397846e-01 5.319148879398261087e-01 5.025820280457121703e-01 6.077371300032554657e-01
5.598995188412028146e-01 6.531588829198549107e-01 3.351130733643237214e-01 6.105850502418258552e-01 2.830508825390482541e-01 6.666516689086017244e-01 4.675843880828064458e-01 3.724131118419181652e-01 5.856656973970639779e-01 5.815196043544565985e-01 4.385543792702313315e-01 4.458037422387408633e-01
4.907992035200056669e-01 5.704410645138719982e-01 5.308738189665682672e-01 3.473067444062742370e-01 4.364556371029011395e-01 5.004705045219868254e-01 5.747723603546519566e-01 5.473634115909046249e-01 3.863169262434189011e-01 4.059095496821237825e-01 6.457182221079746931e-01 5.635725569893361708e-01
4.792678608484055580e-01 3.335196663001528394e-01 6.668602869473482242e-01 4.919654608438214227e-01 4.299811061815633217e-01 3.985652110623557620e-01 6.450295644144220519e-01 5.639757505830086393e-01 4.590689932027941511e-01 5.717569557376935840e-01 4.434960892229840024e-01 5.165130546554697055e-01
3.548072441059938464e-01 6.658812525287649553e-01 5.385078038529145239e-01 3.775464038473013151e-01 6.255569456868477207e-01 4.217156568107247594e-01 5.663872861914244217e-01 5.455186349920274624e-01 3.946759187878227659e-01 4.644335472231809758e-01 3.914696439784790538e-01 6.534996619945016016e-01
4.849255469573152677e-01 4.828765613177411486e-01 4.479480511695438927e-01 3.641321712280293221e-01 7.020902115705525137e-01 4.964931275694924317e-01 5.089289859000218907e-01 4.459230931577916612e-01 5.543133126814548950e-01 5.396482014099054370e-01 5.027684961160758803e-01 4.699522409220499020e-01
3.133229073123041664e-01 6.131624484534479169e-01 4.220029255576684402e-01 6.259228384210697715e-01 3.053744044035713867e-01 6.049466873324669258e-01 4.611020840498908369e-01 3.953178482779118874e-01 5.902811236491912750e-01 6.345690617932954192e-01 4.094047078838360942e-01 6.245929628653074106e-01
3.408771881447079100e-01 5.573889284136033240e-01 5.283286664101081165e-01 5.706454175740224288e-01 4.302817527506845874e-01 6.622333905861066405e-01 4.495073174395747273e-01 4.420225819828506042e-01 6.279106963906875283e-01 4.853548184647560326e-01 5.409550997978371800e-01 3.644941420450790170e-01
4.849813256221481850e-01 5.199711788882739327e-01 5.610932161268751273e-01 4.325522849960179994e-01 4.256805192939090432e-01 6.499501593559537937e-01 4.363291069437164049e-01 4.493144709670046089e-01 5.028803149502876213e-01 4.509525298435632656e-01 4.334835729848131036e-01 6.528113200274974215e-01
4.924742190859014435e-01 4.372982509765200865e-01 4.662465074118454789e-01 5.150549443672591821e-01 5.405501132190587699e-01 5.308092280653884387e-01 6.102134951200868240e-01 4.422108028242607292e-01 4.605581368803960407e-01 5.792125661617335552e-01 3.789982709131152205e-01 5.463734649744615979e-01
6.158335370237584261e-01 5.150271493313255400e-01 5.600615661757377683e-01 4.016333299090206754e-01 5.638998140474726917e-01 4.043450617200356478e-01 5.198038053861910868e-01 3.268496960906585591e-01 5.013255181055316090e-01 4.817031523666668313e-01 7.054768996771646483e-01 4.040404701664729314e-01
4.687751775967556322e-01 5.306410567406661949e-01 5.340216394051069404e-01 4.878871158877483016e-01 5.526614879838045447e-01 4.547046937193049976e-01 6.061245521786362556e-01 5.094354999922670046e-01 5.822561811345883243e-01 4.471270446142024957e-01 4.241698379268386554e-01 4.021957128200763232e-01
5.182490657327265549e-01 4.747014473277914037e-01 4.353752886242469589e-01 4.889273370483574466e-01 5.727291645341248127e-01 4.510719814470645628e-01 4.936524782161710867e-01 5.657399961530327204e-01 4.440817059050234938e-01 4.915176278102952878e-01 5.870253049505608223e-01 4.769286022505872524e-01
3.759874626722290447e-01 4.724568010968458465e-01 4.428822075677002479e-01 5.408312249772156965e-01 4.621908898913337782e-01 5.550971252851142346e-01 4.639082112095971877e-01 6.261392637755003321e-01 3.677078907135618580e-01 6.376628692473216287e-01 3.247010134008330162e-01 7.304350401627810463e-01
5.604526921528681926e-01 5.030515064064582376e-01 4.613334548067995478e-01 4.380653316163387601e-01 5.572519314184214423e-01 4.452448930777129776e-01 4.403295447364448667e-01 5.475647236434761922e-01 4.187423125349144515e-01 6.392796806379632546e-01 5.500665156337865014e-01 4.386174133348862414e-01
5.077185644484457638e-01 4.113606842843667843e-01 5.655188527354368944e-01 4.346928232827224070e-01 5.686629006239997119e-01 5.416432727652151780e-01 5.845643687671283617e-01 3.450859159102386275e-01 5.651200610067168562e-01 3.824557742200376254e-01 6.186834163323998714e-01 4.744933656233527586e-01
4.266801696591983051e-01 5.193883017039339078e-01 4.348280637738549670e-01 7.302096104842217272e-01 2.438879095697387422e-01 4.736789627914280709e-01 6.095529422575769463e-01 4.858928552784799182e-01 5.803433934363035895e-01 4.382707089531366340e-01 5.875548392655283170e-01 4.697122428266582994e-01
4.571670388209648217e-01 5.717819881453320985e-01 4.367830953817599116e-01 5.127779480776433196e-01 5.454684731285216470e-01 5.094361625672012561e-01 4.960396533072868874e-01 5.243699629145761598e-01 4.823993848481467617e-01 5.524655764739547781e-01 3.932884700883761409e-01 5.180222462461842037e-01
4.598222717325600173e-01 4.257514893805848244e-01 5.493475750038612215e-01 4.512643495326880139e-01 5.408114384942266373e-01 5.748389669539893942e-01 4.201315814019007111e-01 4.928552175302436944e-01 5.132123187809133347e-01 5.915781358350435948e-01 4.837451591287103558e-01 4.966414962252903020e-01
5.211015366908118285e-01 5.002132484637861198e-01 4.542954870303310133e-01 6.545360547666640993e-01 3.455142983226798248e-01 4.214867926222781724e-01 6.712795701900156065e-01 3.639607143051042382e-01 4.520713898265018571e-01 5.464708499503698746e-01 5.845763889789714618e-01 4.844936688524859592e-01
5.571984686385825780e-01 5.019390526451847911e-01 3.659045017315692427e-01 6.528405849159713004e-01 5.061029051447681892e-01 4.017388032683317789e-01 3.592236323423818600e-01 4.887704439926757183e-01 5.677054287143599165e-01 4.430572910793796337e-01 5.854970752341825957e-01 5.700218122926261621e-01
3.667423906030068403e-01 5.239282338945625561e-01 4.261946762140055855e-01 6.027516672883304061e-01 4.990746858574157674e-01 5.345796676579419593e-01 5.649978511161108941e-01 4.613446822778042300e-01 4.610680955513399848e-01 5.981284723446308460e-01 3.807460573549196203e-01 5.804435198398947282e-01
5.844711872371920469e-01 5.297808932511839375e-01 4.924127391844307922e-01 4.917995565720315043e-01 5.439253460041212351e-01 4.294731227197351453e-01 4.590809915896271187e-01 6.166625531649747582e-01 6.447384556412746326e-01 2.349724861054981462e-01 3.282437485855626003e-01 6.444389199443512073e-01
3.209467954593143157e-01 6.295474284522262209e-01 5.455554640248698739e-01 5.646393491606587212e-01 5.208106496352660209e-01 4.121088057972968066e-01 4.269031041791380154e-01 4.305872124551400892e-01 4.877924097382986823e-01 5.060864161510526538e-01 5.213437528301747559e-01 6.336786121165911556e-01
3.334035199070191080e-01 5.471131674101356035e-01 6.526652292727973537e-01 3.633039785497467755e-01 5.902379626159637294e-01 4.447401088827101501e-01 4.617117993625487471e-01 6.207387273065441136e-01 5.003981955613504562e-01 4.411231950676902103e-01 6.116852633385503335e-01 4.328788527249556317e-01
4.790762686051270869e-01 5.237068829167834672e-01 4.010876298246570659e-01 4.758461282690469307e-01 5.550324156805058751e-01 5.962105217806025204e-01 4.031001115508904831e-01 5.493941084443736411e-01 4.790939527674496490e-01 5.677653869525409736e-01 4.282763755413095397e-01 5.414102176667143773e-01
6.023041170134476596e-01 4.756422239749319991e-01 5.386140471763829485e-01 2.828859009481951570e-01 6.833743692959021176e-01 3.862117491842209649e-01 6.170693729608460742e-01 5.147389585414481328e-01 4.707175137386676034e-01 5.197067873318425013e-01 4.263756626590157195e-01 4.823592971750936820e-01
5.509238562777375448e-01 4.197376002138881734e-01 7.628136865459863580e-01 5.478920227962453815e-01 4.571784294318774200e-01 4.115898620892333160e-01 4.804216662792115677e-01 4.064159486957558132e-01 5.885464758849016098e-01 2.505991353028957369e-01 7.376895842272468418e-01 3.861917322550018628e-01
5.717015128028268833e-01 4.633503445916531960e-01 3.996649523041665431e-01 5.383716523331651960e-01 5.556586354142606377e-01 5.890139714165506524e-01 4.596884719627638560e-01 6.701897663911705605e-01 3.063019934115979725e-01 5.714252853919570274e-01 3.335494559435140394e-01 5.410839580362478696e-01
4.393616543284500908e-01 5.071604791535997414e-01 4.689015454184388698e-01 5.794442673883360984e-01 3.396309651374317395e-01 5.507896684184274694e-01 4.591272957599542015e-01 4.673479609005398716e-01 5.108353747222116326e-01 5.440287476510029530e-01 6.460017099577970434e-01 4.873703311637923585e-01
5.886045777880410945e-01 5.343299597299275838e-01 4.563706673641074740e-01 4.412754698910406059e-01 5.021140910835918403e-01 5.343469121442478986e-01 4.455981830292230494e-01 5.069402566370799779e-01 3.747355504523187664e-01 6.265199155584528778e-01 4.164224512333714601e-01 5.727419650886038660e-01
4.255636422857553836e-01 5.847461089133509926e-01 6.282416650234075028e-01 4.520741498009918091e-01 4.626400146146490977e-01 4.454155794473068086e-01 5.901989769448648948e-01 4.748024521947763477e-01 4.149426384839495219e-01 4.978890325539606643e-01 5.129469326861150202e-01 5.105388070508799503e-01
4.556425180204232150e-01 3.709920256266397431e-01 4.213027243575194758e-01 5.152109458304036105e-01 6.789811297704251292e-01 3.529623774753886112e-01 6.445523598611618832e-01 4.446286044458074294e-01 6.458935983942315495e-01 3.345007289641083181e-01 6.206534160260038790e-01 5.146795712278708912e-01
5.116966185448281745e-01 4.306880098694766401e-01 6.606484514701689292e-01 6.294893333305007221e-01 4.446153505713478227e-01 3.949370174498226804e-01 4.961738334559401831e-01 4.266760786398627325e-01 6.463497123182309068e-01 3.037589504285700404e-01 6.783619756354737351e-01 3.766046682857979166e-01
5.028483519933564239e-01 5.694088101146935754e-01 4.865392049351084935e-01 5.670235238798033706e-01 5.080103062926513147e-01 4.234727324929754566e-01 4.521603091887792525e-01 4.853353817959714656e-01 5.058628079965411528e-01 5.013286942788173217e-01 3.169412741362207520e-01 6.810686028950443394e-01
3.947243301604368981e-01 5.449525415843343712e-01 3.379566543088960429e-01 7.286243922571696841e-01 4.414154007750518693e-01 4.904957963998235471e-01 6.102627697531064488e-01 4.529283819926178678e-01 5.085435447893037475e-01 4.778428502196930272e-01 4.135635077511354285e-01 5.986898300084093627e-01
5.217656773934313819e-01 5.226119496390244645e-01 3.072834022748785476e-01 4.237720572564471766e-01 6.122333129223784809e-01 3.689911205331536381e-01 5.481399801917328229e-01 5.401437032577860453e-01 5.223854324603487420e-01 5.066139957439399488e-01 4.518598396657969585e-01 6.741995286610640292e-01
5.180629763452484493e-01 4.147474928006911199e-01 5.725871559845342462e-01 4.213424235427365994e-01 5.075877404983335506e-01 6.155854891148172525e-01 3.803194679233358189e-01 5.890296520635484034e-01 5.342349496733918013e-01 4.734226016826669214e-01 4.947566680595481547e-01 4.783233823111550653e-01
3.649432072695347751e-01 4.937584608773986083e-01 5.786804302351590268e-01 5.008770937454378736e-01 5.066216040649464958e-01 5.576242823169397234e-01 5.155836118594588902e-01 5.226278398169975636e-01 3.338567347550679409e-01 6.476594575232040851e-01 5.649801618947754012e-01 4.127871156410769515e-01
3.538034440726782748e-01 4.369570105303983709e-01 4.294167030489178805e-01 4.396332265869482558e-01 4.378158311827016202e-01 5.530284505757501190e-01 5.054427323241188486e-01 6.158747458178830403e-01 5.756424278607618072e-01 5.253599610482262428e-01 5.433954329388971383e-01 5.836300340127451580e-01
6.477630680648486239e-01 3.423650907303236179e-01 6.287134493167486626e-01 3.221803224572959978e-01 6.026554954417198129e-01 3.481140059298605260e-01 4.166626485713218475e-01 7.195612547596437203e-01 5.129584848173662781e-01 5.857223592024651815e-01 4.031334316275747565e-01 4.701703890809271202e-01
4.642646974577402386e-01 4.607364815646883272e-01 5.443733568813265977e-01 4.322852205633327949e-01 5.768988891244672956e-01 5.404493071728306841e-01 3.691648751957881114e-01 5.158877252254724377e-01 6.298368280149986287e-01 4.072698468240458225e-01 4.506875846933494079e-01 6.081451872819891857e-01
5.529990273953140356e-01 4.518279898667482142e-01 7.003165776467928927e-01 3.914553055523501968e-01 6.981710493023982611e-01 4.501746306430743916e-01 5.195512183379688009e-01 4.014486821339631750e-01 5.092484950419307044e-01 3.774261959130190136e-01 5.075545881637977264e-01 4.398262400026730079e-01
4.554239794034756761e-01 5.027290693952226608e-01 4.078440221391975706e-01 4.828613275369431634e-01 5.054675862208285464e-01 5.028535514258724026e-01 6.224601991677403134e-01 5.060822836812868264e-01 3.611623800798948181e-01 7.148782697984602530e-01 3.732982703785172607e-01 5.649390607725548463e-01
5.448841021111376914e-01 5.108917546229798656e-01 2.330582512845448262e-01 3.786158461834333577e-01 5.487660453608373956e-01 4.718544560504819296e-01 7.613664772852360985e-01 5.471582541946332645e-01 3.826033151165264545e-01 7.088804161844217688e-01 4.323734553404965375e-01 4.795476262652947352e-01
3.046021021891068270e-01 7.209824773581934299e-01 2.807486526532585458e-01 5.250066927259773308e-01 4.435169246982473279e-01 5.367173124658448646e-01 4.911006252250179061e-01 3.921515158635580645e-01 5.073045527392582299e-01 6.499500453998239280e-01 4.537642834981044926e-01 6.941548151836016700e-01
4.333053517361854512e-01 4.106010243543126714e-01 6.001997994214396392e-01 5.333234750228582621e-01 4.574386736956011501e-01 4.453596658201419145e-01 4.180677018060954264e-01 6.051222955630664035e-01 5.990347409297481773e-01 4.747368208025424252e-01 4.036400561573816326e-01 6.191703946906370604e-01
5.679000480120530714e-01 5.924076160468411123e-01 4.858859937645637617e-01 5.529492683055063917e-01 4.567738781148017457e-01 4.822130802167561292e-01 4.038762307266139384e-01 4.839472251704962091e-01 5.134279957381786552e-01 4.339458651187808047e-01 5.407572499909267805e-01 4.859155487944836760e-01
4.353046368183808856e-01 6.322602106149699530e-01 3.668238447606368413e-01 3.765545145470082788e-01 6.395628991736994617e-01 4.304138415462575029e-01 5.516836201625642255e-01 5.458864440944026786e-01 5.131383198363086429e-01 6.644609018804980005e-01 4.122031378312504546e-01 4.317076287340343432e-01
4.432416500788816105e-01 5.144969448478022844e-01 5.230345060509521415e-01 4.548777243264768844e-01 3.933226678759017547e-01 5.740091710013868198e-01 3.935527108761067705e-01 5.858630329283682769e-01 4.440552983133637666e-01 5.477576907922830918e-01 6.211765133364530733e-01 5.046120895720073163e-01
3.914799539020373809e-01 5.549068597885122855e-01 4.080601391201126305e-01 5.407371267350312705e-01 4.490643551652349630e-01 6.652202631022047230e-01 3.748014383605414723e-01 6.657425748593807091e-01 4.138735557820265587e-01 4.279368485498741270e-01 4.490028501867437960e-01 6.591740344482588387e-01
4.124761274304697967e-01 5.731695928690225816e-01 3.608962325996896148e-01 4.668710664509156949e-01 5.001913157227000362e-01 5.086963203162555569e-01 5.226301037125646864e-01 4.950462077891598089e-01 5.040006804988846900e-01 6.000656201580861770e-01 7.133218346406549060e-01 3.426348978115978938e-01
3.945081252398591198e-01 5.051190323013687866e-01 4.139292443556732426e-01 7.397093449469626103e-01 5.773659298311579757e-01 4.394308182449105371e-01 5.631891788769887164e-01 5.271953687819432854e-01 3.627458349964912121e-01 4.778448905176349015e-01 5.045665477844567537e-01 4.943956841225203291e-01
5.366680836144106514e-01 5.164451269181369319e-01 5.284030354288051790e-01 5.559415116248942468e-01 5.376515654219246043e-01 3.962566390645921865e-01 5.329180202732101135e-01 4.198677426862569839e-01 3.678123680834397002e-01 4.024993931370430267e-01 7.001576628882636433e-01 5.053788508590597583e-01
5.166961877717035634e-01 3.593908101836270075e-01 6.865776956697916544e-01 2.518062471550303605e-01 6.626476331989359370e-01 3.702753850881263520e-01 5.556691154860253778e-01 4.645411993449930499e-01 5.606216807226659382e-01 5.436275005349832101e-01 5.894422787730559943e-01 4.387042660710246400e-01
5.856709063253273673e-01 4.517196625203893090e-01 6.038277801438831638e-01 3.656326721774601496e-01 5.940344702269015897e-01 3.121662810263350352e-01 4.563928443534982504e-01 6.658462478319211453e-01 4.937928855096165304e-01 4.982616435520618725e-01 4.711869290256733289e-01 5.014676773069426385e-01
4.099052702163940021e-01 5.262803525479209377e-01 4.347367958497065921e-01 5.461840860583631052e-01 5.355177411315215075e-01 5.374983506428935298e-01 5.401002867787016992e-01 5.451063809875070776e-01 4.765605264573453126e-01 5.968208419373868256e-01 4.416096727470231187e-01 4.096796946452609944e-01
3.681308942904870651e-01 4.970675071715357496e-01 6.459917952934888241e-01 4.190502357165818426e-01 4.707725802849787033e-01 4.160829292028004334e-01 5.426589369638368243e-01 5.103710582553551145e-01 4.225999024359987644e-01 6.042944867850850166e-01 5.497922919752205040e-01 5.531873816246157816e-01
5.211828983750018685e-01 5.045965481262786323e-01 4.287750646205196192e-01 5.412322149448485220e-01 5.392782752770055588e-01 4.968701521554385048e-01 4.912929260604197990e-01 5.496012460914392328e-01 4.260499592415557535e-01 6.035893988477107897e-01 4.506650679259326386e-01 4.468662483338866620e-01
5.240452071255059519e-01 4.395289152169395419e-01 4.960837270003544131e-01 3.326553380023091755e-01 4.350700802081646779e-01 6.370382263736396045e-01 5.025255827313809265e-01 5.748865391869077968e-01 4.245769096126553732e-01 5.533695500016373447e-01 6.427813667043018597e-01 4.374385578361667526e-01
5.858150717744456948e-01 5.091009258497839474e-01 4.995534509124427425e-01 4.125693178888555357e-01 4.787739333710745449e-01 5.321610917880170710e-01 3.873658950020904546e-01 5.072266359714472372e-01 4.570294343700624373e-01 5.619994372824067552e-01 6.017545641325703354e-01 4.666502416567369638e-01
4.059564844230849623e-01 4.012051397769702543e-01 5.593228859508339035e-01 6.447764768703873051e-01 4.663093192942042164e-01 5.182590527661889990e-01 6.178334508382109513e-01 5.025231772893794524e-01 5.342282846002501806e-01 4.283757452502316432e-01 5.052062608244963782e-01 4.160037221157343312e-01
5.432667346152257881e-01 4.028826892627093148e-01 6.067731727845350198e-01 5.501016503981359662e-01 4.337427916741352085e-01 3.961014791881978248e-01 5.282689950680229396e-01 6.192736067567075064e-01 3.700866869192354081e-01 5.568813802989399653e-01 5.142614806976057995e-01 4.783593323364799255e-01
3.820268628496578112e-01 5.679036777137509429e-01 4.610905874836938589e-01 5.238467764112397784e-01 6.247244123690386397e-01 4.513896820765051499e-01 5.265726934685061034e-01 5.012548633559528177e-01 5.905710289097922949e-01 3.536564949053122575e-01 5.298546495782947563e-01 4.871082708782671356e-01
4.727939277104757365e-01 4.907692998816836627e-01 5.669621170015164413e-01 4.428094812044908180e-01 4.008456193640524967e-01 5.516110315696898247e-01 3.664995312038384911e-01 7.251725602463516829e-01 3.489859270180424300e-01 5.533145306573921118e-01 5.198457305471189116e-01 5.603902435953322936e-01
5.950127036755554766e-01 4.943152567941067055e-01 4.530414688175913862e-01 5.461555908106805468e-01 4.673897087301823738e-01 4.665962594109671624e-01 5.884566636631010095e-01 4.792697839467253140e-01 4.614096864977396684e-01 4.033296643874779708e-01 6.461046350029215901e-01 3.989185782629403043e-01
5.570505957572312594e-01 5.121114336388914445e-01 5.729774384884491756e-01 3.990487779465470841e-01 5.877828190599226899e-01 5.976383259605310139e-01 3.396409656959735179e-01 5.822223424830745842e-01 4.804703641094065225e-01 4.348130157528396489e-01 5.324036032189485290e-01 4.038403178882042366e-01
5.248879806254095337e-01 4.368269654636290911e-01 5.009386836605893567e-01 4.666409355246289303e-01 5.245644219032317146e-01 5.416886812922959704e-01 4.842038360112704276e-01 5.085205127790289881e-01 4.774994341628568950e-01 4.490771370248012317e-01 5.449559452242287438e-01 5.401954663280352786e-01
5.400346815908902975e-01 4.714377962536900335e-01 5.458904994174511582e-01 4.896721485864374279e-01 4.699489448810613146e-01 4.299140607303457706e-01 4.877334423366420646e-01 4.179485003179102542e-01 4.203435249687977326e-01 6.733327144607010872e-01 5.563482707805640359e-01 4.973954156755123757e-01
3.759280217775244903e-01 5.361898870461817568e-01 6.038963292669801142e-01 5.096982624166436215e-01 4.692712551854885117e-01 5.473651764685776300e-01 4.257491967732693894e-01 5.465156905293682144e-01 4.630815119676621183e-01 5.858845710679475571e-01 5.345339955129779774e-01 4.018861019873399831e-01
4.367305703057554611e-01 5.604381072693984667e-01 6.571183460493097428e-01 3.639179773574560128e-01 5.767078416981813449e-01 4.200576575569930915e-01 5.736834685174709847e-01 3.876607803807016195e-01 4.436030171731650262e-01 5.562379517163191789e-01 4.741054663646894762e-01 5.497388156105433854e-01
5.199621850123399280e-01 5.067137610161155381e-01 4.689767307308971844e-01 5.322287064110412524e-01 2.966748462032520184e-01 5.883516710604952404e-01 4.959447226195340952e-01 6.587569013934521100e-01 5.180753273675733350e-01 4.336361439027423548e-01 5.590396341469905384e-01 4.216393701355358181e-01
4.095841130205933323e-01 4.934030990027167274e-01 4.713365005617716208e-01 5.012922253881055834e-01 3.876729687069990771e-01 5.177094193899400842e-01 4.266201977089008057e-01 5.020164244843526857e-01 4.873754731436465981e-01 6.100579821734042341e-01 5.929930789214252762e-01 5.999385174981669566e-01
2.960585633620825829e-01 5.641943605901076353e-01 4.819060640411218510e-01 4.580217520927657437e-01 5.299823717329286143e-01 6.378650123882456668e-01 4.386126284585242230e-01 3.824105760380429042e-01 4.999368359689917440e-01 6.133664009319392818e-01 3.992592337472723463e-01 6.983862006479597540e-01
4.535749391937253794e-01 5.843654536120732601e-01 5.185982489434303178e-01 3.770312534243323577e-01 5.324351876468853551e-01 4.946560279647210789e-01 4.924476510482121427e-01 3.640706967262712368e-01 6.028041580856096093e-01 4.431811894888137981e-01 5.237556367524485168e-01 6.130795571134951549e-01
5.363217149191060740e-01 5.913701936508857226e-01 5.514852467505195754e-01 5.559790912584512412e-01 3.692466753665474832e-01 5.767939428815398450e-01 4.236104888777799671e-01 4.326932947334007906e-01 4.805972979376073040e-01 4.999396386428872074e-01 5.537611836107672048e-01 4.282012313704450790e-01
4.218662113032360383e-01 4.982024040349145033e-01 6.189197759273552535e-01 4.542526304750250654e-01 4.636300399565328467e-01 5.038324531486726432e-01 5.337720899063140845e-01 4.634836018092429177e-01 5.145789930990301020e-01 5.558629273778981084e-01 4.812783374505276157e-01 4.903205355112578712e-01
5.253010528890396102e-01 4.176326604646496965e-01 5.865133786048628561e-01 5.677398670816080628e-01 5.388131084689947725e-01 2.796890552581229317e-01 6.393846470984536623e-01 4.063097492926220911e-01 4.426424164023976537e-01 6.616372364946183637e-01 4.179251584426216248e-01 5.164116695019578263e-01
3.829082169094951693e-01 6.472839497952300736e-01 4.116555352266062506e-01 5.526571595170080009e-01 4.629498352645005088e-01 4.022938219517002700e-01 4.924142650734792404e-01 5.582308034103289351e-01 3.190161218554151690e-01 7.294411201523114396e-01 3.551702332164199394e-01 6.859789376274377792e-01
3.509596252762823276e-01 5.830327308199656500e-01 6.799180629761797379e-01 3.659025023235865648e-01 5.941318383697732353e-01 4.345937682975791194e-01 5.210514164446523599e-01 5.409343304797040730e-01 4.743185880782980202e-01 4.498101378631556568e-01 6.017387128210435199e-01 4.036082862497925028e-01
5.185687478561402664e-01 4.854081951802146078e-01 5.656914809914673770e-01 4.499829723206840160e-01 4.878837236856481407e-01 4.431450554061211466e-01 4.887973798914696522e-01 4.530862864806085022e-01 6.003322119248877264e-01 3.632622991467621132e-01 5.515086637527872870e-01 5.923329833632126062e-01
6.517848815876303714e-01 5.278286775479009707e-01 4.405753002240904159e-01 4.688002202893387094e-01 6.285681130590019539e-01 5.394119683428494350e-01 4.188663150501181764e-01 4.282774768020156109e-01 5.468243521913725980e-01 5.430258517358708126e-01 3.936342264637068267e-01 4.124026167061017878e-01
4.930434611157188396e-01 7.381984474287710540e-01 5.387574492813025362e-01 3.958268813913478068e-01 5.479414252368175475e-01 4.100998325023687552e-01 4.862914497462247354e-01 4.694711760265204425e-01 4.963736888368686095e-01 4.689983012576844357e-01 4.444652216285546187e-01 5.105326655478503728e-01
5.614817026183123172e-01 5.847268873162241309e-01 3.759187604798776561e-01 5.769096769884483056e-01 5.643923782879634032e-01 3.623547158955308656e-01 3.860822195279788871e-01 6.435143222116390671e-01 5.583655824405199253e-01 5.458569331184778273e-01 5.038009029092336277e-01 3.365959182058552157e-01
4.738950332503601426e-01 5.065325434520969727e-01 4.831818754432040119e-01 5.377101996293991437e-01 4.103329708150824651e-01 6.316438982590921736e-01 4.062633872145788860e-01 4.809112870187193245e-01 4.983734543626650026e-01 6.913303008183760978e-01 4.512225997778673836e-01 4.286024499585497916e-01
4.939486040060816485e-01 4.560253898903796066e-01 2.968340221465665119e-01 4.603458139175223285e-01 5.949796499326240884e-01 4.046702968960477209e-01 6.344917029055344715e-01 5.029567503416954022e-01 6.204383302463621908e-01 5.165923859049221800e-01 5.628634778527921156e-01 4.558535759595173653e-01
