1.033074567592197129e-03 8.300397943932169781e-04 2.382914846106950373e-04 8.739020657842564560e-05 5.251004377386458922e-05 4.927767896760822688e-05 1.190709892809984119e-04 3.101358581024269085e-04 6.093893739835504024e-04 9.986072748125204932e-04
9.795505831330635223e-05 1.349883014465606140e-04 3.246045202774345629e-04 4.087101639461411767e-04 4.571288416125992779e-04 5.930857103912481366e-04 3.691497322118850221e-04 3.562131472707230954e-04 2.742253741083559588e-04 1.591474052703292850e-04
2.237973627193671003e-04 1.470587336344331380e-04 1.719996755481929514e-04 2.823129742116157331e-04 4.505230242297182577e-04 5.442824871934523467e-04 6.847157424621035365e-04 5.297933367546041024e-04 4.354385591059412464e-04 2.735105319674201760e-04
7.834935277847851834e-04 4.452385498201462616e-04 1.858198738993902617e-04 8.042283100758115832e-05 5.212850876983260526e-05 6.987017527066207237e-05 1.516283107591710603e-04 3.937895353325125518e-04 1.099864563243594003e-03 1.559568981083009646e-03
4.490536172902286831e-04 1.701837453704851347e-04 1.831384482075453586e-04 1.751672381312845193e-04 1.466758819310965941e-04 1.817184081592489230e-04 2.366688262009138274e-04 3.506438332839940898e-04 6.052321411831326032e-04 6.456847256963413372e-04
4.610570455887571758e-04 5.502570087320400073e-04 4.090277535591979640e-04 3.319933709879412586e-04 2.218810034637242877e-04 1.884779058129398648e-04 2.351336655006167455e-04 2.398303791114967114e-04 4.042093468681078505e-04 5.222294421234410788e-04
1.498041574242202703e-04 5.783977041659100690e-04 1.852821686515293336e-03 3.328970491409358190e-03 1.463827336747468245e-03 3.685667028739113846e-04 8.955211094253090443e-05 2.709011416086396911e-05 1.209822263689317084e-05 3.125329399925209499e-05
6.726344264904774535e-04 5.946479294553293389e-04 4.199087288184357022e-04 2.789808851449100745e-04 2.023811930161204063e-04 1.801462069310594521e-04 2.051847218238657270e-04 1.856102495438717928e-04 2.539403571198875064e-04 4.471523429598848608e-04
2.732193159469449312e-04 1.443000718417719087e-04 1.222230993168008486e-04 1.410091795509832576e-04 1.406128852824153289e-04 2.186829841767676339e-04 2.790100667464918516e-04 7.949224396413369972e-04 5.276592190967341204e-04 4.563017644065889104e-04
3.912052876272692709e-04 2.464928827884112304e-04 1.598753194295760482e-04 2.633260562108008041e-04 2.342530750186077758e-04 2.641838915795975597e-04 3.670963286886653391e-04 5.287954677389740529e-04 5.027743699667429995e-04 3.389047715108201887e-04
7.485179934716273140e-04 2.628216048039765909e-04 9.036311402227124108e-05 4.246699762485681194e-05 3.573679148596133000e-05 6.749254630375934769e-05 2.948124676871664287e-04 9.838441547022774587e-04 1.386243523617345557e-03 1.578945506230202507e-03
6.330965094479532084e-04 1.006109712459714745e-03 1.112235680750708455e-03 6.606856081773180168e-04 2.792627880654286799e-04 1.483636308329163832e-04 1.058735661668112356e-04 1.177344968394937084e-04 1.251797949319306943e-04 2.334754141298329077e-04
1.781569908079652263e-03 8.373234392577215109e-04 3.022239546328074926e-04 1.431003722394366576e-04 5.864067635986092120e-05 5.133650140798475735e-05 5.832691399556714167e-05 2.195516165246977347e-04 7.322750881454493863e-04 1.316463882921620069e-03
7.290117600553720507e-04 5.521172332299101836e-04 3.841144019635772937e-04 2.343677525538913830e-04 1.199605043572489818e-04 1.263975386596466618e-04 1.732584292122425437e-04 3.541592107340024004e-04 4.009984992274872695e-04 7.765561459940449477e-04
4.660204541975305386e-04 5.689902852111978788e-04 6.760502585511524729e-04 3.878994733830330027e-04 3.774067197852123880e-04 2.693060802746596134e-04 1.766930722376582486e-04 1.483506538343565306e-04 1.893117138681706623e-04 3.379912190433860195e-04
3.759796045617998998e-04 3.562202189029730335e-04 2.810758489278915675e-04 2.665385117369042369e-04 3.293857979006880308e-04 3.505342977102111944e-04 3.516863054733115022e-04 4.179532242849119195e-04 4.067656469590770897e-04 3.461678971444146738e-04
1.794341258182850882e-04 2.181018230412669530e-04 3.361814876269636140e-04 4.336175367095680298e-04 4.654898048097476284e-04 4.449377564344970839e-04 5.291977732510891579e-04 3.511551144552352960e-04 2.189147676046250025e-04 1.682172137852487462e-04
4.725678669731737166e-04 3.230092525178218351e-04 1.811968150920317431e-04 1.530385263842748531e-04 1.627417059151270993e-04 2.603010128583492055e-04 3.539462189766089833e-04 5.297880238276192434e-04 6.925117262751727442e-04 7.349846299292237418e-04
8.472318169358569002e-04 5.155134654380347887e-04 1.770693963833943913e-04 1.235302438622450994e-04 7.698026915334294916e-05 1.495670286899698060e-04 1.921522833458044061e-04 2.526789104923303974e-04 5.858594837399722218e-04 8.817478668843621451e-04
4.729386324159771211e-04 4.215803972249451150e-04 3.742500030620494913e-04 2.974121180259180772e-04 1.734903722858002447e-04 1.024306391151749338e-04 1.231837180871704716e-04 2.132355831393005063e-04 3.945034382518892470e-04 4.987902284960838567e-04
6.346359452541366669e-05 1.367969534822260718e-04 4.747882081131765079e-04 7.150195754696919790e-04 5.815975437539830243e-04 4.041354379989689819e-04 3.580117368550082011e-04 1.328609939806342087e-04 5.814745218320236471e-05 5.049173889279319109e-05
6.311034220145700369e-04 4.708456085948237971e-04 2.819732399178690244e-04 2.192406304588878088e-04 1.529078373768394232e-04 1.597363659957052088e-04 1.818323913323593836e-04 3.994139070089304652e-04 4.836985285502353338e-04 4.571326556630213398e-04
7.495017269403546649e-04 5.415969502752368461e-04 4.355529429636991151e-04 2.413381091377378137e-04 1.182553524204114692e-04 1.059271374735558179e-04 1.405004905562502163e-04 3.236445831142946363e-04 4.402136448782381661e-04 5.864629271334063400e-04
1.309532551449238023e-04 1.946615588516076756e-04 5.110089710886784068e-04 5.485149079849413033e-04 4.651189654086049338e-04 3.613080380596943027e-04 3.058318528541158947e-04 2.142582376642549423e-04 1.436867688224426867e-04 1.220571194282786412e-04
3.612637378129042107e-04 3.696302476974326840e-04 2.635989396371592923e-04 2.245584980221680747e-04 1.513419779375131549e-04 2.346053737886644164e-04 2.720079356855645107e-04 3.134487445252827050e-04 5.563677451945081998e-04 6.030889005363234594e-04
7.778891422538973608e-05 8.535137941641055155e-05 9.681306597881793210e-05 2.752419050554170748e-04 6.669204294988664763e-04 1.063200593844029545e-03 1.022191345427865116e-03 8.519185802110482717e-04 2.871663109366480600e-04 1.245742754502937491e-04
1.235203193123999036e-03 7.800425689151488200e-04 3.708736203075444502e-04 1.398856947245580122e-04 9.832133853805796145e-05 8.813787473786168023e-05 1.203919956198793801e-04 1.632709747699612548e-04 3.222856958216228766e-04 8.761284541243201775e-04
1.281486252071680398e-04 7.785936583263667319e-05 8.588151972390669264e-05 1.172019481661910607e-04 2.456399172554746702e-04 7.219702145833682737e-04 9.972952770120756434e-04 8.583370024091637211e-04 6.275880937734051607e-04 3.454178316754445937e-04
8.387274233910750696e-04 7.392827503123564764e-04 4.948946852747223386e-04 2.088706904713505570e-04 1.361795756564071708e-04 1.291998679030533339e-04 1.194768438244759706e-04 2.309826599834435390e-04 4.795857406013533390e-04 7.235954946142762398e-04
7.029552810491952091e-04 2.778654590972628883e-04 1.345827651970643015e-04 6.172975294433034302e-05 5.708252237288295272e-05 7.395587861738241436e-05 2.044828636456912021e-04 6.235979271685438037e-04 1.473271818411753253e-03 1.111640727117329782e-03
1.794227296282938360e-04 1.971982161814161841e-04 2.307103676627248010e-04 2.896419670264394888e-04 4.054366602388265683e-04 4.898697257910273033e-04 6.463227922946185398e-04 5.519702638288005378e-04 4.030615605227802316e-04 2.273682387040758561e-04
1.183135859435603042e-04 8.785669811768405716e-05 1.354869550945784411e-04 2.042110165270644801e-04 3.219323079849818986e-04 5.963484141462697041e-04 9.168161407474089385e-04 7.864062967349807901e-04 5.914249642291631017e-04 3.340440817136757314e-04
6.665075529237582050e-04 9.257845824846432266e-04 9.041998274994766634e-04 4.280271142685791231e-04 1.691517980982275412e-04 1.012045790515206969e-04 9.277863963029860843e-05 1.308494862059812855e-04 2.204911021340968480e-04 4.277336961863067023e-04
1.246224382789163471e-04 1.779850391656269295e-04 2.142597741066208281e-04 4.013337781936881198e-04 4.869199639549511710e-04 8.688993800319619711e-04 6.058889567966616041e-04 3.260046506708334205e-04 1.695457104880193871e-04 1.184307209341144249e-04
1.742686112663124345e-04 1.391051709935374350e-04 1.697966618389227221e-04 2.910367269704745375e-04 4.288509655394479709e-04 7.761414145038637901e-04 7.047623210166142774e-04 4.545807340910832783e-04 3.362092042676173261e-04 2.163194393256765596e-04
4.615723302141464912e-04 5.119812432757995732e-04 6.069798704710535316e-04 5.237795983269578990e-04 3.112163143377434530e-04 1.515100535059817814e-04 1.459651039582013300e-04 1.417143303163355145e-04 2.479357263257038089e-04 3.349415759412680970e-04
1.453658034184525903e-04 1.618586376873509163e-04 2.061713130664780168e-04 3.503086081787030581e-04 2.311538844778525045e-04 3.329744678778572670e-04 4.680207485584778797e-04 3.777422426104026635e-04 3.013338897506618024e-04 1.850167366314029349e-04
4.733466127643844580e-04 3.260685012701708212e-04 2.678224373907990064e-04 2.644708288565037163e-04 2.292267920363664146e-04 2.792568737839173703e-04 3.735191752725987345e-04 4.183604766317921934e-04 4.565830995343827321e-04 4.793254433396906518e-04
8.586301581743393868e-04 6.009504380247562751e-04 2.887719807103800423e-04 1.861252464448312689e-04 1.189648651709652733e-04 1.185679138760240144e-04 2.045887189488277314e-04 3.303672017140304919e-04 6.316518748846267680e-04 9.173621471247132538e-04
2.941964941962529174e-04 2.526932572114523471e-04 2.504801483652471989e-04 2.638002058490650768e-04 2.348730127246793822e-04 2.584528170237603310e-04 3.512818728971132606e-04 4.145149610999814428e-04 4.615263722733235763e-04 5.233254416743531728e-04
1.102781952528841770e-04 1.345860187191471788e-04 2.585553588163511910e-04 2.456076143745944472e-04 3.374707264725280553e-04 5.477131461805944497e-04 6.375197757411800795e-04 4.674564807401579056e-04 3.268574864344222608e-04 1.734962613821388678e-04
6.375461781975293347e-04 5.258486156452806155e-04 1.854194460926663951e-04 6.920299691345767454e-05 5.497576092703651725e-05 9.983643335408654029e-05 2.398534044188054329e-04 4.275058430909415229e-04 8.347993592735723735e-04 9.772044791906077301e-04
1.197355461803622812e-04 1.538888432174542493e-04 2.361318156184953696e-04 5.017351196750818084e-04 6.977843912138192734e-04 7.738958226829014330e-04 6.552091744164608962e-04 3.685017158512025621e-04 2.477710772503467274e-04 1.886732712909796315e-04
4.181568946080392178e-04 6.115535147504510627e-04 7.223296206742216155e-04 5.242918445486009467e-04 3.193554055390653360e-04 2.196415952338950711e-04 1.719842316647049690e-04 1.416005886413388511e-04 1.926609065644924092e-04 3.841204286934894545e-04
1.437737767496082442e-04 6.219180846781198534e-05 9.353768193046697866e-05 2.944478055868143059e-04 3.795480953114043908e-04 8.117131263120275003e-04 9.839921836319695959e-04 7.542075327424913002e-04 3.934000928836123897e-04 1.866456533645697354e-04
8.008040982374273740e-05 6.229342117037550675e-05 8.031719438138446628e-05 1.432042034347769653e-04 3.192816193464119738e-04 5.910629819742673624e-04 5.609731103853355131e-04 7.617312960689751923e-04 5.592558581441326154e-04 1.664945940448857872e-04
3.031695730608493676e-04 3.144532910488349550e-04 3.911455143407948590e-04 5.685977399297071364e-04 4.678999538215506868e-04 3.807023705007390449e-04 3.711105053551602413e-04 2.382560386797911176e-04 2.259732145125834500e-04 2.410097068445262792e-04
1.752624593077643789e-04 2.548223396235585318e-04 4.517616223467060843e-04 5.759616202627888815e-04 4.681329466440960207e-04 4.635860025183468486e-04 3.692643915749157287e-04 2.844262450062598588e-04 1.915615284252766305e-04 1.863625681147999434e-04
3.895276354935576515e-04 2.518799684180961403e-04 1.832199304250680815e-04 1.420565403410408150e-04 2.680089003665421456e-04 2.908195729037880983e-04 4.489196715488118282e-04 4.767975320079889819e-04 4.300082453436492665e-04 4.259503937386584574e-04
2.837435517426891517e-05 1.091696353880905284e-04 4.893006235163103275e-04 1.509452929824793869e-03 3.336391791286104098e-03 1.552081739158292593e-03 3.731293568098022835e-04 9.273506872881938758e-05 3.214534897147918032e-05 1.954551624615610071e-05
3.330367584128338782e-04 2.355375719381057266e-04 3.633174737739344089e-04 2.399738255796210386e-04 2.343949805772460213e-04 1.707485591214749209e-04 1.658335146999289408e-04 2.529400960908190590e-04 3.683055617420694506e-04 4.065385802343993355e-04
9.857497299366419028e-04 8.323356370072318130e-04 2.951368109666488025e-04 1.919287486803290322e-04 1.043351726488680580e-04 1.197650134035045460e-04 1.346973315517939419e-04 2.395867891263732613e-04 4.493879125943474068e-04 8.060459747212148996e-04
7.452275915968126067e-05 6.705721702789323418e-05 7.791147084477760239e-05 1.436083958595961451e-04 3.734811542338452024e-04 9.156817441383522868e-04 1.547009784729213265e-03 1.092699258831396347e-03 6.522975640679428864e-04 2.193307538339509661e-04
3.484044076330287520e-04 2.819575637335629205e-04 2.838286190163255779e-04 2.729440405125366383e-04 2.439047963277227041e-04 2.641946467243977610e-04 2.933494113511014964e-04 4.736999455734035996e-04 4.496342533722028556e-04 4.821343770497459199e-04
2.898741811526313306e-04 5.861033279766018596e-04 7.420336085635078705e-04 4.654764272049590574e-04 3.024269873648732462e-04 2.207473945637273183e-04 1.894519542281543779e-04 1.294831754670589126e-04 1.212968422425080896e-04 1.869825942144706578e-04
1.834557029149792178e-04 7.373558490450007592e-05 4.489662419195505243e-05 4.730421701109697189e-05 1.002127734293213292e-04 3.923945305563874089e-04 1.157486832950938580e-03 1.189358730749185073e-03 1.186684945272464386e-03 5.240085800848286570e-04
2.048378808424394923e-04 1.521419898805545653e-04 2.326451787809896796e-04 2.771549185399694508e-04 2.792253565931835540e-04 3.427373041954659850e-04 5.178914780443758187e-04 4.545651708320133395e-04 2.364878086981410193e-04 1.713811452665997656e-04
2.741447982357077674e-04 2.121621508732243744e-04 2.149167638042423479e-04 1.620180233944093409e-04 2.891446734453527283e-04 3.135420807131398808e-04 5.165740170868331465e-04 6.470747249665967154e-04 5.778599246432376390e-04 4.670344500730667751e-04
3.064402264843407763e-04 1.756124550170934059e-04 1.495653679335469605e-04 1.727118725421668082e-04 2.487360719626498132e-04 3.263975180538584639e-04 3.910615093411308517e-04 7.671789761180345790e-04 6.032309500094616781e-04 4.842220758986286633e-04
3.263074171503812593e-04 7.886355360625001490e-04 6.921442471676506102e-04 5.929629390176159890e-04 4.780646963879836239e-04 2.247826626820679965e-04 1.461654070148836232e-04 1.147068104546813754e-04 1.306043451016455686e-04 2.385341783183614231e-04
3.940420196108554126e-04 1.791459192344444157e-04 8.768222739231936185e-05 1.101047850410087365e-04 2.133457856492121754e-04 2.685192031567976948e-04 5.168168455722896163e-04 7.815727144738765638e-04 8.033791870108091893e-04 6.056455573032641171e-04
5.745548259544918821e-04 6.786816634837306191e-04 3.662352094808268019e-04 2.142608724519414463e-04 1.831394870487632141e-04 1.381453226757411339e-04 1.813096162926189565e-04 2.897601158260412670e-04 3.151992307375822548e-04 5.218853061543429067e-04
3.951022884110462789e-04 1.617685525538306937e-04 9.262579248023909359e-05 7.660877647704047045e-05 8.967112696514170406e-05 2.278902131247689334e-04 6.397716676151844056e-04 9.713598564223448065e-04 1.068516365366455230e-03 8.250678244254094169e-04
2.926207679415011344e-04 7.618379863055514635e-04 1.075802814724563039e-03 1.601215443523256983e-03 7.676529145490571058e-04 1.549871349299870090e-04 4.118376625459502802e-05 2.425973152430547863e-05 2.607851965772726662e-05 6.108573505610546278e-05
9.220787094802167672e-05 1.354915548334579395e-04 2.266420644449268691e-04 4.584219791650077903e-04 6.394350782887313388e-04 6.392071276817307829e-04 5.816123639273957204e-04 4.303297942436988782e-04 2.710231826792638163e-04 1.100235524602847815e-04
7.452351304073324642e-05 4.620998278448961718e-05 8.871053789839282899e-05 1.404928916534779499e-04 3.838417794516561592e-04 1.362282045602334658e-03 1.287344334166761915e-03 7.408510560779014899e-04 2.473351311809362336e-04 1.275014420109740710e-04
2.143481392837321461e-04 2.078309891645653822e-04 2.491286952499005558e-04 2.709256598793786637e-04 3.950453304482357333e-04 4.128250396353997449e-04 3.315501642020825496e-04 4.111865685499079622e-04 4.251302922576295188e-04 2.444178724620732100e-04
1.062870324200684006e-04 2.640050391542327979e-04 4.262663612049177701e-04 6.300634359182291817e-04 9.726031074788333945e-04 6.838423806749869107e-04 5.303648996942463695e-04 1.887591237679597344e-04 9.665076273346352427e-05 7.154655099080916702e-05
4.015244408026441688e-04 3.101601352177247380e-04 3.044024636047663423e-04 2.809106132595657885e-04 2.737083816147405698e-04 2.786655421957497125e-04 2.843034956635180611e-04 3.661514469615006866e-04 4.621452702480363661e-04 4.833205528636058354e-04
2.715778206077875106e-04 4.901455159112760385e-04 6.567829539939917284e-04 1.082709095687606551e-03 6.221260469674887899e-04 4.172226854756823171e-04 1.979016704512163017e-04 7.315691553866940193e-05 3.561358321769738197e-05 6.650137910493019334e-05
6.486127137312535859e-04 9.555728065674124871e-04 1.241546586695808745e-03 4.763848050141862231e-04 2.026788006802618110e-04 1.485559383487510530e-04 5.861442058718949075e-05 5.037948365615889173e-05 8.668622616079396659e-05 3.662828478904599379e-04
2.158518096550889086e-04 1.398879320082605502e-04 9.886880279116912868e-05 1.052067116641602147e-04 1.381707715478661645e-04 1.947449807832608718e-04 4.660414906847107374e-04 1.035660938123753689e-03 1.029619586823447971e-03 7.286258050291399184e-04
2.365119517157691670e-04 1.926747875828328999e-04 2.223675189173769846e-04 1.841279206455925788e-04 1.541363016106612539e-04 1.653745788185965202e-04 2.244152405770245546e-04 4.174833499348794275e-04 4.858944645753185431e-04 3.266906380721754772e-04
2.857249081283236292e-04 1.029829085062743208e-03 1.583870553057781455e-03 1.387076018298010567e-03 6.590514561974861619e-04 2.697233313441700165e-04 9.097009884761788061e-05 4.880643291868599351e-05 4.746401406153678425e-05 1.019824624470554083e-04
3.200417938140582359e-04 2.953056722901048719e-04 3.392906770403438313e-04 3.355693306508779599e-04 3.199618109807169427e-04 3.835254326828619362e-04 2.615961035752086385e-04 2.675610633403888508e-04 3.929486303417717864e-04 3.202305152892197292e-04
4.958514680474115444e-04 4.891176425398856232e-04 4.076928081656157267e-04 3.144688464905342823e-04 1.455727838118206052e-04 1.134136494609172763e-04 1.586678485971593699e-04 2.636168690283018936e-04 3.969185407081394601e-04 4.414212137534581312e-04
5.125375907825181911e-05 1.048899530972519372e-04 2.031167008640304248e-04 5.439656904331458638e-04 8.878697081384943554e-04 1.235762417712869344e-03 9.945710500561272954e-04 3.090507467707472402e-04 8.117342350237873147e-05 5.077472234866595467e-05
2.728853154804682470e-04 3.803898088980822711e-04 4.932512148708355316e-04 6.436312196325882440e-04 4.443546852081080214e-04 3.881412744280550377e-04 1.862720800725803697e-04 1.290081255857023282e-04 1.575172477923986907e-04 2.618498581794374857e-04
3.179752442613592578e-04 2.054451033173446519e-04 1.036037538312371012e-04 1.082287994254090300e-04 1.697135285066370201e-04 3.041386286709102729e-04 5.285458283118740080e-04 7.151555576558152761e-04 8.237199342054004215e-04 7.194285035932988272e-04
1.632629619316322046e-04 4.826535038427445730e-05 4.146676220948820565e-05 6.142192946808282912e-05 1.275799394606916195e-04 4.671478525207379282e-04 5.871113794947088477e-04 4.599627996042471930e-04 4.147206933125499356e-04 2.664855108768695159e-04
6.240057279453848380e-05 7.707384163022705753e-05 1.467889566567049081e-04 2.984034127252417146e-04 6.514050544329616933e-04 1.017992446498968990e-03 1.100903563421273910e-03 7.857617355851381031e-04 3.220575265005319707e-04 1.079249039486755886e-04
5.205166412676181777e-05 6.858372286852698987e-05 1.180624299751916096e-04 3.459652445271824096e-04 1.234227184324617052e-03 1.192416580982351383e-03 6.252589743997378265e-04 2.922066724547729504e-04 1.573690319266851764e-04 4.457496580447623343e-05
2.348060871999274016e-04 1.568306092739494087e-04 1.909209276334426840e-04 2.540513436360286332e-04 4.022545723202571055e-04 5.782886686122997930e-04 6.124235038913884276e-04 4.720463640291692217e-04 4.312182996686346101e-04 2.887138511311277745e-04
1.700481693521096560e-04 1.038151333692754027e-04 1.281543298848369559e-04 1.296823831244203415e-04 2.710597934537369936e-04 6.681226628740662360e-04 6.460319378082750828e-04 5.043649330984967824e-04 3.440300820198705480e-04 2.465951792709556172e-04
1.329865756730359372e-04 1.324701913110199066e-04 1.569026151902993605e-04 2.905358425053104938e-04 5.076814761573864758e-04 7.062099686126639946e-04 7.713747715355379498e-04 6.200609320155652795e-04 3.992626389515729663e-04 2.640246854212360632e-04
9.239773016636666282e-05 8.618016926758716146e-05 1.266268999294375194e-04 2.962510992553696364e-04 6.219104035523492389e-04 5.227062232718949564e-04 4.177449554445181027e-04 3.053534272110168491e-04 2.431589172758257087e-04 1.455206994203355885e-04
3.795970637808434179e-04 6.577035361221574526e-04 7.150963940554573442e-04 5.389903872918524932e-04 3.382298701656059696e-04 2.080066178826461170e-04 1.485024426514272946e-04 1.748465470980600106e-04 2.293731303652322008e-04 2.885232003394605721e-04
2.852545118139880858e-04 6.101138168859211210e-04 8.316922842018099589e-04 1.010022213033287802e-03 6.123042386533985139e-04 3.440127938345540121e-04 2.092785205040055357e-04 1.240063927138418246e-04 1.060783693391209831e-04 1.135911921911140744e-04
3.224773608707517340e-04 3.775706054825479210e-04 2.918089847995292054e-04 2.576500245726547306e-04 2.122589643847938644e-04 2.882469215840526467e-04 3.940078597336271553e-04 3.557914621619535055e-04 4.539621667522693565e-04 4.069682589913828754e-04
3.360577088311937307e-04 1.650644962954762364e-04 1.218790005643147385e-04 1.173782656700339322e-04 1.270998459410388546e-04 2.443198361324840540e-04 4.697987676703367535e-04 9.172214700839031922e-04 1.086299523463794218e-03 6.478024734051879372e-04
4.021987146565207162e-05 6.576215477908524442e-05 2.412220817508968528e-04 7.177501643917711012e-04 8.892415627140975738e-04 9.422777188465312819e-04 7.367576038116344745e-04 2.971082041724807635e-04 1.134512063831649340e-04 5.033932661185296748e-05
2.203204794358991348e-04 1.853756267140287020e-04 2.381495413629930349e-04 2.495598392922969574e-04 3.718376839165033160e-04 3.584518077854862068e-04 2.624403339992650548e-04 2.332496066628646811e-04 2.926455361085359428e-04 3.122593128306431240e-04
4.099705862988842317e-04 5.053619143583560269e-04 4.111162136870620759e-04 2.644559933643060427e-04 1.601900683855334245e-04 1.816578058758490702e-04 1.870032988357668536e-04 2.692225273663042769e-04 4.140388086060187134e-04 4.005893184671518157e-04
4.402821272980491740e-04 2.781547147463496374e-04 1.711647573166070384e-04 9.924349939763862439e-05 1.376277164597583037e-04 2.170298833821972381e-04 4.213181970040762538e-04 6.981221532872944465e-04 9.166195267493336320e-04 6.432880461938426941e-04
1.476322594774497792e-04 1.569206958798320380e-04 1.759668571797174536e-04 3.581647140500987341e-04 3.154159339408442453e-04 4.177575421978779496e-04 4.887824917552374389e-04 4.675766236668744752e-04 3.764077284253295385e-04 2.282925785368410219e-04
2.767943344117057038e-04 3.378083103908517898e-04 3.299523380082673729e-04 3.632091751250482773e-04 4.268757854885001524e-04 3.451770854837762047e-04 2.799603091588351929e-04 2.773215363194246044e-04 3.613705173321831322e-04 2.754066085618523990e-04
3.307207153321110415e-04 4.544237166621617127e-04 5.338788397201986490e-04 4.533235189071899997e-04 5.094224522116851334e-04 3.790860861327088167e-04 2.036309927545125486e-04 2.284776255961283283e-04 2.050835295659129596e-04 2.162729501355562705e-04
3.899206851576025629e-04 2.540344849692569604e-04 2.240669527425366439e-04 1.912022551895939198e-04 2.319283128939800460e-04 3.085152092538075153e-04 4.662346233594696692e-04 5.996630454854742819e-04 5.680971921784830261e-04 4.997428430777538363e-04
1.730465486025620561e-04 3.128999046942808077e-04 6.501958428728787020e-04 9.302805843639308514e-04 8.217454886285497587e-04 5.484511930878679985e-04 3.468229008423164266e-04 1.803033393770205842e-04 1.122220303757747416e-04 1.076892934566057953e-04
1.226132583276486466e-04 1.020067239519457399e-04 1.313146184083801378e-04 2.716980360431623374e-04 3.111247353141683033e-04 2.903449228949545199e-04 2.521505182872452915e-04 3.166290046003519668e-04 3.154011348012425811e-04 1.916927456067944659e-04
