2.991642332159946127e-01 3.389049012666683902e-01 2.925309418023109842e-01 2.833710137930627315e-01 2.871607738010947264e-01 2.718715624174858347e-01 3.054570231651818624e-01 3.122619296391817567e-01 3.016222503102354846e-01 3.076553705887862256e-01
2.510708987243619461e-01 2.783317750813026348e-01 3.424263026264701137e-01 2.955746947298376615e-01 2.866169410607974921e-01 3.397467730046668244e-01 2.753907170096704382e-01 2.981001811390030509e-01 3.274689436084897154e-01 3.052727730154025654e-01
3.165215715874774571e-01 2.775529521511156950e-01 2.842195145845654580e-01 3.084283766289814266e-01 3.102189577900007489e-01 2.916197127183879911e-01 3.182671095734747602e-01 2.961167093745460943e-01 3.048490204724323416e-01 2.922060751190153072e-01
2.800839896376138283e-01 3.017679148961794899e-01 3.051924356884211376e-01 2.950315864550716594e-01 2.825423393066733846e-01 2.899779572818961815e-01 2.927746903742944884e-01 2.881286597668625271e-01 3.231986608825859753e-01 3.401215713040608990e-01
3.225217242224540093e-01 2.422490371467381221e-01 3.003584717922003766e-01 3.229292384773980173e-01 2.899744920181661634e-01 2.998636305759719844e-01 2.963514683790915427e-01 2.890211593284617297e-01 3.135323317589764902e-01 3.231984463005416197e-01
2.785239686436239981e-01 3.153265280866107689e-01 2.993898757285827772e-01 3.089322976946433097e-01 2.901261472331844726e-01 2.888808560495236266e-01 3.115887471895339433e-01 2.774980283109073076e-01 3.137622034693058337e-01 3.159713475940868488e-01
3.120025792646112794e-01 2.922188712924479459e-01 3.069969167595493209e-01 3.573164025234217278e-01 3.096520975911786211e-01 2.868836908128549745e-01 2.977426533686667320e-01 3.006212019769607946e-01 2.486044424249402585e-01 2.879611439853729804e-01
3.229801156325445843e-01 3.035273975858483464e-01 3.000995864500007881e-01 2.971298894766590259e-01 2.898618125778544274e-01 2.974924064011122971e-01 3.206461045368587670e-01 2.793322053456836485e-01 2.806782150550120036e-01 3.082522669384240577e-01
3.137906701657217079e-01 2.818952430652786334e-01 2.937211662155707614e-01 3.215695759547618771e-01 2.868896145300092182e-01 2.893936106963076460e-01 2.647750355003317679e-01 3.672571078010631873e-01 2.760781740424761432e-01 3.046298020284777253e-01
3.365038376947214749e-01 3.009154762910981606e-01 2.527901222427517691e-01 3.358088117431398123e-01 2.985316388841918189e-01 2.783019454914572588e-01 2.963707916006100840e-01 3.289431323760704240e-01 3.064985323002964446e-01 2.653357113756618091e-01
3.098588917927555531e-01 2.948058238828777933e-01 2.963020816571165783e-01 2.935595169406075566e-01 2.731264889178507405e-01 2.709144984491828057e-01 3.139985602107210894e-01 3.261179382823670148e-01 2.903683310865883271e-01 3.309478687799359831e-01
3.226106607396365122e-01 3.061258630039977446e-01 3.173090179085550355e-01 3.140602034608285797e-01 2.888717256481177498e-01 2.842529431377491256e-01 2.946072579469314334e-01 3.161148753415656820e-01 2.739144981962857162e-01 2.821329546163350299e-01
3.417095826988351126e-01 3.072133865945003706e-01 2.788987943706043859e-01 3.067237970385058299e-01 2.904727177456060683e-01 2.971607783175892470e-01 2.565877441041542473e-01 3.080541115005293040e-01 3.183581022084261969e-01 2.948209854212439640e-01
3.092650496075747824e-01 2.913720547366992486e-01 3.057665836277883020e-01 3.166421554817465123e-01 2.727775187889383002e-01 2.870768872103339753e-01 2.972492933110768565e-01 3.228103503637061999e-01 2.671922763989762473e-01 3.298478304731634614e-01
2.971466254611881408e-01 2.986223750364220275e-01 3.329921149765394106e-01 2.686706810911342336e-01 3.059132298441167297e-01 3.151341243067864450e-01 2.944056797108246526e-01 2.789432714202345620e-01 2.912477246777275819e-01 3.169241734750264383e-01
3.062749075798683052e-01 3.152611610435542278e-01 2.885140127045072722e-01 2.850995557066083319e-01 3.129988251761145479e-01 3.032447270833638631e-01 2.874894591928816023e-01 3.119344021414022228e-01 3.070504278226587891e-01 2.821325215490431693e-01
2.992960613225652544e-01 2.927364628699705151e-01 3.098648243877188402e-01 3.109361993176791850e-01 2.957096455771321963e-01 2.806680311266802619e-01 3.270154486406123828e-01 3.073294478353422177e-01 2.884195768757431555e-01 2.880243020465551029e-01
2.935913603061687804e-01 3.083180437225583881e-01 2.879852778862289631e-01 2.914117832707906475e-01 2.902533875244441286e-01 3.120057358258555569e-01 2.934805145139355309e-01 2.982407187564246054e-01 3.065955331335948886e-01 3.181176450600013417e-01
3.110985003362765067e-01 3.221435122933961059e-01 2.766813829633530397e-01 2.977847098806419845e-01 2.609620661345051218e-01 3.325413360470643176e-01 2.990590150255315605e-01 2.657098691987683781e-01 3.173111090409684309e-01 3.167084990794969968e-01
2.983804238330546310e-01 2.933782855433815229e-01 3.002262685358093042e-01 3.210731511812141559e-01 3.074067590042763864e-01 2.653519584574988155e-01 2.813737922851068940e-01 3.050997418951252871e-01 3.186526814997125978e-01 3.090569377648158533e-01
2.801285287318853179e-01 2.818960248710470351e-01 3.363418850154608064e-01 3.255930549510834826e-01 2.878562305241672004e-01 2.722930037777080980e-01 3.404291393871080595e-01 3.050632000559293511e-01 2.789107561069377184e-01 2.914881765786773160e-01
3.280288271350025875e-01 3.136573688044427266e-01 2.838097476810741426e-01 3.080851914715945217e-01 2.945566790561042758e-01 2.922811097313094963e-01 2.741011961505079864e-01 3.350166724388942141e-01 3.034010622650088473e-01 2.670621452660659756e-01
3.254501890487599969e-01 2.877180233487287575e-01 3.119677628606317144e-01 3.150279299706133518e-01 2.785801184971379296e-01 2.782023604773013470e-01 2.867165027101047370e-01 3.287028682363041243e-01 2.917679265750674489e-01 2.958663182753513143e-01
2.783138135587766571e-01 2.751431461944252588e-01 3.430703127532230834e-01 3.064434192169898097e-01 2.909810588910985985e-01 2.913688391786221077e-01 3.109184958413144240e-01 3.079208390664684991e-01 2.994105777670269530e-01 2.964294975320581615e-01
2.639329853121411551e-01 3.080437353927458766e-01 3.054891912121406872e-01 3.096483206289938339e-01 2.656029704701257099e-01 3.226385181529507484e-01 3.007835798351365386e-01 2.693355391701443002e-01 3.257196904150606587e-01 3.288054694105632114e-01
2.900593700673851361e-01 3.101913094574033636e-01 2.646824021592031340e-01 3.054620959166850502e-01 3.201553545205255702e-01 3.074742373021785991e-01 2.906340004784357944e-01 3.378518113633682263e-01 2.924727489447285222e-01 2.810166697900841615e-01
3.272192438354591948e-01 3.036671780691401201e-01 3.078563093845656518e-01 2.746491530034297912e-01 2.923020215354221185e-01 3.020686204295123245e-01 3.104704350175229721e-01 2.754466138777029172e-01 2.795397190350293881e-01 3.267807058122176866e-01
2.840842457230015050e-01 2.827824651146399471e-01 3.036063474712111798e-01 2.827379713340427148e-01 2.835927174762837844e-01 3.328998760277889213e-01 3.130682830546104300e-01 2.901028079235712376e-01 3.060704334570444329e-01 3.210548524178075125e-01
2.992430544312489893e-01 3.084249831285782451e-01 3.207480807892947317e-01 2.802628277298475634e-01 2.892150713592726019e-01 3.119481007356587621e-01 2.718605423565243484e-01 2.967602495059487033e-01 3.167464750766612602e-01 3.047906148869686804e-01
3.093745661544943792e-01 2.912648538688220601e-01 3.061274135298850951e-01 2.899486904256717290e-01 2.961367083513044562e-01 2.708928010802793551e-01 2.909554540204428719e-01 3.084897810025847287e-01 3.425469143380326376e-01 2.942628172284766364e-01
2.852244040921807500e-01 3.051261525923296691e-01 3.023779772192761728e-01 2.958227781948220558e-01 3.032050599360670562e-01 2.924010502330722794e-01 3.138304001488972927e-01 3.059053747958034863e-01 3.116184425268396785e-01 2.844883602607124473e-01
2.695243129445770158e-01 2.667744010984827718e-01 3.164677341155835988e-01 3.040762692072930262e-01 2.836093183932041351e-01 3.076368131523464222e-01 3.261828131739404890e-01 2.916066314146302241e-01 3.057740064523683521e-01 3.283477000475726326e-01
2.958981072797840506e-01 3.046609680664305042e-01 3.285965853964661343e-01 3.073106239760516334e-01 2.807554226391856256e-01 2.834818477371001122e-01 2.935872860991293187e-01 3.017583166967764408e-01 2.970983313355287647e-01 3.068525107735470270e-01
2.995566426297087692e-01 3.142680200469310514e-01 2.835804710906305592e-01 3.091825222626904401e-01 2.757222527241498522e-01 3.373354375077110001e-01 3.104003983610789663e-01 2.978165429136712117e-01 2.869640178855158430e-01 2.851736945779135279e-01
3.082421620492981629e-01 2.866439525145809686e-01 2.896091346930957933e-01 3.046137038963556143e-01 2.863307990357801813e-01 3.286164918102650878e-01 3.119420588632196845e-01 2.853962347666546551e-01 3.014283019630977223e-01 2.971771604076536843e-01
3.048001783786735697e-01 2.894550239961032334e-01 3.076449189212388524e-01 3.187208232349034165e-01 3.090971186353044242e-01 2.715035420752950346e-01 2.989597811460179555e-01 2.836540531093652007e-01 3.147322263130991615e-01 3.014323341899967090e-01
2.851100677399182048e-01 2.894001884129200897e-01 3.004025264240509641e-01 3.465923243484174132e-01 2.484213923334976926e-01 2.885439257135756774e-01 3.331383916837205583e-01 3.005163700800358439e-01 3.111091831338449465e-01 2.967656301300197752e-01
3.184467250932014881e-01 2.892272953407195590e-01 2.917196076829743911e-01 3.117375553952739242e-01 2.861246491679705350e-01 2.952549514567067712e-01 3.122816224189792766e-01 2.998018824600554577e-01 2.936047988491328198e-01 3.018009121349851109e-01
3.069898587215738051e-01 3.104238464708101164e-01 2.873178118547714543e-01 3.050780575701497743e-01 2.886013137219247127e-01 2.836787340875085439e-01 3.070101093446664930e-01 2.915567800283734856e-01 3.060037353753546352e-01 3.133397528248647035e-01
2.789854048089834837e-01 2.826465498111032648e-01 3.037040305115948913e-01 3.162431302956058565e-01 2.893490895130174656e-01 2.907090448194068477e-01 3.107231357356536883e-01 2.962313268279899714e-01 2.953822703655981097e-01 3.360260173110448667e-01
2.619367569540271834e-01 2.882505360570460917e-01 3.452551831000387761e-01 2.738395919120908961e-01 2.789961689990547167e-01 3.206719143085250412e-01 3.193701081149374343e-01 2.937603701067303952e-01 3.187794478831919021e-01 2.991399225643561754e-01
2.709079230051892329e-01 3.320656449377644703e-01 3.119479685294215821e-01 2.681386154379998832e-01 2.644794605028975010e-01 3.047669547022951453e-01 3.156354709492948940e-01 2.864347097199689274e-01 3.241522185618256335e-01 3.214710336533387336e-01
2.765314129164473389e-01 2.894374088465142547e-01 2.916796241415827717e-01 3.181825989007882605e-01 3.010378536232588553e-01 3.061850128858117914e-01 3.174558100033914032e-01 2.867630182776558234e-01 2.946342249268606439e-01 3.180930354776890789e-01
2.766678901879207619e-01 2.985093374527826859e-01 3.250395843698338783e-01 3.053712163461169693e-01 2.882409909011582894e-01 3.003531780162133069e-01 3.068107052237816212e-01 2.770117324782165880e-01 2.902040197394640808e-01 3.317913452845133726e-01
3.365034170042721096e-01 2.478348026009935812e-01 2.748328288945124376e-01 3.462637269969149889e-01 2.687174082514751650e-01 3.113903140828475635e-01 3.224423383557345479e-01 3.141744086024667038e-01 2.932174631551728305e-01 2.846232920556084345e-01
2.757748934229120596e-01 2.881730144852626685e-01 2.984429951509822709e-01 2.942002048396448188e-01 3.148242681515387997e-01 3.247028919658256907e-01 2.627770653729315509e-01 3.144966830245430334e-01 3.446590471603406813e-01 2.819489364260180375e-01
3.144081682299312286e-01 2.839562776318387272e-01 2.893478042368785030e-01 3.309755359519551132e-01 2.945859292451012967e-01 2.848255175880513579e-01 3.235970736411518667e-01 2.871287759736353973e-01 2.905121502747988194e-01 3.006627672266570794e-01
2.801250220375713917e-01 2.880784398034198501e-01 3.195129680823636797e-01 3.177690008758082829e-01 2.810669090020310734e-01 3.039883432035249688e-01 3.055786666744128022e-01 3.064882585339303578e-01 2.901171851268834478e-01 3.072752066600552556e-01
3.196023689471573226e-01 3.030556810999321948e-01 2.908309408452502964e-01 2.631822316745460189e-01 3.279383974895220821e-01 2.866081677557578145e-01 3.141664587140416964e-01 3.084801087682306209e-01 2.884675970923626376e-01 2.976680476132030906e-01
2.743114794815196822e-01 2.968495291600129482e-01 3.030432640211910278e-01 2.959714133554386395e-01 3.602272264200754304e-01 3.159449664273729086e-01 2.850779029293605271e-01 2.850398141707971567e-01 2.948193654583277645e-01 2.887150385759064131e-01
2.940326053631475700e-01 2.564538670896087114e-01 3.388214094450809344e-01 2.908169884197708832e-01 3.148064295586309180e-01 2.902652067680808745e-01 2.769743782464044735e-01 3.023387341398758865e-01 3.172293622887629727e-01 3.182610186806409391e-01
3.088964227105339688e-01 3.336813913746045079e-01 2.735525133076073256e-01 3.012901362204623013e-01 2.786837404422246589e-01 3.107995552230393144e-01 2.883620641655105787e-01 2.973729694833233683e-01 3.003987509129139033e-01 3.069624561597833479e-01
2.640400976577805814e-01 3.013323298674893125e-01 2.958748818016989635e-01 2.854821172414509500e-01 2.959648710127676940e-01 3.135240961840147778e-01 3.293006268222283262e-01 2.920660002991442572e-01 3.197121947894139282e-01 3.027027843240112093e-01
2.947891187141055136e-01 2.856048845061879282e-01 3.048104389389144075e-01 3.102483209951699683e-01 2.944109248882921248e-01 2.939586756312497773e-01 2.848679020367184678e-01 3.225097824906943966e-01 2.926120250592645355e-01 3.161879267394064330e-01
2.857842489968446253e-01 3.166696496154347007e-01 3.318852592759322651e-01 2.927418474891664291e-01 2.826104776061079682e-01 2.927758955092040205e-01 3.218851226863163051e-01 2.945290570811861519e-01 2.810139348876407595e-01 3.001045068521672188e-01
2.924700261585461147e-01 2.943752432446107292e-01 2.938301349149050612e-01 2.754416335588498188e-01 2.754636574041545716e-01 3.148013589219332831e-01 3.362072278154022431e-01 2.802174943946098562e-01 3.264166922589742947e-01 3.107765313280125286e-01
3.297574093531738249e-01 2.737090173166461526e-01 3.146646753537720720e-01 3.171437555934194519e-01 2.806514427777853649e-01 2.774401148923589799e-01 3.287408191286861348e-01 3.285935824349468515e-01 2.739590115357356526e-01 2.753401716134718513e-01
2.859406793050266460e-01 2.921970507848999921e-01 3.169767890134833066e-01 2.690771122753382039e-01 3.203036183254318048e-01 2.815263515702299824e-01 3.073522935922560761e-01 3.121559245384767367e-01 3.017479521573248058e-01 3.127222284375374972e-01
3.095837103367669596e-01 2.868910696169009733e-01 2.874469280335225640e-01 3.001325156006265926e-01 3.130803043031362698e-01 2.929661998661268751e-01 2.719393723543486185e-01 3.419333594722011593e-01 2.939071458460988384e-01 3.021193945702697059e-01
2.744374728184922896e-01 3.451749146611992614e-01 2.909607962212664711e-01 2.882846289497812964e-01 3.248011995661858609e-01 2.930864813543044844e-01 2.951065163395839019e-01 2.909726633381687355e-01 2.897472046263603329e-01 3.074281221246618068e-01
3.218888634223134870e-01 3.031958805655188827e-01 2.542386522452505515e-01 2.903008172329452075e-01 3.305362449950393078e-01 2.754964675463949519e-01 3.034867597091192026e-01 3.206285583263017713e-01 3.050733216622140143e-01 2.951544342948986266e-01
2.931495169269213164e-01 3.348655822223103318e-01 2.940620907243778337e-01 2.811996538060278494e-01 3.104215789915705237e-01 2.814059442910993303e-01 2.984560455672490842e-01 3.210340408353106190e-01 2.788235148787117645e-01 3.065820317564230679e-01
3.050756455627859909e-01 2.872006857316086736e-01 2.969894335618637471e-01 2.950022855151865908e-01 2.690671905581669687e-01 2.984543954042815361e-01 3.258795735657080139e-01 3.011376620334713650e-01 3.028235366810182461e-01 3.183695913859105886e-01
3.273292544757432365e-01 3.132450523812497778e-01 2.745500903087826350e-01 3.404773476310173352e-01 3.332956132304339958e-01 2.846552421543523392e-01 2.717573685427192021e-01 2.896845279851804067e-01 2.839654237256423741e-01 2.810400795648796413e-01
2.749278176998576906e-01 3.021688220393602409e-01 2.967142602227769155e-01 3.139659430704579979e-01 3.120029730695228487e-01 2.973040520374608531e-01 2.985280247557431377e-01 3.061212977572511096e-01 3.256172176544356867e-01 2.726495916931409580e-01
3.115998127439997267e-01 2.724905299448045493e-01 3.126947662469801159e-01 2.701021789857150912e-01 2.832056378117810413e-01 3.526960763225740481e-01 3.102021816772172480e-01 3.108096290221352143e-01 2.780129143927919100e-01 2.981862728520042749e-01
2.898384768549306933e-01 3.002082369296418252e-01 3.062660184891240478e-01 2.850078519684617895e-01 3.218284942018315720e-01 3.117021558775999734e-01 2.653323368932208881e-01 3.045523682213397976e-01 3.353966234468465091e-01 2.798674371169973529e-01
2.902219650880095703e-01 3.255310604404413333e-01 2.933311318338498452e-01 2.918418910081003181e-01 3.323810954764941927e-01 2.861285321525967040e-01 3.267696615748892364e-01 2.955732743166102905e-01 2.869043745261122824e-01 2.713170135828980589e-01
3.000798143864900069e-01 2.863028798646883311e-01 3.033836895459381955e-01 3.015547788935720175e-01 3.017539664619163231e-01 3.014303486158157463e-01 2.878472112641695113e-01 2.981993476346701533e-01 3.085804535926159886e-01 3.108675097401250031e-01
3.489096583115752215e-01 2.950602262804730702e-01 2.775335756696110101e-01 3.558618377255720056e-01 2.876481257918946932e-01 2.993459529682771514e-01 3.269628920614234824e-01 3.000039347797809897e-01 2.327350837925392379e-01 2.759387126188540540e-01
2.879075790731723816e-01 2.870899327759560693e-01 3.633760996773647278e-01 2.895977318642176668e-01 2.599987841562675372e-01 3.376030988279676848e-01 2.889585355914490172e-01 2.655916842537912603e-01 2.756221481835244291e-01 3.442544055962887262e-01
2.680622625312417684e-01 2.898256738802346688e-01 2.953339773915981126e-01 3.086207926841559313e-01 2.989044745506475032e-01 2.709559775832726114e-01 3.024416675633362361e-01 3.293003488911873666e-01 3.041319061166017357e-01 3.324229188077255648e-01
2.850816653934604705e-01 2.818908019426951683e-01 3.227865713825838756e-01 3.101686074129529347e-01 2.901220928568669088e-01 2.834315495110206751e-01 2.837711746820626435e-01 3.225472664841740889e-01 3.263379653209734221e-01 2.938623050132080916e-01
2.893301957707539174e-01 3.275372797007704007e-01 3.133383003967418201e-01 3.147321663488256704e-01 2.993539025606402060e-01 3.061230074171980564e-01 2.916072094813806359e-01 2.881095995208004523e-01 2.786816513782411353e-01 2.911866874246502035e-01
2.956859916092786644e-01 2.924591641921470142e-01 3.116708610808606172e-01 2.973779789776357374e-01 2.911713868238753888e-01 3.325649482979967653e-01 2.749661194514931295e-01 2.757297955335876738e-01 3.335059919941063544e-01 2.948677620390194321e-01
3.038821612839002761e-01 3.013598914699300302e-01 3.006121493607403772e-01 3.301521469747494830e-01 2.803806683142212597e-01 2.668284805956756545e-01 2.976365640803474433e-01 3.136529561036752178e-01 3.108476268133758547e-01 2.946473550033829603e-01
2.905426226673391565e-01 3.108662305392298486e-01 2.877190211282171228e-01 3.177763103941403933e-01 2.963361922457377062e-01 3.084042360958188511e-01 3.374354181800782726e-01 3.072227061227716383e-01 2.632982481182065682e-01 2.803990145084617192e-01
2.828915222362243798e-01 2.926378422810603785e-01 3.041327763638872472e-01 3.246829802546445376e-01 2.825119792016511089e-01 3.306297176908673530e-01 2.905445874351369473e-01 2.655380319362752317e-01 2.939392187806892931e-01 3.324913438195647997e-01
2.835486041424875037e-01 3.119330506562931760e-01 2.760228847298646926e-01 2.863818473571697609e-01 3.023684997877488234e-01 3.045057256483832409e-01 3.056072892806875885e-01 2.970494133700267714e-01 3.068431707904969996e-01 3.257395142368364471e-01
3.387717937104611776e-01 2.668263755067159515e-01 2.737373613879341971e-01 2.873367085937387766e-01 2.839379408342828648e-01 3.475050557982972688e-01 3.131750791766170217e-01 2.807398051678375861e-01 3.045938906132510948e-01 3.033759892108682799e-01
2.703078093736717147e-01 2.952498836321056919e-01 3.057265785594964758e-01 2.941190494254048438e-01 3.096729832211744249e-01 3.093763129251174693e-01 3.060121012505493954e-01 3.175802778312118990e-01 3.116283398925326908e-01 2.803266638887348394e-01
3.101191083781302260e-01 2.998644183481805614e-01 2.664815665621145246e-01 2.851170617485002667e-01 3.573697691033221879e-01 3.152010357487470271e-01 2.851363526557728623e-01 2.908060353861813274e-01 3.316553313027235106e-01 2.582493207663299484e-01
3.117896873454789053e-01 2.781752410150416521e-01 2.973793365509335151e-01 2.951358168173489616e-01 3.023313461050081141e-01 3.132074283862188446e-01 3.097059310097414198e-01 2.860399476526479523e-01 3.092131304747513521e-01 2.970221346428274511e-01
3.111619413466439887e-01 2.832933650091761235e-01 3.121560738456551909e-01 2.621027101738903631e-01 2.900220180937350678e-01 3.448996469526400266e-01 3.019243123100545656e-01 2.937212944644504442e-01 2.945428936149661059e-01 3.061757441887873465e-01
2.782191755097050967e-01 2.941115760796921275e-01 2.871851251405366234e-01 3.045620947047851246e-01 3.068708836469614121e-01 3.048215943231957215e-01 3.088618303223424899e-01 3.031863358313207080e-01 2.970128438605745824e-01 3.151685405808872797e-01
2.919570813239686369e-01 2.771932529802014766e-01 2.768117727476103740e-01 3.083693983164988994e-01 3.412005678360263694e-01 2.934200375484423695e-01 2.922169088074360044e-01 2.924909688348918402e-01 3.162715311461466450e-01 3.100684804587755528e-01
2.806206734038995121e-01 3.200735417571897723e-01 3.134476274368085402e-01 3.014116753955772277e-01 3.026627779766714599e-01 2.959302613335902388e-01 2.792446219763802251e-01 3.032488130363921730e-01 3.115837572172771575e-01 2.917762504662135825e-01
3.112823258450541641e-01 3.155186777320854730e-01 2.929759604640383985e-01 3.272252233014785183e-01 3.012582635613878512e-01 2.891447458992876252e-01 3.042122759303231283e-01 2.996715159301701625e-01 2.934028849432550601e-01 2.653081263929220057e-01
2.757900223759755520e-01 3.178290504434768682e-01 3.040802103616850882e-01 3.002828778254565956e-01 2.733569954740202035e-01 3.053471872844821799e-01 3.209815900849959380e-01 2.791084406582209354e-01 3.169485061090510092e-01 3.062751193826367402e-01
2.979389062752988981e-01 2.826973188643961965e-01 2.989253397915533350e-01 3.073271248330481376e-01 2.797896428256136936e-01 2.969779470395593757e-01 2.958605864818835696e-01 3.152218542932619938e-01 3.238174462536657638e-01 3.014438333417204241e-01
2.720721723513367385e-01 2.705629099760489820e-01 3.142555386942567086e-01 3.335439524621389706e-01 2.884798776072782234e-01 3.014921285790431726e-01 3.274220552390268990e-01 3.014048811856060994e-01 3.009215131062768500e-01 2.898449707989830815e-01
2.889904593730781013e-01 2.798419145416590759e-01 3.111493387926393961e-01 2.844465901490463300e-01 3.207023093839886929e-01 3.196311340821049729e-01 2.835790350186070397e-01 2.721671714926368613e-01 3.110508484014889996e-01 3.284411987647513076e-01
2.789660124299425115e-01 3.176049783916077285e-01 3.167308308107524839e-01 2.996967217162271879e-01 2.733054106292973628e-01 3.089542943505036998e-01 2.887401236693831752e-01 2.992454628789217863e-01 3.264372653591532947e-01 2.903188997642115465e-01
2.935698829224562822e-01 3.068027043428885881e-01 3.102308574535967423e-01 2.676227900322644127e-01 2.980385811952656616e-01 2.977732615696953022e-01 3.010150645433549155e-01 3.051248667960884120e-01 3.261358081278941112e-01 2.936861830164931852e-01
2.802004442340010337e-01 2.925067824597369914e-01 2.836509408722072134e-01 3.411095227241109917e-01 2.747928684602849447e-01 2.961718568389503647e-01 3.098849014745418406e-01 3.056979065561401532e-01 3.138557018961141143e-01 3.021290744839126852e-01
2.873521100540872286e-01 3.165097712631550486e-01 2.931520693275156408e-01 2.917278488522502267e-01 3.226207556067423043e-01 3.027931912184592678e-01 2.795512113888080075e-01 2.876990629937710153e-01 3.328213269074371539e-01 2.857726523877757163e-01
3.039847706654114634e-01 3.137454646644995959e-01 3.071644618208105859e-01 2.760267012243887153e-01 3.214289594058389876e-01 3.172202059293604548e-01 2.635839871333885975e-01 3.135835593489471051e-01 3.024539822943087541e-01 2.808079075130461844e-01
3.081385150529005190e-01 2.887895980888421366e-01 3.044836788581720688e-01 2.908721782953546664e-01 2.965013787574012349e-01 2.940758322898146537e-01 3.070371938434961478e-01 3.109235362567801531e-01 2.966815588995458386e-01 3.024965296576924700e-01
2.990212937755449274e-01 2.927371613721838628e-01 3.114419323322791255e-01 3.174651567751958225e-01 3.037317757718998035e-01 2.941261209850534186e-01 3.088754187107384253e-01 3.003431067377532737e-01 2.873664414075129403e-01 2.848915921318407873e-01
2.894186696250015678e-01 2.735744454558163286e-01 2.814336019603848049e-01 3.342304068881161161e-01 3.128674709776327889e-01 2.933442176192545547e-01 2.729501930846139346e-01 3.087022921345630166e-01 3.287580549811884856e-01 3.047206472734304561e-01
