-1.257834697845535032e+01
-1.335058253301697384e+01
-1.295905142565838375e+01
-1.294115492756512253e+01
-1.317653871549554978e+01
-1.316398210080583553e+01
-1.270059177367654257e+01
-1.279443073785707341e+01
-1.258508475424011763e+01
-1.311680561087456809e+01
-1.304996209738994395e+01
-1.331464524146347905e+01
-1.287252373837257302e+01
-1.294880434162246985e+01
-1.305927090645400312e+01
-1.329511619834536873e+01
-1.293354465182592428e+01
-1.290161031531532210e+01
-1.297626489668457239e+01
-1.302361980338829106e+01
-1.292885830881376208e+01
-1.338076949154389794e+01
-1.287410541921500950e+01
-1.371279014282347042e+01
-1.361091367489056836e+01
-1.271228546442901752e+01
-1.339827142771824064e+01
-1.291903598523757779e+01
-1.296018393429151594e+01
-1.345765238379323847e+01
-1.320155052790320838e+01
-1.300560245742698484e+01
-1.259157784505024580e+01
-1.310956966555798964e+01
-1.289268236482049623e+01
-1.308340510686735492e+01
-1.308738344261298003e+01
-1.255255197503789866e+01
-1.304061128132180514e+01
-1.301748753742425890e+01
-1.263926611107579845e+01
-1.325327407741508168e+01
-1.332730770300141643e+01
-1.303504627500178259e+01
-1.279823212621518636e+01
-1.259953164437764173e+01
-1.321110334296906430e+01
-1.279106751446844470e+01
-1.297304538470749691e+01
-1.326880065314493429e+01
-1.275239675275815898e+01
-1.274449175594153338e+01
-1.313973725674333615e+01
-1.253757988014761615e+01
-1.309340827138908203e+01
-1.338991583174616018e+01
-1.305744435096975486e+01
-1.286918743919712504e+01
-1.278847755808680375e+01
-1.332751619018230649e+01
-1.349501790466654150e+01
-1.298073851257148448e+01
-1.301886692040383053e+01
-1.381478503948216918e+01
-1.246739344430551810e+01
-1.312255022970224339e+01
-1.316939957015014073e+01
-1.322012567229731062e+01
-1.289532212388394683e+01
-1.303939807092709913e+01
-1.284356088516834227e+01
-1.319728529588796917e+01
-1.315190874116671260e+01
-1.302971062733632124e+01
-1.342946944862374181e+01
-1.281880637827726588e+01
-1.302489569388581003e+01
-1.237838572368540468e+01
-1.314413574904698656e+01
-1.329839694463881550e+01
-1.320358530525765595e+01
-1.293142276799258639e+01
-1.268150299445035145e+01
-1.306101959494889719e+01
-1.342371631115921637e+01
-1.315400097868294083e+01
-1.254555791101176077e+01
-1.340783503382976782e+01
-1.291542535624335386e+01
-1.310827276293174037e+01
-1.317065726211131604e+01
-1.295594538544388286e+01
-1.261360311957258951e+01
-1.371846736610311801e+01
-1.241027534773944296e+01
-1.293943198128362049e+01
-1.366132020854156970e+01
-1.368883018173597144e+01
-1.257881614969655715e+01
-1.279663264197229111e+01
