1.413364409133610333e-01 1.783035555754331480e-01 1.378709029465935154e-01 1.353228455847197975e-01 1.415776423856679456e-01 1.229947570946852836e-01 1.543518902044122565e-01 1.523735750423804991e-01 1.443789888708453539e-01 1.601196935429843871e-01 1.201233066837425340e-01 1.400346825008691731e-01
1.651582818974176858e-01 1.412204191284797405e-01 1.278339182935248342e-01 1.730618362075218297e-01 1.176159995992240165e-01 1.488762448179933584e-01 1.541120573185869591e-01 1.385517988460976402e-01 1.583378821178515194e-01 1.240259403346273132e-01 1.380698331767752085e-01 1.426321047469150949e-01
1.594701933879798528e-01 1.369567913239188306e-01 1.651562168555375798e-01 1.371703400800619588e-01 1.568558556498913792e-01 1.401484911883401352e-01 1.306074813774819598e-01 1.501846857070211483e-01 1.406668255572818549e-01 1.436740910654709658e-01 1.330390138971619118e-01 1.323110464469887393e-01
1.387710644497109069e-01 1.379461804082044996e-01 1.600760714147259900e-01 1.661529442048488847e-01 1.659136472734557555e-01 1.016327599428931000e-01 1.478352140275752402e-01 1.551749435971325475e-01 1.347006948375064073e-01 1.481319293982466812e-01 1.353610092074762905e-01 1.390445604103704991e-01
1.513942701531412194e-01 1.554960040583178438e-01 1.225680539072908498e-01 1.624753255868598145e-01 1.333336924637969767e-01 1.530914365986675574e-01 1.368304907827018191e-01 1.292160496477615383e-01 1.575556166155195614e-01 1.218995784905424207e-01 1.554976225791739608e-01 1.486871063116827207e-01
1.480789560701239183e-01 1.391291973508463620e-01 1.484227006604501575e-01 1.826691222650733692e-01 1.482034099772436830e-01 1.401453837285105974e-01 1.346364414140670263e-01 1.481354789331703337e-01 1.091191674339279938e-01 1.364471545875888536e-01 1.559286992950868478e-01 1.386993988657449495e-01
1.397140788711274950e-01 1.410106563561952797e-01 1.389419942029276600e-01 1.386612676447518955e-01 1.593188915428078445e-01 1.270382367986390149e-01 1.347020893763282712e-01 1.469376314321844124e-01 1.543662110405822907e-01 1.366126476806753254e-01 1.449190480423936667e-01 1.636620035656647931e-01
1.357794379911164417e-01 1.552805675821345988e-01 1.110457941917550595e-01 2.102441839540225565e-01 1.218389389336908407e-01 1.567409788651612235e-01 1.590707577761709679e-01 1.425558014909262816e-01 1.109731129423136703e-01 1.694267160570255282e-01 1.336682387679223316e-01 1.331183414857023961e-01
1.370729279143941826e-01 1.577366541146788537e-01 1.545989093323306696e-01 1.183351822565302663e-01 1.568720642020977885e-01 1.433550747844536122e-01 1.429265060309919955e-01 1.395727173231898766e-01 1.300438503314307048e-01 1.294522135874086599e-01 1.508903415210411381e-01 1.669491778826480977e-01
1.348006962331451952e-01 1.610068568178847359e-01 1.549654595551117064e-01 1.445555652073524655e-01 1.583839752816760538e-01 1.491191231926945193e-01 1.356224125148931814e-01 1.368666593514761554e-01 1.348788850149292839e-01 1.561160912137101175e-01 1.250055673178326887e-01 1.350886509128492452e-01
1.754969986492836975e-01 1.430433004017895582e-01 1.297264448029961936e-01 1.535368258187170265e-01 1.261076995159984282e-01 1.529918848806164078e-01 1.101565136264613942e-01 1.487280418976722196e-01 1.555291408627328398e-01 1.377723527397805847e-01 1.569751025625727159e-01 1.398842258654848791e-01
1.534074780103687752e-01 1.537658440351257483e-01 1.256911877103810693e-01 1.466461652628904544e-01 1.314904299035067614e-01 1.737388507102930746e-01 1.153897030243705712e-01 1.736957445653398713e-01 1.399636274142330716e-01 1.339903323840494487e-01 1.729236072048909723e-01 1.131220182307524358e-01
1.552181646649945512e-01 1.513005985098954398e-01 1.437041707695461412e-01 1.367149775549490465e-01 1.368490931119682175e-01 1.595257444066298935e-01 1.399497566394542758e-01 1.495484059005101063e-01 1.342529834507437403e-01 1.305448550638469984e-01 1.489251079712635983e-01 1.386444541270356323e-01
1.308757908352717048e-01 1.474576231877896271e-01 1.426233813847474774e-01 1.290166512738258331e-01 1.456375187636344826e-01 1.392924151625287710e-01 1.535756141125061980e-01 1.482334560307366211e-01 1.462625118709232341e-01 1.298033073111289348e-01 1.650359842307046465e-01 1.480434659549301202e-01
1.378107361901463601e-01 1.341834958569996517e-01 1.415150244801800794e-01 1.527805973867181755e-01 1.333512949395188607e-01 1.435851366390741846e-01 1.356140871275731408e-01 1.549732764328802526e-01 1.384647626122076647e-01 1.468932105989745607e-01 1.462513807816477329e-01 1.596201564588810851e-01
1.551683493566092809e-01 1.654083719693113796e-01 1.192273273754433094e-01 1.607894213348667056e-01 1.106067960349166601e-01 1.724769997543237066e-01 1.423421677298069010e-01 1.207764026914844302e-01 1.622290967994259592e-01 1.524706230658561812e-01 1.390334880909955551e-01 1.322564986845888857e-01
1.422980134717911904e-01 1.553874778908813648e-01 1.490012039924180354e-01 1.198694173897788401e-01 1.335431756916780066e-01 1.443160564258018919e-01 1.547545776168623433e-01 1.519856972181928556e-01 1.251992183715530393e-01 1.305220892166375213e-01 1.679639467315460488e-01 1.530283107591644820e-01
1.409337458416005662e-01 1.187653721762220727e-01 1.726582378224075787e-01 1.407440743563647123e-01 1.318589120351969235e-01 1.299400280567282184e-01 1.655700903559325365e-01 1.535124130664831665e-01 1.353499117813756203e-01 1.576660895362690384e-01 1.335331238238044449e-01 1.483928512379562026e-01
1.209107269377406174e-01 1.710307427542297198e-01 1.477756695326237213e-01 1.215682063069768726e-01 1.689136470835189974e-01 1.290254695618512637e-01 1.574181411397379549e-01 1.498964465072767649e-01 1.281476470080573637e-01 1.382937182023806499e-01 1.267710677921578821e-01 1.719907864069089298e-01
1.387418097756521196e-01 1.429017709612440401e-01 1.337100942767170675e-01 1.240464032671488720e-01 1.795816248891288214e-01 1.421660470335587290e-01 1.446644031403655495e-01 1.364389882276814125e-01 1.503169823699500307e-01 1.517527345592285248e-01 1.421042266300748258e-01 1.407493446688865557e-01
1.177628249851205011e-01 1.597017794955073178e-01 1.350762289335112887e-01 1.618592796810648660e-01 1.172457285494074297e-01 1.581673610166479671e-01 1.440746517314915320e-01 1.226659600179464960e-01 1.622901554582879546e-01 1.584735302584954764e-01 1.337747711802713957e-01 1.598812491183645712e-01
1.207894116814832164e-01 1.527828207195419119e-01 1.483431190567011393e-01 1.559933642882457006e-01 1.321040452096857998e-01 1.728083689212919771e-01 1.338860358463268285e-01 1.317792209681803994e-01 1.674128177173675458e-01 1.394108034577699329e-01 1.516413424756812289e-01 1.225369722187979182e-01
1.415847200305304643e-01 1.451677125064761986e-01 1.551781202566231421e-01 1.317828126884659223e-01 1.331298213667049257e-01 1.696613777782031984e-01 1.338720327592054504e-01 1.337323361039564618e-01 1.459391377357616981e-01 1.339561594264667421e-01 1.342799332248718058e-01 1.691926152368233571e-01
1.424559427829766856e-01 1.329823701870272712e-01 1.392451010097734143e-01 1.448011583993914775e-01 1.518520618282731272e-01 1.469407538819318126e-01 1.638633622380877841e-01 1.335989559568681040e-01 1.374407768551897946e-01 1.575754758101597375e-01 1.239062583168739906e-01 1.515688855196572482e-01
1.594444177949937147e-01 1.499853893157011009e-01 1.506019994352537361e-01 1.318663332095002250e-01 1.495555910415155565e-01 1.322256893384781695e-01 1.415247593316250330e-01 1.206604752381620488e-01 1.410797589019774367e-01 1.418998487007752940e-01 1.769458759728876895e-01 1.323911278981649287e-01
1.367708138701993481e-01 1.502568349373435141e-01 1.472705855924752449e-01 1.429136873175118339e-01 1.512157111007124410e-01 1.372060632152981297e-01 1.610421325443569807e-01 1.458877266074328216e-01 1.567307510786646041e-01 1.361893748817742389e-01 1.298239465339458276e-01 1.302625774354166932e-01
1.464433887517688493e-01 1.400067889677799604e-01 1.328006257791986833e-01 1.420594074296386011e-01 1.556493528675027271e-01 1.360864288458269455e-01 1.418001418578152262e-01 1.556882208590445738e-01 1.337939293505148175e-01 1.424873995068078325e-01 1.582167299817495432e-01 1.400044074792970716e-01
1.273142774275743405e-01 1.331574216195159921e-01 1.399057547578160254e-01 1.436167572215486243e-01 1.429771754914238857e-01 1.466044564036926845e-01 1.424343827860234113e-01 1.598978038478835462e-01 1.268065712163559122e-01 1.640664906186636574e-01 1.197128531992290162e-01 1.838980399900616569e-01
1.539989402668541507e-01 1.440513637456728446e-01 1.378755284209979837e-01 1.330888695781123343e-01 1.542221568355627015e-01 1.348368852850592992e-01 1.344072953618230537e-01 1.523354315103986611e-01 1.304090582035843104e-01 1.676948896873057815e-01 1.496242880010200949e-01 1.338029529678389229e-01
1.408711330326563871e-01 1.335509738464367713e-01 1.506606406477757620e-01 1.371720936017045145e-01 1.513230144825199741e-01 1.544764482011208584e-01 1.545869642364638141e-01 1.220817579102863176e-01 1.509849879956467467e-01 1.278865593153297731e-01 1.600604097254179348e-01 1.429491527927218841e-01
1.327316497855332844e-01 1.466891999092250209e-01 1.308922983863186895e-01 1.886014650753954913e-01 1.030337207039202507e-01 1.404120446729326399e-01 1.648442858416418189e-01 1.383307211767813016e-01 1.610648769811801606e-01 1.303007449517679384e-01 1.616644089330420975e-01 1.354541608484348680e-01
1.379157671572651123e-01 1.542729374060296255e-01 1.351239413618386398e-01 1.436244149897212274e-01 1.535706099068119557e-01 1.427824871867607870e-01 1.452254974838062818e-01 1.455879503695024779e-01 1.424592841010786370e-01 1.508802226693763682e-01 1.278992909327672234e-01 1.453614072094756016e-01
1.381179775155573775e-01 1.310466093519864483e-01 1.528913641329978645e-01 1.349119439849230939e-01 1.500663979018838079e-01 1.556093703396647099e-01 1.308813726095696128e-01 1.431164749583494211e-01 1.452959631902827065e-01 1.593645683514977041e-01 1.411593225323297118e-01 1.428494120627491204e-01
1.460208252842181698e-01 1.443779884978676209e-01 1.338400562347866196e-01 1.728037953458362863e-01 1.186044738318459829e-01 1.313895140497928493e-01 1.760832685574822976e-01 1.215205748084108445e-01 1.366350628353549812e-01 1.508249082926757523e-01 1.572506698223623545e-01 1.410824549820052232e-01
1.544833181084832030e-01 1.433978564447097037e-01 1.223825587508171053e-01 1.706476708229076045e-01 1.430454054793916796e-01 1.284765091643746970e-01 1.230330950383814459e-01 1.407611034759402302e-01 1.567920287533908497e-01 1.330644105717712078e-01 1.593896859572167812e-01 1.530864401072902781e-01
1.244260690960450333e-01 1.451156117159738412e-01 1.341292373629703050e-01 1.577870675013404722e-01 1.465733674410071297e-01 1.454476045322670164e-01 1.582952173390373973e-01 1.343071849029178477e-01 1.405173402283762252e-01 1.581600966604839453e-01 1.266996681760755861e-01 1.552522886223428045e-01
1.551476662893651604e-01 1.513372786785856516e-01 1.403242483753430470e-01 1.435167206459797284e-01 1.498014138826986308e-01 1.335041152171659862e-01 1.379734059784943068e-01 1.623018657067726023e-01 1.635073410658785809e-01 1.044271524108414673e-01 1.223060270383080073e-01 1.669199415068315373e-01
1.158593168892592257e-01 1.646518699679242193e-01 1.515595201146088811e-01 1.535320033029722309e-01 1.480824216672952387e-01 1.278914586236763740e-01 1.354421528406828390e-01 1.301999296263745831e-01 1.441200040475132949e-01 1.433824035264890939e-01 1.477640312733909944e-01 1.657811311104841479e-01
1.160916114730229931e-01 1.497167919436918349e-01 1.685168330919758206e-01 1.226112770479720199e-01 1.588578028503102868e-01 1.362683571501434321e-01 1.362786467269613000e-01 1.668816559201243832e-01 1.410811959795831017e-01 1.356274184544750128e-01 1.615646664692870493e-01 1.363749298612218219e-01
1.427554932993568282e-01 1.449638100887432612e-01 1.306210211060568893e-01 1.378256289697379344e-01 1.546175964115255597e-01 1.566025500384629621e-01 1.303595173294594123e-01 1.497968195777029665e-01 1.423930834969772408e-01 1.528208758395886713e-01 1.343665206338923446e-01 1.481398668669085539e-01
1.574205845381796698e-01 1.424510922480303476e-01 1.489954878917041925e-01 1.113128461367660360e-01 1.755725056345401047e-01 1.273773772955967276e-01 1.600409867260201846e-01 1.478840582029557205e-01 1.347543200658316564e-01 1.514945136251621138e-01 1.274698175823432700e-01 1.452267977335810756e-01
1.486414929617653480e-01 1.366486390868006662e-01 1.868560466974388823e-01 1.493638493251535360e-01 1.336059108355693026e-01 1.343236069903633034e-01 1.334766664463287456e-01 1.342908067417674933e-01 1.528292705967559117e-01 1.080773041401884710e-01 1.857775058053344475e-01 1.304830453788735911e-01
1.603644901153333802e-01 1.332780419920409076e-01 1.315430011625095819e-01 1.477227412944007723e-01 1.558841423267664505e-01 1.553854261058991715e-01 1.398336540155001029e-01 1.716367943591286804e-01 1.148074290672934095e-01 1.527275422382962378e-01 1.197123510772216126e-01 1.469334747160382648e-01
1.356436203691540610e-01 1.438152588234722362e-01 1.392623945268238184e-01 1.569366295009809731e-01 1.184666346159965605e-01 1.517462993754941092e-01 1.381989011514356824e-01 1.366195578175861680e-01 1.479727391182967811e-01 1.475883097048854009e-01 1.716740917556084378e-01 1.392227097532736102e-01
1.600240353209398669e-01 1.476911278491509494e-01 1.387548993590293767e-01 1.317066257296627685e-01 1.467140790882497658e-01 1.470683047148462763e-01 1.367141039204781416e-01 1.433770726851209265e-01 1.251112898267162932e-01 1.646334437421500818e-01 1.315303509251383451e-01 1.531558389023865430e-01
1.316182900043701143e-01 1.565507957842999787e-01 1.642584120749917276e-01 1.366470873373116790e-01 1.375807628845785724e-01 1.346952308934159515e-01 1.593893418600374479e-01 1.400263792330094514e-01 1.297810496040050499e-01 1.439479527693185157e-01 1.454264844961706549e-01 1.461907112979779488e-01
1.311707256541319866e-01 1.299580630438471884e-01 1.265599918494765552e-01 1.469781394071462965e-01 1.702252636936854302e-01 1.239483334348249893e-01 1.669555127065392441e-01 1.385330860955398813e-01 1.672225112460563046e-01 1.208073520712647231e-01 1.586550800871823763e-01 1.496979223011423721e-01
1.402845788523204296e-01 1.373581507598380935e-01 1.624958285911699551e-01 1.687258980124732299e-01 1.324636528454360973e-01 1.323661458173856220e-01 1.392314635108093390e-01 1.361082846557992720e-01 1.667651175691997334e-01 1.155776132290169123e-01 1.727501885326638009e-01 1.268710141757313781e-01
1.442075573711679437e-01 1.550862093105380979e-01 1.422643748512997797e-01 1.532499493613471153e-01 1.457470540753900146e-01 1.288963615743039248e-01 1.389918176835477914e-01 1.380598036656591754e-01 1.471721591573429966e-01 1.425853123003914535e-01 1.165403308076063682e-01 1.750669152599857170e-01
1.287559778195070392e-01 1.496114889691801397e-01 1.196934528345931226e-01 1.845784508918131561e-01 1.335851985483506588e-01 1.372475132296689937e-01 1.660241936809497554e-01 1.326448409372475712e-01 1.492713685684954605e-01 1.372764402331960454e-01 1.332313328694616772e-01 1.585593477755221636e-01
1.459659152699130935e-01 1.486247704967648964e-01 1.145637422470814071e-01 1.323285928463990846e-01 1.651738687920372151e-01 1.211176180542099384e-01 1.519782175264595969e-01 1.488545332817041988e-01 1.474551681422147931e-01 1.441528766114118232e-01 1.344547936084243001e-01 1.750808896384498659e-01
1.476103177483844564e-01 1.292126509002079204e-01 1.569817416086653761e-01 1.306386732984466670e-01 1.437081350450817030e-01 1.645106290839367935e-01 1.235708830954958815e-01 1.597255779351578753e-01 1.481975982885732901e-01 1.398858078984809572e-01 1.430286382599222361e-01 1.398089269018728265e-01
1.249379612642449872e-01 1.403669778236643906e-01 1.595647333779845467e-01 1.416460623774020156e-01 1.468700131510569107e-01 1.516655227656520388e-01 1.475456943465657811e-01 1.473279912150549098e-01 1.181526920849498424e-01 1.670038948552281521e-01 1.531087364489558678e-01 1.297228591843641032e-01
1.216965226474456263e-01 1.329500136291487111e-01 1.335106723779303506e-01 1.328882677299055570e-01 1.346342444215917478e-01 1.516467622169662133e-01 1.454388269460159255e-01 1.619768250540260801e-01 1.566589099549927089e-01 1.471119471334021711e-01 1.515053782184895559e-01 1.567806531710153328e-01
1.670260061950052666e-01 1.191206986260729128e-01 1.659069120237181283e-01 1.158600283748684456e-01 1.607702401895465538e-01 1.221765447785689018e-01 1.283291388554661239e-01 1.905116920154857063e-01 1.389242142489127418e-01 1.643550085124450277e-01 1.234055875697555593e-01 1.396149846536315908e-01
1.369175623493921190e-01 1.375852737500228296e-01 1.511592440940492110e-01 1.327120801594267874e-01 1.564603804559572819e-01 1.504881322347810524e-01 1.222989785826985726e-01 1.458093983016812700e-01 1.662775591550347265e-01 1.292295788154852743e-01 1.352776539342634421e-01 1.634730466840734198e-01
1.490074303999781580e-01 1.376736298173485973e-01 1.777891816675036540e-01 1.302789353910768222e-01 1.772095013663695373e-01 1.369923104027478689e-01 1.429353011866302814e-01 1.321892304349991942e-01 1.389709098255810238e-01 1.291359867970131303e-01 1.393945686509960868e-01 1.374898027819087820e-01
1.384998491020440758e-01 1.412990642827927912e-01 1.320883532704735519e-01 1.375794365480110804e-01 1.480342577332076082e-01 1.402792183216479138e-01 1.680957944955633054e-01 1.405201165635603655e-01 1.224314671689981093e-01 1.834310941438518361e-01 1.245542869767335692e-01 1.529673520141835441e-01
1.527281148352425677e-01 1.450487485835932622e-01 1.041262076241892820e-01 1.283140126445718177e-01 1.532207133221109019e-01 1.379539871808783125e-01 1.955264976708003255e-01 1.418997469167091185e-01 1.246047972750821825e-01 1.801874382968462751e-01 1.335186771327880884e-01 1.387834023386868287e-01
1.164842975224396338e-01 1.832208119842117233e-01 1.129312839965217058e-01 1.436407276746646811e-01 1.394273069473099258e-01 1.435101080280771491e-01 1.489862622282743798e-01 1.202568324296731106e-01 1.448988242766894030e-01 1.658473826170124843e-01 1.390391312960848336e-01 1.758895277971727622e-01
1.334552297983038205e-01 1.283195391496746163e-01 1.621521694655488066e-01 1.470664719931844000e-01 1.379947581070368190e-01 1.339630547535288485e-01 1.315109969810268065e-01 1.599373079574523404e-01 1.602076322941070330e-01 1.398676160684015901e-01 1.285342869129508792e-01 1.647443383297523545e-01
1.544509277284525361e-01 1.582520102801824868e-01 1.416659868063077088e-01 1.523223024744711773e-01 1.368440943273817045e-01 1.408054180896388397e-01 1.285849268087290165e-01 1.411224356376658273e-01 1.466370222028387516e-01 1.325164363641911369e-01 1.509712315248894487e-01 1.409921442307039419e-01
1.326707360206841602e-01 1.669894366724744006e-01 1.249209978316861841e-01 1.249723132783704116e-01 1.701078609945629594e-01 1.302545407535773414e-01 1.517678462099465719e-01 1.496983578077552834e-01 1.445810668975021640e-01 1.710965110366394204e-01 1.307800908629238867e-01 1.321979152803279267e-01
1.365075459076466324e-01 1.439099868005131455e-01 1.493509149523526425e-01 1.351907424108010347e-01 1.284294271609251470e-01 1.552443482586557955e-01 1.277277606351702177e-01 1.567881051539775639e-01 1.360249535871113913e-01 1.482224997136127875e-01 1.663255421724337546e-01 1.427563798574382758e-01
1.308044398578071255e-01 1.476785886857371333e-01 1.335017126839184165e-01 1.462162790958584369e-01 1.388160518447261460e-01 1.690659734247159374e-01 1.279547015332642701e-01 1.690375272391356209e-01 1.338625512503988091e-01 1.265394104566822109e-01 1.392653183460441924e-01 1.661479457417288086e-01
1.305810929214366589e-01 1.575789906632830695e-01 1.207929496405437675e-01 1.385127348866851682e-01 1.436641392579161014e-01 1.439266263168190452e-01 1.485120460463663361e-01 1.408586513546482288e-01 1.471878999731322246e-01 1.552295736300132178e-01 1.819697251789957337e-01 1.206278954855005692e-01
1.292096542347108135e-01 1.427523534503758185e-01 1.315655289982177734e-01 1.850953431615035005e-01 1.530816837802664310e-01 1.336629608106615907e-01 1.558426964897568767e-01 1.481560380103495445e-01 1.235728715125963967e-01 1.383424384646382010e-01 1.467084647481383952e-01 1.408853156609822244e-01
1.489029234479750385e-01 1.475457339093475817e-01 1.467563059838475348e-01 1.544251950314051713e-01 1.486002279763955491e-01 1.283829148752392846e-01 1.473229030899686487e-01 1.326442269264716534e-01 1.212566337436875169e-01 1.294056285272427720e-01 1.789238445847048942e-01 1.441118823800592585e-01
1.409286789456589972e-01 1.258656215821881141e-01 1.733081369019604800e-01 1.072256950935185082e-01 1.684677757350069027e-01 1.276475337959548373e-01 1.475914100513494587e-01 1.440192021865127625e-01 1.471988046026429520e-01 1.575477489250760310e-01 1.520865461194286505e-01 1.392908868301679370e-01
1.557231236679704756e-01 1.370336446038259437e-01 1.603105184631931357e-01 1.230947445405662088e-01 1.589788849079982469e-01 1.157586724710030490e-01 1.358385494899060630e-01 1.771355884849805662e-01 1.379614562493977903e-01 1.468842520228260118e-01 1.357568745348495531e-01 1.452758656428134454e-01
1.307891110916526989e-01 1.466209690857397108e-01 1.343305492914526611e-01 1.499663158636608540e-01 1.509109805758146738e-01 1.483552843460478055e-01 1.516720832251483297e-01 1.497747733592098007e-01 1.408849206354512995e-01 1.590455397530619319e-01 1.351452010880271337e-01 1.279863997277653764e-01
1.219589504343250863e-01 1.418511734784186629e-01 1.700878040526545565e-01 1.298138157059407216e-01 1.400699633138197675e-01 1.296040384185576377e-01 1.512091734144098421e-01 1.455639577454247158e-01 1.307167416074399569e-01 1.625238263285659068e-01 1.503825732762495704e-01 1.542479749412930812e-01
1.488373788273504583e-01 1.426458511713956656e-01 1.336241647722901937e-01 1.489298284164786157e-01 1.516698051995938323e-01 1.416860449276879375e-01 1.433527160307153103e-01 1.510323773953656246e-01 1.324615479840221544e-01 1.607944810886655362e-01 1.366007700030174854e-01 1.334944726032296913e-01
1.475203196295976071e-01 1.338419190444693763e-01 1.434874439887095510e-01 1.176572349297394793e-01 1.344983851463905089e-01 1.690077758803733010e-01 1.424780323754384348e-01 1.584396350649553142e-01 1.301660509746797034e-01 1.507582476854348319e-01 1.666793710645430582e-01 1.339960996612930277e-01
1.587848710566023280e-01 1.448049951703588856e-01 1.440684981385960683e-01 1.299926113802736816e-01 1.401222163067850357e-01 1.500773614097843101e-01 1.249169437887828749e-01 1.453580083271756862e-01 1.366240925968407738e-01 1.525596603123209327e-01 1.607460052637289805e-01 1.379032050713516477e-01
1.289273233827198661e-01 1.289799571629111352e-01 1.514789431003620845e-01 1.692979893504754640e-01 1.371123382479091934e-01 1.466137702940742693e-01 1.631052972621904462e-01 1.445431193173164208e-01 1.491545072480046641e-01 1.326293646599779608e-01 1.443314375047623221e-01 1.309103857440228891e-01
1.520346337685550553e-01 1.275401197918432372e-01 1.622862257859847279e-01 1.501171896499548797e-01 1.343019749028631638e-01 1.276493406263163044e-01 1.463424671934391019e-01 1.648079410419541202e-01 1.221723274525814279e-01 1.543587407341621975e-01 1.459498950760309555e-01 1.401490577018694728e-01
1.234000270160473950e-01 1.567028158443922181e-01 1.354511270874396434e-01 1.469707441785145230e-01 1.637510935096717080e-01 1.367508289289531553e-01 1.477752459485040248e-01 1.442574420172917926e-01 1.586451733411721743e-01 1.213200244013443591e-01 1.483401958299358780e-01 1.438776525110663507e-01
1.422952800993489697e-01 1.369725007749952594e-01 1.590696153683006653e-01 1.308173053733345248e-01 1.313839182327668220e-01 1.500738718519656067e-01 1.239473640401671933e-01 1.860257203001232651e-01 1.207408703908960379e-01 1.494751128970917831e-01 1.494665904782224997e-01 1.498163240495965498e-01
1.580421725010623113e-01 1.438765442623534396e-01 1.331984658646466757e-01 1.543694633802351057e-01 1.355517623978213237e-01 1.406781798597177002e-01 1.563927307055086868e-01 1.419515074195270565e-01 1.359635338035079799e-01 1.295490055784682681e-01 1.689712124939598548e-01 1.284275149483885270e-01
1.537362411696904241e-01 1.457555447294273387e-01 1.565267265461929846e-01 1.278131520660781006e-01 1.559107249316782629e-01 1.597168116065569299e-01 1.164621728430567937e-01 1.602178150634965548e-01 1.397116753601708172e-01 1.343014232944788056e-01 1.494446408492229317e-01 1.286132340951901543e-01
1.475914980679917388e-01 1.336554935465548988e-01 1.435317744751719304e-01 1.386712869742702248e-01 1.468273931845574254e-01 1.513594899114536763e-01 1.401291062441095692e-01 1.459458527477289214e-01 1.393440265124647470e-01 1.359493402731745404e-01 1.507028868534962818e-01 1.505070852046791752e-01
1.492712552321963371e-01 1.394257115215510878e-01 1.510176287242335214e-01 1.422847371778302727e-01 1.386359110959786978e-01 1.325640866492169556e-01 1.419230615977868926e-01 1.309557728134025656e-01 1.314937892796109176e-01 1.745069295482497007e-01 1.499055412009041854e-01 1.443801534013426369e-01
1.262685914245114394e-01 1.472634600734977206e-01 1.629910603267989977e-01 1.437893556626471947e-01 1.398673032570195152e-01 1.509165832821944275e-01 1.324808606099872887e-01 1.506995805124936860e-01 1.384855615492630587e-01 1.566363932700292894e-01 1.494477282873264701e-01 1.274079735263790036e-01
1.314608241927214538e-01 1.521586402807384442e-01 1.677175938277431499e-01 1.230904730268754660e-01 1.562693450862248923e-01 1.319066037015060311e-01 1.556211381454746523e-01 1.281377990648467358e-01 1.340053127621687878e-01 1.558404861956283749e-01 1.372666056114117128e-01 1.545725027879297497e-01
1.498727506230947970e-01 1.434158510302095402e-01 1.400219394025518926e-01 1.495602626299914195e-01 1.120794299990070242e-01 1.587999425417116472e-01 1.436341842020121273e-01 1.701090309481600449e-01 1.454241988533119534e-01 1.307705562666794663e-01 1.560876579411923371e-01 1.288399123463732365e-01
1.308792880527718527e-01 1.405505707223668466e-01 1.410724790656551764e-01 1.417073092487638464e-01 1.277683826959053470e-01 1.446952257032874112e-01 1.337914520808394236e-01 1.425330702234112734e-01 1.430999164639538412e-01 1.606412789604435010e-01 1.602692441436575077e-01 1.590183310789969606e-01
1.136925300219576163e-01 1.527208376407683255e-01 1.444550922877098076e-01 1.336131145402794373e-01 1.516954518602325885e-01 1.625100403705854180e-01 1.389059084559997603e-01 1.206901703027837280e-01 1.450879017291371864e-01 1.597031918758551328e-01 1.291650871302307824e-01 1.787588531638453215e-01
1.343119991817218473e-01 1.601651172739124995e-01 1.453939613374428397e-01 1.251476327068133387e-01 1.483239392296321901e-01 1.434535461279937418e-01 1.423262461449735505e-01 1.227948681683351251e-01 1.604821662437319885e-01 1.352761324433858214e-01 1.446611300577137771e-01 1.650566598834372900e-01
1.498330659628040462e-01 1.578585117519870351e-01 1.526815409168262028e-01 1.522198381885641327e-01 1.229794271384337251e-01 1.569757059165489688e-01 1.322337993600722905e-01 1.324974683493887195e-01 1.415966115163699579e-01 1.425223612283399721e-01 1.543761427004818332e-01 1.307573471365050533e-01
1.306340199740110009e-01 1.428364830129560392e-01 1.643836921600047019e-01 1.361008091595311553e-01 1.377886040769260301e-01 1.444288194997982444e-01 1.491192440552548959e-01 1.380190069687608212e-01 1.454363797422140170e-01 1.536754306464504227e-01 1.397732446054621991e-01 1.429330917041499727e-01
1.454079352241400003e-01 1.320078700307523167e-01 1.568847559505771316e-01 1.556612688757451624e-01 1.510529862455670669e-01 1.087851661535431808e-01 1.679949294549719918e-01 1.296407708255787050e-01 1.315288733754432227e-01 1.763887922572848488e-01 1.271816875397089874e-01 1.490749225690639335e-01
1.286043152047592064e-01 1.659914027729023633e-01 1.326077972460355248e-01 1.451741711994969375e-01 1.427939596868222083e-01 1.197115455726279060e-01 1.475857216394436955e-01 1.461847617452133874e-01 1.177618250235834690e-01 1.858768247682986430e-01 1.249080448910260266e-01 1.766151491626757608e-01
1.191160056396014938e-01 1.548762160397835763e-01 1.714900167883316173e-01 1.241477627677610440e-01 1.583099430205741065e-01 1.354143567810288662e-01 1.450938234069281130e-01 1.535566534474576139e-01 1.369795359000459123e-01 1.380036460832530509e-01 1.590772773355679792e-01 1.328254792835158737e-01
1.445490546835298540e-01 1.434951084563681478e-01 1.526812212939404056e-01 1.375519827444064702e-01 1.395169378748337130e-01 1.366159485465358869e-01 1.398478825494268996e-01 1.375172708272302813e-01 1.594407672060676739e-01 1.233175037774944666e-01 1.499788553385596745e-01 1.614493375599076463e-01
1.695525397896447406e-01 1.471715367912391770e-01 1.339692224375807761e-01 1.397085582259452174e-01 1.651566009629505949e-01 1.489077964424977973e-01 1.306281937464678633e-01 1.335044865756147281e-01 1.498384876722962944e-01 1.513054314541579515e-01 1.261811727965886643e-01 1.316502584196828640e-01
1.410372641753115663e-01 1.885595888900246930e-01 1.451170599533158356e-01 1.270514645670918763e-01 1.521858173346793408e-01 1.288438396990592150e-01 1.427342862268890233e-01 1.383431773504894269e-01 1.438826412728231030e-01 1.389507638372672327e-01 1.349904345815153284e-01 1.467045234356058325e-01
1.546343400492139752e-01 1.576595138366868598e-01 1.239794454349532060e-01 1.557883313621262478e-01 1.537513643264732666e-01 1.226369579615003147e-01 1.276883812200950985e-01 1.683457167285609402e-01 1.517622034173368994e-01 1.519640349331688733e-01 1.445915641701005505e-01 1.170190037095737989e-01
1.427931957833261933e-01 1.412116923117013034e-01 1.436130767703041322e-01 1.471655570062565255e-01 1.310972950150076644e-01 1.652091937134496646e-01 1.310077738138174519e-01 1.391859297407636031e-01 1.443874558074976777e-01 1.754645200416077022e-01 1.374581980580043827e-01 1.288416679506779738e-01
1.402887565027908789e-01 1.396237922561771871e-01 1.091402344964301219e-01 1.395720978623903874e-01 1.585393830173458529e-01 1.290288579447199935e-01 1.673479674928184946e-01 1.439244739007745633e-01 1.646642787788912821e-01 1.458298937498900827e-01 1.539914587944408719e-01 1.372207224834444683e-01
