6.485621908086073792e-03 8.850600790400836929e-03 6.544876819341816435e-03 4.613881706513984701e-03 3.984905885647674513e-03 4.212259365953113614e-03 6.015336421221536417e-03 7.387709932379594654e-03 7.078110282130227471e-03 5.776519381597032543e-03 3.899356541563829895e-03 4.365083984084607710e-03
7.269317043669125573e-03 6.071075569505091953e-03 5.276697083455051361e-03 5.719106147054361586e-03 4.705552026133659471e-03 5.530746176174194603e-03 6.595901240077172920e-03 6.466618998044783469e-03 5.700885954667881360e-03 4.196380939005165712e-03 4.478809838049215356e-03 5.970502440864977264e-03
6.118047885537350634e-03 6.489647755031077020e-03 7.091590102571608371e-03 6.393886536945222326e-03 6.180704842368541646e-03 5.194776599337671413e-03 4.859701042157221415e-03 5.598527810508786666e-03 5.726336163730885026e-03 5.154903653076341012e-03 4.492167296452092076e-03 4.772235873632017962e-03
4.504154488834640965e-03 5.516442194583559208e-03 8.367669419326108013e-03 9.532732895849532068e-03 6.350493841024772851e-03 3.420463673354370415e-03 4.444395639987032409e-03 6.093126183016884558e-03 6.101409118767910783e-03 5.639458826198271227e-03 4.825542142582296169e-03 4.447949668973044147e-03
7.019895992757443914e-03 6.014050665148097143e-03 4.903214555741573777e-03 5.774293350465417758e-03 5.807536419728056426e-03 5.880555673491855151e-03 5.077256469036715326e-03 4.704339477480860496e-03 5.044576584904841843e-03 4.774028710303496181e-03 6.021306192882790176e-03 6.975582098356127199e-03
5.472837721990796503e-03 5.395072314103578973e-03 7.308747886384859595e-03 9.741866473872661664e-03 7.544088500779105692e-03 5.440265230790419446e-03 4.460762162793735150e-03 3.949502875213574057e-03 3.295841662185099163e-03 4.467915762648388273e-03 6.182112608307710651e-03 6.131798663322579959e-03
5.961261098387042254e-03 5.048685031530530595e-03 5.056305637122551419e-03 5.687015063872367590e-03 5.948210667728526767e-03 4.656857572939095830e-03 4.639852637244302330e-03 5.646947082214576544e-03 6.205092095048755918e-03 5.711149448442823240e-03 6.298876606318823401e-03 7.108125480265953602e-03
4.449147635307036663e-03 4.960583917697328898e-03 5.359428743878289110e-03 8.411598702355301688e-03 6.498299131197420031e-03 6.777213534368969894e-03 6.443125696476403527e-03 4.930887957560422565e-03 4.022083638335231977e-03 5.609202627552493242e-03 5.266920973508280521e-03 4.747063665539935813e-03
6.959254729564911743e-03 6.729125744842002176e-03 5.672263800589664312e-03 4.519297890104220609e-03 5.632008685614423721e-03 6.235665022183445663e-03 5.803885586425154043e-03 4.629951895848565674e-03 3.830228413686289409e-03 4.294558873674141249e-03 6.331797026255341770e-03 7.812430554679634237e-03
5.051000242420409202e-03 7.123865666167768576e-03 7.486491146264937294e-03 6.951629256999475488e-03 7.007427853238266599e-03 6.129183837362047610e-03 4.878908120608200019e-03 4.711928048726847854e-03 5.215923119275365540e-03 5.567321195890860032e-03 4.323766922897018944e-03 4.121036033559165659e-03
8.137942685031525000e-03 6.329385259579785490e-03 4.987800355745281022e-03 5.154028625729047304e-03 4.613875104266695025e-03 4.375630307787711261e-03 3.770480904134853456e-03 5.228752997639356248e-03 6.460486385364833453e-03 6.152159776953492788e-03 6.317256935826435701e-03 6.984777569283958688e-03
5.643608495588354687e-03 5.815860313331273207e-03 4.711430594826511789e-03 4.840171126726936120e-03 5.295706859347198286e-03 6.296936207759283241e-03 5.416425308842302312e-03 6.619112074971246137e-03 6.152281193516194284e-03 5.873081341317299559e-03 5.978021078284702534e-03 4.766796679719085932e-03
7.075666592535949546e-03 6.774495930309170147e-03 5.483336276657229356e-03 4.748098568611238031e-03 5.284130051453224224e-03 6.672575262200866955e-03 6.470056075203896133e-03 5.680800385685829366e-03 4.554707728263051279e-03 4.339541839091628356e-03 5.165461731269848158e-03 6.011114058742979792e-03
5.279509147668358382e-03 5.224272770942497632e-03 4.979533744012297480e-03 4.550874513064099777e-03 5.058342959063662214e-03 5.781345306745622192e-03 6.707330102644707900e-03 6.295658546666799485e-03 5.463750762726121701e-03 5.374250550767950899e-03 6.846780106242746598e-03 6.368868315668914371e-03
5.333111063663203803e-03 4.755630921490767646e-03 5.306486084362506579e-03 5.902465015298459516e-03 5.235336393880053729e-03 5.104514587323630802e-03 5.274081994437290234e-03 5.940744800031106873e-03 5.656171003816427845e-03 5.985510789441871558e-03 6.631109093032516201e-03 6.806728040665253887e-03
6.836002554757880136e-03 7.150994246701534995e-03 4.898095155426057321e-03 4.615712439294383969e-03 4.445752868083992573e-03 6.313346078032374027e-03 5.632310661529633770e-03 4.944928401972080965e-03 6.337020777126178145e-03 6.464359187604752296e-03 5.146100801655990528e-03 5.106221210791508577e-03
6.870477071017457374e-03 6.565199765964774975e-03 5.147693927732477706e-03 3.642837470490173195e-03 4.067281835848741631e-03 5.931595361433833827e-03 7.379434529569644033e-03 5.994663701329575045e-03 4.121288107872209290e-03 4.590675176375196356e-03 7.057134653693432347e-03 7.571734863541831027e-03
4.728919326657362449e-03 4.917096057400973871e-03 6.783114342653188619e-03 5.687202380384173521e-03 4.344278387114360561e-03 4.730759705863818096e-03 7.032164300985882521e-03 7.240992372880714067e-03 6.052053566914485788e-03 5.920103256974390896e-03 5.421934216709520769e-03 5.201774587038843906e-03
6.074318553460224257e-03 7.164372742687668758e-03 6.003836806557191069e-03 4.887768790507166471e-03 5.801087553236794828e-03 5.981089752400201368e-03 6.806062242491542347e-03 5.965384517317068314e-03 4.340895787536915018e-03 4.064239898966445427e-03 4.619180670407363812e-03 6.248263215785850554e-03
5.021796934804228195e-03 4.593519955625403363e-03 4.264235551019682907e-03 5.103230141403954784e-03 7.854328119298766009e-03 6.962647909957362692e-03 5.487298480783449339e-03 5.077939420700514420e-03 6.092906356486555916e-03 6.547562761304154960e-03 5.936291594081649116e-03 5.341608539419589151e-03
4.434347877432736652e-03 5.617594439867064707e-03 5.847124357996582450e-03 5.904357219057894922e-03 4.798797500696144747e-03 5.458818859795646836e-03 5.078235765518424212e-03 4.979428299511865982e-03 6.820943936965275650e-03 7.524582656327585307e-03 6.026171945429679294e-03 5.317345138776186086e-03
3.545041337862599954e-03 5.397848178636035013e-03 6.791947077689431712e-03 6.837724629753582500e-03 6.212966303863334122e-03 6.630299484680548389e-03 5.273158688650622650e-03 5.310681174693926247e-03 7.108595810474401672e-03 6.794464743944945637e-03 5.247305595216187821e-03 3.512684462370870616e-03
6.767324367360279258e-03 6.198768213335597785e-03 5.602054741605287137e-03 4.792167937275978139e-03 5.355386358293268492e-03 6.813617149743713200e-03 5.682158988512799047e-03 4.779822032448163491e-03 4.585989955051434155e-03 4.601148693546368122e-03 5.482189933033100593e-03 7.244142457468139180e-03
5.281696699235031642e-03 4.676853886137194785e-03 4.815381431776897744e-03 5.649897553065497124e-03 6.689146406568763012e-03 7.185414428694188865e-03 6.926902409190459700e-03 5.403172053054629623e-03 5.124024140700853339e-03 5.516971855934962518e-03 5.095433832659254821e-03 5.611678801876116007e-03
6.730264274787119833e-03 6.642851046380629336e-03 6.104032222568314160e-03 5.258097205462294518e-03 5.420021113022901495e-03 4.781692533099933702e-03 4.227538187682147036e-03 3.646297543986827972e-03 4.680461816469501726e-03 6.511206341312431728e-03 8.123237481418497247e-03 6.534557872944027693e-03
4.867931428456958101e-03 6.235535524823233866e-03 6.500667952254839121e-03 5.960375399150967014e-03 5.754237496018567953e-03 5.790040405828630020e-03 6.999740336438431756e-03 7.281808080136818045e-03 6.742684964416932256e-03 4.889431602096176374e-03 3.808296267160663894e-03 3.818875035049296152e-03
5.577146117774170464e-03 4.836674466164181049e-03 4.689992837176674804e-03 5.475563033155959880e-03 6.189861628153498462e-03 5.681805535722436740e-03 5.674671157107742669e-03 5.812613429008945017e-03 5.281811871589315449e-03 5.736736143910584063e-03 6.636122825482445794e-03 6.203364597516794997e-03
5.264107630521140148e-03 4.398238312786175060e-03 4.619017423116747803e-03 5.420071867038958255e-03 5.768684269718383530e-03 6.095298451374719581e-03 6.173105975128165626e-03 6.251163474183666843e-03 5.181353896191865163e-03 5.664864947497489679e-03 5.738648964227395684e-03 7.290553855311483061e-03
5.873007791122659103e-03 5.565941093139619746e-03 5.022713940055299926e-03 5.040081534928554652e-03 5.606576810063616280e-03 5.107545070351295763e-03 4.840125309623587863e-03 5.318747761967085319e-03 5.858242636815289353e-03 7.366540220965387895e-03 6.657669362516068987e-03 5.616269036696273746e-03
5.231628001703791941e-03 4.750401087924458095e-03 5.273698409567787078e-03 5.621692614790316928e-03 6.840279073531608210e-03 7.342510793201175757e-03 6.177832670482042571e-03 4.402745227824593835e-03 4.638245382819687450e-03 5.149445142644050108e-03 6.633807287000715973e-03 6.151615264827235696e-03
4.494919928302383745e-03 5.276317750588526215e-03 6.246674925397002753e-03 6.650344440090284401e-03 3.993448847918168974e-03 4.646945113703032648e-03 6.588123854045000935e-03 6.789039415004857053e-03 6.517974641866468993e-03 5.741393211354278714e-03 5.998269550378268651e-03 5.000572297872857459e-03
5.515363665448009753e-03 5.954403016060422563e-03 5.433634280355910048e-03 5.734755179775419612e-03 6.263740293068914902e-03 6.040436086089073960e-03 5.825756151322593855e-03 5.904058418489489812e-03 5.862022142105838968e-03 5.535767247153468296e-03 4.697770571336598242e-03 5.054198250762191591e-03
4.605885897376648351e-03 4.641540254488891321e-03 5.453790717866170180e-03 5.806665281792668110e-03 6.510841869587669951e-03 6.204601004723366356e-03 4.937118670009456659e-03 5.108119076619501917e-03 6.231669656569295904e-03 7.176002240395069204e-03 6.213970457503327841e-03 5.204910315356437236e-03
5.507841561295655219e-03 5.464978423471874430e-03 5.815570470829375428e-03 6.146887033358985029e-03 4.618788466739909282e-03 5.066519913027561772e-03 6.212339551446035418e-03 4.746029010136387088e-03 4.723292963384109928e-03 6.081574523719220082e-03 7.010496702588870505e-03 6.143266174492071491e-03
6.569509375664671531e-03 5.139755028011819618e-03 5.078142182001506647e-03 6.994460513047645253e-03 5.898755583885015308e-03 4.000339132332749251e-03 3.550908711178278783e-03 4.720424260508308476e-03 6.042636265268566328e-03 6.074115423496527499e-03 7.080112281156925383e-03 7.495730682777066584e-03
4.360853831466695446e-03 4.715534350463821550e-03 5.294636621480237199e-03 6.589952724782049964e-03 6.686785084598739250e-03 6.563094490555637130e-03 6.254764825060362375e-03 5.383550856792714001e-03 5.519571631965859010e-03 6.079281811865153845e-03 5.328291224453575274e-03 5.195804095891026070e-03
8.403108382151774913e-03 7.034919250443672466e-03 5.557401688778042421e-03 5.287121684033167443e-03 5.142231435867720968e-03 4.855352158893030956e-03 6.102728497348921567e-03 7.901672270658528785e-03 5.906190878974695510e-03 2.995256829575724481e-03 3.437925700716044312e-03 6.674531398987024015e-03
4.749662747051743364e-03 6.328237849749555020e-03 7.622794361068010137e-03 7.466355816175301863e-03 5.781735868360188095e-03 4.183230436232436913e-03 3.818238934580344811e-03 4.138816841715459507e-03 5.201317075024397725e-03 6.287220200694271580e-03 6.867963812551340815e-03 6.248456236203468565e-03
3.860969188693573906e-03 5.637815793822401923e-03 7.137514841567138210e-03 5.704629461838618687e-03 5.487390727739865741e-03 5.054675611114081007e-03 5.652540533848229680e-03 6.835378278036289765e-03 6.228333870292831684e-03 5.855295485536575299e-03 5.882796119131430447e-03 4.394151589559596241e-03
5.669376772024690113e-03 5.092453645084281388e-03 4.457487188649759437e-03 5.235531339104774508e-03 6.767494743780053806e-03 6.750828079019343536e-03 5.341357249749859384e-03 5.504354822168777001e-03 5.833851629885589141e-03 6.022056610439945577e-03 5.494838603401285687e-03 5.798208587540178843e-03
7.088511970555661477e-03 6.138272352725182568e-03 4.851314658240654491e-03 4.091874076595305304e-03 5.845004999849930279e-03 6.057450931539971710e-03 6.905679295376738330e-03 6.291340405882128554e-03 5.341511175755944696e-03 4.941763783681727210e-03 4.687039443299050728e-03 5.840966641088675589e-03
5.330987839248901849e-03 6.542896442298195767e-03 9.816713338687076129e-03 7.606871864572547527e-03 4.887892869155844103e-03 3.969149274019923880e-03 4.195486252046528620e-03 4.527759169951430657e-03 4.930937538028085446e-03 4.736916777237010732e-03 6.800065783352762100e-03 5.617043014056448229e-03
6.744552876994719913e-03 5.130092377781449511e-03 4.431814361261934496e-03 5.609867904298451377e-03 7.094934977568254433e-03 7.461975276984754608e-03 6.882684734157351256e-03 6.452341380755011180e-03 4.304906874641706988e-03 4.163858224097572412e-03 4.241356738595523229e-03 6.025656704161760045e-03
4.773625390878278620e-03 5.108040220512840950e-03 5.646252682040245503e-03 5.713045549217906326e-03 4.641618496410135353e-03 5.032666239549943993e-03 4.932727275137474901e-03 4.994118838500173456e-03 5.897954969007441518e-03 7.443959601239032511e-03 8.175332707770448584e-03 5.975047105762829741e-03
7.612861136791528906e-03 6.363982011304869166e-03 4.869891847802449228e-03 4.616946700402945088e-03 5.528564171541241849e-03 5.965260401742080582e-03 5.265467501534453962e-03 4.805798132476691957e-03 4.697465557109712156e-03 5.793618364624207075e-03 5.754915268099711038e-03 6.913323717104992439e-03
5.412583981163964636e-03 7.175983942804629867e-03 7.657668446632100515e-03 5.546365866458271600e-03 4.623841980066937390e-03 5.169595505138538556e-03 6.332070769824158819e-03 5.535979719741613431e-03 4.714544553424104487e-03 5.118754321102255561e-03 5.547308558951508269e-03 5.363190271014433436e-03
4.465642581292057593e-03 3.549241675786995662e-03 4.093752977891720705e-03 6.089830636827171795e-03 7.392141501115778723e-03 5.896437973382214273e-03 6.511770406473891062e-03 6.356293059165019077e-03 6.282869067172016167e-03 5.237126733693656978e-03 6.455816820831444119e-03 6.135087671382648267e-03
4.496628948669737294e-03 5.602496060782670775e-03 8.514165665806761041e-03 8.469123340460658206e-03 5.326033378460626536e-03 4.007943441826150241e-03 4.457148138021427806e-03 5.441824550926920891e-03 6.416034038594945095e-03 5.419484097252198068e-03 5.996316002983316518e-03 4.655404777317146553e-03
7.218262521613333718e-03 6.797839957069532098e-03 6.266205279180645134e-03 6.357447537505527511e-03 5.455178816652157987e-03 4.481765859681850414e-03 4.643113675180499111e-03 5.271789239639571023e-03 5.455417245882299496e-03 4.782442866594969859e-03 4.577499963406556419e-03 6.900643869544041513e-03
4.858194712735975848e-03 4.765091956878807905e-03 5.138839885026359570e-03 7.339880433375738956e-03 6.179071326825290311e-03 5.813531321500737745e-03 6.480262897351972765e-03 5.772323059366920445e-03 5.363777592052523455e-03 5.007417614782200960e-03 5.221488665332436538e-03 5.810571157866453035e-03
7.286743315074781409e-03 4.885791146910213600e-03 3.435873106606117909e-03 4.218515344516263546e-03 5.666819068052852439e-03 5.257838693324662360e-03 5.930671956657510360e-03 6.295793393483769054e-03 5.855357520336525873e-03 5.320470309054470270e-03 6.046231122375475206e-03 8.452106815485587940e-03
5.347906908899698920e-03 5.083788296737029588e-03 5.486683386403588825e-03 5.250828425866987427e-03 5.902977706269942060e-03 6.342577087323121240e-03 5.471496014703225788e-03 6.293917449792128457e-03 6.285059181505930036e-03 5.606035474474368313e-03 5.305202265587814076e-03 5.270685920747030483e-03
3.697572321530861496e-03 4.935989288149569311e-03 6.632902071446207005e-03 6.487153193746365148e-03 6.320190442986234336e-03 6.536222433003852778e-03 5.956227996925482840e-03 4.983607803218120628e-03 4.795975128615041425e-03 7.046406495481097841e-03 6.657226115084116311e-03 4.400564772854853937e-03
4.215048091605380284e-03 3.790082268840539413e-03 3.883357368176958580e-03 4.257533185689652000e-03 4.882589489432427425e-03 6.036429638054691821e-03 6.869538635875600124e-03 7.780477531170454028e-03 7.421465707277552851e-03 6.896452748491622813e-03 6.913211420214008390e-03 6.073774114277555834e-03
6.317842232032436396e-03 5.384035436227535554e-03 5.533140896124440038e-03 4.456416390726831468e-03 4.549518680552914161e-03 3.992297727335443296e-03 5.427900949225430288e-03 9.091616438297128039e-03 8.096422871664567603e-03 6.158823339384421509e-03 4.506039132772187220e-03 5.176253283444447184e-03
5.664191804550511994e-03 5.168453566833226126e-03 5.424747932302432032e-03 5.707454763419485440e-03 6.432708047992306832e-03 5.575847332423041446e-03 4.583949447824572053e-03 5.645020894689155820e-03 6.546484662055518031e-03 5.263446528900192489e-03 5.260344026652585651e-03 6.266912869264099420e-03
5.777240346600044131e-03 6.386985614161472084e-03 7.691891573193387899e-03 6.939579299851087943e-03 7.682782082736649976e-03 6.094404444780476653e-03 5.107553804177756424e-03 4.401949595443669684e-03 4.386125463591226438e-03 4.275220541171931635e-03 4.700977450457712210e-03 5.038125621644194523e-03
5.208159577477344988e-03 4.789779357970713920e-03 4.356488059216442887e-03 4.728406556514666050e-03 5.725466077882632870e-03 6.745319153486276260e-03 7.201988415289184431e-03 5.595183078196230841e-03 5.117879126592949322e-03 6.802140557074901756e-03 5.835249604190063250e-03 5.768064618392946055e-03
5.859921557755937496e-03 4.188006497296482833e-03 2.633588826274730135e-03 3.127365024909773902e-03 5.345898991665325346e-03 8.187722787575627686e-03 1.030138032198470686e-02 6.551774840436261176e-03 5.071701291966126263e-03 6.504039470813833754e-03 5.978306858013055641e-03 5.940548517408128851e-03
5.545179002701667789e-03 5.959875469446258671e-03 4.271679976547034657e-03 4.640686379998376285e-03 5.295779108740328832e-03 5.777134088732814240e-03 5.057582494790505145e-03 4.252731679671693105e-03 5.432774928108639878e-03 7.457422536161845833e-03 7.323810173821744367e-03 7.175589426589256553e-03
4.960311010667294539e-03 5.080844539774089300e-03 6.709274560845098975e-03 6.480050541419169266e-03 4.908317586256556904e-03 4.114595148971909866e-03 4.886095468548005971e-03 7.269313742718779177e-03 7.572926322721426629e-03 5.671114255446431038e-03 4.969835752531879397e-03 5.663938520788354587e-03
7.029835242732807715e-03 7.284481580902829947e-03 6.464795250590614842e-03 6.006471317920163491e-03 5.129001597932210041e-03 4.614153724669837336e-03 4.401025573268354911e-03 5.001682770287132172e-03 5.408575213118074938e-03 5.210733516138844716e-03 5.607001490606517563e-03 6.040863065879767402e-03
4.878993169581548328e-03 5.912533536607081017e-03 4.709647220357917642e-03 4.647157756343648152e-03 6.028712471324262911e-03 5.731451020517353695e-03 5.958728779048063848e-03 6.473995709942087506e-03 7.264606825608955175e-03 7.317963221689964375e-03 4.907466296982160303e-03 4.164217586747048089e-03
5.142336505142944790e-03 5.451015747374571979e-03 5.592384734829811306e-03 4.898111487041305855e-03 4.607804210375509614e-03 5.277331036275898640e-03 5.167574919948497887e-03 5.674857293697204742e-03 5.657564116895837970e-03 6.806408306065358724e-03 7.618114096630840965e-03 6.128532382355708630e-03
5.821952257618506418e-03 5.181065193254199425e-03 4.662452886360308156e-03 5.274301881564266367e-03 6.015650733121899983e-03 7.148119960059637346e-03 6.412866547225740121e-03 6.520080803120554581e-03 4.709213755026937960e-03 4.134208561734963559e-03 5.248313031608550956e-03 6.906402818458510021e-03
4.258467952174673464e-03 4.740999624389495050e-03 4.286653328308730540e-03 4.677134784575687730e-03 5.436436499887811052e-03 5.906710164934346474e-03 5.774305903705451160e-03 5.405232167276793377e-03 6.363471584444706924e-03 8.439849879523441192e-03 8.360705352870048679e-03 4.921290025803118362e-03
4.232749962394812340e-03 4.507619087046436934e-03 6.070108650008658284e-03 9.305655506641901525e-03 7.785183380104166231e-03 5.851311012151324750e-03 5.913625677837104633e-03 5.320989701531256624e-03 4.318723552781144649e-03 4.792018914421676719e-03 5.514116918758243426e-03 5.136405089102011497e-03
6.263630241762494638e-03 5.876920315286592728e-03 6.393667894961926196e-03 6.795237480052553243e-03 6.137126911589145008e-03 5.048572275989442540e-03 4.670152795183684855e-03 3.703465007144184952e-03 3.433663565365542136e-03 4.888068895227110945e-03 8.132945449032005086e-03 7.548889397269107834e-03
4.780963779043706334e-03 4.833277691754489166e-03 5.741425139019566345e-03 4.610010913741382360e-03 5.523029644594353200e-03 5.046465407533238037e-03 5.433897383588290504e-03 5.738971311103973141e-03 6.681068037177845947e-03 7.436426509891800110e-03 6.814302319308969402e-03 5.283205616110365002e-03
6.556955897286316157e-03 6.305333623739190277e-03 6.167247907118464378e-03 4.857108019475396728e-03 4.499065714918456041e-03 3.825383410439377706e-03 5.402633419262876588e-03 8.008409056379920885e-03 6.811999718463994033e-03 5.372754431481747452e-03 4.900002324936618935e-03 5.676169714121088658e-03
4.033758062149447182e-03 4.912182140451265382e-03 5.394995248983336204e-03 6.236260428421191299e-03 6.632439100605439300e-03 6.619236098770458522e-03 6.489515911096884956e-03 6.382958720406588758e-03 6.412496587369072819e-03 6.456927877786073321e-03 4.882005463182147176e-03 3.919761090655253175e-03
4.385449352739988725e-03 5.627831701042916232e-03 7.139137827508465657e-03 5.498691312021803355e-03 4.530562741602084560e-03 4.509420498958944569e-03 5.444576755151182487e-03 5.529406161692465571e-03 5.557079451221419095e-03 7.146237901584542862e-03 7.217622465013298627e-03 5.679269918023180722e-03
5.353385077548881814e-03 5.286220383066163320e-03 5.167955626368445077e-03 5.954762609144573920e-03 6.358940785931073252e-03 5.918328916766417598e-03 5.648333851414368001e-03 5.760687642791860984e-03 5.707150984611748280e-03 6.221378296783703146e-03 5.346035502886641901e-03 4.986102420686350407e-03
5.457365404875819982e-03 4.620598031433146950e-03 3.986144129147417212e-03 3.536647634606343571e-03 4.926500678794105449e-03 7.556313553856676066e-03 7.363559851617170436e-03 6.157774361198793504e-03 5.177049856462652942e-03 6.408709255392429707e-03 7.449518013383825757e-03 6.145241178264094530e-03
6.697224516911820524e-03 6.083544046187884871e-03 5.190303732759415922e-03 4.638565639703779407e-03 5.069491514518024294e-03 5.276023272272679573e-03 4.555819148023549162e-03 4.776674117430344813e-03 5.410241742895531211e-03 6.777370295649728232e-03 7.241869756017860899e-03 6.480488415948603212e-03
3.630210695712401785e-03 4.411005801640125769e-03 6.756476568962403208e-03 7.965865679136024252e-03 6.306711305000768132e-03 6.204134470492203395e-03 7.193667669553006731e-03 6.700175826103758371e-03 5.928124509014621145e-03 5.094881779115600917e-03 4.755037662758452438e-03 3.940653711384634050e-03
5.450328214795281331e-03 5.483030185717803831e-03 6.936657936046497844e-03 6.286396626392258893e-03 4.588026119799778861e-03 4.289436931748719616e-03 5.695133507490410599e-03 6.568091119639734611e-03 5.343927974301344516e-03 5.735807950804080318e-03 5.915525805458482500e-03 5.629475440264777863e-03
4.658443375531404543e-03 5.382136468414267481e-03 5.645949462141932294e-03 6.529344299008557791e-03 7.023731514238521628e-03 5.887459319165555365e-03 5.815806461110418699e-03 6.097263379499123434e-03 5.974267113158848730e-03 4.799806880768971856e-03 5.054885696040541457e-03 4.963062635514394437e-03
5.699489560784394039e-03 5.720223988734809278e-03 5.940059181976148697e-03 4.826309111852526354e-03 4.320819384115655998e-03 4.987974907106531436e-03 5.733749394073669320e-03 7.256367432359337247e-03 5.398992817646513023e-03 5.553818242655393471e-03 6.150918277572817172e-03 6.257685792295760926e-03
6.328070581941132311e-03 5.696917006048901090e-03 5.241741094215983388e-03 5.472984219798612653e-03 5.325666081418128917e-03 5.834397494176366342e-03 6.468256770910526740e-03 5.480030901976983004e-03 4.629319402808917960e-03 4.880733378133233005e-03 6.368224570126894933e-03 6.028576913838614923e-03
6.062695171588189727e-03 6.453489536811201147e-03 6.103540530234226498e-03 5.423520037172826699e-03 6.382955834807442844e-03 6.197188786873725208e-03 4.885645076055208230e-03 5.596323451476942039e-03 5.492893608847065207e-03 5.080153034170418677e-03 5.030081148632961456e-03 4.956059942428656453e-03
5.975188010605225232e-03 4.910594166835274658e-03 4.886814309669237910e-03 5.298224675945798282e-03 6.124691051708636320e-03 6.444647610807738985e-03 5.872564112844081557e-03 5.366028407364540655e-03 4.919832773445295508e-03 5.141046112230376712e-03 6.298605497422921085e-03 6.774949170469390068e-03
5.656464587412570778e-03 5.680554190952041491e-03 6.101942936329281426e-03 5.725719615970312724e-03 5.048780133087071853e-03 4.486052774518665270e-03 4.266268895547141796e-03 4.207935649493418570e-03 5.419626968222788707e-03 8.114335866046054613e-03 7.651682014107782578e-03 6.162930035862033452e-03
3.876473949498985151e-03 5.808034486757539770e-03 7.636479255266574208e-03 6.708710744964159478e-03 5.582873934251963467e-03 5.308137036924931093e-03 4.971811288031877454e-03 5.577616324021239178e-03 6.283253285194387132e-03 7.103477688061795442e-03 5.760298033393299912e-03 3.945051020179587802e-03
5.479224353769724873e-03 6.741160036390928846e-03 7.101073466526967512e-03 5.330013143446772454e-03 5.427398509803397358e-03 5.310956429994987890e-03 5.437065603089108641e-03 4.595769356769498909e-03 4.880626678426886605e-03 5.943354013104062625e-03 5.930937317891796928e-03 5.719036824617157802e-03
5.819195616522230934e-03 6.056107096845285073e-03 5.495695779461966420e-03 4.593025177373706580e-03 3.786878466996507903e-03 5.473403841077242524e-03 7.341072681938740421e-03 8.414471928672201395e-03 6.390311274686469832e-03 4.994233680763755095e-03 5.141121284165755395e-03 5.064691220061610932e-03
4.962569775335628174e-03 4.780749789799679586e-03 5.056558308258170785e-03 5.057793873148527103e-03 4.617687207297558119e-03 4.775947739459327976e-03 4.658529274239237017e-03 5.081792630558646870e-03 6.066665954687228308e-03 8.042786915880617560e-03 8.647007646158406252e-03 7.036747033572265074e-03
4.634430581325519986e-03 4.985622902581842049e-03 5.126750294579821704e-03 5.533392312027869513e-03 6.929768367794322120e-03 7.185742693253874616e-03 4.952006947953335736e-03 3.894484033569433398e-03 5.000560206641186181e-03 6.673544974662701246e-03 6.573157964841317563e-03 6.596497608707650034e-03
6.495702442311610848e-03 6.559349225635936059e-03 5.470337992996768609e-03 4.596440782269489017e-03 5.248589036850504104e-03 5.462698023154493286e-03 5.001532737996839360e-03 4.572950859907505550e-03 5.520789035635790230e-03 5.622078907030173163e-03 6.277369205051988067e-03 7.013750380079302252e-03
6.128195050037761604e-03 7.554710786684916933e-03 7.361039321562729346e-03 5.977016887823691227e-03 4.785898493691063960e-03 5.182621020007317086e-03 4.676166305332210733e-03 4.540221779293438474e-03 5.131749245399206717e-03 5.825673980677554750e-03 5.867802645996567958e-03 5.196942643320533531e-03
4.633351279441099563e-03 5.914540328310480613e-03 7.032688478490973019e-03 5.723811316535060839e-03 5.039648381143405770e-03 5.356969496417549048e-03 5.716787016231588206e-03 5.608488267910263433e-03 6.096855391635089792e-03 6.461704603830816483e-03 5.608430897501349467e-03 4.783709285221253438e-03
5.068836963226661801e-03 5.305289467421399688e-03 6.966247692274806988e-03 7.217628162815402024e-03 5.464553670728517464e-03 3.968786454299614609e-03 4.952365176934186292e-03 4.976993498436809056e-03 5.723315329726428105e-03 7.066322902003978335e-03 5.782080396225426806e-03 5.345821452898899540e-03
5.978255026741131038e-03 6.446580626544994204e-03 5.596974383289630289e-03 5.348862746266229602e-03 4.686972277416247279e-03 4.238885749054805557e-03 4.821228716516202592e-03 5.124602562577978797e-03 5.131768685509904143e-03 7.103419996443135175e-03 6.411201949976799534e-03 6.977337374894677056e-03
4.089819392876736098e-03 6.330814117270325975e-03 7.775950138898716536e-03 5.821427041962949286e-03 5.524609683355830025e-03 5.273805044430672148e-03 5.812776923044214381e-03 6.024836278187504710e-03 5.588860832895149733e-03 5.690374663450259787e-03 5.706944501417371418e-03 4.273180684418198018e-03
6.620163557315133368e-03 6.054540297021335227e-03 5.985688022135809971e-03 5.277407424453411239e-03 4.850482229389560876e-03 4.709274999766074020e-03 5.108328307478033140e-03 5.521164908407802385e-03 5.697876400994970891e-03 4.890938772994141842e-03 6.026722240218676530e-03 7.193336133650375316e-03
7.203726206579680151e-03 6.387482206949682967e-03 5.031507762517452124e-03 5.696677739381279110e-03 7.425948934915909370e-03 6.341940081218527467e-03 4.630331260468594293e-03 4.679898713213103204e-03 5.775320086687562096e-03 5.540620160833164935e-03 4.429818665118727752e-03 5.103752267912006410e-03
7.429324838273106482e-03 9.937678185160121747e-03 6.965464482086014542e-03 4.694442653711040220e-03 4.651498011633698783e-03 4.601552299994897052e-03 5.104166462372683802e-03 5.380625568497117428e-03 5.397039295509995990e-03 4.878721674298222219e-03 4.558461429179848541e-03 5.348679230398997904e-03
5.498606218320319788e-03 6.316359105349342654e-03 5.653760082052955438e-03 6.205493173012797958e-03 5.369538700194321015e-03 3.866621357687080682e-03 4.372861992983631541e-03 7.303732121946310968e-03 8.339081842303613934e-03 6.785296773669225595e-03 4.719776305941006216e-03 4.005411483332809927e-03
4.606341796083403967e-03 5.345115062346630572e-03 5.714474855958761104e-03 5.758380423784492316e-03 5.630761965737467178e-03 6.084741530057091383e-03 4.885861752331426347e-03 5.022306203163635907e-03 6.719950845963981734e-03 8.305856603814817940e-03 5.859793808857829099e-03 4.354417857956606984e-03
4.799260025117229114e-03 3.804116175407905830e-03 3.235974892444384420e-03 4.425592357622945040e-03 6.006426569608902186e-03 6.066406210658680485e-03 7.033095854615705085e-03 7.068131601962590951e-03 7.498764637084509924e-03 6.857504590053395410e-03 6.458992398734946308e-03 5.571571497142803475e-03
