3.161208733189928982e-02 3.794047726834844092e-02 3.018256086808179459e-02 2.823078458095662144e-02 2.841108193451287109e-02 2.647537808696867265e-02 3.189219726867063842e-02 3.343158106439891170e-02 3.166655782758287518e-02 3.252174115209869459e-02
2.358112823382535819e-02 2.765452951341935972e-02 3.806277032273899796e-02 3.096060263183437328e-02 2.942744561983291762e-02 3.716146056789312868e-02 2.750597295712229121e-02 3.117358067834908458e-02 3.595092093478434447e-02 3.188991353622711022e-02
3.350522846271325461e-02 2.752056724220073441e-02 2.848533879431389831e-02 3.247055541508511722e-02 3.295791162345472480e-02 3.016793622841482114e-02 3.411595006836337651e-02 3.073532539362568150e-02 3.193789035559023437e-02 3.007626012704430613e-02
2.840968970708439983e-02 3.124513433741974919e-02 3.194173529172827930e-02 3.023057930863305362e-02 2.817040281882737113e-02 2.915753203047287412e-02 2.957903956747143584e-02 2.953353388311009964e-02 3.575496768744007570e-02 3.839817439427801321e-02
3.451693730706346941e-02 2.230400469054256291e-02 3.076023033846573412e-02 3.500986090468613532e-02 2.982525277833780741e-02 3.098443637313361143e-02 3.035091926450280558e-02 2.939585880716927280e-02 3.388794418711493783e-02 3.580227905105862196e-02
2.800076169992114089e-02 3.346617972082053388e-02 3.134884678092236809e-02 3.262191907038704264e-02 2.954847715090710633e-02 2.932243220991838373e-02 3.257915849045051743e-02 2.778542788021524587e-02 3.346080889484195214e-02 3.381137652808238747e-02
3.274826201345246157e-02 3.010759480809437755e-02 3.320403025918593209e-02 4.197798467904467756e-02 3.357964904565522574e-02 2.916327990309885640e-02 3.042392531518545856e-02 3.045429879952554070e-02 2.302334380832724708e-02 2.870246641595574494e-02
3.536565613247574791e-02 3.216239253059084702e-02 3.114482830159377713e-02 3.044596427928355706e-02 2.947853515878576247e-02 3.088733131728769316e-02 3.430945502243094164e-02 2.778691474219604704e-02 2.792841413824864380e-02 3.260693857141198221e-02
3.316199155109305491e-02 2.846841454816388325e-02 3.046203647690940916e-02 3.468907274275070951e-02 2.915028769592816621e-02 2.910224670872903208e-02 2.590924871635303522e-02 4.188501413262952361e-02 2.802722412372135596e-02 3.207079557869242648e-02
3.687111002034957480e-02 3.127497236813676917e-02 2.409341117384924263e-02 3.641742672591716939e-02 3.106895708047877416e-02 2.783940515984749398e-02 3.078250554144663226e-02 3.632193663060861305e-02 3.240919574977614570e-02 2.602367578303182299e-02
3.317897506072003261e-02 3.051809734206353125e-02 3.028426756042782581e-02 2.963171535693045339e-02 2.644215433059832893e-02 2.642392581609821073e-02 3.346364485790914722e-02 3.580411117421508638e-02 3.029177065033845234e-02 3.651418236808807311e-02
3.480530969178244338e-02 3.278204074107997357e-02 3.455763749449012462e-02 3.357655228836686767e-02 2.931501811725795853e-02 2.846834331532509602e-02 3.021916393721468461e-02 3.338355635571794988e-02 2.696538950030839474e-02 2.821240456634727806e-02
3.856939913444511897e-02 3.272644564276652734e-02 2.801851917826994609e-02 3.179485493295237941e-02 2.954862258409712839e-02 3.000290455157255190e-02 2.433100077891223179e-02 3.207271806418841853e-02 3.439263430421037049e-02 3.114325460549341451e-02
3.299675686012950443e-02 3.014592328875153812e-02 3.225583662576399918e-02 3.372336299635229212e-02 2.686137458646364537e-02 2.880335770557483285e-02 3.074102750149189725e-02 3.448484107970485602e-02 2.636167808006455865e-02 3.598176266736731466e-02
3.105270046260238601e-02 3.133190053658362062e-02 3.621520960762451141e-02 2.645294202874834411e-02 3.205573997775847117e-02 3.372951965789494633e-02 3.023601496546524103e-02 2.769257314040706602e-02 2.967505236445626415e-02 3.379292540859148847e-02
3.220136959726106057e-02 3.365859674085903974e-02 2.933983905553799731e-02 2.876705412377468865e-02 3.314414439294388615e-02 3.172143352022547408e-02 2.935989188108400344e-02 3.306805382811382754e-02 3.223406778338974710e-02 2.846397844310773889e-02
3.072721991436100711e-02 3.009947662085705328e-02 3.295693279315096286e-02 3.305679044742223377e-02 3.038349489396154068e-02 2.826492098199056072e-02 3.566682314532729214e-02 3.264557482499827468e-02 2.928324184023085863e-02 2.894943953683539600e-02
3.043792271611048608e-02 3.229070422039577448e-02 2.910341464704779835e-02 2.950702168126043134e-02 2.958091120340658811e-02 3.296137096475432182e-02 3.019562887735742149e-02 3.095016561944376188e-02 3.246993121369023960e-02 3.434107217171483706e-02
3.381552382308145727e-02 3.472783185268456252e-02 2.747697775148983182e-02 2.994943617833176197e-02 2.512724521840892233e-02 3.613672988181794443e-02 3.109819858699228862e-02 2.593788076063259507e-02 3.376639141055867710e-02 3.458634006045178955e-02
3.084810150895735126e-02 2.997942808389088970e-02 3.146033505418137366e-02 3.494060745366195375e-02 3.222921055884466618e-02 2.549304463345514887e-02 2.775092791616707438e-02 3.199699616079262898e-02 3.462910339566079021e-02 3.298981578965158590e-02
2.749648261879481664e-02 2.845737153984034817e-02 3.786703358412364662e-02 3.605653304566391881e-02 2.930798496614892348e-02 2.692631448724699950e-02 3.787900412432803482e-02 3.235855276229153421e-02 2.772182209994565952e-02 2.902536759617375256e-02
3.562455288247834417e-02 3.373397487674878459e-02 2.892306420605230549e-02 3.214394949506317600e-02 3.016322050754336251e-02 2.957779769068386716e-02 2.727852726101306566e-02 3.690265748745531760e-02 3.184891515298279852e-02 2.628879561918954361e-02
3.514967915643280039e-02 2.960582373300532644e-02 3.335489282740603662e-02 3.352011571106985194e-02 2.762316549692938814e-02 2.733681923600091851e-02 2.903493344686519304e-02 3.571871220489588467e-02 3.020998579389315083e-02 3.072451333273523016e-02
2.733885002694464578e-02 2.737017397743291697e-02 3.849903539107167594e-02 3.276558790366337209e-02 2.977160696717313926e-02 2.964548154483919590e-02 3.301391023172332850e-02 3.275331370484232951e-02 3.108954106346304910e-02 3.018179735676667155e-02
2.583085034539346625e-02 3.211520080119087406e-02 3.224893172287218723e-02 3.248612124593265593e-02 2.594096600996241217e-02 3.449871322100259152e-02 3.116388770567856195e-02 2.666900614587361037e-02 3.565267698209764052e-02 3.611762950570775177e-02
2.930254674163811426e-02 3.212059476727152640e-02 2.567284192566834933e-02 3.200442169025773109e-02 3.475826949023164136e-02 3.274737376000624173e-02 3.020073050546968896e-02 3.751305541554853656e-02 3.017803424853364447e-02 2.799900642367834577e-02
3.652918491570356779e-02 3.230124631625601317e-02 3.202794643053421403e-02 2.696199286937679684e-02 2.966331507500019962e-02 3.151374970979456402e-02 3.259554430118413726e-02 2.709612693473554407e-02 2.789840111376400839e-02 3.590232821306950373e-02
2.867845592837452162e-02 2.816146056489249663e-02 3.114586798454593852e-02 2.815251091064203265e-02 2.874463996729285931e-02 3.690389659327969474e-02 3.374992379448569363e-02 2.991169376217368142e-02 3.228833224333098328e-02 3.463450075374817361e-02
3.134065606859453429e-02 3.286063062370718491e-02 3.456444021942828293e-02 2.811415447528169131e-02 2.926299753916162746e-02 3.249957756224537003e-02 2.666710102865661042e-02 3.056261531385116165e-02 3.406176316808702531e-02 3.220189468817757916e-02
3.255893023183779877e-02 2.980486291807906904e-02 3.199352762130480698e-02 2.950152747076870141e-02 2.997485888145621363e-02 2.624627545061755315e-02 2.950453246697434806e-02 3.308982596185275349e-02 3.889686213853350838e-02 3.083352219427120885e-02
2.861928133701392360e-02 3.183228920238238141e-02 3.159469341111981189e-02 3.055296373426722931e-02 3.153006080696131586e-02 3.005322802162951890e-02 3.356725418707407621e-02 3.251277692572970834e-02 3.302370242196230044e-02 2.855944968661630265e-02
2.627768901549910191e-02 2.578969746618933051e-02 3.348668639944071823e-02 3.177604540917162296e-02 2.878718422261343501e-02 3.258940816500027760e-02 3.559995356006726008e-02 3.032130171447221939e-02 3.242348167754870170e-02 3.559242082847173527e-02
3.059885766285577735e-02 3.235875560644674992e-02 3.638458831635375118e-02 3.257111737128556839e-02 2.793113213363890637e-02 2.809659659185903546e-02 2.984037546562448226e-02 3.133898253582756421e-02 3.079808314244865397e-02 3.216107760736630627e-02
3.112168167837800481e-02 3.342082531466599588e-02 2.865891435068099874e-02 3.208738627466483501e-02 2.759336058183619114e-02 3.757579636877904361e-02 3.348065320360780334e-02 3.090283213497486969e-02 2.874597675090197202e-02 2.861863633962954956e-02
3.237122226427073535e-02 2.895187291747837802e-02 2.928333422392505325e-02 3.156017275357560908e-02 2.930339533719624606e-02 3.617298555016885964e-02 3.342989251361873360e-02 2.897279726131268135e-02 3.115079436731068435e-02 3.078302578375782458e-02
3.187482226402943430e-02 2.953960530747502811e-02 3.268171851301993058e-02 3.468424246384874121e-02 3.263243015274852610e-02 2.658593423549538565e-02 3.032254246079146842e-02 2.855335548321082453e-02 3.350437997217538266e-02 3.165914392101803337e-02
2.849980406968741914e-02 2.949953113304209715e-02 3.170216593886847345e-02 3.835157578618933472e-02 2.334799433795072682e-02 2.916998124565020611e-02 3.682779224910459615e-02 3.189988253567194176e-02 3.316652182351796652e-02 3.050652456025093606e-02
3.417528273392215349e-02 2.956555823184879583e-02 2.980442516083022658e-02 3.274824504146615217e-02 2.895898909918490777e-02 3.041841215233395679e-02 3.316066070007288313e-02 3.119413640512950364e-02 3.021150098323779898e-02 3.161613502957641431e-02
3.269910694035626370e-02 3.289057336234171847e-02 2.920840491358823315e-02 3.166304127145618680e-02 2.914165771311871822e-02 2.842432144779110520e-02 3.196341382051823971e-02 2.990372940251639217e-02 3.228252869635746258e-02 3.367753463179015000e-02
2.791575326136610039e-02 2.825916189943076043e-02 3.175258918320077867e-02 3.384482038017968403e-02 2.960867297102280291e-02 2.963819372561436044e-02 3.264813858686748532e-02 3.071237455002401306e-02 3.084915582918393989e-02 3.696441769441357467e-02
2.516775182707214897e-02 2.936272754926539871e-02 3.842820187944503973e-02 2.722630923707730632e-02 2.786065304298956935e-02 3.460100389307815827e-02 3.476461056963388307e-02 3.076231782820277455e-02 3.416861252654256748e-02 3.067774091035911643e-02
2.706222422856467344e-02 3.644379389192552166e-02 3.320269891698053588e-02 2.598747620982944789e-02 2.528739868842237032e-02 3.162915403414553323e-02 3.363784135285530219e-02 2.953239961008993081e-02 3.541167119739214303e-02 3.473235793003857236e-02
2.738172077093625756e-02 2.909445440789260734e-02 2.983858838359304544e-02 3.413927693621940374e-02 3.176423354230043655e-02 3.251149813334319044e-02 3.396840386354416097e-02 2.919710442576120557e-02 3.036913835737658357e-02 3.375483129885922806e-02
2.768597237211271878e-02 3.108092372057374292e-02 3.553968374519533846e-02 3.234170766637599337e-02 2.941850179221216360e-02 3.108890778478266143e-02 3.192243588134942300e-02 2.751380881331860762e-02 2.965794227744441430e-02 3.602681355134460667e-02
3.617644234784186258e-02 2.318760898580903354e-02 2.717963189136107099e-02 3.823024553446641854e-02 2.654819162102625002e-02 3.329464066928512767e-02 3.554832575637717484e-02 3.401689696700678500e-02 3.033052273524376730e-02 2.888102605564149550e-02
2.693270020868584677e-02 2.877875553934912747e-02 3.051458224084441576e-02 3.052338012617370963e-02 3.400249408388256178e-02 3.492376313528854082e-02 2.563149583744935706e-02 3.389712947265723086e-02 3.911605982799101072e-02 2.857771533254948801e-02
3.335612106895203405e-02 2.869634265713293109e-02 2.963760640290973025e-02 3.621591159150111539e-02 3.055647290549043382e-02 2.895123577224599162e-02 3.466879204959008587e-02 2.916142561334366876e-02 2.959809134982414186e-02 3.131019690085300872e-02
2.782216985488273134e-02 2.929224006119223941e-02 3.463254119152674171e-02 3.428412714373815090e-02 2.834764484368431162e-02 3.163935213690821646e-02 3.218989243816332280e-02 3.229125110825437767e-02 2.965637631869150193e-02 3.189417515757102251e-02
3.462949405985656093e-02 3.188587464696918811e-02 2.932912656729117634e-02 2.531791313274055905e-02 3.500184300374156732e-02 2.941136960611044279e-02 3.364805631143538700e-02 3.255987624526499730e-02 2.942714754379077008e-02 3.099520752580237418e-02
2.684285982071546450e-02 3.018042881739203473e-02 3.152786770962331953e-02 3.133330700111648659e-02 4.247097395687117471e-02 3.464620295176003284e-02 2.886484359316410925e-02 2.831892475829906122e-02 2.989613493208952838e-02 2.892969455081320987e-02
2.997943315125740915e-02 2.440314725428458648e-02 3.687487451492771351e-02 3.021706226229654152e-02 3.356811031411435775e-02 2.935782746239677318e-02 2.738159382385536855e-02 3.162196900090628870e-02 3.458276976906930755e-02 3.461186717213281250e-02
3.330296936110073436e-02 3.679977101175953974e-02 2.715212705305387886e-02 3.072572696578607793e-02 2.772027544564659510e-02 3.250821491462055346e-02 2.938372246175298061e-02 3.066201420759337090e-02 3.120983192709138321e-02 3.264008704736785088e-02
2.546688884457130528e-02 3.079774357960365222e-02 3.024428508961657380e-02 2.867063540673205069e-02 3.060912255215057776e-02 3.382691136826822265e-02 3.641913049463757490e-02 3.047648421971682273e-02 3.445604306155582164e-02 3.136351051603136764e-02
3.025997403402151328e-02 2.885405818719915041e-02 3.195484221006049397e-02 3.292883327371169677e-02 3.031407439938965317e-02 2.994736614636379218e-02 2.877457267613490327e-02 3.468357273008941533e-02 3.039678358596822200e-02 3.378592451569201877e-02
2.899284108168802623e-02 3.440871615676166506e-02 3.694351135832431299e-02 3.017151997864399998e-02 2.819024122123998249e-02 2.999360531752101600e-02 3.473373016953936604e-02 3.033917740577626171e-02 2.796993866410188434e-02 3.056301515819145886e-02
3.012834993950234963e-02 2.998096877052315937e-02 2.967890059007623899e-02 2.681828152493622927e-02 2.722841723299054134e-02 3.387104889369157990e-02 3.748718856567930663e-02 2.861484343451178511e-02 3.555025016415508388e-02 3.322169686280411482e-02
3.523265866414886788e-02 2.728778408770694830e-02 3.364393305619086533e-02 3.393599795028263283e-02 2.799758143756405498e-02 2.780830172852815502e-02 3.641689147885869560e-02 3.632262376638700774e-02 2.720084823122129181e-02 2.709768018619023583e-02
2.898226480167999733e-02 2.993521792777077001e-02 3.348372687342116016e-02 2.641745369428110182e-02 3.379106554797037254e-02 2.838903520045258158e-02 3.241088952931069772e-02 3.346836236701211664e-02 3.188613680086604951e-02 3.319527013949458844e-02
3.250836296545450005e-02 2.898889516127780425e-02 2.908126885124014474e-02 3.123596612009082313e-02 3.327352489414334147e-02 2.995824089862903633e-02 2.693891203637590812e-02 3.781641691663006899e-02 3.070351959628365643e-02 3.173195073345071171e-02
2.748089268932702584e-02 3.844278100029921430e-02 3.012095221400101774e-02 2.959649542434465014e-02 3.509665370255393713e-02 3.031037599677753949e-02 3.032299703076015568e-02 2.950456026507526641e-02 2.937281871291416713e-02 3.200048894301521507e-02
3.487796718504403842e-02 3.139164661558618841e-02 2.400706388963268906e-02 2.937082050714280232e-02 3.580808616311899339e-02 2.753879603776341820e-02 3.181895648535509186e-02 3.475924191591342471e-02 3.232240010360467458e-02 3.082880880678526628e-02
3.050610082749086530e-02 3.714077822370136228e-02 3.046430064676829488e-02 2.817960798357190336e-02 3.225548694117346543e-02 2.824709136777904528e-02 3.103568659769269031e-02 3.445344074342925750e-02 2.791761511817993438e-02 3.195906912815901779e-02
3.215025086456884534e-02 2.911192638927432436e-02 3.033444134132239761e-02 2.980629477404930783e-02 2.614388128341765122e-02 3.088191479595014943e-02 3.562630654279702602e-02 3.179864700131472544e-02 3.196330085422796619e-02 3.438376385765588850e-02
3.580067721102032918e-02 3.341058833296720043e-02 2.766551720675332338e-02 3.854154428588209280e-02 3.756477691466748176e-02 2.890278506608579684e-02 2.617693009214439731e-02 2.875697526947484928e-02 2.810794389233069526e-02 2.825997579613263866e-02
2.682253823769488454e-02 3.107101627528699103e-02 3.078097352232972428e-02 3.377776918439583109e-02 3.336875007014860478e-02 3.080179941119950623e-02 3.105415343489639074e-02 3.253508862317448791e-02 3.526625826397838948e-02 2.675214845418998066e-02
3.279262562526355507e-02 2.683354534250799450e-02 3.231696426888627793e-02 2.634112839529255401e-02 2.871988863403335951e-02 4.067548015334274125e-02 3.387965190310202046e-02 3.296366192705785236e-02 2.757458778326191129e-02 3.077169113966681663e-02
2.929938844153693808e-02 3.101564801647556380e-02 3.197877845090591614e-02 2.913121521781835560e-02 3.489161953191689813e-02 3.290541293265990264e-02 2.589731027558501986e-02 3.199821640943086715e-02 3.712472211554551649e-02 2.822591377016110334e-02
2.954142502287057659e-02 3.529492970199436808e-02 3.042703331580259851e-02 3.011245623305034563e-02 3.636022965506851418e-02 2.950288909316025124e-02 3.558822111056239579e-02 3.047749499846863150e-02 2.869513981489266174e-02 2.640237271395078425e-02
3.115645787983973430e-02 2.891950413845266118e-02 3.153997555519046786e-02 3.150384902800006104e-02 3.151910885886435865e-02 3.123664330962493824e-02 2.912015322005052226e-02 3.082681339363683992e-02 3.277693168900835952e-02 3.316063821451545324e-02
3.923752221343670271e-02 3.087870273459135048e-02 2.814205451306328598e-02 4.018211018949532920e-02 2.975665992240053570e-02 3.157300027474267690e-02 3.565211719589031492e-02 3.078115244456162622e-02 2.096375867329570986e-02 2.723961904710509724e-02
2.976306220141897163e-02 2.985217175243199197e-02 4.205489163353496457e-02 2.998174711581598831e-02 2.527016668152986742e-02 3.659854388256591345e-02 2.934131770165848696e-02 2.566582575498447399e-02 2.736404580571271533e-02 3.812709531719231382e-02
2.609438294757764412e-02 2.910766602546412465e-02 3.041767015441232749e-02 3.255589516248851706e-02 3.077733924673557026e-02 2.656129258233424009e-02 3.147775360762192220e-02 3.652104159540675576e-02 3.272161133683380851e-02 3.625107024574690529e-02
2.836360874208239055e-02 2.824268456214625023e-02 3.499876242246504482e-02 3.309763663518908855e-02 2.945939237650437720e-02 2.803505662208877550e-02 2.855072346425494706e-02 3.529148729989317612e-02 3.607847496403752963e-02 3.029771086252290579e-02
2.958195835946533445e-02 3.606523015821735956e-02 3.406806447472270072e-02 3.395568011195838898e-02 3.126982165322759327e-02 3.209159484944758278e-02 2.968540662987183623e-02 2.880433662885415608e-02 2.738727818834632566e-02 2.928008075746762681e-02
3.047461178484055580e-02 2.995421282851446973e-02 3.294600384124805881e-02 3.093575721431151074e-02 3.006678606646209090e-02 3.615186422150497292e-02 2.725886837244790792e-02 2.742625985852539805e-02 3.648946836320967474e-02 3.065748410616864553e-02
3.162931277537597841e-02 3.150210913572531329e-02 3.171938641850845231e-02 3.606368133601456361e-02 2.791519560313684978e-02 2.567634857212549443e-02 3.052446195120454148e-02 3.358725575644166961e-02 3.323724777604024350e-02 3.045412145503336582e-02
2.936809879005759100e-02 3.267723271531790263e-02 2.946330751957956101e-02 3.386447145062784075e-02 3.081088265317245833e-02 3.323324121053745223e-02 3.808760818466761650e-02 3.248009266821945407e-02 2.523408055894528490e-02 2.739544833209590913e-02
2.870486532647110664e-02 2.994531984876484809e-02 3.195008812562358247e-02 3.527470006108964634e-02 2.892129063658344101e-02 3.599477602104884932e-02 2.948393128839716174e-02 2.567683117649458696e-02 3.019599967636326862e-02 3.647325362851955299e-02
2.882951295658816790e-02 3.252683062936573971e-02 2.716816965115178770e-02 2.869365672705293663e-02 3.149298186885046702e-02 3.205937857682421288e-02 3.215391911553563964e-02 3.092433595074592367e-02 3.262674413969340881e-02 3.553016548451932294e-02
3.752496520800034652e-02 2.585850426542395455e-02 2.640292252392481553e-02 2.855757594095676907e-02 2.887448703155644919e-02 3.973662985774492618e-02 3.394453819949060785e-02 2.821222643752450965e-02 3.173492907821311854e-02 3.231218600366482507e-02
2.611724008963304394e-02 2.999655067188609567e-02 3.193615495785660785e-02 3.041616584292615791e-02 3.283611951447725635e-02 3.291675499571979080e-02 3.263381183213873160e-02 3.447526352944915717e-02 3.309634675988634700e-02 2.776590486495352297e-02
3.219814033360729466e-02 3.068493150607188788e-02 2.569923586402324614e-02 2.924066960420530423e-02 4.184496252410008915e-02 3.459251751891748161e-02 2.904521611142371271e-02 2.965229990064802840e-02 3.568771364652614797e-02 2.483467323538797455e-02
3.283353165568068943e-02 2.765620841086809459e-02 3.035845267463918584e-02 3.032507988993077969e-02 3.174507655026735653e-02 3.362121556044515153e-02 3.285310438511143682e-02 2.906360790446959122e-02 3.251550353855951758e-02 3.088738854111137966e-02
3.302536968322582200e-02 2.857270634540719917e-02 3.222993016988929399e-02 2.513941104460255468e-02 2.971413817956862838e-02 3.910154252630276828e-02 3.209030247820752330e-02 3.018064761023655715e-02 3.020189044824304545e-02 3.228257372419322119e-02
2.765090908562143138e-02 2.974048442489853755e-02 2.900038520878668938e-02 3.184860233736724194e-02 3.250576852677722339e-02 3.224873406719637459e-02 3.275306629650757972e-02 3.184105067165768355e-02 3.090288043879121233e-02 3.335133928509512180e-02
2.963619044428810259e-02 2.699861044791548176e-02 2.727157293274286645e-02 3.288116100892393701e-02 3.858426619091426257e-02 3.049945178628640091e-02 2.966611439489680313e-02 2.993624216877710867e-02 3.403803904400941327e-02 3.301459825804873432e-02
2.814344600561358850e-02 3.450466811350064167e-02 3.380912103061679830e-02 3.170795434275647945e-02 3.148226614746563873e-02 3.020044523159914548e-02 2.780259019336799031e-02 3.160560191271995223e-02 3.302406152381029414e-02 2.975006892376590162e-02
3.272975755423999239e-02 3.391739208172367404e-02 3.059133250167509269e-02 3.574537319842127636e-02 3.157878978069697529e-02 2.954946277045832070e-02 3.170118110771927289e-02 3.103726836851989496e-02 2.965633909712488830e-02 2.565661736972010137e-02
2.752898374757737840e-02 3.395503779692451984e-02 3.206500135587699030e-02 3.099816337446941600e-02 2.696245046890213826e-02 3.197762567055949245e-02 3.454367470769825754e-02 2.819812978468717521e-02 3.381611603261486243e-02 3.210755016134722584e-02
3.058441263334330668e-02 2.827626271670515348e-02 3.084164031516965776e-02 3.208857612798306225e-02 2.787515720381666950e-02 3.029623030263781103e-02 3.061347982522140410e-02 3.411363969107887584e-02 3.562698900109448341e-02 3.169910601058015948e-02
2.616334115308414227e-02 2.636906029313856870e-02 3.371677308420170660e-02 3.710867207562137254e-02 2.977477625955693430e-02 3.159285083412162465e-02 3.592948408179063441e-02 3.185183134037313651e-02 3.115655863994926111e-02 2.900581665665558084e-02
2.956505848403325268e-02 2.778945685376972563e-02 3.234451216419828579e-02 2.893680055597410219e-02 3.490539884006445270e-02 3.457070163804765867e-02 2.842542749387430567e-02 2.669798699503182424e-02 3.310947241130610119e-02 3.616117378199894261e-02
2.790477457772176997e-02 3.417096279771791173e-02 3.432590371790850831e-02 3.111416565856281111e-02 2.683343571394774044e-02 3.197661818209908413e-02 2.941430223517614573e-02 3.132009726254712106e-02 3.553766812636269257e-02 2.965183731764090350e-02
3.019815535784720062e-02 3.231786372368654348e-02 3.253338719719808814e-02 2.603711578422127082e-02 3.035015607410030541e-02 3.067523091254604345e-02 3.144401649826265160e-02 3.245554975031804401e-02 3.570248629174101185e-02 3.037038826450635942e-02
2.783312380829200058e-02 2.957941685840306117e-02 2.878533261840709664e-02 3.758203935296404452e-02 2.742699697920786620e-02 3.042244315823209450e-02 3.283241015258296647e-02 3.256284090522874181e-02 3.377870912520151980e-02 3.144633810984204247e-02
2.917917929799193968e-02 3.354750560629456840e-02 3.013330734191373497e-02 3.012728615366801199e-02 3.497120238256121172e-02 3.165095732148486690e-02 2.788572242303342247e-02 2.926486257674023109e-02 3.637596771626004644e-02 2.912507058322912415e-02
3.186522997167035715e-02 3.366443547995454783e-02 3.229965105128371899e-02 2.764399701680668453e-02 3.475031436244532812e-02 3.391582547527614150e-02 2.565021971915032450e-02 3.288927488641117669e-02 3.145309227774091554e-02 2.817802138225000003e-02
3.241583249680623363e-02 2.945503459338025959e-02 3.163417569766587001e-02 2.960665383203479883e-02 3.038436808435014680e-02 3.024275740097213255e-02 3.243994233024057039e-02 3.308481246018615818e-02 3.082865336341682888e-02 3.163458380348620896e-02
3.063427465383276524e-02 3.008199879073404290e-02 3.332702882581880383e-02 3.438586077661513751e-02 3.199316912091022119e-02 3.035665633078357337e-02 3.256868959565598076e-02 3.116093818573942298e-02 2.892218483493399009e-02 2.846826296724498662e-02
2.906552142472581396e-02 2.651237625722289298e-02 2.819991948792270262e-02 3.714546008883926054e-02 3.379613275165867931e-02 2.991500618610392834e-02 2.672142695650105149e-02 3.267403167670252656e-02 3.648602804225672958e-02 3.222494046745158491e-02
