4.996050969792041330e-01 5.021228352506350578e-01 4.992489075709721225e-01 4.996394731083024787e-01 5.002728686980020267e-01 4.987259953309766125e-01 5.007561119620682621e-01 5.004247690866803211e-01 4.996672479667281230e-01 5.013338183577704665e-01 4.983552917693346851e-01 4.998475839193502468e-01
5.014214441505409070e-01 4.995418027793127047e-01 4.987423719963860469e-01 5.022536164069264508e-01 4.979214581670320938e-01 5.004192794877723172e-01 5.006939733411811533e-01 4.994435724003410959e-01 5.011436909884148250e-01 4.988402246212520486e-01 4.996710132104791313e-01 4.999075524503894252e-01
5.010997690668292925e-01 4.991391846955024469e-01 5.011357081344602893e-01 4.991105347843661777e-01 5.008587939691349078e-01 4.997697878272935879e-01 4.991923932692713395e-01 5.005760117936587372e-01 5.000605037422927168e-01 5.001854321466622233e-01 4.995701899343376051e-01 4.993016906362572893e-01
4.999168994013115652e-01 4.992978790999327288e-01 5.004264168007885871e-01 5.010641463883075408e-01 5.015036208110518201e-01 4.964991283138465161e-01 5.008865337655368233e-01 5.010226539365434384e-01 4.993351536459361695e-01 5.003900670366150383e-01 4.997931385824698203e-01 4.998643622177645351e-01
5.002167912341302092e-01 5.006999105508798120e-01 4.982752330923606032e-01 5.013447242845852081e-01 4.992336723724050684e-01 5.007754119017775452e-01 4.996901860101867765e-01 4.992407765917772355e-01 5.012940914110038948e-01 4.984265513190367924e-01 5.007266088998892917e-01 5.000760423320315118e-01
5.001658531829051846e-01 4.993591984199121647e-01 4.995455054625502767e-01 5.020261259490230721e-01 4.996505040641353035e-01 4.995354135092325842e-01 4.997413614323859554e-01 5.012181183222071956e-01 4.978439186193172605e-01 5.002018356917139474e-01 5.010843212286899551e-01 4.996278441180233010e-01
4.995572504498974054e-01 4.998299932244895105e-01 4.997981714448327395e-01 4.997030457529827441e-01 5.013840158647027145e-01 4.989394902689776035e-01 4.995166664162099535e-01 5.003549984338576673e-01 5.007720272016857876e-01 4.991132587026444467e-01 4.998657855445741705e-01 5.011652966952073740e-01
4.996710222554662240e-01 5.012558668215648661e-01 4.967433784250937512e-01 5.043596426011154321e-01 4.973982151637560412e-01 5.005378969457590088e-01 5.009611819948536215e-01 5.002661985583543025e-01 4.971644443715501627e-01 5.026619852657837617e-01 4.992435791900213804e-01 4.997365884067690445e-01
4.988189304590151529e-01 5.007241955027685876e-01 5.008376459567958072e-01 4.978804072502021616e-01 5.011385440852920148e-01 5.000567129139188438e-01 5.000578395578439972e-01 5.001360065914098874e-01 4.995656154885839140e-01 4.990301394873433716e-01 5.005405051464305588e-01 5.012134575604836328e-01
4.993284756452839313e-01 5.010632324521901992e-01 5.001914842358813340e-01 4.994515254959118189e-01 5.005886088552099489e-01 5.003356411163476514e-01 4.994208597780999681e-01 4.998376481818415096e-01 4.996107025369554977e-01 5.013806540506513532e-01 4.989604897832873309e-01 4.998306778684197815e-01
5.016493593492893366e-01 4.997846789667690359e-01 4.988250698123132265e-01 5.010927995231717613e-01 4.990800606061971401e-01 5.013606361564635350e-01 4.977103412538548266e-01 5.008225439257470990e-01 5.007824310714700244e-01 4.993226832867257436e-01 5.003786048131004804e-01 4.991907912349323184e-01
5.007437933575988875e-01 5.011610780577611113e-01 4.986315091977599478e-01 5.003820826441440772e-01 4.992242353661897614e-01 5.020392352996744245e-01 4.973657573509170371e-01 5.021023505902907358e-01 4.994369792754509429e-01 4.991871339952097530e-01 5.021128294591893360e-01 4.976130154058610033e-01
5.005049039686437773e-01 5.003741238408272451e-01 4.999228402845756203e-01 4.995084529754066360e-01 4.995228505588262258e-01 5.010372102356022150e-01 4.995900506039581690e-01 5.005267463142109019e-01 4.995940567061559756e-01 4.993381385539256145e-01 5.005654776451862187e-01 4.995151483127426295e-01
4.989909952681130245e-01 5.004936845139924539e-01 5.003369520207908705e-01 4.990536070294257498e-01 5.004515424491395859e-01 4.995890754418227386e-01 5.005370542325099370e-01 5.001736179691875783e-01 5.000893846305985990e-01 4.986181387659929243e-01 5.014988996580502789e-01 5.001670480204176705e-01
4.994615037065657237e-01 4.994793226272349340e-01 4.999483388939323092e-01 5.009182665861280359e-01 4.992482055564747001e-01 5.002391658187212986e-01 4.994074370343884461e-01 5.009032818546348409e-01 4.994278219845201816e-01 5.000583722477349724e-01 4.998325936763753918e-01 5.010756900133946923e-01
5.006806456203922728e-01 5.015152695436190244e-01 4.979787701418751933e-01 5.016661275023963640e-01 4.973108709176086162e-01 5.023774197217838466e-01 5.000010505441738751e-01 4.981387313246893322e-01 5.011524934624536076e-01 5.007847037516370836e-01 4.993105545594349604e-01 4.990833629100461799e-01
4.992704101425976537e-01 5.007323889480805867e-01 5.006582209669381278e-01 4.985318661773460169e-01 4.997685006016853726e-01 5.001247754759601261e-01 5.007786778609566447e-01 5.006835590519148615e-01 4.987470187271357269e-01 4.989663414132865515e-01 5.015921691591352927e-01 5.001460714750656233e-01
5.001660061932649004e-01 4.980211985209019865e-01 5.021948860054309405e-01 4.999642435139646235e-01 4.991753308327994132e-01 4.989232814734990695e-01 5.015257510919550743e-01 5.002672257935240063e-01 4.990788979701877293e-01 5.008824480563009995e-01 4.992699369872587445e-01 5.005307935610021630e-01
4.977885671435490211e-01 5.018284771613195083e-01 5.002036893536412343e-01 4.981385323592898429e-01 5.017473571871718940e-01 4.987524615735426936e-01 5.007220094126079157e-01 5.007267083369459915e-01 4.990346159562901729e-01 4.999934336418960790e-01 4.990472788092106260e-01 5.020168690646240606e-01
5.000061742975173695e-01 5.003378490775429732e-01 4.996339151479166629e-01 4.984054070217616705e-01 5.023858048800631249e-01 4.995490754919834631e-01 4.998532168634898243e-01 4.993413810337946623e-01 5.004336555499258044e-01 5.003646789847446819e-01 4.999178343093294008e-01 4.997710073420151833e-01
4.978982086297515375e-01 5.013268903918889352e-01 4.993259519300497495e-01 5.015056770819776855e-01 4.977246085760451688e-01 5.015500417402363187e-01 5.000733369245236037e-01 4.983581945294689453e-01 5.010533689607308272e-01 5.009596141857728391e-01 4.987496647839378960e-01 5.014744422657398948e-01
4.987592950251624746e-01 5.008893805031099378e-01 5.002802987067785923e-01 5.004169971638087189e-01 4.986896577429000832e-01 5.019164277656643636e-01 4.990657388287431662e-01 4.989357864827024258e-01 5.015047422361711416e-01 4.996253529087381628e-01 5.007944688649450526e-01 4.991218537712920900e-01
4.993499751618580840e-01 4.998449489522104883e-01 5.009054186487329474e-01 4.990995972545549386e-01 4.991193837468356209e-01 5.020152407425767516e-01 4.992121127240825573e-01 4.994827780010525076e-01 5.006144403353987027e-01 4.994949933306088719e-01 4.991431129490305207e-01 5.017179981530928146e-01
5.002410017618432736e-01 4.994145742338882421e-01 4.998119743713677066e-01 5.001394405249917074e-01 5.001601019243022694e-01 4.998334696254845833e-01 5.011569151014244605e-01 4.990541822240999181e-01 4.996037452901234133e-01 5.012604142545039609e-01 4.985255018394170179e-01 5.007986788486524787e-01
5.007336178130632476e-01 5.000472672520922535e-01 5.004390743884683523e-01 4.989636628419749642e-01 5.009150726510710472e-01 4.994030706997341640e-01 5.007092952933072105e-01 4.986583068322255063e-01 5.002117796792735493e-01 4.995857639627293012e-01 5.020130863760137174e-01 4.983200022101082483e-01
4.999258100145420047e-01 5.004901567191590850e-01 5.001608693673758044e-01 4.997081126397934780e-01 5.003936603772161096e-01 4.991472385374297049e-01 5.008534901828112229e-01 4.997094566368505131e-01 5.008125467624946481e-01 4.996652514214723340e-01 4.996055301887516453e-01 4.995278771521532990e-01
5.002627028454742497e-01 4.999970144219956225e-01 4.993342440972121654e-01 4.999951342450220104e-01 5.009713362693000160e-01 4.992637981683677451e-01 4.998404264402114272e-01 5.009333227073923256e-01 4.991388161325606143e-01 4.997766624841838423e-01 5.009715382805437489e-01 4.995150039077950188e-01
4.987115428306587717e-01 4.996522103729356123e-01 4.998792080432201135e-01 5.004164498811219941e-01 4.997015602663576472e-01 5.002863187614585705e-01 4.995787695578318699e-01 5.011822101856335809e-01 4.984727421737254471e-01 5.015063988737484824e-01 4.977159902549839199e-01 5.028965987983740060e-01
5.007321638259362162e-01 5.001716837006909833e-01 4.996197685472998362e-01 4.994384718660026534e-01 5.010487927151172638e-01 4.995105372651771347e-01 4.995320309940821102e-01 5.007374640915962516e-01 4.987022924153494685e-01 5.014243468100292311e-01 5.001906162442191217e-01 4.988918315245583490e-01
4.999819328813263630e-01 4.992428635466082953e-01 5.008121892464587610e-01 4.992077291762472280e-01 5.003248849355782513e-01 5.004246047745501969e-01 5.008270362812533572e-01 4.982960613264532657e-01 5.010031440011515347e-01 4.987321692765287473e-01 5.012977785403487374e-01 4.998496060135424468e-01
4.994006515105062216e-01 5.002518395070529866e-01 4.990733061610136967e-01 5.032809940282194638e-01 4.966989451285116486e-01 5.000799139957086137e-01 5.014335693308662467e-01 4.992953443100828226e-01 5.007840840391988291e-01 4.988992366758863151e-01 5.011578232978353142e-01 4.996442920152052714e-01
4.996406939055116903e-01 5.008834100819892221e-01 4.992182657313364302e-01 4.999787797664089206e-01 5.005424066116940240e-01 4.998143738989574425e-01 4.999043000502222944e-01 5.001237475138486932e-01 4.998391436227774265e-01 5.007412441632376199e-01 4.989384858099491504e-01 5.003751488441532391e-01
4.998466597598885119e-01 4.993380582217497032e-01 5.008553553980239492e-01 4.992595474260550503e-01 5.003359420347681663e-01 5.008847926262518513e-01 4.989796608593837224e-01 4.999010575267924805e-01 5.000010320460597235e-01 5.008634261806359511e-01 4.996484813751813636e-01 5.000859865452769171e-01
5.001958902262294560e-01 4.998721519634449217e-01 4.992208097471714234e-01 5.022386723343257309e-01 4.980834543756872401e-01 4.992518913047960805e-01 5.026110351074511984e-01 4.983575066276433319e-01 4.994408916251398822e-01 5.005643263623632544e-01 5.006871117795519410e-01 4.994762585462240723e-01
5.004434573163885069e-01 4.999128421434307357e-01 4.981864706019653033e-01 5.019731373627860371e-01 5.002445030270307180e-01 4.992850334414162261e-01 4.989862972723982937e-01 5.003038612123904549e-01 5.009563063417737938e-01 4.988801313252196334e-01 5.006223172484348671e-01 5.002056427068227729e-01
4.988177719367507534e-01 5.004803281883469790e-01 4.992155970922829145e-01 5.010006136195892523e-01 4.997090982085417021e-01 4.998914905887678062e-01 5.008024216862858591e-01 4.992447276308691340e-01 4.996672196513940456e-01 5.012604009761723045e-01 4.986669251389968527e-01 5.012434052820928798e-01
5.004159448388545428e-01 5.000010679949962178e-01 4.995896072516632924e-01 4.999086954826389428e-01 5.006330073640692380e-01 4.992525082702937711e-01 4.992647709267508116e-01 5.013176641889655061e-01 5.017717564827526289e-01 4.972286922710209001e-01 4.989472682408288562e-01 5.016690166872588286e-01
4.974075722863292581e-01 5.012744002163183055e-01 5.001313384834140674e-01 5.003053153682206489e-01 5.003293131181777431e-01 4.992839168510840309e-01 4.999077114152061241e-01 4.996203570502783520e-01 5.002587732570249468e-01 4.998581552274113382e-01 5.001277445356326901e-01 5.014954021909573401e-01
4.980007450052576501e-01 5.007367398695650174e-01 5.017956030781208776e-01 4.980052857250987230e-01 5.012527835609490445e-01 4.994154969808649591e-01 4.992378987703074977e-01 5.015268475485121780e-01 4.995874591367130968e-01 4.990514017065685870e-01 5.016110924679471061e-01 4.997786461501491084e-01
4.999665813342220599e-01 5.004402655577966375e-01 4.991369233700072017e-01 4.996800128743958958e-01 5.006547391237833322e-01 5.008583675317447303e-01 4.987067505706616055e-01 5.004870097759974712e-01 4.998020653877337516e-01 5.006679264860689482e-01 4.991705966136750217e-01 5.004287613739978324e-01
5.009961960990065855e-01 4.997767385048860200e-01 5.006573681687160882e-01 4.974872933066313840e-01 5.024524724051120383e-01 4.984390908772585727e-01 5.010293992949930164e-01 5.001100698519176380e-01 4.994276224898316907e-01 5.006446822335148816e-01 4.990445390507287637e-01 4.999345277174813140e-01
5.000552258601594913e-01 4.986633480795633622e-01 5.025203866789033080e-01 4.997649482847273394e-01 4.994607292050906588e-01 4.995770881914883277e-01 5.000673165087430316e-01 4.996755459274817568e-01 5.013785681282080242e-01 4.969477861830912113e-01 5.031243526809340283e-01 4.987647042716557566e-01
5.012082375687959557e-01 4.994703092005034484e-01 4.989557610413013489e-01 5.003738471346501626e-01 5.004306969519798365e-01 5.003151961156210303e-01 4.992022948230167012e-01 5.020215270739669666e-01 4.977559768938691898e-01 5.013627973612863054e-01 4.983176293080588959e-01 5.005857265270530210e-01
4.993329910524514914e-01 5.001921213549316292e-01 4.998267162942239272e-01 5.012227905118260551e-01 4.981960297246251779e-01 5.010041344197293522e-01 4.998355224176666556e-01 4.995936933905190669e-01 4.999908000995431090e-01 4.998829848505752516e-01 5.014374984518783496e-01 4.994847174320731775e-01
5.007617053016195641e-01 5.001258826529986212e-01 4.995813601735119569e-01 4.994022346296985715e-01 5.003278507471402570e-01 5.004845482491435682e-01 4.996167978389359776e-01 5.003084916005843263e-01 4.986874312123134034e-01 5.016465531959150015e-01 4.987498035039705790e-01 5.003073408942385614e-01
4.988356498383752502e-01 5.006245320721858238e-01 5.012073558091791892e-01 4.993001743017504435e-01 4.996174403312629297e-01 4.994309158087897882e-01 5.012606756611097669e-01 4.998787036998392219e-01 4.991143369631079185e-01 5.002195662840118739e-01 5.003256427002559237e-01 5.001850065302144710e-01
4.996548319819174022e-01 4.994478941752930612e-01 4.992681460392347503e-01 5.002504178622422248e-01 5.018385455758087588e-01 4.978633770113469748e-01 5.013437085106577928e-01 4.992517451489976166e-01 5.015211508773713689e-01 4.978246549378269603e-01 5.012372851091125847e-01 5.004982427702182601e-01
4.999863731229131081e-01 4.990848515211393499e-01 5.010719704911700267e-01 5.012081574871508627e-01 4.992093636453133754e-01 4.992837890004422352e-01 5.001470859165596528e-01 4.995327727585004984e-01 5.018227987392508416e-01 4.975287523705378412e-01 5.023080287619107187e-01 4.988160561851912034e-01
4.995819768383945036e-01 5.002873995676664354e-01 4.994843487196414245e-01 5.006285622066655172e-01 5.001721696985901300e-01 4.992958554155981776e-01 4.999204769123207770e-01 4.999762258408136928e-01 5.005211517009082733e-01 5.002817538244168638e-01 4.977604058665731634e-01 5.020896734084498991e-01
4.990404353332572596e-01 5.006201226622160050e-01 4.979454114943918097e-01 5.028326644531704304e-01 4.988450910514893311e-01 4.993188673390425159e-01 5.014198548452488691e-01 4.991547427665308234e-01 5.003427453279332138e-01 4.998834656678180499e-01 4.992301958437613263e-01 5.013664032152271854e-01
4.999572473261402195e-01 5.005466156372189168e-01 4.981699584178793105e-01 4.998089127547921118e-01 5.019131382859418622e-01 4.982736167920674419e-01 5.005110170348134879e-01 5.003450444242092399e-01 5.000795200422014641e-01 4.997945801975282043e-01 4.989250247512581060e-01 5.016753243360349002e-01
5.003936960823388569e-01 4.990605573710999998e-01 5.011709633252998675e-01 4.989550823287432491e-01 5.000119571819520159e-01 5.014540598480816680e-01 4.981489486634390618e-01 5.009757857486332178e-01 5.003119665200860267e-01 4.995588642751954134e-01 5.000255520851486501e-01 4.999325665700731225e-01
4.989337988523512846e-01 5.001213249944416184e-01 5.010286231371657850e-01 4.995862142029429132e-01 4.998367201499060997e-01 5.003470832532597168e-01 5.001777164948686405e-01 5.003927658489082386e-01 4.978320543509227591e-01 5.017094202200570452e-01 5.008194820587784646e-01 4.992147964364512247e-01
4.986144796089459486e-01 5.000695739302710718e-01 5.000194668753281668e-01 4.998530358971339238e-01 4.995413443626318672e-01 5.005852800815828729e-01 4.995351736430961864e-01 5.006794239576966010e-01 5.002143524862059376e-01 4.995598737760839070e-01 5.002049606317189312e-01 5.011230347493881299e-01
5.018396220341225789e-01 4.980489973398830594e-01 5.017954919471884212e-01 4.981027299008322085e-01 5.018206648499640155e-01 4.984995835638281192e-01 4.988834079305604630e-01 5.025970925464101624e-01 4.991325090463871739e-01 5.009892928635406584e-01 4.985293658292907493e-01 4.997612421480538414e-01
4.994046656059116795e-01 4.995597878983820128e-01 5.006947454543011489e-01 4.989794324256285329e-01 5.009241413257969899e-01 5.006741630772758578e-01 4.982250774541940319e-01 5.002282016345435123e-01 5.017490230408014895e-01 4.986932220531681281e-01 4.993467588164698379e-01 5.015207812135893395e-01
5.003911229955073647e-01 4.990785990373979852e-01 5.019092544839907077e-01 4.980777765932303258e-01 5.019457165331799864e-01 4.992046878896175821e-01 5.001917730153714325e-01 4.994378698378661996e-01 5.005078481208313779e-01 4.992407208628464321e-01 5.003664902073658993e-01 4.996481404228860779e-01
4.998369017845243345e-01 5.002373968265398929e-01 4.993444558698261759e-01 5.000291756398895782e-01 5.001369272354867501e-01 4.995231625306104095e-01 5.014789126904508620e-01 4.996247463266908495e-01 4.980482813434957690e-01 5.027947150599204607e-01 4.982642803397887010e-01 5.006810443528133536e-01
5.010850666693380528e-01 5.008939188499773598e-01 4.975842154394343742e-01 4.999274568644814787e-01 5.007256061710938511e-01 4.988794340529172366e-01 5.028323016198290585e-01 4.992873786696750971e-01 4.978513857268451193e-01 5.025460320364534272e-01 4.989863760230111578e-01 4.994008278770522558e-01
4.973980879999251870e-01 5.029492861443947138e-01 4.976604200596671523e-01 5.005707654913158500e-01 4.997563700894417371e-01 5.004917075529276005e-01 5.004756008373529852e-01 4.985587940642222105e-01 4.999657439980699225e-01 5.013364040214449702e-01 4.989602022635316048e-01 5.018766174777791189e-01
4.993103749383454026e-01 4.987990048698900392e-01 5.013252519006834440e-01 5.002829517675825288e-01 4.996549925699915184e-01 4.996711444577559003e-01 4.990461651433515944e-01 5.009620252333292223e-01 5.009613335804034007e-01 4.994385204548100754e-01 4.987686455797677998e-01 5.017795895041418097e-01
5.003269574143818232e-01 5.006076071382010717e-01 4.994381939859825481e-01 5.005175074056984474e-01 4.996928329435501026e-01 5.001707087605377078e-01 4.992580149740928896e-01 5.002490735325527682e-01 5.004609957842580670e-01 4.992618006813732690e-01 5.004952609839521394e-01 4.995210463954858904e-01
4.994997975901941945e-01 5.020743209065627877e-01 4.987111744561130711e-01 4.988370764770272414e-01 5.020048844797768695e-01 4.988187193566914202e-01 5.002906338365917804e-01 5.001114131847022026e-01 4.995033547068147284e-01 5.017402732926669051e-01 4.991070317488814911e-01 4.993013199640562449e-01
4.992325838931896964e-01 5.002410311531966247e-01 5.005800355681915281e-01 4.996750281838640007e-01 4.991324470357066945e-01 5.012021587575644643e-01 4.988125657953175196e-01 5.010487513473020904e-01 4.991480287520538850e-01 4.999659740492177762e-01 5.012275821532665709e-01 4.997338133111794978e-01
4.987257641688090382e-01 5.006218834828271014e-01 4.992953151047876958e-01 5.002956353348909646e-01 4.993661653429231073e-01 5.016356668745715064e-01 4.981850697195678856e-01 5.019156183141805228e-01 4.993662327955231683e-01 4.990261193675642470e-01 4.997148076769881708e-01 5.018517218174611827e-01
4.993969970302223893e-01 5.016286901325940351e-01 4.986798715767973844e-01 4.999744177552210012e-01 5.003018585961018783e-01 4.999913796789232645e-01 5.002528780242370132e-01 4.996451043103613543e-01 4.995728296603537677e-01 5.002580768440283432e-01 5.022960476289872744e-01 4.980018487621986067e-01
4.992444020848775255e-01 5.001755979763908844e-01 4.985828657119328877e-01 5.023862838437938017e-01 5.000261622428925357e-01 4.986448774427530983e-01 5.008312686916365220e-01 5.006431694575141922e-01 4.985848757544900645e-01 5.001236584988981715e-01 5.005590991675392676e-01 5.001977391273464413e-01
4.999211746554783065e-01 4.999149667799407393e-01 4.998672459610460916e-01 5.004888035775871824e-01 5.004116082641847374e-01 4.988589503363356492e-01 5.009588468653800586e-01 4.999055028912204879e-01 4.989065284705856973e-01 4.990379990341173300e-01 5.023393356518628394e-01 4.993890375122953529e-01
5.001649161867864901e-01 4.987453488128672507e-01 5.025921177699701481e-01 4.969465868561553923e-01 5.022248150268973088e-01 4.987539325741264795e-01 5.004891016745890431e-01 4.996691867036903156e-01 5.000923132902811430e-01 5.003302698122024106e-01 5.005665858311247884e-01 4.994248254614174209e-01
5.007338195291035632e-01 4.992855504698580082e-01 5.011780973780401993e-01 4.985467792956042032e-01 5.016856770421441736e-01 4.980250978831819442e-01 4.996291023500087913e-01 5.021160109576277009e-01 4.993352994185832894e-01 4.999601734487886806e-01 4.995350276776022724e-01 4.999693645495474903e-01
4.996016700446540559e-01 5.007286968927251447e-01 4.992870447750384355e-01 5.003894269685410512e-01 5.001697318203852660e-01 4.999162789162707732e-01 5.001627089182892894e-01 5.001198263325965510e-01 4.994121906920402365e-01 5.011966291564623477e-01 4.996253599021051039e-01 4.993904355809946072e-01
4.982724501174699006e-01 4.999524195568553209e-01 5.019099782103434437e-01 4.989917331830014402e-01 4.999694686674934774e-01 4.992567774090828636e-01 5.007894978618917525e-01 5.001773763399144368e-01 4.987973723974968299e-01 5.009662596371708965e-01 5.002589387641671603e-01 5.006577278551651577e-01
5.005923616997931536e-01 5.001591111697691883e-01 4.991436875814279084e-01 5.004363386109001999e-01 5.004326969844529183e-01 4.996684039926314602e-01 4.998958963232135733e-01 5.005156094366709496e-01 4.989547141987606960e-01 5.013234319980360842e-01 4.995234679480906603e-01 4.993542800563302020e-01
5.003412464082908073e-01 4.997557965243947797e-01 5.006781019646665554e-01 4.984733825097434901e-01 4.996500267689967800e-01 5.015841824753455302e-01 4.995213849641804704e-01 5.007182943905592598e-01 4.986681092288602901e-01 5.002038571335147843e-01 5.014048276991267539e-01 4.990007899323927187e-01
5.007091780445351858e-01 5.000261227849301937e-01 5.001070320937222036e-01 4.992094434181472140e-01 5.001450010264248958e-01 5.008565160112214976e-01 4.988878111510960389e-01 5.004137330776428083e-01 4.994299590103972730e-01 5.003815669434048541e-01 5.008006859774635222e-01 4.990329504610803157e-01
4.996549003246524845e-01 4.990852427042947181e-01 5.005490964192302883e-01 5.014249834233853731e-01 4.989134016652249093e-01 4.996848192448731241e-01 5.010256751575231648e-01 4.996569770505701058e-01 5.003316728107471967e-01 4.993589159113401288e-01 5.005840304525855933e-01 4.997302848356000582e-01
5.006195299311029245e-01 4.985910171195672147e-01 5.011618136806046397e-01 5.005789615301007300e-01 4.994195476492893637e-01 4.989149145630367155e-01 5.004467277842077344e-01 5.015167052322747621e-01 4.981429111265046616e-01 5.007897375192704725e-01 5.001511250870077641e-01 4.996670087770882507e-01
4.986839890662020380e-01 5.011237982135243740e-01 4.993314627332094968e-01 4.998880984850491704e-01 5.012409375202930839e-01 4.991206514413899509e-01 5.000071584987866302e-01 5.000141032809537478e-01 5.011304074501662376e-01 4.982992428628106318e-01 5.007999471062907215e-01 5.003602033414047412e-01
4.995697957222135499e-01 4.996448984397157123e-01 5.011233227516334043e-01 4.994057018871716491e-01 4.993574619547224147e-01 5.007788321562209877e-01 4.983270294340302331e-01 5.028994804363020599e-01 4.979321787797446608e-01 5.003148201141651708e-01 5.002482979458564571e-01 5.003981803783816851e-01
5.009986359777299780e-01 4.999553168370100553e-01 4.992331214119781757e-01 5.008394869356519452e-01 4.995102639984751458e-01 4.995658710033763494e-01 5.010277300456231764e-01 4.999050226450657552e-01 4.995588327873348167e-01 4.990407499823644732e-01 5.018515375440435466e-01 4.985134308314792539e-01
5.005726419387201975e-01 5.000590938934700302e-01 5.007398412745343030e-01 4.984196409699712671e-01 5.009178912671651274e-01 5.011612967440516320e-01 4.977510687719325921e-01 5.013745407985370495e-01 4.999575325049596120e-01 4.993818225620297868e-01 5.007242201415098570e-01 4.989404091331702817e-01
5.002189456412317048e-01 4.993340793618168405e-01 5.002149874760227766e-01 4.996580830059028644e-01 5.002002900015776188e-01 5.004321818797708987e-01 4.996668433502567952e-01 5.002326496729181393e-01 4.998583027282671454e-01 4.994038468854826163e-01 5.004243318803229812e-01 5.003554581164950665e-01
5.002773435221163911e-01 4.995225236954296544e-01 5.004899964526678957e-01 5.000583957714529459e-01 4.998736182324606259e-01 4.996293320693849793e-01 5.005016710719428774e-01 4.993418310090824708e-01 4.989947185691555043e-01 5.018413074931515894e-01 4.999193751214329184e-01 4.995498869918181817e-01
4.989212767238981328e-01 5.004082188267388043e-01 5.011391045741213635e-01 4.996881941185135068e-01 4.995524680070611567e-01 5.006365787850568516e-01 4.991502554611650377e-01 5.005340475712609649e-01 4.993741061780108126e-01 5.008362541275451774e-01 5.005712547036426097e-01 4.991882409230770090e-01
4.988579491650476649e-01 5.003678014032826304e-01 5.015904715033983052e-01 4.981351987144019833e-01 5.009710375833424933e-01 4.992411922558905868e-01 5.011397337864834656e-01 4.990232602290449737e-01 4.995974106440373985e-01 5.008768885307375296e-01 4.995571562992519032e-01 5.006418998851568380e-01
5.004444157615994815e-01 5.001249990294129866e-01 4.998942751182082755e-01 5.009070812543932050e-01 4.977353368959359647e-01 5.011443128490382648e-01 4.995660387630562749e-01 5.013885157725250785e-01 4.997625894035498950e-01 4.989854294189705608e-01 5.009945296589558561e-01 4.990524760744389221e-01
4.988264889512596945e-01 5.000821456566454382e-01 5.001229607944637223e-01 5.003573681700029807e-01 4.991157408970261500e-01 5.006608804392507217e-01 4.994994987388984287e-01 5.000453598845864267e-01 4.995630036380889205e-01 5.005759100411051321e-01 5.004174084940360423e-01 5.007332342946853032e-01
4.974696167616117215e-01 5.009623820346227330e-01 5.001963513897258462e-01 4.991487420217304849e-01 5.001717404402139522e-01 5.014734905013608079e-01 4.995559139592383735e-01 4.985397451637038624e-01 5.003396838527580659e-01 5.011152505984685090e-01 4.985061154370916126e-01 5.025209678395284874e-01
4.988380646643932326e-01 5.009362023385725005e-01 5.003227674032429961e-01 4.985645305995007326e-01 5.006462831829874283e-01 5.002933325960210453e-01 5.001462948538952791e-01 4.985577851629818813e-01 5.014972607758434453e-01 4.991587872157709493e-01 4.998660178564020562e-01 5.011726733504564546e-01
5.001187575138391628e-01 5.005742817224769770e-01 5.002268972105725631e-01 5.004696339403550409e-01 4.984208843562468738e-01 5.013344109088637701e-01 4.995430720111366796e-01 4.995403067602606217e-01 5.000508886233047123e-01 5.000971345606406437e-01 5.007276268927084439e-01 4.988961054996461364e-01
4.991327175142915573e-01 4.999247915326865410e-01 5.014504760230411584e-01 4.993247321313190046e-01 4.995419456749624620e-01 5.001834208353101996e-01 5.004308980716147826e-01 4.994306979143341985e-01 5.000486691327068467e-01 5.006225363766509950e-01 4.997453385072345156e-01 5.001637762858959224e-01
5.003868732242395811e-01 4.988239704229476268e-01 5.006498712743731039e-01 5.007734351063781730e-01 5.005623752679519978e-01 4.973028840434259301e-01 5.023082794771277504e-01 4.990182945577548157e-01 4.990869883321887857e-01 5.022198081883544329e-01 4.986027173769269627e-01 5.002645027284022827e-01
4.983822909129534406e-01 5.015077210679448338e-01 4.989193382869542837e-01 5.006013285651524924e-01 5.001540177883270211e-01 4.988008089263922806e-01 5.006225562191346512e-01 5.006960464944081313e-01 4.976968705282578398e-01 5.028047663385947219e-01 4.979529514960489012e-01 5.018613033758736464e-01
4.981924058723055659e-01 5.008965114389156703e-01 5.018360601579099356e-01 4.979921766141682804e-01 5.011265745347632805e-01 4.992849125423777235e-01 5.000436785700153042e-01 5.007139148896052605e-01 4.994777625925951314e-01 4.994533412944715534e-01 5.015226439581830231e-01 4.994600175347729820e-01
4.996626800485255426e-01 4.996275033908698093e-01 5.007430058961687136e-01 4.995295412650541667e-01 5.000524616592799676e-01 4.997838326965268196e-01 4.999871091853059779e-01 4.996533795720443649e-01 5.013946363843291287e-01 4.982225072329229398e-01 5.003618348144537320e-01 5.009815078545996059e-01
5.018064713238351571e-01 5.000861850976889844e-01 4.990234140315614741e-01 4.994941965343514534e-01 5.013688369899031994e-01 5.002781914415665998e-01 4.991243299200148198e-01 4.993889229321898382e-01 5.007259197389661853e-01 5.008074888106779365e-01 4.988182597300612198e-01 4.990777834492572396e-01
4.991462449782516630e-01 5.024585789037810946e-01 4.996753193089983891e-01 4.985633599468359267e-01 5.010370219846880246e-01 4.992369970328596196e-01 5.002119986483267722e-01 4.999270637308401710e-01 5.002869265092011464e-01 4.998760349908815681e-01 4.996140028543857858e-01 4.999664511110288867e-01
5.010447939079438751e-01 5.011572991412917011e-01 4.981245106468770723e-01 5.009720633839322979e-01 5.010800080518147404e-01 4.985368362909674000e-01 4.988879493967561807e-01 5.016104245651894500e-01 5.000207321684799755e-01 5.003339973036271537e-01 5.002576844240470555e-01 4.979737007191406550e-01
5.001936258113193201e-01 5.001038379784611410e-01 5.000033496410956069e-01 5.003642097052767301e-01 4.988862934335115407e-01 5.016791444802357613e-01 4.990450618012478023e-01 4.995485033642283468e-01 4.996918998546312496e-01 5.020494601384462019e-01 4.992951280882053644e-01 4.991394857033742416e-01
5.003481918911620863e-01 5.004826338350367720e-01 4.980638067072828412e-01 5.003178945660791133e-01 5.013374432959417648e-01 4.984784831296528163e-01 5.012106407807327413e-01 4.993836311910090364e-01 5.007542904543137441e-01 4.996437691466453779e-01 5.005127047943591645e-01 4.994665102078689745e-01
