-1.002950738202920711e+01
-1.048749591989642660e+01
-1.024944683381010258e+01
-1.025420449712749615e+01
-1.037876359553684402e+01
-1.038716588114961858e+01
-1.009802075509371200e+01
-1.016096912179932943e+01
-1.003111265700016297e+01
-1.035081035371999825e+01
-1.031102802034650523e+01
-1.046231440373698973e+01
-1.019795624630280351e+01
-1.024504152988465933e+01
-1.031039224980406033e+01
-1.046061131759021556e+01
-1.024829529252244953e+01
-1.022348667207703166e+01
-1.026090695218677062e+01
-1.029379871912770383e+01
-1.023313654524370975e+01
-1.051169272844772884e+01
-1.020177115745857677e+01
-1.070179081979582847e+01
-1.064751146390891989e+01
-1.010427874576983065e+01
-1.051241062656784031e+01
-1.022598951718471483e+01
-1.025105837022523225e+01
-1.054992633238075683e+01
-1.040207560653140995e+01
-1.027581518563477481e+01
-1.002924540535773090e+01
-1.034672146024167994e+01
-1.022202055459335313e+01
-1.032317647934304183e+01
-1.035258224232015323e+01
-1.001038076396659271e+01
-1.030606228914719047e+01
-1.028619244537754440e+01
-1.005799376528982769e+01
-1.044010316054279031e+01
-1.047690434401395621e+01
-1.029854101826270529e+01
-1.015507006856627115e+01
-1.004053346804764324e+01
-1.040960124140997678e+01
-1.015663066459019781e+01
-1.026281114023352892e+01
-1.043754704787487064e+01
-1.013567658247732339e+01
-1.011905709158450684e+01
-1.036987186137341510e+01
-1.000454826068835068e+01
-1.033681188552189312e+01
-1.051321676232287849e+01
-1.031162397547554122e+01
-1.019784425908143000e+01
-1.017129468623005195e+01
-1.047350595645635529e+01
-1.058055521415705513e+01
-1.026289344029958528e+01
-1.029405831548821659e+01
-1.076506922441010161e+01
-9.958016078036660446e+00
-1.035798832076809717e+01
-1.038839303467946173e+01
-1.041740478010640736e+01
-1.021047461925471467e+01
-1.030249391434596440e+01
-1.018306521815928889e+01
-1.040140514241810266e+01
-1.036387596234223984e+01
-1.030054370897437899e+01
-1.053368378095742308e+01
-1.017509693937822135e+01
-1.029427194889407637e+01
-9.901329978473384585e+00
-1.036201540506625385e+01
-1.045272353332352289e+01
-1.039703429661453882e+01
-1.023158833413268987e+01
-1.008772580437105759e+01
-1.031707438164593249e+01
-1.052980956694022829e+01
-1.036957854579367222e+01
-1.000666551756092382e+01
-1.052383398034153039e+01
-1.022456947474868727e+01
-1.034192547819598218e+01
-1.037822758308299420e+01
-1.025118344462307718e+01
-1.004105137719891339e+01
-1.071333668761151792e+01
-9.921698671677429360e+00
-1.025301961897291037e+01
-1.067947214248197518e+01
-1.069984033505325094e+01
-1.002818600002802008e+01
-1.015987248540293386e+01
