4.903830441963170222e-02 6.660406481814029611e-02 4.523899117640256540e-02 3.851782349828254681e-02 3.954672841770325714e-02 3.766266256964916764e-02 4.866854872519820602e-02 5.150901968226360289e-02 5.045708916460300841e-02 5.158092366291419650e-02 3.422909854998322510e-02 3.651626272971149334e-02
5.877600404738012735e-02 4.269951399729070285e-02 4.050976765739283669e-02 5.559177448080360184e-02 3.758251279845006843e-02 4.337221855582384239e-02 5.066012011873829990e-02 4.846880367056247835e-02 4.913428428558960781e-02 3.518822966623921800e-02 3.701469796408597690e-02 4.898697506983246130e-02
5.188062816873571792e-02 4.744076516699690521e-02 5.244959926886899604e-02 4.671904482349348298e-02 5.195238222661623800e-02 4.318924550024817732e-02 3.820152413705186351e-02 4.626720682434802556e-02 4.755580299167750519e-02 4.328913529442556668e-02 3.725502076781646993e-02 4.003296035205627240e-02
4.137095728790850940e-02 4.005349837954207820e-02 5.485728466958662841e-02 6.945618254332017183e-02 5.137175538545203646e-02 2.567628895435574571e-02 4.225971736855218402e-02 5.567393600810324056e-02 4.399900344859859758e-02 4.195727753433384222e-02 4.182522373201345844e-02 4.339582694704395560e-02
5.333513376152666796e-02 4.800667005800551834e-02 3.764750932078764906e-02 4.954004856732201895e-02 4.592194832668945736e-02 4.728355212105074534e-02 4.034049893176309270e-02 4.007470867901719719e-02 4.742322742767513671e-02 3.802339132309321551e-02 4.690142131038109452e-02 5.167150810417866363e-02
4.371860022532240292e-02 4.080443284396748777e-02 5.228646405501888306e-02 7.210790906142758305e-02 5.017238050091500645e-02 4.056127299121794344e-02 4.351574693653001424e-02 4.269011689330976661e-02 2.786147755788112926e-02 3.718934506764723369e-02 5.248445938498135649e-02 4.810535552854526553e-02
4.693580691761466139e-02 3.990036008998015110e-02 4.020011775188311876e-02 4.695842945722299155e-02 5.256249833451219489e-02 3.632503278465390451e-02 3.691688739026731392e-02 4.973201911593448654e-02 5.268786249667602173e-02 4.080887405490674774e-02 4.625415985694357468e-02 5.828548446409875100e-02
3.932377554403176934e-02 4.301088676459216553e-02 3.852197122339151569e-02 7.405189114376194148e-02 4.133103001038391372e-02 4.974702806825520573e-02 5.867348131505768088e-02 4.154696084119318539e-02 3.005735978849556622e-02 5.342978702324682055e-02 4.405045484251864096e-02 3.810460908185420159e-02
4.509495567329997734e-02 5.423864523464400067e-02 5.043780300083808982e-02 3.492118803755560330e-02 4.648071107651084027e-02 4.880236447453262238e-02 4.602298929472953964e-02 4.070300628108110969e-02 3.441842961848765037e-02 3.641258071663142082e-02 5.275658220635989770e-02 5.814158813666159276e-02
4.164733311368847696e-02 5.839295922875319123e-02 5.315033781906429444e-02 4.661843126405823545e-02 5.472002770463415405e-02 5.173210256685125547e-02 3.950255998073172459e-02 3.745890931140686414e-02 4.338136884269905291e-02 5.118657781475669660e-02 3.643216077419769716e-02 3.441907279364818384e-02
6.495486851040595255e-02 4.677631555379423156e-02 3.690421023602460937e-02 4.632102312676131262e-02 4.267451211215413098e-02 4.087315571824617910e-02 2.931753995878878805e-02 4.491254188060364583e-02 5.518210248866925460e-02 4.587099785409608221e-02 4.586577886805135590e-02 4.968754856379557772e-02
4.740162747539493349e-02 5.252577443825830195e-02 3.704368337692275082e-02 3.958000087382793075e-02 4.487907640064785209e-02 5.445416368155701903e-02 3.778722796848615201e-02 5.439225456059376684e-02 4.671533914364475737e-02 4.546295683879629512e-02 5.255681767258958692e-02 3.465744184033257846e-02
5.157934553783624643e-02 5.248501528922714515e-02 4.512495869026308948e-02 3.929945658600187547e-02 4.276575699181531243e-02 5.316222982520156515e-02 4.762719176556001049e-02 4.574418052679233432e-02 3.924537075199458630e-02 3.876038213221608131e-02 4.538305661418189779e-02 4.494010871404317820e-02
3.849050588418156948e-02 4.509273029075149680e-02 4.550374939894545612e-02 3.834112413005529019e-02 4.182260131594336960e-02 4.425697566870238214e-02 5.234491573142192877e-02 5.027991943424496568e-02 4.260892343898428636e-02 4.030418850260426150e-02 5.818791215547580026e-02 4.948722529857484120e-02
4.198709472635352158e-02 3.752768101210669088e-02 4.494890430855745522e-02 5.120317067683244350e-02 4.095183544728703967e-02 4.063740283398927650e-02 4.331030816561647068e-02 5.146932820277074633e-02 4.402779090903867487e-02 4.421442155710301330e-02 5.002640748858664527e-02 5.606558729587830109e-02
5.498298255746270069e-02 5.902478570437875993e-02 3.630633740940662768e-02 3.905761899017633210e-02 3.526204119040066143e-02 6.037405749506279118e-02 4.517817070387410150e-02 3.346932008008668413e-02 5.351843616623281480e-02 5.772428614565629917e-02 3.950820764939206448e-02 3.678992530719060045e-02
4.396214077275822918e-02 5.412806228797778507e-02 4.957120656929749763e-02 3.197072834083523885e-02 3.349561682328108803e-02 4.602909993607147421e-02 5.790519426776988970e-02 4.807869801777344548e-02 3.196199438002204907e-02 3.827968524773811554e-02 6.272064352873187032e-02 5.351615226701700312e-02
3.813637894081240570e-02 3.508351682747408440e-02 6.077990249829841318e-02 4.885050822792905145e-02 3.344374323165926616e-02 3.713501243878383762e-02 6.063456419512098378e-02 5.398440207374788358e-02 4.147897409171713567e-02 4.745199850049635487e-02 4.585207333571341554e-02 4.708526784799643705e-02
4.037262124333117208e-02 5.748557861640301442e-02 4.904425491696388917e-02 3.795667392332412182e-02 5.032510938285746083e-02 4.346031690270461129e-02 5.181671439391950101e-02 4.971014329589976133e-02 3.645374463841716262e-02 3.638872537845920518e-02 4.120860753271662208e-02 5.340156675206689241e-02
4.521728050925290232e-02 4.430845244087541768e-02 3.536765580564183581e-02 3.719715780716438547e-02 6.502699929172252313e-02 5.164555557388313817e-02 4.100770061814951184e-02 4.050020807865898492e-02 5.115904587235907408e-02 5.188737097779058671e-02 4.376056975928614007e-02 4.140348087744111227e-02
3.541866888858249268e-02 4.857435022004710778e-02 4.729142964485781586e-02 4.728796935288114012e-02 3.547619418055975721e-02 5.142152527860593958e-02 4.504736442308373418e-02 3.639278832114636181e-02 5.326024067601525802e-02 5.757432109205812970e-02 4.409341028950281016e-02 4.563293086862502124e-02
3.126187308456632868e-02 4.945026875513212905e-02 5.385957415034860890e-02 4.719499465082133138e-02 4.408159599108163462e-02 6.072456638922507643e-02 4.269925682724706045e-02 3.845365302273241054e-02 5.502969613881079913e-02 5.164409349323218629e-02 4.500698092862266686e-02 3.075290635752215770e-02
4.733960022853655331e-02 4.757906096496514192e-02 4.991766015645143773e-02 3.820061455763314184e-02 4.135559134723838792e-02 5.849968010738668817e-02 4.297506240385554066e-02 3.854665298697915882e-02 4.317095488553639865e-02 3.951130901876512280e-02 4.257067702930839026e-02 5.768857821198437180e-02
4.548697008292910959e-02 3.921630663000000294e-02 4.094266890725424546e-02 4.643005005405775182e-02 4.961448473504660728e-02 5.170891036177182459e-02 5.462358265508274885e-02 4.138452958285297051e-02 4.284987809415680832e-02 4.891563693408933905e-02 3.862626277106889772e-02 4.628422511797966599e-02
5.126617031821398274e-02 5.422356777077455559e-02 4.830678989135483992e-02 3.904609868095326730e-02 4.552987299030034768e-02 4.261086186715559720e-02 4.031101706372246241e-02 3.161941351982846399e-02 3.881458924667832017e-02 5.083395269209312062e-02 6.320785927763133971e-02 4.305589149307730706e-02
4.192508797254849984e-02 4.953313750853239467e-02 4.839187901941054137e-02 4.591552154816821302e-02 4.777542612263475930e-02 4.518035650015693461e-02 5.284907957460732025e-02 5.102943825234832614e-02 5.233063621688126277e-02 4.175951615555808377e-02 3.513844618453810381e-02 3.512410591836489376e-02
4.558976038165939160e-02 4.137973314370171907e-02 3.859427118027389247e-02 4.578414542177614011e-02 5.129664278640323760e-02 4.189365556577227118e-02 4.495413385242519322e-02 5.093969218307529967e-02 4.153050733657186883e-02 4.418803929373980172e-02 5.275915769619639317e-02 4.681354147979354535e-02
4.097071637705385766e-02 3.558549755638509837e-02 4.135475131935757720e-02 4.783263367609294492e-02 4.494584321660869547e-02 4.540096391303889700e-02 4.731605464427229152e-02 5.282818277126606621e-02 4.105281180970624805e-02 4.571208011643552310e-02 4.080846610574594135e-02 6.352438636305757225e-02
4.999635600166223853e-02 4.801746065288462623e-02 3.965247785353042537e-02 4.004727817926373445e-02 4.921286729497563461e-02 4.244848426413784515e-02 4.013388172815549049e-02 4.427865601655254363e-02 4.322341281739443264e-02 5.885607211786922366e-02 5.003765546850549861e-02 4.062248269759265173e-02
4.136088576228173080e-02 4.080555389888015916e-02 4.786689242074815276e-02 4.295785953087286752e-02 4.905730213973209797e-02 5.548035981647803788e-02 5.034487410442302358e-02 3.575806090821764816e-02 4.147613220245682797e-02 4.098948583390410461e-02 5.351643434525328591e-02 4.701358979681488637e-02
3.603822374342919438e-02 4.021300751257851636e-02 4.943925046963540404e-02 6.233495790529840208e-02 2.874464027190311299e-02 3.818326235922873957e-02 5.888228966626418703e-02 5.013410021155000756e-02 4.664793056560798123e-02 4.232274832721825975e-02 5.363302877487222120e-02 4.386402758269668245e-02
4.581404882637695603e-02 4.972307513684472158e-02 4.113175331615245151e-02 4.491865184996514382e-02 5.158602794848182738e-02 4.724447810970378026e-02 4.456417080614386711e-02 4.605126092561608736e-02 4.751893032162597674e-02 4.717256738888109951e-02 3.762429255414283247e-02 4.206454487621042598e-02
4.062277529295601347e-02 4.080295073427223085e-02 4.649837572168326327e-02 4.244766114589033218e-02 5.001221488107171487e-02 5.231423882140521370e-02 3.957193898114184927e-02 4.118653993439333472e-02 4.910210557018264421e-02 5.500985263284804277e-02 4.591730830426739296e-02 4.263873059075647121e-02
4.300562063718242622e-02 4.293526431048513142e-02 4.750548666247875890e-02 5.549933497299158747e-02 3.298691265957899577e-02 4.027066324267854214e-02 6.230313756956625676e-02 3.789869317522018971e-02 3.569948678983848878e-02 4.994187569694868989e-02 5.592032955838201896e-02 4.545900620196011155e-02
5.408240939862064833e-02 3.970131680135931262e-02 3.606157417293497092e-02 6.079978827809438130e-02 5.028630280722555523e-02 3.199341800895626198e-02 3.039388956789417645e-02 4.550709689551644260e-02 5.345475331383434808e-02 4.193809887061431679e-02 4.980198671754411388e-02 5.714796474825596662e-02
3.738231841776407799e-02 4.120675051722252208e-02 4.289739257074755979e-02 5.243400160183829539e-02 4.815531619936667951e-02 4.915237851842295391e-02 5.178306608944104050e-02 4.199836114850882818e-02 4.383788544652676006e-02 5.065166636191446858e-02 4.104868651288613723e-02 4.535095070396487349e-02
6.076156546501202543e-02 4.561577460209889634e-02 4.157128404555365808e-02 4.910060971257710488e-02 4.968717810006902103e-02 3.630150116839701152e-02 4.021268495142502064e-02 6.528598223928491762e-02 5.520767502992856429e-02 2.348311854389983563e-02 2.895257579674324205e-02 6.000180290728551746e-02
3.517062325744706175e-02 5.128142915407209179e-02 5.594605398749444292e-02 5.284524857675645254e-02 4.546461638860359311e-02 3.694859388796475214e-02 3.733043303641697674e-02 3.871365932844480356e-02 4.272984330397432834e-02 4.553107118845812346e-02 5.295205106870631145e-02 5.309690086854657043e-02
2.959059322910047307e-02 4.844176762647253720e-02 6.005369150043657345e-02 3.955401814494656498e-02 4.553007572943570253e-02 4.167892921810696649e-02 4.506633249161557525e-02 5.682288396165369876e-02 4.392535817243403001e-02 4.275083116416435181e-02 5.634634334304786107e-02 3.954270420479835679e-02
4.825222306408963324e-02 4.491952052607889323e-02 3.581668556046453677e-02 4.098866640470227862e-02 5.520991048016006542e-02 5.323971991980559759e-02 3.869177099963792832e-02 4.495806401433718319e-02 4.917503487714265653e-02 4.922057779581536646e-02 4.052502777553963070e-02 4.568848008347481393e-02
5.556726305605897559e-02 4.845617517202729235e-02 4.034146314292921115e-02 3.327184047947126522e-02 5.453172879763339143e-02 4.446532516842671701e-02 5.094751557974373790e-02 4.816947290413369637e-02 4.418351082293214827e-02 4.503300852022347478e-02 3.776871560205481704e-02 4.436761058440420041e-02
3.991531832152226539e-02 4.447818696622843349e-02 7.483193622819547808e-02 5.330002163094298834e-02 3.669866775256169777e-02 3.564082569913698539e-02 4.139642392215780314e-02 4.284479737930724230e-02 4.092300779080879081e-02 3.263061464499111830e-02 6.318614473319748848e-02 4.687149756704172415e-02
5.673992519986750804e-02 3.999306321257285746e-02 3.518381872194044357e-02 4.849315271110653941e-02 5.633229089830489589e-02 5.089544238146248567e-02 4.750531878529239138e-02 5.643891833067145314e-02 3.680247049469276277e-02 3.894793886072449307e-02 3.339073499734934031e-02 4.844293009739552430e-02
3.776590959854578960e-02 4.375693474064594468e-02 4.811282013224862930e-02 4.733798296936217453e-02 3.458117593455162231e-02 4.509855934955163403e-02 4.515444930197137774e-02 4.137604724025775726e-02 4.385632908309767403e-02 5.273293663022467909e-02 6.284917571622429533e-02 4.495581124724869204e-02
5.808095863965839767e-02 5.039450044409420071e-02 3.932737886766349278e-02 3.793639837497748968e-02 4.685993776378580278e-02 4.918538917955811440e-02 4.160237666385002697e-02 3.964857861702601044e-02 3.978695696671315923e-02 5.298181329131842338e-02 4.221586099523132185e-02 4.900982606982808715e-02
3.797146287946691345e-02 5.400129270333073328e-02 6.179720258202524297e-02 4.221641654839703578e-02 3.603100958072341653e-02 4.270685902241710963e-02 5.618329950931149480e-02 4.366378553528183631e-02 3.522391136020742303e-02 4.393376316954990257e-02 5.081455578850083837e-02 4.427965264301701037e-02
3.885235637445298013e-02 3.071753036337878523e-02 3.453375495418656294e-02 5.209845774314983413e-02 5.954277786763763347e-02 3.850988410455840477e-02 5.107988076906933711e-02 5.249672485028900742e-02 5.234607570705684249e-02 3.571526108040358471e-02 5.118456423049525666e-02 5.325568846092573055e-02
3.810598909418828201e-02 4.057468009216137067e-02 6.143451322962571043e-02 6.259945614350158338e-02 3.974821572622298793e-02 3.435254124823752808e-02 4.149649646324673341e-02 4.706265037315502525e-02 5.076298017789879907e-02 3.658399247199812382e-02 5.471550320521482297e-02 4.241535993999957788e-02
5.410116176128792337e-02 4.784138299103098124e-02 4.552451336467858156e-02 5.309443509500369474e-02 4.679502766537110836e-02 3.623855252965255819e-02 3.794927999708221089e-02 4.518018162274056726e-02 4.901292184411488312e-02 3.949209024048241923e-02 3.378683454387033241e-02 5.928146505690484735e-02
4.064193005574856521e-02 3.851945409263939080e-02 3.910132488545157298e-02 6.570626340308907687e-02 4.439912965390456490e-02 4.154143362633690162e-02 5.481506271830849375e-02 4.618549885669129274e-02 4.390795282858383358e-02 3.986238321614348629e-02 4.151738179186872935e-02 5.193259788055731851e-02
5.504687468306537768e-02 3.999357225365282598e-02 2.843756262186594372e-02 4.078227721549481516e-02 5.543117492452244444e-02 3.762488428921284545e-02 4.375869453831917472e-02 5.238400678111801434e-02 5.022570829315944896e-02 4.162230318300272347e-02 4.188408613774129846e-02 6.328788547722770386e-02
4.491276611058332008e-02 4.106082894683314721e-02 4.687096851668978714e-02 4.029601468291552774e-02 4.777674806934700813e-02 5.347280773010962968e-02 3.910858196989110830e-02 5.050755729426141538e-02 5.129078878435673616e-02 4.342410239792991733e-02 4.274088781693820976e-02 4.427325575061008545e-02
3.018985719369911974e-02 4.467856649330416430e-02 5.730370557426311268e-02 4.576502774567745013e-02 4.393264998160145707e-02 5.249326295599458791e-02 5.247419301858934071e-02 4.090431531139025051e-02 3.316805120864722844e-02 5.847635800270454404e-02 5.695397561512671736e-02 3.466918965098832878e-02
3.431342192426548032e-02 3.502583064219957215e-02 3.830086932237114494e-02 3.892947479886968432e-02 4.029141471038852340e-02 4.748930171021481517e-02 4.967795184349404342e-02 5.805885584446777298e-02 5.388736085622471833e-02 4.797699470650412801e-02 5.309165553287598788e-02 5.160249178214327409e-02
5.574585580153749997e-02 3.815633386173190866e-02 4.509890056085405496e-02 3.885510964025117031e-02 4.753981854782494271e-02 3.328590715940054484e-02 3.920948417935552627e-02 6.983796369557547512e-02 5.452495123964037904e-02 4.721264417482602671e-02 3.573148342500137575e-02 4.529393603772395582e-02
4.570604524102640787e-02 4.068158170008743385e-02 4.385203555892815130e-02 4.310809912956203860e-02 5.439245618584476194e-02 4.650208892682836104e-02 3.334117850697936730e-02 4.764456733426561397e-02 5.977551992443098233e-02 3.839060834801043265e-02 3.940793804953361679e-02 5.547699390552620485e-02
4.604188572060641249e-02 4.778558950920944182e-02 5.956518173217041634e-02 4.587528888616310141e-02 5.994916891538794312e-02 4.681172058246264173e-02 4.190447566949011965e-02 3.855346401858297800e-02 4.053062397964782293e-02 3.729697611730969919e-02 4.113559166213326401e-02 4.210360249691500606e-02
4.384824263386525450e-02 4.308771609515213430e-02 3.835290308588192726e-02 4.048588165683437295e-02 4.429134383051156615e-02 4.942227821184069780e-02 5.882944517236870369e-02 4.216836348813978591e-02 3.832504008084870045e-02 6.194761002196794153e-02 4.272835963439847867e-02 4.420773163382957227e-02
5.283857233954486476e-02 4.348943511160167918e-02 2.488491784034112600e-02 3.091897428188978073e-02 4.449313008518784168e-02 5.238082837019239490e-02 7.490027041673889829e-02 4.523729497945611772e-02 3.874174873369634620e-02 6.364829350939919805e-02 4.399013861244422535e-02 4.029061911596931028e-02
4.058195283061447750e-02 5.771350237415998063e-02 3.487398327222460126e-02 3.787542732136622847e-02 4.340536789051385735e-02 5.002279610423877865e-02 4.361480475441389948e-02 3.331552589744398579e-02 4.459814435609917027e-02 5.976705667839157105e-02 5.007031138711866280e-02 5.299170852502126106e-02
4.125600951977700936e-02 3.601930521353751552e-02 5.368915386093724151e-02 5.327621370273954993e-02 4.079369643492627984e-02 3.435891763835312307e-02 3.830922073549242884e-02 5.835523753009655423e-02 5.785220750232764053e-02 3.967649774065107326e-02 3.953976441075435916e-02 5.686056644117280096e-02
5.326831677203375942e-02 5.411923801697460235e-02 4.657851998841334995e-02 4.846873809592980309e-02 4.389534339511701883e-02 4.026206890836250829e-02 3.677567528177583950e-02 4.322249190384704065e-02 4.611746165916445067e-02 4.144453246140337999e-02 4.562386797004165662e-02 4.627648688054315090e-02
4.356480010745516357e-02 5.753989746984269210e-02 3.552457307302990530e-02 3.514756857355290365e-02 5.572991589224402659e-02 4.585502803331645283e-02 4.559848455336142775e-02 4.653825789999907481e-02 5.179456311055422729e-02 6.112770960505677087e-02 3.873816168870099219e-02 3.285904938131400249e-02
3.878651000294186524e-02 4.655669915613552118e-02 4.951987670402033248e-02 3.944705224287174683e-02 3.683555712160400952e-02 4.682583978236149608e-02 4.271275252587406618e-02 4.777215346323834821e-02 4.157764340636863759e-02 4.994611781847430043e-02 6.083512092078563471e-02 4.619386615313456762e-02
4.233212840769713659e-02 4.209851117286254885e-02 4.025727046484948307e-02 4.536526672384230685e-02 4.706628883849041378e-02 5.372582834268792296e-02 4.342328510145339326e-02 5.728138710453434951e-02 4.116490172386004509e-02 3.320531002547801036e-02 4.335886565545921112e-02 5.857784970163427973e-02
3.676335846670140267e-02 5.012050943765597455e-02 3.714428185145308980e-02 3.727388054223998437e-02 4.389980293456982596e-02 4.838001665856029448e-02 4.845047301353970493e-02 4.224978812508145554e-02 4.453163896375016140e-02 6.068152626390302395e-02 6.621064727151336482e-02 3.446670923829354277e-02
3.628842673176096295e-02 3.687495491593449637e-02 4.394211397945322478e-02 7.296964088057772413e-02 5.290449842188015006e-02 3.975985223897542109e-02 5.309121865099539206e-02 4.960466540415553460e-02 3.360610917184161939e-02 3.843293288954793135e-02 4.828759610366936683e-02 4.544814155105243031e-02
4.493959044594740548e-02 4.662775853624123723e-02 5.081835721440372544e-02 5.291833793719727397e-02 4.540026773133244015e-02 3.871371839659125402e-02 4.665819429164692195e-02 3.796062288642855498e-02 2.918434665664237926e-02 3.832916262928846851e-02 6.685508635170088476e-02 5.190893964775768199e-02
3.988271552896006239e-02 4.125834297194842099e-02 5.263886492811697959e-02 3.356790802582693828e-02 4.828150918523486240e-02 4.206702006514257547e-02 4.574119617831365336e-02 4.482417992766941223e-02 4.895209668580585011e-02 5.476029169638318983e-02 5.280984890854962394e-02 4.188256460739918363e-02
5.165564005400004322e-02 4.456134785676134358e-02 4.868414446311206123e-02 4.161895699315759645e-02 4.513041389012568960e-02 3.084584414072028685e-02 4.150804965331002239e-02 6.545177325493975462e-02 4.870762915896985346e-02 4.107691394611086289e-02 4.110129831286047503e-02 4.826275646975902722e-02
3.723123071350929736e-02 4.527090214407293589e-02 4.234926514159263744e-02 4.742458863625194365e-02 5.036184847566246847e-02 5.057631926542399681e-02 5.052962253023285388e-02 4.756075337085720334e-02 4.682063887900007187e-02 5.399886397734776633e-02 4.109546950251542763e-02 3.368491131849437464e-02
3.216378091309965437e-02 4.535910465523013135e-02 6.288241426298624148e-02 4.142663268146262040e-02 3.527788634532318807e-02 3.898369012523779376e-02 5.163900080845084534e-02 4.567692188867467779e-02 3.828746747957437191e-02 5.365583071427576511e-02 5.808899730312581250e-02 4.659254347900199794e-02
4.752459535998627971e-02 4.503089611717695645e-02 3.961424168121912420e-02 4.761895159323505100e-02 5.106304244869441789e-02 4.550687599555416907e-02 4.495195051432285954e-02 4.648496409269135127e-02 4.367727778442394293e-02 5.247584441475917211e-02 4.208801457878026675e-02 3.945811547426977123e-02
4.291176068645204122e-02 4.408260429803873004e-02 4.090198485477226226e-02 3.001175985636592852e-02 3.901709695824869678e-02 5.991745685617796968e-02 5.262780641951380484e-02 4.698018626994937552e-02 3.903627148559211252e-02 5.196958512090617960e-02 5.983294130369160024e-02 4.228647335959020981e-02
5.231260258847811317e-02 5.037961091255396817e-02 4.263843850529382834e-02 3.678319309879017618e-02 4.376297413522350910e-02 4.755456050227935272e-02 3.748974080363257771e-02 4.015810013473510715e-02 4.306128500381084523e-02 5.339888005291243411e-02 5.454597197113354029e-02 4.474110855325655334e-02
3.257189517402637319e-02 3.484959854250517519e-02 5.385565777986075359e-02 6.228729981587637771e-02 4.295195823903017601e-02 4.595910451360228632e-02 5.889908379494659257e-02 5.029844629531099454e-02 4.407169661017322493e-02 4.033399570999051525e-02 4.497099900804845535e-02 3.869367091501577094e-02
4.361248530945688318e-02 3.882114250945305212e-02 5.620696896777961638e-02 5.330120416667348537e-02 3.633179741828177628e-02 3.387782884169953518e-02 5.062927937013261825e-02 5.653021232501686394e-02 3.703801972306915852e-02 4.528175957445561284e-02 5.003165477319614085e-02 4.689158396384486560e-02
3.811647912285068274e-02 4.626912109855294691e-02 4.291568289599147212e-02 4.922148492781269757e-02 5.672693307304162158e-02 4.352338164893310157e-02 4.455085188258663120e-02 5.029017878033724409e-02 5.002751079962815955e-02 3.609954551498480851e-02 4.432425881474139767e-02 4.432335483339961552e-02
4.171268638769369541e-02 4.387707808807879417e-02 5.239069428248942922e-02 4.097010322534398730e-02 3.633981608901271088e-02 4.151925967689563263e-02 4.355449508825317423e-02 6.281384931666127158e-02 3.835389314330172467e-02 4.322271597295677947e-02 5.217835515147883213e-02 5.078413553319063162e-02
4.925690098464843847e-02 4.559540721448141626e-02 4.271468064724801700e-02 4.799892457538108836e-02 4.150197666960156462e-02 4.359913226053177548e-02 5.392926345050837178e-02 4.551095386733626513e-02 3.719129471471529363e-02 4.022396927132423222e-02 5.539271778767352467e-02 4.333763469943802127e-02
4.882153637679180480e-02 5.189914525344312135e-02 4.754761324391182375e-02 3.890483836529438216e-02 5.434545489848121441e-02 5.270017670268905413e-02 3.498854735784397846e-02 4.758034588051075764e-02 4.666883251051687914e-02 4.171572333917254738e-02 4.289685901926144906e-02 3.877850451384654007e-02
4.672657764444859696e-02 4.002654944267471093e-02 4.269435579737124176e-02 4.374242292483147138e-02 4.787545647161945556e-02 4.906067065857550730e-02 4.524712724613835085e-02 4.577160399641361233e-02 4.218791693349144278e-02 4.081429465473031259e-02 4.907356048530853165e-02 5.215018382603316821e-02
4.627879578082687295e-02 4.596828901125200179e-02 4.912185276894379810e-02 4.461704117811629566e-02 4.055893599669264937e-02 4.054986909262633249e-02 4.203908459838979345e-02 3.564891552617945047e-02 4.043360333145692986e-02 6.360114583478049255e-02 5.413733424035606367e-02 4.479130377354494097e-02
3.236207245645401909e-02 4.911210987735430133e-02 5.978300884203624488e-02 4.615786797506955808e-02 4.241234837467236507e-02 4.810971548865691783e-02 4.313924834612804099e-02 4.445194634378225179e-02 4.402965852274112052e-02 5.520503362767999883e-02 4.999111052642247338e-02 3.377981919183294102e-02
3.975080976181299963e-02 5.350673131425655316e-02 5.878930848034832207e-02 3.797439259300898484e-02 4.396496370586031044e-02 4.512811707831505814e-02 4.894630440329394983e-02 3.652556199351572608e-02 3.871285097746424153e-02 5.054109260076017351e-02 4.799052469280434136e-02 4.544800131610706589e-02
4.473962629306151711e-02 4.639033908647915289e-02 4.653742241434487281e-02 4.278645805037585570e-02 3.139929774224985148e-02 4.573593157855687652e-02 5.304303254026069420e-02 6.107242045957764209e-02 4.614282781144714990e-02 4.020896662881379841e-02 4.806876322992147815e-02 4.153432489100179759e-02
3.846709480987927504e-02 4.161625995697711133e-02 4.536521291435595404e-02 4.259476689970895236e-02 3.677204417100266021e-02 4.254670828184918541e-02 4.172041514863460837e-02 4.318996609763105232e-02 4.527017143883795003e-02 5.617859308638780552e-02 6.064356204057129440e-02 5.328405003763016928e-02
3.567151282548174096e-02 4.677484770557148452e-02 4.590565539979234860e-02 3.956338972018942635e-02 5.031480121076377376e-02 6.061289526834333363e-02 4.073572666331246039e-02 3.168758540425388459e-02 4.451051444109199728e-02 5.401460189559071506e-02 4.517064712419865957e-02 5.377593078177889119e-02
4.576719850302983505e-02 5.375961083160522846e-02 4.579327726691322098e-02 3.548073850410090463e-02 4.538671826918133645e-02 4.821387285272800416e-02 4.088625787557063213e-02 3.612756593110724029e-02 4.970526840350550368e-02 4.431084488424760770e-02 4.746958842124221478e-02 5.379429256001100335e-02
4.639799591190396644e-02 5.716997930948252565e-02 5.468277898372038426e-02 4.520057951447768729e-02 3.730778822499316444e-02 4.929854472514137720e-02 4.156060069092386289e-02 3.651098175521173828e-02 4.135770695611008102e-02 4.887290268467933685e-02 4.964091676572486567e-02 3.926121717703524167e-02
3.652928362235281778e-02 4.720665381407168626e-02 5.844848740909548701e-02 4.248330061628892429e-02 3.907021609417828112e-02 4.697708841764722254e-02 4.935656035725706492e-02 4.217533940801502373e-02 4.545308551149991605e-02 5.184679544737355594e-02 4.653373143861481986e-02 4.068798431126463555e-02
4.442744513998540118e-02 3.941569781390962673e-02 5.256794268339583243e-02 5.763273267307689185e-02 4.320932203786020942e-02 3.149881464024035377e-02 5.065175665719325038e-02 4.094626998974312815e-02 4.161974385840582630e-02 5.787038295189399217e-02 4.306649475660166010e-02 4.526828440203921333e-02
4.385602843346465829e-02 5.236890125452249578e-02 4.330354645910616807e-02 4.546141233632145645e-02 4.041339262151307649e-02 3.548875145044642909e-02 4.500084605248434733e-02 4.418669204302324433e-02 3.732647290588992500e-02 5.955365331540096729e-02 4.553817108609919950e-02 5.460532011488956200e-02
3.063331101950571289e-02 5.318182803861321029e-02 6.358614429661188505e-02 3.929729923264326658e-02 4.474082840723909299e-02 4.373656430554133390e-02 4.856824496745070635e-02 4.884588249501897739e-02 4.011678750777836200e-02 4.450556829564633610e-02 5.527369179891086781e-02 3.703575280734696523e-02
4.773365702893667128e-02 4.445183090753677957e-02 4.987467257114501507e-02 4.413708339176000695e-02 4.127347474861695065e-02 3.927633935500348533e-02 4.160025967446950163e-02 4.612342188740657656e-02 4.971738721844557590e-02 3.621519705220043600e-02 4.771429114192653892e-02 5.848237515199394138e-02
6.415881412290819208e-02 5.155149218928880422e-02 3.539175251454321908e-02 4.227869139410175142e-02 6.303362836391732116e-02 5.072668233448673208e-02 3.383162806107747889e-02 3.711004414108126648e-02 5.381900117529350019e-02 5.014287802740358818e-02 3.243980280799148991e-02 3.789322236101159980e-02
5.006098782749635739e-02 7.428587741308162462e-02 4.877873320888870268e-02 3.607398338100577251e-02 4.517432204248967437e-02 4.118674288516583487e-02 4.153731657877481748e-02 4.210474539564525165e-02 4.502110706618953767e-02 4.333912089083358232e-02 4.032618226456297084e-02 4.161107900664656745e-02
5.243133967711405274e-02 5.239641091925870825e-02 3.656965867437512313e-02 5.158620721583902918e-02 5.311750989438061843e-02 3.293964426700927983e-02 3.439059723914818234e-02 5.762786649502354280e-02 5.742806884549168933e-02 4.981563479440166697e-02 3.912039841956883174e-02 3.343637040710345509e-02
4.191939202356383815e-02 4.756499017413340358e-02 4.571219204159637783e-02 4.274575034299060716e-02 4.259184596782784882e-02 5.626017587683854876e-02 4.085830491098575018e-02 3.732692174454940726e-02 4.942286756034394019e-02 6.722308517562980423e-02 4.326534998577656610e-02 3.421114242571083458e-02
4.464766499304481662e-02 3.681597877856099266e-02 2.765150523241293595e-02 4.091520864376255867e-02 5.319665184494880295e-02 4.280566766415958707e-02 5.261602469036926605e-02 5.163419509862780116e-02 5.666276238125390885e-02 4.992428807015653058e-02 4.833118141682621327e-02 4.386301271348880260e-02
