4.253152678692339803e-03 4.789214048438497108e-03 3.922996184390874740e-03 3.219655594973761751e-03 3.005154527186174387e-03 3.126011566242314042e-03 3.853784268734367947e-03 4.262479156250736749e-03 4.029073896413536485e-03 3.951259032541823771e-03
2.687374325142052791e-03 3.229148604949973623e-03 4.507190455143665272e-03 4.160233062107696750e-03 3.821156623641003888e-03 4.129086384176611224e-03 3.517771455730779335e-03 3.976115451008579126e-03 4.643084496565197394e-03 3.770754940302552261e-03
3.902018931349784774e-03 3.285884619836992263e-03 3.351907393081368994e-03 3.904402567853175465e-03 4.135008096052150521e-03 3.923424920278065567e-03 4.109268050615955993e-03 3.886249042251081580e-03 3.891073930108100883e-03 3.868953421605993669e-03
3.720529737434185094e-03 3.663158727533255554e-03 3.876722877224700846e-03 3.706291938018988884e-03 3.349244548473806222e-03 3.284899877066741695e-03 3.349596749618657335e-03 3.757558825952639868e-03 4.815450499948833833e-03 4.936668408292808376e-03
3.978652095593783813e-03 2.686681831719962658e-03 3.381752244046294480e-03 4.275179665575602923e-03 4.024261467899553635e-03 3.642095016524221802e-03 3.435652116880662243e-03 3.571565931706532741e-03 4.488278693542773617e-03 4.960901945395092272e-03
3.601031576847739044e-03 3.949127359110262553e-03 4.061872142378483361e-03 3.980427958510054237e-03 3.588994698264317759e-03 3.522628073129550896e-03 3.688920297309575009e-03 3.586148086633993322e-03 4.080385996181486868e-03 4.081303005588224862e-03
3.755229163191510771e-03 3.841570945882549250e-03 4.552402958638904033e-03 5.624264500925312861e-03 4.561608912854090911e-03 3.641847201720617780e-03 3.529175239987328034e-03 3.280607139340975878e-03 2.720878862552637747e-03 3.193690526594036069e-03
4.643593687070072390e-03 4.230924774800861980e-03 3.769927178012745343e-03 3.526233116791393975e-03 3.572599579557475882e-03 3.961705449952259740e-03 4.101798679526937573e-03 3.324733282499805088e-03 3.241906499633906424e-03 4.025565494677734585e-03
3.767201850526492521e-03 3.491556934004285198e-03 3.757475192486400654e-03 4.245997756484024346e-03 3.576513908699880447e-03 3.191600945597128543e-03 3.421991042110760720e-03 4.796877437728450447e-03 3.938392880459998940e-03 3.811985584485961739e-03
4.132435357820296237e-03 3.650571494512242811e-03 3.149496146403145576e-03 4.081912943036758966e-03 3.858948772263184456e-03 3.394622800116350262e-03 3.867237022381793399e-03 4.571804545975197837e-03 3.978089484409789815e-03 3.458206766651140268e-03
4.282789208469208429e-03 3.852502340893793932e-03 3.645663633556046543e-03 3.332446955816395842e-03 2.905220636273964964e-03 3.104998819112509030e-03 4.107329700874728755e-03 4.560648077272394692e-03 4.162900964493719894e-03 4.526646309889388077e-03
4.157923607707146758e-03 4.478138162991664867e-03 4.557814073811022708e-03 4.168386597282671725e-03 3.477665683923701102e-03 3.353210571127346502e-03 3.754458855197245065e-03 3.898665194334481610e-03 3.231217083064747558e-03 3.319577601515800048e-03
4.871028913687021344e-03 4.135494444120765313e-03 3.453752434214326424e-03 3.727982703812367238e-03 3.653076636784245886e-03 3.311595022876284277e-03 2.907512310872759076e-03 3.645994860292268904e-03 4.237168886702238901e-03 4.401681733536277896e-03
4.164044952399935384e-03 3.864774332583315562e-03 4.024719225735998857e-03 3.986050686981196418e-03 3.237352879814219073e-03 3.329701089109812426e-03 3.774939821089675577e-03 4.031522909943962250e-03 3.548162472783001654e-03 4.248094582797642613e-03
4.017662678705400010e-03 4.077200807584547421e-03 4.155373608638110797e-03 3.412050377763107493e-03 3.845093576050297255e-03 4.201281299340061705e-03 3.707345987187227708e-03 3.229383373059080756e-03 3.528880980050200580e-03 4.055719003130357249e-03
3.972628090209967718e-03 4.122932057286125655e-03 3.598078178865256587e-03 3.501313559394412991e-03 3.956525196378682212e-03 3.924855689718970836e-03 3.747681423148701511e-03 4.009694662965525638e-03 3.877117588178964971e-03 3.574332537371889985e-03
3.548403308183088745e-03 3.794209781498800779e-03 4.216496539066245768e-03 4.104806202546079641e-03 3.599673831684756936e-03 3.557956244368057613e-03 4.398510553139762733e-03 4.228608689839704476e-03 3.567252943070180031e-03 3.331475582035596343e-03
3.960168173835603919e-03 3.827847522559981071e-03 3.471119712139836191e-03 3.449816579707421036e-03 3.640378330554601589e-03 3.974518027612164092e-03 3.749813646856274985e-03 3.787515388032399160e-03 4.103215431917433577e-03 4.319957433547520938e-03
4.630723395652137572e-03 4.261955139488980693e-03 3.325096487343441251e-03 3.171337053828400272e-03 3.263515549455715120e-03 4.224672236235299180e-03 3.724767081320742596e-03 3.173660707862120504e-03 3.893309119666537275e-03 4.585505077015663948e-03
3.680413474422412380e-03 3.538507117006335807e-03 4.052077512500851936e-03 4.575593465972790930e-03 3.892665513495322666e-03 2.904820600271552315e-03 3.052379345432787439e-03 3.947441696243890116e-03 4.623746463470832652e-03 4.278627691396598084e-03
2.991948803296548120e-03 3.621217499250446465e-03 5.083612875190234894e-03 4.808328753336909081e-03 3.492237322775170339e-03 3.346938752055175770e-03 4.574319917634584939e-03 4.304977010641039895e-03 3.400283945041417556e-03 3.032588637982196276e-03
4.191735367806554563e-03 4.296786711084008871e-03 3.753556345589424172e-03 3.795648148696422787e-03 3.585735434778219120e-03 3.392162619309233886e-03 3.556335695951441320e-03 4.420285437205926336e-03 3.879848275950292975e-03 3.364929753257327617e-03
4.120725509645354126e-03 3.917505020446992135e-03 4.221224914745481602e-03 4.084458439012164307e-03 3.253610123547489609e-03 3.046407529983572761e-03 3.574508012675566438e-03 4.331535867306127163e-03 3.928801840506946155e-03 3.833503796897752905e-03
3.010316445371639602e-03 3.451174726701840625e-03 4.822949734913694123e-03 4.421626625550324763e-03 3.588111706799438586e-03 3.505288675787015390e-03 4.060565934359426990e-03 4.258585127716190549e-03 3.946665401713277468e-03 3.386551651394761279e-03
3.353455363659381665e-03 3.735428565861504194e-03 4.071640124625135367e-03 3.882478580034243263e-03 3.375734129007644871e-03 3.889292853917329998e-03 3.627694198223430609e-03 3.460556267027956219e-03 4.394312636869799130e-03 4.406956229483285740e-03
3.418274468206704969e-03 3.564783365939183223e-03 3.199001033618883213e-03 3.853140028634158536e-03 4.385514769838618279e-03 4.172698096912392032e-03 4.039433926522877777e-03 4.560945098048420354e-03 3.811650997819529454e-03 3.335747520811599160e-03
5.052855469311602794e-03 4.322809066328514235e-03 3.654955308301495107e-03 3.133003824752645175e-03 3.500394246227079946e-03 4.020488964318932879e-03 3.891961600019858657e-03 3.126499562583151537e-03 3.302892469956095721e-03 4.540056114855497288e-03
3.582065538709146030e-03 3.336796953420638825e-03 3.426653371206995688e-03 3.292083791941397344e-03 3.654861376945851403e-03 4.649248423340027886e-03 4.398427770210445661e-03 3.797857144151432513e-03 4.039394570381221392e-03 4.226297851870938760e-03
3.969422663647017777e-03 4.221115892134735120e-03 4.191453201895576144e-03 3.520434233362094208e-03 3.468559257240750801e-03 3.609483867785100858e-03 3.284813388636456492e-03 3.675973697010498711e-03 4.226353820335300090e-03 4.121916942066385613e-03
3.820438846515953040e-03 3.672682553715173569e-03 3.890914420125625352e-03 3.657208332124089849e-03 3.355290998877425140e-03 2.955071830806376039e-03 3.421412317817040458e-03 4.416292214595072228e-03 5.099769081983800481e-03 4.169815843964691862e-03
3.363606343176320582e-03 3.807868996146877502e-03 3.974024571613252003e-03 3.794834715095255114e-03 3.725613372243083594e-03 3.744625711679630715e-03 4.194186945703657667e-03 4.298257567031917720e-03 4.016809915317937421e-03 3.385048490925721392e-03
3.106584293461628603e-03 3.002041654332469715e-03 3.857776590672694177e-03 3.968069869154415390e-03 3.650059505872360697e-03 4.042190706705784363e-03 4.374425300244514508e-03 4.013754193194359401e-03 4.228820251210586509e-03 4.161701099786776353e-03
3.758276679695577664e-03 4.221500196690852399e-03 4.772363573642942128e-03 4.146559959366612376e-03 3.273115259041200868e-03 3.148930153364791658e-03 3.508588710826363900e-03 3.868960074981503492e-03 3.892387983034010287e-03 3.840502356844974988e-03
3.824392180030533259e-03 4.117088495425452049e-03 3.617620487779094236e-03 3.557188821000219388e-03 3.606313177189341204e-03 4.696414598999280182e-03 4.520728148590621477e-03 3.767672354931014822e-03 3.235550381050261888e-03 3.337516290878369575e-03
3.923652736475167005e-03 3.526038737883058910e-03 3.418413587890659685e-03 3.615613983620131686e-03 3.864051468784809873e-03 4.576508395714934743e-03 4.256628118472770804e-03 3.581472217974547741e-03 3.645994864115395181e-03 3.869872803700512287e-03
3.798766129163459737e-03 3.601561536039821557e-03 4.147731733560377360e-03 4.532348752764652974e-03 4.014025241089022068e-03 3.180640933145381481e-03 3.298003565156942818e-03 3.545402701430548642e-03 4.157760846618202555e-03 4.068864868069118484e-03
3.226807473032386638e-03 3.567813150543470459e-03 4.324065970260241275e-03 4.378424234149959522e-03 2.904789937252110193e-03 3.266477420095020671e-03 4.439274343301140985e-03 4.502505870336297351e-03 4.112692702682382156e-03 3.559910496989344975e-03
4.171702343921032501e-03 3.711527200750250680e-03 3.629803003000219019e-03 3.799923907362485250e-03 3.583942513849154750e-03 3.740760465408604109e-03 4.055248228725996489e-03 3.869421620963145111e-03 3.714578732976847684e-03 3.982858067103832618e-03
4.245850824281141404e-03 4.023617648291530867e-03 3.668472577892472036e-03 3.673080359404660988e-03 3.458854911491769137e-03 3.427824302685584384e-03 3.704279505356801536e-03 3.742243453749224957e-03 4.023409658981349016e-03 4.299398242526798405e-03
3.461377829678669374e-03 3.290743570966971239e-03 3.880317407826143830e-03 4.227228840515603707e-03 3.710772708449816375e-03 3.573101706277544230e-03 3.799342044612237339e-03 3.834283549779800206e-03 4.107014930919603533e-03 4.412913031833073582e-03
2.949481843201239191e-03 3.661510115860565264e-03 4.534836551210025962e-03 3.487533521832922919e-03 3.297431759924531261e-03 4.167991413570542626e-03 4.539326639684542961e-03 4.199056180165437746e-03 4.157214872282783552e-03 3.459115320064003532e-03
3.659885736218122798e-03 4.499835134144514713e-03 4.119942548163045039e-03 2.997505260870531041e-03 2.819961863174787458e-03 3.648542487782315685e-03 4.152007198440213140e-03 4.013487695764717152e-03 4.388112772356640018e-03 4.148029270420521171e-03
3.359282636209746670e-03 3.305871304875015147e-03 3.651703964955664919e-03 4.217628529631424830e-03 4.150721501319339785e-03 4.164874007999561784e-03 4.072719532548598788e-03 3.646978402155848058e-03 3.756929018588386036e-03 3.954401443532077134e-03
3.558345762802184349e-03 3.828114076673750765e-03 4.455689908372698765e-03 4.154915068689105963e-03 3.663834220157895748e-03 3.736351661532112244e-03 3.678637508920451146e-03 3.352923447208148826e-03 3.683745221249808827e-03 4.158956917946608593e-03
3.790107656446663545e-03 2.801119906419805884e-03 3.130700120363522250e-03 4.104308636598371328e-03 3.632272206118323989e-03 4.062393167331051005e-03 4.649909428249426185e-03 4.371042747880912044e-03 3.753006292408943984e-03 3.707587896719722817e-03
2.995864612772326796e-03 3.143866964503635748e-03 3.585436620536610816e-03 4.005752302363989326e-03 4.428967210078681681e-03 4.047515202172690708e-03 3.263886718722094557e-03 4.272379426520190454e-03 5.036607298459273158e-03 3.728772748311412824e-03
3.990962615718438716e-03 3.511541764363687330e-03 3.726693157430504937e-03 4.339818971075416754e-03 3.894674450671287494e-03 3.656809330004271753e-03 4.013138627939403028e-03 3.633221712154757754e-03 3.576444649897169738e-03 3.894423594144363204e-03
3.253486785234507937e-03 3.602077287385292183e-03 4.407225231897533152e-03 4.327849665670078019e-03 3.569125505341451225e-03 3.727054407197933836e-03 4.019559227474812230e-03 4.058833968900810683e-03 3.755907603872595327e-03 3.614986985954885598e-03
4.450879562938788933e-03 4.026824224320550878e-03 3.314970832830714965e-03 3.048807649556941821e-03 3.900991232955366289e-03 3.970100097368398778e-03 4.206899988158282686e-03 3.916599697043795722e-03 3.560148918627394164e-03 3.842008703462091151e-03
3.185432655301831655e-03 3.393277709827998562e-03 3.710960531680870464e-03 4.397512486279378865e-03 5.727136813812191973e-03 4.746185104872253230e-03 3.469796971655750902e-03 3.229485174211082880e-03 3.438921631711692670e-03 3.363618383994467810e-03
3.385164234612557214e-03 2.971200240904796341e-03 4.141920126763860149e-03 4.262099010974212086e-03 4.088630510366713516e-03 3.341504504517425582e-03 3.125833119739221747e-03 3.807687733308220274e-03 4.713419527485849213e-03 4.441500783441030935e-03
4.501185298396532738e-03 4.520513952408902053e-03 3.467845343045018822e-03 3.378894969658162700e-03 3.393738659543066739e-03 3.830633642358000079e-03 3.636771294599498022e-03 3.646232137568281538e-03 3.749062187251601432e-03 4.126994362927957800e-03
3.102498636897315677e-03 3.448669896841952826e-03 3.570421049653595309e-03 3.449916752206293701e-03 3.733265208420150864e-03 4.396686931108232527e-03 4.648715120539026122e-03 4.163421244367870172e-03 4.175793990053322871e-03 3.654821310490063719e-03
3.616133451864001185e-03 3.476094484435910976e-03 3.899887987737246479e-03 4.151602172272301355e-03 3.740290672909156629e-03 3.465914548049152562e-03 3.540160324296706337e-03 4.157793146700231729e-03 4.098056496923250039e-03 4.098438475329777529e-03
3.626114035483375513e-03 4.564844926979382336e-03 4.830114570072598437e-03 3.756561904034795216e-03 3.242372277611662267e-03 3.675520697026445505e-03 4.309687529139327386e-03 3.832323239883797181e-03 3.291207286849148587e-03 3.336346779464829070e-03
3.816271648035673286e-03 3.581294129492738638e-03 3.324495485477530800e-03 2.966295817940708523e-03 3.250673289892950287e-03 4.318248540671512994e-03 4.724058149823425964e-03 3.931284414875240232e-03 4.287905388401389017e-03 4.222970612482779273e-03
3.815511133131269193e-03 3.706850071963471455e-03 4.212329874740313070e-03 4.047774433281361821e-03 3.286318621444806083e-03 3.428745685316548705e-03 4.760386110184922949e-03 4.680467888337853585e-03 3.339361124519331370e-03 3.126840625370362354e-03
3.544200625810901319e-03 3.600258242032407414e-03 3.836023463048574347e-03 3.458055436051139016e-03 3.771886558453946183e-03 3.575502814417418421e-03 3.946426776351209288e-03 4.213302159840210011e-03 4.166693215762027128e-03 3.944534752510246364e-03
3.829406655967370308e-03 3.449843990189889464e-03 3.452349014874763269e-03 3.923679178527829901e-03 4.052516272786929261e-03 3.527489674906361238e-03 3.429511667123828073e-03 4.409059562780092388e-03 4.155261395000450254e-03 3.977293916405588367e-03
3.741307044581566443e-03 4.515006345403518515e-03 3.863632548024076296e-03 3.686684386687736053e-03 4.158340178805693295e-03 3.908646948395277237e-03 3.594827804311717147e-03 3.469049867635159556e-03 3.478344565235108252e-03 3.656770610855316142e-03
4.349045063054199182e-03 3.602433144933929379e-03 2.835850058402248318e-03 3.389953854003481450e-03 4.138730934274364656e-03 3.655382938712742509e-03 3.882211607335951924e-03 4.296345790623241380e-03 4.135054243463971192e-03 4.088740613213896757e-03
4.084001992555155551e-03 4.624882633214168898e-03 3.852918392925881383e-03 3.383869655190470307e-03 3.540141611812790221e-03 3.512855521006169254e-03 3.859411127500919636e-03 4.084139314115409550e-03 3.530418866802386389e-03 3.695594280577142645e-03
4.027240400331734416e-03 3.627142196298647776e-03 3.542155980038832596e-03 3.313766715605258317e-03 3.101181291940178358e-03 3.754946956930687793e-03 4.466519115805555641e-03 4.186067161498459484e-03 4.079757342182437595e-03 4.300839630587693051e-03
4.420331433214531522e-03 4.049487178086799699e-03 3.671868348250962363e-03 5.014368341737250427e-03 5.115382611340771324e-03 3.630967047698795136e-03 2.907911304149979944e-03 3.002872216114754744e-03 3.197614224617565965e-03 3.662416178645701466e-03
2.974709218675970854e-03 3.494356543683343683e-03 3.989307904652251643e-03 4.364581993128209200e-03 4.193323077990817466e-03 3.761552491437616767e-03 3.832416868528536365e-03 4.304995115361811078e-03 4.276283202839244180e-03 3.211230785971955302e-03
3.889316751181279373e-03 3.519550040922321717e-03 3.409890000561371752e-03 2.972941575377906556e-03 3.596600112985804017e-03 5.224732952527572603e-03 4.918491139727091538e-03 3.934174067796683549e-03 3.284656274610758125e-03 3.584039418683108384e-03
3.414132168259717201e-03 3.641651417701106432e-03 3.835569143219253341e-03 3.864307581419857123e-03 4.332746645740555812e-03 3.863683875889752789e-03 3.207221076887388500e-03 3.918810993236400246e-03 4.567570191388026918e-03 3.683588035815360887e-03
3.605305375885621728e-03 4.274954140237121475e-03 3.890622398529086298e-03 3.774838065938281289e-03 4.268572207019364316e-03 4.081621219629591110e-03 4.386206441004442298e-03 3.812607138701415346e-03 3.198431442284026087e-03 2.973805969189312077e-03
3.787901352044502259e-03 3.484208001868190421e-03 3.747959175806187676e-03 3.967402613436420665e-03 3.958815669914500686e-03 3.722465027069704439e-03 3.481049005215442176e-03 3.731805911699919050e-03 4.186104723740737867e-03 4.234969460863453189e-03
4.647157289730662055e-03 4.118846084289800626e-03 3.716910479216324094e-03 4.565278608769337762e-03 3.999207318227407382e-03 4.177556962880316083e-03 4.506605801886876678e-03 3.406826967714188248e-03 2.337021905246793648e-03 3.135469570669173044e-03
3.864985790674517648e-03 4.075796352463910074e-03 5.013051181510719788e-03 3.787448895782944899e-03 3.211183445236693267e-03 4.113209615808160156e-03 3.580602356670233716e-03 2.963376102964479595e-03 3.350853410162028465e-03 4.398978212928492115e-03
3.148778103531765273e-03 3.222899190102024823e-03 3.762520354738884635e-03 4.123273980923515374e-03 3.581745203277448154e-03 3.111103856924074713e-03 3.731436097213040003e-03 4.713936898780511121e-03 4.708665335405289379e-03 4.278771160962807976e-03
3.141166780624147711e-03 3.410328309283453679e-03 4.422775569452450789e-03 4.363381710977882848e-03 3.509306138399105775e-03 3.062932994381262642e-03 3.441822567183146133e-03 4.626767068475047193e-03 4.856432078252866796e-03 3.755840132990378132e-03
3.741310929921785704e-03 4.612818331230035887e-03 4.623172153697435033e-03 4.311496256729069158e-03 3.955363818446694033e-03 3.897626574027553310e-03 3.594889056342992321e-03 3.317336749364046232e-03 3.095067237302490983e-03 3.295498623993226017e-03
3.674609203163338271e-03 3.646264748111459689e-03 3.921134218716095313e-03 3.859069020852946234e-03 3.977940536960508297e-03 4.135454677667094528e-03 3.282078101280544186e-03 3.332200274094676215e-03 4.300785010514800513e-03 4.065293183645649240e-03
3.713092689910446349e-03 3.888033859099367540e-03 4.291729287100916161e-03 4.400353590344211960e-03 3.296861932829476313e-03 2.869251148074655582e-03 3.538167989870573578e-03 4.352447061779059038e-03 4.302195211769290449e-03 3.796093829043546870e-03
3.476551337711713228e-03 4.004783667169570065e-03 3.850447125075037464e-03 3.964889522049982323e-03 3.860018645652739822e-03 4.469430181890605806e-03 5.081287814422173234e-03 4.056936657929612403e-03 2.872714464458282768e-03 2.926077387999821960e-03
3.721058604653789889e-03 3.547299520391348354e-03 3.937898007259483385e-03 4.329069560540053235e-03 4.034554185959905552e-03 4.256972961774701039e-03 3.419172660755290596e-03 2.984424992168161275e-03 3.650655423369666627e-03 4.446611001150992115e-03
3.830280190514738243e-03 3.655296843133903992e-03 3.181986001709291492e-03 3.329579136786241234e-03 3.803243211171928890e-03 4.077016996456747124e-03 3.949164961884260409e-03 3.851410158320883303e-03 4.167002963628559271e-03 4.411933751108782636e-03
4.621754971344633686e-03 3.172290496696037083e-03 2.697028773023545968e-03 2.992178608269769474e-03 3.886186619026254542e-03 5.189387561031075929e-03 4.434239655662737187e-03 3.402249376769697457e-03 3.714556815822470277e-03 4.460785644860908693e-03
2.935982606339710820e-03 3.444695730521547990e-03 3.907213940053405436e-03 3.905998387385523334e-03 4.035461713304131642e-03 4.119196015137008282e-03 4.281268093503827477e-03 4.539995824662602757e-03 4.098069927630484770e-03 3.193822284076382016e-03
3.665280185503289306e-03 3.343918359084688176e-03 2.948570921876901389e-03 3.734032418499354505e-03 5.558641077203689204e-03 4.788623629080768045e-03 3.577258348060576281e-03 3.552878362159650125e-03 3.971610894201625490e-03 3.366089891553957023e-03
3.919317219981379753e-03 3.377754018655008700e-03 3.454554891218264423e-03 3.651132194460284322e-03 4.053255477907337367e-03 4.290258617359878415e-03 4.040698506733034559e-03 3.613676288865744386e-03 3.884599438852105128e-03 3.981100198421716994e-03
4.142129070931479043e-03 3.690953242436865577e-03 3.413378478283784004e-03 2.913521339993419348e-03 3.675553150296975193e-03 4.962108063503460967e-03 4.378596230677237952e-03 3.602109800172455245e-03 3.585176250411741938e-03 3.998157946997188579e-03
3.395731285635822643e-03 3.351614680081341658e-03 3.472572260944620237e-03 3.909224808191009981e-03 4.109103948764089229e-03 4.116440061407379905e-03 4.056860922755589627e-03 3.968064318314077667e-03 3.942331053339811174e-03 3.954875015077151390e-03
3.497448051759795892e-03 2.896275423724044805e-03 3.126724131105280274e-03 4.306220070593413420e-03 5.097961576369166616e-03 3.995077449752252458e-03 3.392635824163874915e-03 3.620510241452832515e-03 4.372977033700246700e-03 4.308044064012613375e-03
3.443321504818976173e-03 4.214868824880903253e-03 4.448138956695692203e-03 4.115389868873262080e-03 3.783510965435572110e-03 3.470471275719938346e-03 3.363629283248619362e-03 3.891401099584529052e-03 4.061908718982092971e-03 3.566670392004347902e-03
3.816817637363477227e-03 4.246319247435265121e-03 4.158145314400280360e-03 4.380037595920857618e-03 3.943539179243615855e-03 3.641603297671568585e-03 3.872750199682871257e-03 3.802142551283219270e-03 3.356564595635699866e-03 3.084132968580369401e-03
3.498109074888103211e-03 4.107195156555594126e-03 4.135112645966295894e-03 3.645801388427160825e-03 3.265631800754400030e-03 3.821156620795619803e-03 4.155053275910806920e-03 3.778342829450121940e-03 3.995686216338795865e-03 3.787820335458406615e-03
3.544688073472836154e-03 3.382364141403554347e-03 3.729486923154934179e-03 3.833574866923296787e-03 3.407596056297549237e-03 3.448364595932980683e-03 3.788872170368649730e-03 4.475612144928213000e-03 4.691955238624812875e-03 4.067800604897365592e-03
2.792271800706056396e-03 3.089596971084383054e-03 4.319433845685229437e-03 4.788984793603005830e-03 3.881191461322043047e-03 3.895975017124330472e-03 4.486823338013187779e-03 4.286701991992778252e-03 3.833782160693965067e-03 3.218112435666672412e-03
3.743390603540965988e-03 3.234686976374163015e-03 3.548996143377453581e-03 3.799077732075763821e-03 4.559693045604393605e-03 4.337727561371620619e-03 3.318775247897244769e-03 3.122358150821008017e-03 4.149332493949735648e-03 4.662715665839444780e-03
3.380973387401841300e-03 4.255728248016729838e-03 4.524156183964699041e-03 3.811644816949981071e-03 3.218463409318260242e-03 3.509444354423513560e-03 3.646619282934653386e-03 4.098134357476900316e-03 4.326718712543838399e-03 3.587451858759992118e-03
3.718372363708961556e-03 4.000964321851250595e-03 3.851062781638354884e-03 3.190128405585317475e-03 3.404114062820874555e-03 3.668494975542088525e-03 3.957902009231190586e-03 4.270620006574746969e-03 4.447477686378467979e-03 3.818156207369559092e-03
3.208981461273756677e-03 3.335673685447303020e-03 3.793865422630010413e-03 4.434302239686192110e-03 3.544373994619124876e-03 3.519184759139286009e-03 3.965302247047990114e-03 4.320735594491206290e-03 4.308377879438001976e-03 3.796653111674303145e-03
3.565803031765030912e-03 3.867597149255349795e-03 3.735859812086957804e-03 3.869997242371118421e-03 4.356434817747278053e-03 3.878323237165511982e-03 3.314203126299100025e-03 3.633782371736875554e-03 4.324419409244193574e-03 3.747045568329056189e-03
3.927198784464276324e-03 4.261161588822058241e-03 3.903114726149552009e-03 3.571798812650840444e-03 4.200975538933423951e-03 4.052681659306552747e-03 3.330489017778513750e-03 3.718879764506612985e-03 3.732238850976024591e-03 3.510953878006361009e-03
3.924169807105688627e-03 3.705521543824239362e-03 3.745176987379355595e-03 3.588042131181079075e-03 3.594073493667024072e-03 3.720202734159811647e-03 4.067813644657666643e-03 4.126639467789898486e-03 3.893530621871979774e-03 3.892793751199810550e-03
3.528337848760095506e-03 3.769897670841824717e-03 4.277024201489695518e-03 4.415492557415262413e-03 4.015234049996681612e-03 3.787017101301712839e-03 3.986953302315268850e-03 3.821095120080129914e-03 3.440502801894652907e-03 3.306454745678021404e-03
3.243322553987678519e-03 2.839054007538349429e-03 3.446040163366467530e-03 4.842288908126473473e-03 4.581863588586750774e-03 3.477438394000683438e-03 3.080709635187946997e-03 4.018081067708588472e-03 4.905691231027563617e-03 4.276571396812749171e-03
