4.370293097766922950e-03 4.980510619938569722e-03 5.276366163384961375e-04 7.203344450601834416e-05 2.624158674874980821e-05 2.167116062259074176e-05 1.208386922693881465e-04 5.649106810391252243e-04 1.470395121959450777e-03 3.577670083445174624e-03
8.600222292886108844e-05 1.814401135121933490e-04 1.219096483685834682e-03 1.338108930558941064e-03 1.305864759872933135e-03 2.231328734973796971e-03 7.022062432854832628e-04 8.019341687404259525e-04 6.379820817391622509e-04 2.392924421808769006e-04
4.895290034072675728e-04 1.895673207642018714e-04 2.582723460988534440e-04 7.186714908592595338e-04 1.653014996682327774e-03 2.015439548977906482e-03 3.246574966515459147e-03 1.834607584686489146e-03 1.433718036414992174e-03 6.168497240250939368e-04
2.666459566527669758e-03 9.665151875056457063e-04 2.159050723556983783e-04 4.692948683065664966e-05 1.937389875398171134e-05 3.520011539710337376e-05 1.676339163493155047e-04 1.128882820869618045e-03 8.758153883894417152e-03 1.506039800945249349e-02
2.198576404613049925e-03 2.390701531640759857e-04 3.077477773692752672e-04 2.973596407509947670e-04 1.705228140650535582e-04 2.264715699895539355e-04 3.344568582411347468e-04 7.614561448304038365e-04 2.970772647899660567e-03 3.986896248974685676e-03
1.422819634427473960e-03 2.269370060904905406e-03 1.238773807111865927e-03 8.971772360055968801e-04 3.857517260376934942e-04 2.796119806337166213e-04 4.789038248442107617e-04 4.566026538966896876e-04 1.427564670855065382e-03 2.183535747816002601e-03
1.275495350355520987e-04 1.125470021100437963e-03 9.603261879254464464e-03 3.509329691491044206e-02 7.503594283642943917e-03 5.961697359815098032e-04 4.735176313634117604e-05 5.797680033622347591e-06 1.111519527404002814e-06 8.026973051561234020e-06
3.730767098593944925e-03 2.545771496793635368e-03 1.172541998963618024e-03 5.237950880777964349e-04 3.042391981034362012e-04 2.804266471392438459e-04 4.104963266629272798e-04 2.819747139498929604e-04 4.957836861491612176e-04 1.638063616977638399e-03
3.370772185546171921e-04 7.655639013483214489e-05 5.760781768457477991e-05 1.013442444994120333e-04 1.091206543100535790e-04 2.898249801399709166e-04 4.940873123204113284e-04 5.632578320330102785e-03 1.570951648360767103e-03 1.057938407528906041e-03
1.328772497025311949e-03 5.534356272446522848e-04 2.248803838726139278e-04 7.260498531899521601e-04 4.321667642276498544e-04 4.527321165583348848e-04 8.414757900132929054e-04 1.884146546863820024e-03 1.670427714333089361e-03 7.266142776963092995e-04
2.245767071992714383e-03 3.617470212332304425e-04 5.540783231524568233e-05 1.419066328879964924e-05 1.052683552583730791e-05 4.299948491330057339e-05 7.758149439752039895e-04 4.961322983994201005e-03 6.053647682498345707e-03 8.594468948679764159e-03
3.161844510448871132e-03 6.628547754975755782e-03 8.144415394845677322e-03 2.958757280494236138e-03 4.908852473415934283e-04 1.431092828817315363e-04 8.310271407682867813e-05 1.141666360662192849e-04 1.087036220760770984e-04 3.901120933187624614e-04
1.473190414502303057e-02 3.109825540619197068e-03 3.895070452698644998e-04 1.148862485401759862e-04 2.185225321510399213e-05 1.825699507815989526e-05 2.393050875472128671e-05 4.153505271539908008e-04 3.257290908316732517e-03 7.373347817936379799e-03
3.179765673811028870e-03 1.756674349944684077e-03 9.993477670042008598e-04 4.520758287038696569e-04 1.106959817086606895e-04 1.337553879050971180e-04 2.705789937146709304e-04 1.177467310922907396e-03 1.113732186670661223e-03 4.359026606841023832e-03
1.619928045686490261e-03 2.307248747324490510e-03 3.634668091223734049e-03 1.004644434084868160e-03 1.135276399825836235e-03 6.377351720951500392e-04 2.532329986586443231e-04 1.616361198570495736e-04 2.708718570011952177e-04 9.505997896859370811e-04
1.214861220978886687e-03 1.153606801327053703e-03 6.556794398828353927e-04 5.727603017542986976e-04 9.432638625516057270e-04 1.023242591941379539e-03 9.595570076691765883e-04 1.424162255232723278e-03 1.319893103947161793e-03 9.126436597562870203e-04
2.452813699807719020e-04 3.557746504479213263e-04 8.646466695379610452e-04 1.297968680448527423e-03 1.355628589733192399e-03 1.252280475114167339e-03 2.334487100704352516e-03 1.067339535494837323e-03 3.839304249622316830e-04 2.145042826263221308e-04
1.684628713585215086e-03 8.947427259312683507e-04 2.731602886472828812e-04 2.008872780062118449e-04 2.276959818711640261e-04 5.900182333411152979e-04 9.021173900770584593e-04 1.866876347991321041e-03 3.222762342165577231e-03 4.049365684600913368e-03
4.628810311106942854e-03 2.215751385252820276e-03 2.423970401869005910e-04 1.414456151936611754e-04 5.867953703821992303e-05 2.596480109326173517e-04 2.930489252184939586e-04 3.673627299731409995e-04 2.063984215362103629e-03 4.496089497390358923e-03
1.163397678930680381e-03 9.313246860299482111e-04 9.200718167651202256e-04 8.153016870841827812e-04 3.163203339332766812e-04 9.974245258018107658e-05 1.433480184843192562e-04 4.333806617789747470e-04 1.323361989575235669e-03 1.594058546553089655e-03
3.070952485783763885e-05 1.452829779551107143e-04 1.653573571297783365e-03 2.364390255751170310e-03 1.187160746340107159e-03 6.143247294692797626e-04 8.110036525714956748e-04 1.469553896703429136e-04 2.843014961641924013e-05 2.145880612319012897e-05
2.647654442467063576e-03 1.414314546742202142e-03 4.655489633459974647e-04 3.126921312766678071e-04 1.547455448271985981e-04 1.830320056799843338e-04 2.499814349988462199e-04 1.491902864367079676e-03 1.697955227113362312e-03 1.227278666735139153e-03
3.203287761757068423e-03 1.628252727258397122e-03 1.401745516163822869e-03 5.401546706945750112e-04 1.254011164618359171e-04 1.036425908938498901e-04 1.917871828211826840e-04 1.054592000184340420e-03 1.322661025613359022e-03 1.913303285207598953e-03
1.353856932025100884e-04 3.267841458687754399e-04 2.663674342370020778e-03 2.046037449495074090e-03 1.109426451053692171e-03 6.140977037057578081e-04 5.070017582808295994e-04 2.926022755495472517e-04 1.458044630056684208e-04 1.147106441158746962e-04
8.310860949712705172e-04 9.712421563793350275e-04 5.073842536741534530e-04 4.016011047939168363e-04 1.613199563051628707e-04 4.495763534934353492e-04 5.484353560363326892e-04 6.806606097579402442e-04 2.613276268629553811e-03 2.982522605878228268e-03
4.243245607186620923e-05 5.302409106100990766e-05 5.919927657483717683e-05 5.192267123333813190e-04 2.389177822526997608e-03 4.831826240795512872e-03 4.363260398086617371e-03 4.537464057441310122e-03 5.633069601722064633e-04 1.052499188224083164e-04
1.240802639933601126e-02 4.482057675459639838e-03 1.030537588391745472e-03 1.248664188162265795e-04 6.719869482144587877e-05 5.907819728332033517e-05 1.077329128193158940e-04 1.619974572913768175e-04 6.879278760986690501e-04 6.572153507694601486e-03
1.234587304634764723e-04 4.613598686213593955e-05 5.923593542607246895e-05 1.019090144680975942e-04 4.561927379155067061e-04 3.796876339174110482e-03 4.946108290028949916e-03 3.036010444067404820e-03 1.916066145327741067e-03 8.330246740847591742e-04
3.762746116809473525e-03 3.310477826749835296e-03 1.937032703090132112e-03 3.410375271116451658e-04 1.527636551887868381e-04 1.510051656234691038e-04 1.139355843432526312e-04 4.390620470051968729e-04 1.680100438220799835e-03 3.029837119234853830e-03
2.225463445505489277e-03 3.784427081921357323e-04 1.184909479772182752e-04 2.733533915693980845e-05 2.496999188804069740e-05 4.081487236032666844e-05 3.554760815125320990e-04 3.041355297303059268e-03 1.385447397713784889e-02 5.319795530227999954e-03
2.685153379074320021e-04 3.495404065090520237e-04 4.576900794658696116e-04 6.405769812860980742e-04 1.163223313257583840e-03 1.607193568115146539e-03 3.242118727335115309e-03 2.530829972748875872e-03 1.475274976831928223e-03 4.291675128239475249e-04
1.345521120357688952e-04 6.900061490859954005e-05 1.722898684413114341e-04 3.110372948094629309e-04 6.035787792445736124e-04 1.979829949698407813e-03 4.805788205846767656e-03 3.519482940556625632e-03 2.605212786807262117e-03 1.212323901050119893e-03
2.230406736010346735e-03 4.860718735919830266e-03 6.333577024401641255e-03 1.680228954758505085e-03 2.446341362365177024e-04 8.529215845633104649e-05 7.301682596158265101e-05 1.395230463719273337e-04 3.313007966557884052e-04 1.051127971486980495e-03
1.187239901551471181e-04 2.536883357833680849e-04 3.038865426725236821e-04 1.051644293245224343e-03 1.402587787355817975e-03 6.043126672576521613e-03 2.852091273021053423e-03 7.805974422891153331e-04 1.961681635406443069e-04 9.765704393584269285e-05
2.533724314349527855e-04 1.520099718192258014e-04 2.227399915248658570e-04 6.712122330388132054e-04 1.370349342706241079e-03 5.028908626268523488e-03 3.584965978360967181e-03 1.282643581057446277e-03 7.660804781669224364e-04 3.463311570260469655e-04
1.285210492053809979e-03 1.424622317889778691e-03 2.377746586827629485e-03 2.260544115173261735e-03 9.258726132018591914e-04 1.976327133075921592e-04 1.969296408615543465e-04 1.790948160649231057e-04 5.699467627129895485e-04 8.105352188189182032e-04
1.146593926037081169e-04 1.764543214407235004e-04 3.525336935959485596e-04 1.240635092670454992e-03 3.801591424533816953e-04 7.029927745372201078e-04 1.305183231299159420e-03 6.972030507132565913e-04 4.439000907646927473e-04 1.643273771206121099e-04
1.936907809412558761e-03 8.660550314105074565e-04 5.924748327052370726e-04 6.195149707040318492e-04 4.294155993680666742e-04 6.472337539895029824e-04 1.165383233722925649e-03 1.323160774069767794e-03 1.515460894009098463e-03 1.764994103328452980e-03
4.682007263929784460e-03 2.601477866974626681e-03 6.114642490967643054e-04 2.940288504693132441e-04 1.202625698201799408e-04 1.176544372460286723e-04 3.548116578147726663e-04 7.797563042171622508e-04 2.703512053549676341e-03 5.383244392263827893e-03
6.826269268267589826e-04 4.933429571652512679e-04 5.065154486229762497e-04 5.611905047755148292e-04 3.743821660712633300e-04 4.232140542369239159e-04 8.350889332725848621e-04 1.209335310514498846e-03 1.671657020707705520e-03 2.638360994529300677e-03
1.005805396255341877e-04 1.856863564073603140e-04 7.879044967927032990e-04 4.627211093293577180e-04 6.747627066172614228e-04 1.613708348188008963e-03 2.045295194201871523e-03 1.066723480917766004e-03 6.464289661238114843e-04 2.154723369382418197e-04
1.935601678727506825e-03 2.285273321861607237e-03 3.925046228461626205e-04 4.909184164240932517e-05 2.794719987983705230e-05 8.864010872673701010e-05 4.091665233696788456e-04 8.983639586947856715e-04 3.221382918863952439e-03 4.312211906497957249e-03
1.258384947313384670e-04 2.061833023140604779e-04 4.664138711142942458e-04 2.114445198641008109e-03 3.300993921178995826e-03 3.748028262892457406e-03 2.838123077655541841e-03 8.906675751504838142e-04 4.761205709191594572e-04 3.444393198453456163e-04
1.215376129987270513e-03 2.473579782183240976e-03 3.542954447878266227e-03 1.770875431334933579e-03 6.335640200807051998e-04 3.285114237181133569e-04 2.290162500104191774e-04 1.571225812992518075e-04 3.234456712022804460e-04 1.401847503369264576e-03
2.282565958377087668e-04 4.338350289750899692e-05 1.077239101529935654e-04 1.052504584080406116e-03 9.574149048095208919e-04 3.616425052366161689e-03 4.390471302376427673e-03 2.571259619175396503e-03 7.918474038980906826e-04 2.269826814942363445e-04
4.994507286322281042e-05 2.912868986380131737e-05 4.542430294936434295e-05 1.290541385330098263e-04 5.606643706837317540e-04 1.598072976137258775e-03 1.186807487635169233e-03 3.088732938369868637e-03 2.737861121280354103e-03 2.458252506483652074e-04
7.343396558857675496e-04 7.087047959856455567e-04 1.128157394722620549e-03 2.809048566431844758e-03 1.718219892013297207e-03 1.107666213217085686e-03 1.191888668669425708e-03 4.288282510481878479e-04 3.861361135295730894e-04 4.500864347376497829e-04
2.430494731046871912e-04 5.476116751714602297e-04 1.863246133778301847e-03 2.636199752177747699e-03 1.366873785606424968e-03 1.391219308550260608e-03 9.582658402247316159e-04 6.441508602817392010e-04 2.896311462573693805e-04 2.915199643682752435e-04
1.226103226123989630e-03 5.628661663353696056e-04 3.145995307549657354e-04 1.871363619113227067e-04 8.035040637072961896e-04 7.397509361341500804e-04 1.594818394493467640e-03 1.443398965756959897e-03 1.035428155062191515e-03 1.144039135387318233e-03
4.110968560298686253e-06 6.002180930747619871e-05 9.005173242739088159e-04 6.957972012609001285e-03 4.272716453465107145e-02 9.966182287328576375e-03 6.305958657887577061e-04 3.976225510122801375e-05 5.118170037396546117e-06 1.926064553834423302e-06
7.696754926567356573e-04 3.897033609169649670e-04 1.272297999038711058e-03 4.881548000540144954e-04 4.601372275668582095e-04 1.943288444427865704e-04 1.624064011370061021e-04 4.114134416955160045e-04 9.544602656221459888e-04 1.175229705454622960e-03
6.452977077936083300e-03 6.150247920386805144e-03 6.521254480146349746e-04 2.973166877807711895e-04 8.402107820307348003e-05 1.149019207939511677e-04 1.186738078670066427e-04 3.406891038350972354e-04 1.124465978048690270e-03 3.810916069491154280e-03
3.989200546037725760e-05 3.355592132160226815e-05 4.161165231341806939e-05 1.262721155828216068e-04 7.969302610845845633e-04 4.294806531403812418e-03 1.158482227583065675e-02 5.364437898963844882e-03 2.683981857406277267e-03 3.913718994714442167e-04
8.861346417981047973e-04 5.634608114589349879e-04 6.417662623298935878e-04 6.326232758374798282e-04 4.764146792098962620e-04 5.461106336055031752e-04 6.693031218607245264e-04 2.079066158579690685e-03 1.674052209602026149e-03 1.950520430990023259e-03
5.855187606670776528e-04 2.746552273034025271e-03 4.234401626247182200e-03 1.321903047174157082e-03 5.418291313183862517e-04 3.385770775636848121e-04 3.187987122696581501e-04 1.412765565252864064e-04 1.107949007236734324e-04 2.541813257509718490e-04
1.816753778401779664e-04 3.443365604090918580e-05 1.420742643536450621e-05 1.635108377182449904e-05 8.314485354445104925e-05 1.224468169563128770e-03 6.869545635525864911e-03 4.477041538395109058e-03 5.142699344755562348e-03 1.206845478851676636e-03
3.614042649013037576e-04 1.689734032231646253e-04 4.210359576067056252e-04 5.188371887403948066e-04 4.428662953488535941e-04 6.900851027116673003e-04 2.111479917846377334e-03 1.840211578459078614e-03 4.232786645383158366e-04 2.182400500896152873e-04
5.406484961821785874e-04 3.702799949282164702e-04 4.677513016782590080e-04 2.413765807270359454e-04 8.371968487993089545e-04 7.545369270402204004e-04 1.989681492027781020e-03 2.922397575381289678e-03 2.212303824784075772e-03 1.580281734872894094e-03
6.816603424103097981e-04 1.966717184934285321e-04 1.441524689636666313e-04 2.138862843208708207e-04 4.755044837084250052e-04 7.487828903091621425e-04 1.025567948457032762e-03 5.170574105721052402e-03 2.690804774857369006e-03 1.731653339571164905e-03
6.829527796369292509e-04 4.750698578572305764e-03 2.652394290910823835e-03 1.837799148879213631e-03 1.417900326393116677e-03 2.900827391791592795e-04 1.226562910441276945e-04 7.803578307297490656e-05 1.080911128623437034e-04 3.986338906157638261e-04
1.336254082709839672e-03 3.335819780435393352e-04 7.593287713991178731e-05 1.326869470502657340e-04 5.012364612116979121e-04 5.338123492652726730e-04 1.706283900625849351e-03 3.423325569978727910e-03 3.450291343167396704e-03 2.232219082671889863e-03
2.121334346624139441e-03 3.772034455342753584e-03 9.990650829717186241e-04 3.153080915964785952e-04 2.545115140407486231e-04 1.371709799258902045e-04 2.510874257338603188e-04 6.432095788299242592e-04 6.060728799091579400e-04 1.750652878492860599e-03
9.772374416585211110e-04 1.837533945713541467e-04 6.785658627290966371e-05 4.930932631777156942e-05 6.619684825987549599e-05 4.700149341052229030e-04 2.987465103968395437e-03 4.582931724148333469e-03 4.939347283318784414e-03 3.452786840281626621e-03
5.355763096941238170e-04 1.869631423059627331e-03 2.788076780662536794e-03 9.959805064365339841e-03 4.200845582855876337e-03 2.538763632217222238e-04 1.693841715257656672e-05 5.872469209181869519e-06 6.609024907365282524e-06 3.391612430063309196e-05
8.204584327303320740e-05 1.732358670784347045e-04 4.214669452881268609e-04 1.488502871758697402e-03 2.232713991887337341e-03 1.932320629242781753e-03 1.823370429750332698e-03 1.370946385064250941e-03 8.138896578098182670e-04 1.236170378762812866e-04
3.423032825408137624e-05 1.334590048363885739e-05 5.295997541990298305e-05 1.145122728704417138e-04 1.114039979662351286e-03 1.624805502376456753e-02 9.898354860525907309e-03 3.039071714317153131e-03 2.673094981781005768e-04 7.739845878258149825e-05
3.220288791555477601e-04 2.878570085325225943e-04 4.132112225784659917e-04 4.645167855949945430e-04 1.119797589556962344e-03 1.190886291309229501e-03 7.144845323946791629e-04 1.334686543691951128e-03 1.700994951622762522e-03 4.521825298111709838e-04
1.003223610589798394e-04 5.812594545739988711e-04 9.989614420074033677e-04 1.820641590917191277e-03 5.115158677346728043e-03 2.647596479251546758e-03 2.440146329413143272e-03 3.309102295680334889e-04 8.324919121408884913e-05 4.375270792633314539e-05
1.290766103456223238e-03 7.233373983686907944e-04 7.615416389310355940e-04 6.792581585553841752e-04 6.490253818990148133e-04 6.426562761192800228e-04 6.193296066809635559e-04 1.077665671400458670e-03 1.831584014952322183e-03 2.009256789022637654e-03
9.656096548919514090e-04 1.604445214000531405e-03 1.944856360986880811e-03 5.422673469223802424e-03 1.393432282412603506e-03 7.938032776277833278e-04 2.804261212894772833e-04 5.023554717755541126e-05 1.237873968118839962e-05 5.715340559228304602e-05
1.856853835535708652e-03 3.464551565995576104e-03 7.641521691514612143e-03 9.713515893969408305e-04 1.691006916285927393e-04 1.374065974344892418e-04 2.108735345664743772e-05 1.486515818386296821e-05 5.277645868719180980e-05 1.019946508671921732e-03
3.136670049373023613e-04 1.155971866105077518e-04 5.925637028017308319e-05 6.802247660697276709e-05 1.022018040696370643e-04 1.852544959630317235e-04 1.437473697483324228e-03 8.732564726816683179e-03 8.531811743500599884e-03 5.364969732058048543e-03
3.375495301266212881e-04 2.446279021360246025e-04 4.144714775431824843e-04 2.820779671602256485e-04 1.735565429574277194e-04 1.822912289663487632e-04 3.364422301950828866e-04 1.396186258352393079e-03 1.818755330129159711e-03 6.690616559941859297e-04
6.214004750980012303e-04 6.664764093051936053e-03 1.039067955268021398e-02 7.308856180899280658e-03 1.780914786257954338e-03 4.140039366769163957e-04 5.829515675806825362e-05 1.833962562976803890e-05 1.761807004319215260e-05 8.533581768644970037e-05
6.945902617024535741e-04 5.290801417620682534e-04 7.411917234769713507e-04 7.564362833395381173e-04 7.502948442237141391e-04 1.365296692156442188e-03 5.750027338251208079e-04 6.175446397097448473e-04 1.522564426661311655e-03 7.935805675964013048e-04
1.283559606825839666e-03 1.425172767002655990e-03 1.287249733058515441e-03 1.093222407003766224e-03 2.159305119084018181e-04 1.229176569049854882e-04 2.431582190651602094e-04 6.173797445172217848e-04 1.112885493574208937e-03 1.055010361180004630e-03
2.378178043676035402e-05 8.834590399654262992e-05 2.266233389177558816e-04 1.334962662313875052e-03 2.859205613413368357e-03 6.837516196198832434e-03 7.473651047340592810e-03 1.075243348901110726e-03 6.535976007288251744e-05 2.407778161470411869e-05
5.062855238262963398e-04 8.468036759799922814e-04 1.380783981348604819e-03 2.801208087677426860e-03 1.360304467683463685e-03 1.385487232646727320e-03 3.022897698756030118e-04 1.414428521088145578e-04 2.305748048422671785e-04 6.563611553195959972e-04
8.081449780425857283e-04 4.076725022226148232e-04 9.376034907680290138e-05 1.004616314023691495e-04 2.385780740278102812e-04 6.540733993831026770e-04 1.639565479409783519e-03 2.660457047738008611e-03 3.940593708614995722e-03 4.014920666004815480e-03
2.547796745645749422e-04 2.428469307243395704e-05 1.825177535535726914e-05 3.556217924543272858e-05 1.319589431158564336e-04 1.483618014342010785e-03 1.292879353843152945e-03 5.971666654836913684e-04 5.799538358626227371e-04 3.490953966266770896e-04
3.640335327305795960e-05 5.635642177954327847e-05 1.816135951494107759e-04 5.581159525282139433e-04 2.157849477680799741e-03 4.593135212015901289e-03 5.905482545477264145e-03 4.284566648152499622e-03 1.030290295116848389e-03 1.171661830131843964e-04
2.185175462419300607e-05 3.260142806833558839e-05 8.422755095194104367e-05 8.628385743520960429e-04 1.117343448117427002e-02 6.781670847086465267e-03 1.516535189855233159e-03 3.828760375156022629e-04 1.900457370154233960e-04 1.465074593638639351e-05
5.304932177099692383e-04 2.099260331484352048e-04 3.117183470108917005e-04 5.253245745000310711e-04 1.300639870821367191e-03 2.555750187495939643e-03 2.609875015396890142e-03 1.425897317545064217e-03 1.411065942011509354e-03 6.959902869897145001e-04
2.138743661742820775e-04 8.230208320783478644e-05 1.436141206117430027e-04 1.338774969419674946e-04 6.625864120303038120e-04 4.108072417951967245e-03 2.535402361574615269e-03 1.251434734822335412e-03 5.722178146752481334e-04 3.547632669322205406e-04
1.612753168930902226e-04 1.629083479497085349e-04 2.146861350366046847e-04 7.243377512701841114e-04 1.891152331954702335e-03 3.097141614502268818e-03 3.545285136512831437e-03 2.455238072645330501e-03 1.196083459662537112e-03 6.784778293275564197e-04
7.100647326356148239e-05 6.120909707387385817e-05 1.332238753051703806e-04 8.014481304361570618e-04 3.093126360437268435e-03 1.415967742241990707e-03 7.949570285655870689e-04 4.591726367734154509e-04 3.921050311710436794e-04 1.704952454712192517e-04
9.703088446305778480e-04 3.356951381350257741e-03 3.985291585438810458e-03 2.245279702097282854e-03 8.957009258543668397e-04 3.419403512909837653e-04 1.766289778122259269e-04 2.766329262931670240e-04 4.662713334750171672e-04 6.195157908305892270e-04
7.858338568997929804e-04 2.991605659930917684e-03 4.290457668365671093e-03 6.401889316504674049e-03 2.122714556691410789e-03 6.962057468014490021e-04 3.162029899974873825e-04 1.230837801117047408e-04 9.312797028413852154e-05 1.044405694694716967e-04
7.300074193602927673e-04 1.221910130441422734e-03 7.158921332020643782e-04 5.524059698169023029e-04 3.441910263754765489e-04 7.030732530399603185e-04 1.382257141605265291e-03 9.471922373111893835e-04 1.617642749928013867e-03 1.218122226501693571e-03
7.837864351038354143e-04 1.911775768894542326e-04 1.188600503359733558e-04 1.167163024595034457e-04 1.195744320377173598e-04 4.328185809235536347e-04 1.521981566236352236e-03 6.148411201956142241e-03 8.713145982435482190e-03 2.867792518930522335e-03
1.649557373518249854e-05 4.737118566546271093e-05 6.151352167184595283e-04 3.214132906398869342e-03 2.800247696740015141e-03 2.930096117077069483e-03 2.425110892043758157e-03 5.412313537102589811e-04 1.080665454280779113e-04 2.439908069279463098e-05
3.549664189833202227e-04 2.233646739843482695e-04 3.835377140752447189e-04 4.055755766777565784e-04 1.064365031046086985e-03 9.457902906543015804e-04 4.418029187502793423e-04 3.509071041623610483e-04 6.638370618225119743e-04 8.465902391262314407e-04
1.008065921753084930e-03 1.867311038298153031e-03 1.389323473698881586e-03 5.764816294918567513e-04 1.887823342328589420e-04 2.643764193792674561e-04 2.696672463256245215e-04 5.829989549916073229e-04 1.363057201860880859e-03 1.015628550314376941e-03
1.241475558709234390e-03 6.260723488003513190e-04 2.856287306915317051e-04 8.535150461279348893e-05 1.690247219497313744e-04 3.882529698274642224e-04 1.360253431988655420e-03 3.335423711427681209e-03 5.539805598835849040e-03 2.397204860195839473e-03
1.479492759646615526e-04 2.022185122709457903e-04 2.794394128764057317e-04 1.334409105458503417e-03 6.757813444169389521e-04 9.802393447713676419e-04 1.199369714098436242e-03 1.094571115637510113e-03 8.082732248134656726e-04 3.235080523383088917e-04
5.588449667998427297e-04 8.227400903377108093e-04 7.087974810423893499e-04 8.891824500285522639e-04 1.422678747610077715e-03 9.090985653493233480e-04 5.917960205633063849e-04 6.348892305371886492e-04 1.289675776841229474e-03 6.139958164158702304e-04
8.155199681336487792e-04 1.487603835955318308e-03 1.971746151246006953e-03 1.346437163119884378e-03 2.159888901180335215e-03 1.348455287076215587e-03 3.354709174268878072e-04 4.640295846724074654e-04 3.368416958247505704e-04 3.362266466965777609e-04
1.245028427930199542e-03 5.306388600777354287e-04 4.490904996377198402e-04 3.112876803012965682e-04 4.544859796550102405e-04 7.721562614347131500e-04 1.759416833159355934e-03 2.765852206475803536e-03 2.286128640142618719e-03 1.849636533857544098e-03
2.559447067174631702e-04 7.716335636366391821e-04 3.145782608713952253e-03 5.543425382614687591e-03 3.858630003586753770e-03 1.779621737305815904e-03 8.968839375093572673e-04 2.788884934117681798e-04 1.086765305885491450e-04 9.833735081337137136e-05
1.128595214781143098e-04 7.960648592501694970e-05 1.397538518221278100e-04 6.765953312591704806e-04 6.597899436593137028e-04 4.458828498820941008e-04 3.008949054046650964e-04 5.609573654772723097e-04 7.095141142769187219e-04 2.749159238840790829e-04
