5.521258406208112311e-04 8.237541325765824173e-04 3.443084163981759063e-04 1.767875747267750415e-04 1.282675785503534552e-04 1.075062429182617560e-04 1.873023805617373186e-04 2.726794530783298006e-04 3.139443325010045143e-04 3.665709302536300225e-04 2.482687383855733897e-04 3.394224558626733786e-04
8.652418419508498514e-04 6.653612723202797716e-04 5.552413286937778625e-04 7.198138049813967813e-04 3.692886939516752090e-04 4.495079044477746271e-04 4.884445373668346111e-04 3.753732504357994030e-04 3.465956474571504995e-04 2.228059146330947855e-04 2.762414049970614814e-04 4.929539246744613166e-04
8.766539753654349273e-04 1.454144075325901212e-03 2.383268491701145096e-03 1.732051381191607219e-03 1.256025512535865769e-03 5.203484408624133202e-04 2.437862969501418983e-04 1.888232173810763196e-04 1.403194783125670943e-04 1.289073110616625027e-04 1.502435189905273029e-04 2.897055596075370320e-04
2.342896954984724999e-04 6.882784612827971826e-04 2.387512175260400431e-03 3.772579519867959308e-03 1.693250855971530511e-03 3.027556537157312161e-04 2.495340073899258971e-04 1.538021166264982832e-04 6.266234307653894306e-05 4.795257454440666366e-05 5.349066478569862833e-05 9.586710384008271385e-05
1.781271904811760091e-03 1.411466303009181657e-03 7.116150063445334829e-04 6.564474300831027020e-04 3.368413276325082505e-04 2.317940401391336723e-04 1.380334996627739634e-04 1.297986465170807631e-04 2.249699949091311479e-04 2.869374496159468168e-04 7.701435842728184293e-04 1.417276685374107810e-03
5.810516998888077883e-04 1.476335777171880730e-03 3.921113043014574917e-03 6.745374512462785042e-03 2.090521872339840687e-03 3.866486058517365249e-04 8.027069052013624431e-05 2.306873374228415213e-05 7.383779588905580289e-06 1.422436994226750840e-05 6.099276063637788662e-05 1.876334357794715469e-04
8.963933071226242019e-04 4.778043767600982390e-04 2.972228613996046758e-04 2.314467765549418031e-04 2.228294667837735167e-04 1.436148581364078778e-04 1.937129740639351335e-04 4.382340272248336265e-04 8.592227820128483379e-04 1.028898486925305077e-03 1.485691828050206232e-03 1.737322973038216535e-03
6.769960698043503368e-05 2.345959091176741667e-04 5.897686131895326332e-04 4.496730046028646170e-03 2.885027168791799625e-03 2.561239218239942921e-03 1.176021210789181650e-03 2.302993155025907129e-04 4.846192000119643642e-05 4.903060438649841865e-05 2.579899657881671584e-05 3.037745805553336743e-05
2.286965610898622665e-03 2.225993576970667319e-03 1.100347037935529501e-03 3.403455645013617604e-04 2.660510647174749274e-04 1.404282238203576516e-04 8.274876039335604292e-05 6.821232881354476858e-05 8.099483199031221991e-05 1.809880534234460149e-04 8.342715217639201913e-04 2.321783652163738818e-03
3.545371850934348661e-04 1.821675952184175070e-03 3.589021631115207368e-03 3.639160276048924395e-03 2.758327000847167910e-03 1.007432142223099996e-03 2.408175319422730754e-04 8.526061796756392776e-05 4.843415578338791628e-05 4.863226552655064162e-05 4.315301042213820097e-05 9.338074229337794551e-05
3.718289439951602982e-03 1.074594910029903544e-03 2.482525216738695967e-04 1.019344410206531602e-04 3.443195648592103442e-05 2.617214062417108677e-05 2.385767587756736208e-05 1.164474888401498558e-04 5.028745517282690253e-04 1.155629492054600872e-03 2.528852462766968678e-03 3.451485397263015249e-03
2.926354146826678354e-04 2.479082348922289573e-04 1.486225897877492660e-04 2.045667604055534849e-04 3.332619448827007884e-04 7.766489871803598181e-04 7.271635287987640714e-04 1.600997255290256653e-03 1.226331797767832689e-03 9.372749959769914032e-04 8.229071575721159460e-04 2.881207158919908695e-04
8.758253739528563085e-04 1.028170862223390901e-03 8.007362829701701080e-04 5.919726218722987359e-04 5.505062424420394031e-04 5.892941386745762433e-04 3.679250888021575339e-04 2.604852349358452706e-04 1.738159219250069460e-04 1.775859305360412215e-04 3.051441351168475381e-04 4.819560538304143199e-04
2.980970596861643113e-04 2.122537308557471535e-04 1.490838426847919775e-04 1.192584362475586823e-04 1.942128985768044663e-04 3.472153295960520589e-04 7.600830670080662441e-04 1.110410572182577186e-03 1.176199744922853604e-03 1.066367279910941136e-03 1.380795381096110164e-03 7.172050464188963435e-04
6.079086127638462771e-04 3.460940129871427438e-04 2.850651027511642756e-04 2.637006180322605813e-04 1.901215949695062165e-04 2.314091883221578827e-04 3.309430929873352178e-04 6.590917242746092497e-04 8.531459630781454764e-04 1.209787303655574789e-03 1.431749690726085659e-03 1.327507184048330518e-03
8.876298414516302923e-04 7.057061914792053846e-04 2.575098893180301370e-04 2.394960232028748009e-04 1.592603975587155926e-04 3.625796093350591070e-04 3.263902242476073782e-04 3.042446129608066875e-04 6.839577187868081882e-04 8.833666981028490866e-04 6.719002019134178577e-04 6.539932187698062642e-04
1.180378463938232605e-03 7.435033467683883771e-04 2.701999815323456277e-04 8.468591027772962400e-05 7.485652483613795848e-05 1.177295498867787408e-04 2.311171758306685233e-04 3.138783567435312737e-04 3.080146772480347344e-04 5.620243724506560892e-04 1.666620202245741372e-03 1.810755667852669481e-03
1.556911097746560644e-04 1.364978732603544813e-04 3.522099925558846252e-04 3.649755119459931608e-04 3.540808841380392005e-04 5.491378796755843261e-04 1.376602299963385501e-03 1.371192684043241131e-03 8.679131685313378614e-04 6.641787833279477228e-04 3.347326285126344812e-04 2.339911243125551124e-04
5.519480355675917540e-04 1.344608639523663151e-03 1.178136597654739484e-03 7.684641776501423792e-04 9.429486505921598830e-04 5.276778483742885139e-04 4.263557052558829426e-04 2.357665252815566604e-04 1.085300284343507053e-04 1.067360270807162257e-04 1.621923622601526699e-04 4.538295689831143621e-04
1.020136483592664901e-04 1.134577886676104477e-04 1.427692926491104313e-04 2.924713265232645751e-04 1.270903172481695253e-03 1.344451357660181832e-03 1.092248412014570772e-03 8.298586408130410267e-04 7.376069423668882167e-04 4.622284696457289567e-04 2.191695486955399467e-04 1.222888555987885334e-04
2.814987358168931819e-04 3.071108356805904069e-04 2.252227461637622535e-04 2.317002438797968853e-04 1.632400387157433551e-04 3.517992950601620916e-04 4.449333004809352221e-04 5.520526038466647611e-04 1.330327976145644206e-03 1.580627639422776693e-03 8.734208410180703671e-04 6.501307966569608429e-04
5.925529279057702202e-05 1.855013732385680071e-04 4.880875232098959315e-04 9.103306934055219049e-04 1.132314788086420058e-03 1.796185309824100242e-03 1.012286029686230299e-03 7.303274060368619182e-04 7.024190974215980491e-04 2.851184079108329359e-04 1.227587283687055111e-04 5.403979741080696346e-05
1.143641416914343688e-03 1.084586904643878918e-03 8.938852605256870400e-04 4.676206517701270984e-04 3.742039340753693338e-04 4.117473789227469260e-04 1.839306590843982055e-04 1.354944971765040143e-04 1.684885530947392829e-04 2.097349324828266803e-04 4.026298248069192670e-04 1.125429112672503111e-03
1.334673824261607678e-04 1.523217107568343226e-04 2.921785607369298504e-04 7.196960202928378604e-04 1.519679131685726685e-03 2.201340705174999104e-03 2.163906613080961595e-03 9.291951730128382783e-04 5.275456330910533549e-04 3.423453819027738121e-04 1.430863315896062284e-04 1.392045100758128361e-04
3.320287895302049836e-03 1.776900240200449252e-03 5.983498992677656943e-04 1.402375091869257023e-04 5.767206998255392419e-05 2.400371077249662552e-05 2.239709287705258860e-05 3.037440534453503767e-05 1.342457421860985081e-04 7.335271012678173594e-04 3.122724835438454860e-03 3.051062982555515467e-03
7.533155537243979647e-05 1.914381739053027211e-04 4.282747183999520207e-04 7.800289134332351847e-04 1.333463272293447131e-03 1.631402452863822076e-03 2.139694892907961690e-03 1.377361357033616337e-03 6.371328103159261185e-04 1.652733328383529225e-04 6.244921817994189810e-05 4.735344399618675933e-05
4.366797697948991957e-04 2.917212870874079313e-04 2.336676017866488441e-04 3.073300191505625649e-04 4.532163335239195205e-04 4.470995647562061659e-04 5.985730429478367236e-04 8.328122153433367442e-04 7.290255398543295413e-04 8.516151191466183636e-04 9.764003802844073605e-04 6.234633911718927193e-04
3.009099171383253831e-04 1.780046933129462777e-04 1.687546821177969970e-04 2.134145509949272694e-04 2.710309973555801886e-04 4.272823678215123089e-04 6.102969637818706893e-04 9.092205068325640623e-04 7.463994184090600240e-04 9.892884295104418125e-04 6.972237559614928018e-04 9.293887110002306551e-04
8.773411450412549545e-04 4.204685088902871282e-04 1.868276627102578510e-04 1.277450665423124224e-04 1.507843359580028706e-04 1.508166122943764564e-04 2.328954523848504718e-04 5.221463365888887303e-04 9.040658478000603102e-04 2.192846120418858510e-03 1.987606490126480902e-03 1.163642581998355213e-03
2.647446738180130217e-04 2.998416982324381402e-04 5.188839789967686746e-04 6.712883287229320407e-04 1.085550972445833290e-03 1.210972715080771986e-03 7.913550031391668660e-04 3.339515999864865747e-04 3.103924888036850203e-04 2.361650864281212919e-04 3.268800248229437096e-04 2.789756888650114113e-04
1.600562021894011541e-04 1.973821554150703142e-04 2.914603197606699869e-04 6.120556854862413583e-04 3.101987243250685930e-04 5.621085148913490320e-04 1.098211181314196275e-03 9.761084461650001813e-04 8.746648883144971963e-04 5.077927108855485264e-04 4.216212608596589138e-04 2.212402284307166600e-04
3.066087659366247692e-04 4.927184724405575490e-04 5.548604185609177066e-04 8.377164479187403610e-04 1.182508616593921620e-03 1.105675361323423195e-03 9.353804242933969450e-04 7.329043517284474082e-04 5.045561262670491967e-04 3.560869312957052452e-04 2.100997366135490155e-04 2.411053793609070574e-04
1.999361509201939629e-04 1.751052135655576519e-04 2.518019804014075833e-04 3.061779592914460626e-04 5.392898668884908752e-04 7.575260187918502483e-04 6.452859771931072474e-04 7.901350533530344163e-04 9.847570214417519698e-04 9.878474002247515911e-04 5.376439054928954832e-04 3.110064041345318936e-04
7.109676063309799563e-04 5.647203869766154660e-04 4.815044413301463135e-04 5.174675903711224018e-04 2.244095985285523350e-04 2.598571708496543050e-04 4.774937085967506699e-04 2.960158006149910285e-04 3.773586427568016146e-04 7.168890761827096227e-04 9.789057264913663802e-04 8.039976741463726031e-04
1.873360571089592629e-03 9.167156697293470883e-04 4.563583050943480842e-04 4.166781414625811484e-04 1.367758516622284834e-04 4.760268953380013696e-05 4.285780443264323921e-05 1.086105627850464622e-04 3.333798333404017515e-04 6.519823274925627514e-04 1.664274499712248235e-03 2.337540215664131883e-03
1.049398851213247509e-04 1.827695874246278726e-04 3.617997919722150185e-04 1.034257554411879051e-03 1.546640625774408804e-03 1.842143970354764067e-03 1.651530949397938099e-03 8.404289299012112063e-04 5.363816246337385586e-04 3.660208161812751214e-04 1.527062379193857558e-04 1.357276168935091590e-04
8.107762506028579411e-04 6.219580334588882585e-04 3.979148328733262134e-04 3.002280203837031205e-04 2.432211888078243363e-04 1.693974229463705036e-04 1.947447993383347577e-04 3.399785706402985806e-04 2.955570905276827922e-04 1.277882711387726925e-04 1.953166449042185537e-04 6.034930549675389605e-04
1.088054467167740231e-03 2.106169613056276500e-03 1.852727544815228498e-03 9.253081476320414774e-04 2.726059248313345441e-04 7.076235429251539425e-05 3.899553740698215076e-05 3.885611552675202583e-05 7.717326835954898016e-05 2.052438123098070382e-04 6.030705616513434191e-04 1.249780194401928397e-03
1.448121528606830910e-04 3.164089313615599339e-04 5.577293411669042699e-04 4.111455944537402690e-04 6.195252734602418659e-04 5.788083253026743294e-04 6.769810044049187061e-04 9.813386862024490315e-04 6.178952194161701616e-04 4.181489452247159032e-04 4.045405938486164397e-04 2.043020902126819528e-04
2.736375544011590099e-04 2.560198174683691089e-04 2.397168794078410967e-04 3.977754672594358476e-04 8.423087529980245562e-04 1.098417118856063633e-03 7.974762216927615667e-04 8.724838188188421178e-04 7.453191527535789210e-04 6.056995685664526155e-04 3.637345650510172583e-04 3.256104621053657945e-04
5.120321444377085853e-04 4.272153232465265458e-04 3.669474768677487482e-04 2.882451689942353425e-04 6.739427350833760788e-04 5.909240411025113099e-04 8.153127436745132494e-04 6.386007785060593325e-04 4.285416080331329596e-04 3.727929141315761987e-04 2.841740339059528543e-04 3.673291662433385459e-04
1.425819989420800760e-03 2.457553316429330562e-03 4.223525133788278742e-03 1.130024963280205474e-03 1.779206410331786643e-04 4.060682193191852653e-05 1.781809948378735233e-05 1.275518974129789664e-05 1.903267009953330631e-05 3.643518300559151510e-05 3.698009439293207102e-04 6.946238336178987838e-04
2.187826269900116879e-04 2.459510920870635101e-04 3.652969888344542943e-04 9.619602897278406624e-04 1.970451400754773350e-03 2.249009659087055496e-03 1.480140582076978645e-03 8.640118060469859172e-04 1.783856529015927423e-04 1.138405772941461155e-04 6.683492286072481429e-05 1.180875608491290435e-04
5.811247793678094671e-04 3.242458492939616246e-04 1.762020825945907309e-04 1.103822856562056408e-04 5.964378718145488522e-05 1.095348477217670359e-04 1.912269909205565623e-04 4.059701015336397495e-04 1.067559486119334933e-03 2.359028763128285817e-03 3.241597237195382834e-03 1.400802790697108953e-03
2.469375935444649041e-03 1.312990696666935068e-03 5.101590898139656645e-04 2.555667421939473451e-04 1.915255856220895927e-04 1.444895184637647913e-04 1.124103826600583332e-04 1.418924519622979529e-04 2.257337090026190814e-04 7.235148399298317124e-04 1.079317363923315088e-03 2.079672183928117819e-03
7.652277530398674931e-04 1.659921013307452328e-03 1.927215849686922519e-03 8.832609724135420193e-04 4.807770384465548537e-04 3.379966822580585009e-04 2.979247078258646280e-04 1.573553614052990255e-04 1.132028186053029873e-04 1.746687778072775177e-04 3.178408710018852060e-04 5.159374309858626162e-04
6.362867161586872162e-05 4.892452670469257738e-05 8.561729565783967222e-05 3.400883333920564212e-04 1.116342009508993188e-03 1.169066016191045972e-03 2.035984354887857613e-03 1.637402399687491478e-03 1.238011692694078979e-03 4.347661071367895703e-04 3.448422636269145043e-04 1.555639651592596710e-04
4.178936363972013943e-04 7.899706443884813500e-04 1.861228698679142464e-03 1.617262518096655157e-03 4.945101358628807130e-04 2.068369093016190097e-04 1.443773560717001505e-04 1.164894037661770842e-04 1.313529066214677316e-04 9.348719177608953712e-05 2.306766741342890529e-04 2.480372464547058158e-04
2.827853472076750051e-03 2.872913833453823260e-03 1.779990139141600326e-03 9.577870288361093731e-04 3.001010363659520168e-04 9.129288650431446168e-05 5.752384432029066229e-05 6.392217585854241156e-05 1.075534126595734417e-04 1.812362018104204909e-04 3.477416207729953348e-04 1.860577055118502188e-03
1.592063449476333438e-04 2.750278054692989059e-04 4.816385189081744578e-04 1.891908885431907135e-03 1.583784534410858638e-03 1.436010282135839798e-03 1.334720969213380520e-03 5.393459700210293147e-04 2.828293863387277315e-04 1.502910256508167993e-04 1.140218212888974297e-04 1.594943441348673733e-04
8.907133493409926652e-04 2.495145967687050327e-04 7.043588983607159304e-05 6.631796187757877574e-05 9.602305789794770598e-05 8.590964617272748790e-05 2.124972560774373263e-04 4.988977683377077924e-04 8.593307778822588784e-04 1.174037484326355234e-03 1.510702950996229083e-03 2.138572453800711461e-03
2.170869040833793562e-04 1.996863778809437927e-04 3.280770246153452674e-04 3.863086763081100754e-04 7.384582928374828830e-04 1.281502767177320271e-03 1.012129694264352455e-03 1.373776197896516178e-03 1.029893918263772136e-03 5.549407741925151865e-04 3.567021259943470909e-04 2.544682180652352928e-04
1.242717920633192464e-04 2.358636488003643464e-04 5.169233848214198172e-04 6.625931913829638965e-04 8.452078103519606103e-04 9.885112029456258765e-04 8.252952442998572318e-04 5.588831611331070018e-04 3.508486994937209881e-04 5.223713121827986989e-04 3.358271261306080419e-04 1.473708140682747521e-04
3.491211223517260613e-05 1.118509801627848100e-05 8.834849808985988638e-06 1.627993820771989243e-05 6.568036763493168776e-05 4.157457949586542681e-04 1.594197941693445333e-03 4.510325175701244277e-03 5.244973141876049100e-03 3.130273727902601298e-03 1.372996703473220457e-03 3.266653478938728525e-04
1.911215483787778138e-04 5.496171130681840267e-05 5.167880549009971864e-05 4.138261240331987965e-05 1.001258269146027040e-04 1.544061282382983697e-04 5.644871278503802575e-04 3.005390938810312187e-03 2.660560022211338853e-03 1.632042224847444914e-03 5.334296229608644037e-04 3.167656708734274424e-04
4.510321470795420956e-04 3.812222842835373744e-04 4.274145584036039935e-04 4.004612971712853686e-04 5.789561506723700252e-04 5.349591860450429769e-04 3.790812022186640395e-04 6.095216449657421846e-04 8.646786696473784733e-04 5.123523807539566736e-04 5.147032605954551896e-04 6.852799352399078798e-04
4.639566185285691436e-04 1.586290871551812457e-03 5.125831745779756490e-03 4.325317211373993359e-03 3.910831697669401447e-03 8.645795906607129169e-04 1.833445747677271177e-04 4.048396741927708429e-05 1.811534476032574829e-05 1.358921924247723570e-05 2.982545375385054008e-05 1.005829534811229341e-04
1.220068771696773853e-04 8.071268320026523714e-05 7.232932085098474242e-05 1.282770805615183855e-04 3.120253379641968385e-04 7.676587479792459793e-04 1.769086088830074382e-03 1.501163099732156147e-03 1.177006745399531784e-03 1.512403355724861514e-03 4.610771541100280196e-04 2.532396829207012642e-04
1.845922789840267819e-05 8.006609263649345582e-06 5.371702549671195254e-06 2.044243851199814170e-05 1.720266363484063783e-04 1.018225641427551037e-03 4.804324629605242515e-03 2.948086076685090071e-03 1.409520129575759020e-03 1.077314066668507526e-03 1.862615259274310112e-04 4.458099496489359995e-05
1.077544899088642670e-03 7.308937493679174740e-04 1.256649627704205924e-04 7.435367926941312191e-05 5.910153713930823362e-05 7.935356745262455932e-05 1.176564144779656206e-04 1.851884163490023153e-04 6.916780583736716059e-04 2.440696561734683519e-03 3.044779916021312250e-03 3.169377453642601480e-03
2.634036766937049756e-04 2.094408576209573784e-04 3.246092770931175570e-04 2.965861994600992577e-04 2.381365491051650764e-04 2.520491121455835761e-04 3.782848526284586120e-04 9.170150352223225372e-04 1.140471393536403224e-03 6.683338247176241753e-04 4.597858906521959193e-04 5.042458963196030193e-04
2.982707979078523790e-03 3.295861128225559700e-03 1.756462029481093432e-03 8.133456976624831632e-04 2.532398273428013028e-04 9.789152812572059356e-05 5.343094568819007847e-05 6.773204753710822333e-05 1.233400222852839916e-04 2.402849002414305334e-04 6.938611077511388928e-04 1.504524506668796901e-03
1.203329339815413843e-04 1.385402673043041914e-04 8.444076756741359800e-05 1.306924420263214581e-04 4.684175089619548277e-04 6.902903013974320563e-04 1.341084402589695938e-03 1.948221210105672641e-03 1.988527134200666988e-03 1.532964388558368798e-03 3.861889607634240960e-04 1.555887067857681381e-04
6.472193750941497353e-04 3.794830179981653075e-04 1.980966558436989379e-04 9.260721305060983118e-05 7.683924116206687952e-05 1.452819435897512634e-04 2.272799451176310385e-04 6.261076193562050904e-04 1.066464126571536495e-03 2.107225686503613835e-03 2.895755132085258820e-03 1.471708210842169419e-03
2.243747633899666411e-04 2.587992666206727376e-04 2.836491263350229223e-04 4.672588396721400503e-04 7.376803451931214809e-04 1.274089416991448266e-03 8.879896181975434474e-04 9.446586590910645157e-04 3.945134148311006043e-04 2.337112018247336281e-04 2.610615730394485069e-04 3.543523987907344825e-04
1.320424163064443893e-04 6.762345841791728672e-05 2.368145463163652201e-05 2.524283270662151785e-05 5.694613276056773016e-05 1.682392239258962579e-04 4.987657625045598987e-04 1.137805560443207664e-03 2.458098449625233887e-03 4.368791040536802554e-03 3.226807479533638431e-03 4.301388879161454422e-04
7.471351195210843357e-05 2.708603263592307560e-04 1.114992546358546058e-03 5.758185733393293010e-03 4.733005805231157992e-03 1.915996300077435878e-03 9.389802256427595348e-04 2.326131755588802896e-04 4.194584900648763015e-05 2.341851569078321946e-05 2.553426448049261779e-05 3.801064558487454384e-05
2.103658107193217414e-03 1.693534254807265793e-03 1.090333506926557342e-03 5.442438843338362215e-04 1.642615748222964157e-04 4.450528796855791620e-05 3.089372188581118907e-05 2.478174256649608758e-05 3.565404466801910837e-05 1.646167061434878373e-04 1.308733533156392157e-03 1.988352091809047432e-03
2.948299017803988680e-04 1.666333071594062966e-04 1.783114316957152071e-04 8.826108133234549522e-05 2.053667374263938052e-04 2.557470596164547472e-04 5.571983953693202506e-04 1.020661582992740202e-03 1.812881345634050154e-03 2.237950435783383606e-03 1.529528146415387677e-03 6.023883307264250126e-04
4.920913589095340934e-04 2.877729028562069470e-04 2.221927291839700036e-04 1.258974628853932142e-04 1.554283565533851952e-04 1.303633518898054196e-04 3.213518754951200790e-04 1.020032300703102102e-03 9.176565005633472664e-04 7.649950609789339011e-04 6.102920975189347853e-04 5.709427358382993195e-04
4.068353734705404265e-05 8.011860399521937982e-05 1.747809713801917546e-04 5.886018644582531470e-04 1.438188211259080074e-03 2.296912859840753631e-03 2.599596035191046282e-03 1.917508944497751337e-03 9.961503020977529634e-04 4.780182795520898404e-04 1.137118388897568233e-04 4.329997728228591938e-05
5.390530445757466893e-04 5.616646416181477397e-04 5.192629652689299347e-04 1.820795067039071612e-04 1.170690968321435406e-04 1.176214092877258806e-04 2.174308645442607902e-04 3.319842608944419669e-04 4.936447449852793094e-04 1.162346220964260426e-03 1.409091560688900159e-03 1.046108561832182794e-03
2.983971257628001807e-04 3.167375681094452156e-04 3.572471964540061017e-04 6.384135767771393971e-04 9.123699589335170163e-04 9.193722012298813969e-04 9.298067092327324742e-04 8.806917650876208226e-04 6.332137722183526140e-04 6.266473776265660094e-04 3.420930984135957058e-04 2.528848934232079599e-04
1.079680065926418990e-04 4.867218171339928931e-05 3.637643779547958874e-05 3.522532869030368946e-05 1.193973668680906166e-04 6.332945057604611383e-04 1.158344259288681408e-03 1.589702557053693449e-03 1.290021824820802940e-03 1.447318361565314970e-03 1.047234747832662734e-03 2.808302994473446668e-04
2.191768134149227505e-03 9.141199050125898467e-04 2.920344688175958449e-04 1.009784339841410445e-04 7.049890830109061955e-05 6.966504880104831723e-05 7.327968057606504173e-05 1.787390634187571953e-04 4.881460721769047642e-04 1.621206446099879078e-03 3.126460252435614689e-03 2.687436603788882685e-03
2.197981306692455911e-05 7.355440854307899957e-05 5.522925043329478170e-04 2.134591740889215349e-03 2.422283781742231180e-03 2.710669785246942309e-03 2.345080124582133059e-03 8.295315459557667031e-04 2.349143517296589287e-04 5.703236763558806795e-05 2.570051872328278034e-05 1.627766624469509469e-05
6.231773541690220587e-04 5.298656840039440031e-04 7.546887945590143899e-04 5.693130599815832875e-04 3.088566336167466748e-04 2.571114167436547478e-04 4.109363783685338620e-04 5.528859919944762846e-04 3.768954651508143257e-04 5.510813767538761754e-04 6.056301219392301030e-04 5.868494144530090944e-04
1.254291733412278543e-04 3.147573383794114409e-04 5.641839234015107478e-04 1.231903459952603036e-03 2.166912641080762699e-03 1.591427222814229383e-03 1.268854455203344885e-03 8.474704234250565347e-04 4.447350329256040055e-04 1.465723008205010015e-04 1.285154679430160402e-04 1.152140290617848238e-04
4.513633467635122000e-04 2.991303383336274893e-04 2.419509390382706710e-04 1.395599970666401720e-04 1.355841341027171933e-04 2.351092954456779609e-04 3.898749614464320319e-04 1.213203444218582429e-03 8.771673802178993600e-04 1.112159284278987220e-03 1.131020945420141855e-03 8.319384264015021631e-04
8.364578367776578840e-04 6.468892338294160004e-04 4.861398389993428892e-04 5.093843224028362943e-04 3.964640183574854172e-04 4.051724121344840680e-04 5.118680927867840739e-04 4.044007468522481949e-04 3.436077422230535312e-04 4.178569761678594687e-04 7.948250709543221507e-04 6.546079228898724631e-04
5.710476413626220651e-04 9.749062603958422515e-04 1.267891067343889736e-03 1.028816893710406783e-03 1.324983773445458351e-03 9.141062304883490345e-04 3.468317274950882866e-04 3.486411599987511846e-04 2.238353327103966418e-04 1.701746419340801253e-04 2.135210837672102543e-04 2.591559725478175154e-04
5.648818882004660175e-04 3.917525033645738041e-04 3.887924336737866066e-04 4.000915819448755233e-04 5.021160640806587904e-04 5.640842224952053808e-04 4.955019104637400701e-04 4.864601797398325294e-04 4.513160740894569005e-04 4.786267230826484528e-04 6.736939342441615811e-04 7.241783351362219602e-04
1.325126938471962723e-03 6.072199487550564937e-04 2.895033282424789157e-04 1.066091084355003880e-04 4.867152924729716679e-05 4.007206493875488601e-05 6.281124072319942261e-05 1.201150257624447197e-04 4.352304557164453662e-04 2.280069648636115325e-03 2.940183337817005131e-03 2.127969270578379535e-03
2.042880814315889903e-04 4.532303912039407109e-04 8.410011167058050342e-04 7.294857537339848258e-04 5.884954499381717585e-04 5.369571442953854435e-04 3.857055801875505850e-04 4.022114674479091855e-04 3.605390502239206154e-04 4.040427273227482170e-04 2.984534067525025668e-04 1.854296178932368232e-04
1.093969909522345867e-03 1.779275123865310887e-03 1.759798168537327892e-03 6.539140031113268572e-04 4.713447681213650759e-04 2.465578040650017052e-04 1.865777692262672366e-04 1.125168256244211707e-04 1.477616035968975312e-04 3.231966399179333539e-04 5.247473421611370927e-04 9.059677694308720247e-04
1.468043687555804593e-04 1.134528823332864550e-04 1.109634490635836424e-04 1.454979290089992788e-04 1.741908670964515901e-04 6.586318319428379874e-04 1.555917790674111231e-03 2.698706506139151359e-03 1.526839531790963799e-03 7.028431174070103081e-04 4.529331485163892723e-04 2.006396184980658475e-04
6.390474228938450600e-04 2.004988134856879002e-04 6.964240156286344123e-05 2.961481064566764932e-05 2.001882792315168438e-05 4.067366612190094672e-05 1.055575505086212522e-04 4.184148308209019668e-04 1.599861456401656433e-03 5.110463064388962896e-03 6.497213393427454624e-03 3.105677483189151281e-03
2.646788583198353070e-04 3.528017521676607557e-04 3.655328126241424113e-04 3.686142721203897166e-04 5.497320366523007025e-04 6.592336360483892592e-04 3.525179700925402601e-04 2.448347010511714135e-04 3.676289275667097992e-04 5.168540023675488333e-04 4.354733006577792410e-04 5.727695136621665031e-04
1.896264883108191111e-03 1.511722436557139245e-03 6.054737201600405780e-04 2.066668971554006863e-04 1.588269165565861756e-04 1.201845868141495456e-04 1.051190763201594421e-04 1.304238879653943914e-04 3.995853501875244762e-04 6.923621949977750573e-04 1.475819709933803327e-03 2.563273076320894944e-03
1.899281115287678335e-03 3.010886877825956400e-03 2.273125585972416395e-03 9.534624961869201916e-04 2.856791533395236960e-04 1.764602012421154209e-04 7.636945112877611356e-05 5.924051313401995032e-05 9.708524317853477323e-05 2.329547247418815316e-04 5.562837622279701673e-04 8.761512415379353038e-04
3.347888463512558232e-04 5.069482045935396050e-04 7.643640387560699835e-04 5.310301747811767715e-04 4.622377381513454397e-04 5.229804994257428782e-04 5.527043187977330029e-04 4.838977689606310697e-04 5.386744918734140148e-04 5.649046667248312390e-04 4.268964931773338916e-04 3.631340883441812914e-04
5.821448074281532431e-04 5.459525134420369812e-04 7.838454912082284173e-04 7.019155706571014383e-04 3.523550702518087616e-04 1.624254006192223706e-04 2.640013799711882843e-04 2.048408669395336405e-04 2.767698504168562986e-04 5.918375362244008252e-04 4.497326194131382360e-04 5.356791797632803843e-04
1.638032807327847789e-03 1.081475596736820909e-03 3.047642349021970434e-04 1.301307877298551704e-04 5.583400940371518014e-05 3.795184881494402838e-05 7.490402965037561969e-05 1.683680638745488909e-04 3.572221788087258311e-04 1.921905742095553205e-03 2.190170261199792662e-03 3.253949409904304847e-03
2.419379447532211144e-04 7.636577624019318935e-04 1.406385187735841426e-03 8.352102211092966378e-04 8.746681025544242576e-04 5.591872881481478640e-04 4.539781596132681416e-04 3.519434085470403428e-04 2.110582836597446436e-04 1.919121675932173546e-04 2.579797743852319143e-04 2.035589489527021216e-04
1.979093121686852346e-03 1.269766910517454049e-03 7.402604205938470398e-04 2.758389163737156625e-04 1.383249375337706414e-04 9.508107509663867171e-05 1.083801373862189809e-04 1.840155675023167248e-04 4.173736620082417535e-04 5.349292326959009195e-04 1.363770834790914389e-03 2.492853496257913404e-03
9.446855323815840340e-04 1.123508070469843127e-03 9.490340890480513433e-04 1.076533883827157038e-03 1.212320009551575697e-03 5.404849376530500770e-04 1.939400177285341659e-04 1.348013780415606606e-04 1.603562253162161590e-04 1.633750862969347406e-04 1.425175221941780534e-04 2.779000170329109761e-04
3.104296728817952048e-03 7.007751020671506605e-03 2.370954614599372467e-03 5.317651488202321947e-04 2.087987894565907865e-04 5.932909433323089072e-05 3.062306682945952955e-05 2.593317369374266443e-05 4.383961946064221721e-05 9.942091200423190699e-05 2.833979743410352733e-04 1.006076999347942568e-03
2.877380407859696557e-04 2.520421915812240399e-04 1.491565453502579329e-04 2.331605790556865896e-04 2.725948498791699957e-04 2.132411269777284622e-04 3.535049609108346621e-04 1.057414565485802291e-03 1.219574574767622998e-03 8.742220190475919741e-04 4.381504740534045476e-04 2.230145223032115075e-04
1.853426176607221717e-04 1.517916218790113102e-04 1.429291936999015501e-04 1.685524547624138783e-04 2.216517563648727073e-04 5.056051528172759860e-04 5.431935458360482097e-04 7.819312030508546998e-04 1.312840802856689347e-03 1.724044480853613101e-03 5.981630695933763892e-04 2.516800879382255518e-04
4.328544827772141067e-05 1.541829233569384373e-05 1.055541433898539483e-05 4.071247670500118324e-05 2.286043874191706464e-04 6.370874218072726438e-04 2.519923373907326843e-03 3.984736543489312589e-03 4.537517390517557120e-03 2.244834979584066012e-03 7.833191579017081876e-04 1.625245640426884147e-04
