-7.304763459945064596e+00
-7.599727029167211434e+00
-7.440490580521329278e+00
-7.453195568949297467e+00
-7.526578664280483721e+00
-7.543812691652181712e+00
-7.337568211006297858e+00
-7.383890085839864170e+00
-7.299433222873066285e+00
-7.510950202761991434e+00
-7.484461771820113185e+00
-7.580103445223813630e+00
-7.408062509485962899e+00
-7.436597904516517588e+00
-7.479085675805563938e+00
-7.578631181842689912e+00
-7.445207938186705121e+00
-7.422101579777506508e+00
-7.450091513402028909e+00
-7.471214488515316887e+00
-7.429414775961340922e+00
-7.619996050120075637e+00
-7.410082603287192704e+00
-7.742451795709890838e+00
-7.710602939792797983e+00
-7.348939880417434622e+00
-7.614262438741633332e+00
-7.423987627757337115e+00
-7.440585148219846623e+00
-7.642446671148422688e+00
-7.541009708877104423e+00
-7.455659113213099154e+00
-7.294117188333737900e+00
-7.502507178151133438e+00
-7.424805355824105391e+00
-7.489714963881546339e+00
-7.515541867913217544e+00
-7.287564053190520141e+00
-7.478230558503778269e+00
-7.463096214672877871e+00
-7.313941366321406790e+00
-7.575086284080002841e+00
-7.596171185109578339e+00
-7.474973452623592252e+00
-7.378289792369842282e+00
-7.299981829889110152e+00
-7.549221549252795427e+00
-7.384892929406610129e+00
-7.449643225927164103e+00
-7.564115021134294459e+00
-7.368532073241386371e+00
-7.351167139927097693e+00
-7.521029255591777485e+00
-7.285826473237958290e+00
-7.505339955577914779e+00
-7.612891542033955794e+00
-7.486856312182212037e+00
-7.406491597413278782e+00
-7.407418740053349104e+00
-7.591638877558902543e+00
-7.662063226062132415e+00
-7.450628536912979882e+00
-7.469904249326181578e+00
-7.783646204295260773e+00
-7.247403415797614379e+00
-7.517705888590921148e+00
-7.538243378743585410e+00
-7.559974698409924088e+00
-7.414701039353511547e+00
-7.479054270596707354e+00
-7.399095105938860328e+00
-7.540914106340062872e+00
-7.514386030906914371e+00
-7.480457654325661565e+00
-7.630735053670123058e+00
-7.396892245892752626e+00
-7.467984975895208599e+00
-7.207510608632265559e+00
-7.514160602344365003e+00
-7.574330653531702318e+00
-7.536469557497817995e+00
-7.428155711443986675e+00
-7.337051265203813344e+00
-7.488889201056458056e+00
-7.625350872909104183e+00
-7.525229090208446436e+00
-7.284625446161727247e+00
-7.625692229205258243e+00
-7.423428897434880547e+00
-7.502873753381640753e+00
-7.524867191783611631e+00
-7.443226702162896835e+00
-7.302441898319802505e+00
-7.749144421415241624e+00
-7.221180416220695619e+00
-7.439407952962085346e+00
-7.735374134005859048e+00
-7.745606742281189838e+00
-7.293670117835430844e+00
-7.388229520456548904e+00
