2.089847229088045294e-02 3.239188152847177760e-02 2.080366974491472745e-02 1.303664829388533758e-02 1.052820174695875272e-02 1.113750437773830884e-02 1.912558947607381071e-02 2.508845438842734546e-02 2.297394622813857257e-02 1.783562719674518238e-02 1.025562431853942018e-02 1.219797218381689363e-02
2.502589626488693417e-02 1.914306537769167385e-02 1.561519165641913308e-02 1.791338874746930057e-02 1.304997325242285289e-02 1.725955464906313297e-02 2.187895395362489392e-02 2.024681419697035162e-02 1.768232567764817242e-02 1.170702226159612246e-02 1.267167284916436570e-02 1.865425444828571269e-02
1.925690649753392103e-02 2.037538553148347115e-02 2.367507876098901010e-02 1.990721203850448484e-02 1.937838370679061811e-02 1.549764327629550228e-02 1.430445948255306896e-02 1.755394289368020569e-02 1.783290106914763376e-02 1.559175726982544100e-02 1.292474763743426888e-02 1.381079986825524061e-02
1.230581016153542602e-02 1.643514045772116045e-02 2.822466560446744085e-02 3.394701996666935756e-02 2.075164326396326114e-02 8.739865585380037286e-03 1.289686322132297183e-02 1.942945751640461072e-02 1.915055730463018080e-02 1.803116504049431801e-02 1.420726093859493028e-02 1.199890265742645061e-02
2.283879973314004164e-02 1.889554872460768101e-02 1.411371522535952161e-02 1.814612834392615240e-02 1.790863528977394009e-02 1.881731818344659773e-02 1.528726901522344667e-02 1.351112894020567098e-02 1.503790131933166983e-02 1.358809363409289525e-02 1.916163994109513352e-02 2.281497483795122405e-02
1.672611009449991720e-02 1.593952791349730405e-02 2.305838509721177057e-02 3.546101776291199492e-02 2.510293001260578694e-02 1.601753899671664455e-02 1.219381033124579752e-02 1.064529177675788141e-02 8.377323279274477563e-03 1.341790201330158097e-02 2.054347570335627107e-02 1.926321857993877618e-02
1.816087117491856431e-02 1.511337227715485107e-02 1.508399005332777994e-02 1.726122932891428763e-02 1.906130340778357940e-02 1.366359334619030898e-02 1.349164060597978637e-02 1.733142977457628742e-02 1.958429051618019306e-02 1.740892120434512497e-02 2.009791356411620711e-02 2.345800409245621387e-02
1.305521886701531235e-02 1.480421499371865901e-02 1.533152067475091439e-02 3.173349401162674221e-02 2.018810652706910097e-02 2.163959351662800637e-02 2.110470535834108735e-02 1.470509449362145636e-02 1.119270722232672093e-02 1.885627435942890257e-02 1.582490655961764359e-02 1.355833961796943342e-02
2.204247924262146135e-02 2.160255990283470318e-02 1.729016611820886201e-02 1.262740913220669094e-02 1.819116269191877952e-02 2.013462366093005801e-02 1.784157162767362886e-02 1.349864136006600351e-02 1.041496470842493555e-02 1.176482487139894964e-02 2.019811132259604139e-02 2.691515374447059697e-02
1.483442677601752926e-02 2.329873013954134042e-02 2.465350808003184332e-02 2.224519666164420650e-02 2.255517053305822889e-02 1.893157518610705248e-02 1.439226557948076503e-02 1.403195545584723890e-02 1.571632378799602686e-02 1.734132252510636740e-02 1.224634312099775676e-02 1.165219516751460696e-02
2.789946200652383690e-02 2.021722259599969748e-02 1.476233858449264337e-02 1.546375831138201498e-02 1.292764207418878146e-02 1.265957989850497768e-02 1.026353393717752485e-02 1.622357071790760802e-02 2.081169298677376309e-02 1.901436253572873214e-02 2.002793336719625381e-02 2.199963435278049981e-02
1.764264338128853499e-02 1.874556763092378661e-02 1.366106400351744382e-02 1.438706565607806784e-02 1.606552617637038716e-02 2.042231870215121745e-02 1.589153351360410998e-02 2.235028772659840637e-02 1.901915374093233330e-02 1.774444391384328093e-02 1.960397554972963599e-02 1.364366648865187291e-02
2.350399200931118163e-02 2.206879709598484271e-02 1.649792117389372106e-02 1.358025238018965505e-02 1.585172152561135570e-02 2.200441039153371026e-02 2.074833100416990928e-02 1.780524996240534161e-02 1.296856075765097371e-02 1.191690111751145947e-02 1.539209476155411517e-02 1.874597469836193978e-02
1.584096119036394398e-02 1.589906671986556289e-02 1.455035884951587540e-02 1.274992261519939177e-02 1.536027844845466381e-02 1.797542744361169814e-02 2.160282549688452569e-02 2.002798566982532530e-02 1.665768787575308552e-02 1.587354907937798404e-02 2.284736037944877160e-02 2.055144768300188468e-02
1.606992609107232156e-02 1.388839802823444922e-02 1.603078699256149306e-02 1.854897258673045973e-02 1.574466988770987369e-02 1.552758511210466756e-02 1.573826587247361894e-02 1.842408081830203964e-02 1.719975315765290280e-02 1.879285062259705708e-02 2.118231437914289139e-02 2.223952516481344024e-02
2.255060023381444748e-02 2.357716968193855969e-02 1.415442375376199831e-02 1.379601566240471616e-02 1.203847087425160070e-02 2.046465282750038056e-02 1.769442532482343525e-02 1.459015322181665339e-02 2.055820875742733062e-02 2.057437043736629750e-02 1.514007322244268275e-02 1.534725454849903206e-02
2.203702951616757014e-02 2.088016913248998824e-02 1.484789061412467200e-02 9.425142901055866274e-03 1.155349556864474977e-02 1.867805226191443513e-02 2.464734926249166971e-02 1.932013725542957444e-02 1.156352916224732269e-02 1.283739116852709861e-02 2.310054630164942030e-02 2.509502419894349412e-02
1.411084923460995469e-02 1.438461400147429681e-02 2.297435303019132111e-02 1.779677691181884985e-02 1.236416933327130589e-02 1.376911680878303325e-02 2.332066626309715895e-02 2.356002869663049309e-02 1.888398491552446476e-02 1.860136044866730204e-02 1.557231670367597090e-02 1.541496887196322323e-02
1.855034561386546821e-02 2.465526497734708833e-02 1.877977629217190969e-02 1.375264878625073739e-02 1.851561644010042695e-02 1.842415787033071031e-02 2.235180771970349256e-02 1.923674488106003749e-02 1.228928915243431702e-02 1.111126664749392118e-02 1.319799373061899921e-02 2.032254091704315674e-02
1.444492972821893699e-02 1.300177763009452078e-02 1.194801594911336709e-02 1.520954377761085489e-02 2.794494948220644856e-02 2.255931236028752007e-02 1.659130388205921902e-02 1.485322879572547466e-02 1.878478459382564719e-02 2.109333369111460188e-02 1.899705838120921420e-02 1.618364796797863020e-02
1.230918637738048424e-02 1.734457410435800984e-02 1.842751316228723527e-02 1.926868391536531999e-02 1.374415344759396737e-02 1.688970095708798927e-02 1.498734082542006740e-02 1.439168243334794026e-02 2.298848384261931860e-02 2.542408275906586634e-02 1.824932101307627855e-02 1.636986629962681669e-02
9.180944393487327701e-03 1.623569120057828663e-02 2.215977326060399391e-02 2.254945083990063381e-02 1.916641232863720845e-02 2.135602049015126319e-02 1.530794559711932956e-02 1.607993936290275441e-02 2.436452577306561645e-02 2.164621720951744391e-02 1.581586453185306398e-02 9.322771918113110373e-03
2.168557333850793314e-02 1.912348957835852473e-02 1.730342214460391104e-02 1.374483962999212099e-02 1.630307931269830979e-02 2.368840229898796709e-02 1.751873866376831013e-02 1.381215162941125396e-02 1.335625253681183705e-02 1.288556563776933374e-02 1.641412889105075407e-02 2.513040219764720376e-02
1.629869755240142756e-02 1.342512843949445964e-02 1.399533310719096833e-02 1.739394724093604877e-02 2.136112769499749417e-02 2.346996363258952584e-02 2.304961162747878184e-02 1.599435397042437562e-02 1.514479287714320423e-02 1.731204660152426550e-02 1.501364834859196355e-02 1.771349877435062295e-02
2.146751519796463725e-02 2.096353207390490997e-02 1.929685712313051332e-02 1.608933503964441944e-02 1.687683737420491575e-02 1.363329938655812729e-02 1.177050636720643542e-02 9.718949285164507623e-03 1.363938447539007892e-02 2.069603121658223494e-02 2.848898730329611079e-02 2.031034275945718670e-02
1.428882767444177547e-02 2.011407861146518455e-02 2.118908975205882270e-02 1.863166057725633429e-02 1.750068581694384090e-02 1.728290793832732916e-02 2.303482420601389580e-02 2.405626771584126744e-02 2.200690917066994157e-02 1.420579792203574554e-02 1.014532581361245710e-02 1.021601267957722436e-02
1.708153298385784585e-02 1.427870591417222321e-02 1.339457799683872047e-02 1.670933265317666588e-02 2.016867433002466486e-02 1.745537007310540498e-02 1.745131562210540388e-02 1.819726458207276965e-02 1.552682655333459394e-02 1.777341231006986794e-02 2.196407106074348831e-02 1.932938629874687841e-02
1.590942534250011989e-02 1.253168126373556228e-02 1.330474445074504922e-02 1.623879283676666480e-02 1.772617102004288292e-02 1.957020477781648560e-02 1.945753838148697040e-02 1.964383809143283380e-02 1.509603090000889367e-02 1.780174985846122437e-02 1.728176516306955193e-02 2.555256175619554510e-02
1.833435336878225935e-02 1.707440384756470780e-02 1.492487574585347858e-02 1.522935999815508423e-02 1.769347050839969668e-02 1.497259766480923439e-02 1.413406140144910297e-02 1.630615450768787764e-02 1.764358440292599500e-02 2.489279136626932828e-02 2.168937611884223446e-02 1.687289658709058976e-02
1.583780988717557042e-02 1.350740696225739140e-02 1.567569275184243355e-02 1.690500609450441144e-02 2.242682395141948337e-02 2.468270715482912686e-02 1.951548801271707836e-02 1.216852466487627904e-02 1.352798161429629061e-02 1.509151630331052527e-02 2.193922985693733813e-02 1.986117761260675421e-02
1.303818242834399281e-02 1.607430849542633780e-02 1.959963762001769999e-02 2.308517732064060621e-02 1.098303680989859248e-02 1.367778313146134940e-02 2.136211720823209814e-02 2.127588323305499782e-02 2.126308719526908558e-02 1.755170073611826698e-02 1.839216356913735140e-02 1.439688098183128026e-02
1.675346909696777756e-02 1.886710910634888799e-02 1.646796975901520035e-02 1.774609387909935332e-02 1.983298298054467571e-02 1.869374115869669103e-02 1.814323229511023705e-02 1.848000960115410429e-02 1.807099905828323319e-02 1.708586277343404625e-02 1.363213144230056469e-02 1.515452452181522205e-02
1.303304176735245283e-02 1.307666377464224497e-02 1.687399005761004017e-02 1.801806389107748346e-02 2.111171920105826827e-02 1.989630633986165173e-02 1.427014580263393992e-02 1.513240175433342230e-02 1.974994679525361729e-02 2.391793699298575687e-02 1.964960849890428143e-02 1.570010088604614773e-02
1.712496781081251918e-02 1.631988260047661024e-02 1.747280277196155973e-02 2.053358464100111039e-02 1.340329203176109443e-02 1.513527570647661517e-02 2.075435709578156429e-02 1.360014935161242035e-02 1.387858136919768899e-02 1.966461747154609266e-02 2.270406895005880332e-02 1.891816292669182623e-02
2.045946653385562544e-02 1.541372494682025779e-02 1.502340257460889859e-02 2.386687742515469779e-02 1.880299730800479366e-02 1.124008359489740011e-02 9.446821064270721768e-03 1.346775297866377452e-02 1.851107479837622166e-02 1.872352456194959630e-02 2.354163568555506583e-02 2.415470148451350635e-02
1.231105785318822865e-02 1.366975306598215700e-02 1.575821170521672296e-02 2.161569990082761947e-02 2.144143410272486561e-02 2.083257277835903754e-02 1.988130050741589855e-02 1.598643122974194308e-02 1.696050971084909695e-02 1.977480782265255560e-02 1.590416400001064615e-02 1.589859302378457753e-02
2.807144336442759028e-02 2.302757440759049812e-02 1.668581485906074635e-02 1.466948117407793420e-02 1.463597445963331009e-02 1.427808048508576871e-02 1.923536893259053873e-02 2.745817475910428476e-02 1.926697921263405278e-02 7.574818242636979608e-03 9.165051818212862494e-03 2.164428440792618910e-02
1.324750114511229725e-02 2.032631293019888583e-02 2.542833287772373191e-02 2.484615992814302038e-02 1.809354736122149171e-02 1.145310394789954278e-02 9.973216031522954411e-03 1.131700526376388898e-02 1.580043206703860351e-02 2.011932714660810695e-02 2.271123899276071209e-02 2.026302523418721871e-02
1.048545437688389904e-02 1.827251034594445933e-02 2.442675496826556339e-02 1.696637936544521247e-02 1.719608515839410670e-02 1.469389824899644710e-02 1.663455479333897022e-02 2.310398036878941880e-02 1.993427798988044522e-02 1.772608110461961622e-02 1.869261904538161226e-02 1.255055204142120281e-02
1.720134964978298556e-02 1.510815601836736945e-02 1.271893387057989981e-02 1.575481690367214888e-02 2.217643848646802182e-02 2.217739468894694421e-02 1.599131180276781861e-02 1.679526015694723234e-02 1.771013712754768502e-02 1.890346791629331918e-02 1.689424256032522401e-02 1.820224199596313930e-02
2.384995603263195471e-02 1.954458909177882869e-02 1.440788223880190740e-02 1.104403184795262755e-02 1.853840211755369491e-02 1.845419701498046683e-02 2.310100892976925738e-02 2.017137851319224934e-02 1.562636561025057547e-02 1.441463179130643771e-02 1.347634216655427437e-02 1.829461511745777980e-02
1.580995450705588098e-02 2.047773250484889035e-02 3.608427070848935908e-02 2.507003935110711096e-02 1.430212065395933263e-02 1.064416796913323152e-02 1.108867723412921419e-02 1.275602188169494382e-02 1.522991322163020668e-02 1.383871012738327119e-02 2.349106465238344835e-02 1.685828630306977771e-02
2.276042080962940861e-02 1.562557828883465519e-02 1.255531058780810783e-02 1.689849400913082111e-02 2.283031238733687629e-02 2.468912511686208872e-02 2.218840874974557786e-02 2.073534473271188699e-02 1.148306889339188383e-02 1.181340743710521807e-02 1.188716404188863186e-02 1.919644791082397370e-02
1.381043458209551406e-02 1.515064423491688066e-02 1.737132274093277501e-02 1.832230782438670075e-02 1.351218635405574200e-02 1.519352927187966711e-02 1.422118430504466444e-02 1.443613607078919961e-02 1.833854721246791497e-02 2.453523828969795401e-02 2.811867530296113110e-02 1.841495694115658638e-02
2.564176597140082128e-02 1.996267770286154833e-02 1.419010428860210948e-02 1.334398409971420882e-02 1.697557452763615374e-02 1.885779239150933359e-02 1.616167318779703627e-02 1.431476450004086354e-02 1.328037139878702512e-02 1.800944745538239633e-02 1.735680052165893689e-02 2.262214406445465023e-02
1.632834558071398490e-02 2.383477295311339783e-02 2.575890006446315134e-02 1.674086063790909337e-02 1.340876798838097628e-02 1.524564900594302386e-02 2.034128129861730028e-02 1.718928677383049428e-02 1.392788321755629097e-02 1.525170440730802893e-02 1.654363547164136930e-02 1.603547085596132571e-02
1.258713244668805548e-02 9.502002495836894824e-03 1.127750474896502438e-02 1.902422464879174879e-02 2.528039781249265261e-02 1.806367066318822351e-02 2.091131455081466500e-02 1.930184896495668392e-02 2.002097488269467818e-02 1.568024198721329476e-02 2.129574195508456003e-02 1.927024169597330375e-02
1.254845501716279552e-02 1.698243920493729825e-02 2.974421614141652126e-02 2.950101529473889150e-02 1.585822383710939684e-02 1.083666999819040896e-02 1.232455118389825903e-02 1.635171575478561526e-02 2.153189202847572911e-02 1.637718021790107031e-02 1.931582944916608591e-02 1.293612684115855865e-02
2.321043818160973410e-02 2.190376431734553098e-02 1.963836875104137472e-02 1.996796627745238764e-02 1.647530799845477525e-02 1.301256168291372792e-02 1.366962110760038332e-02 1.575727310854842592e-02 1.674662355712746437e-02 1.425616117310110446e-02 1.306441837699282710e-02 2.306517938951469643e-02
1.430246479839519802e-02 1.415965342356051426e-02 1.506998554762696563e-02 2.557407649181145382e-02 1.919791066698671445e-02 1.792074676355932122e-02 2.112309215005010732e-02 1.722574345259862347e-02 1.635920862855742841e-02 1.519150313837902555e-02 1.549430710635973409e-02 1.816789820226837049e-02
2.390709680044581648e-02 1.467658999423485967e-02 8.856408969881043175e-03 1.160197640161644665e-02 1.770478275360536091e-02 1.564809988999005946e-02 1.916169086811902317e-02 2.008959960678045539e-02 1.755477737734446181e-02 1.572552364149653811e-02 1.872630994554942002e-02 2.949455405675568617e-02
1.612503718171074893e-02 1.501318168935242454e-02 1.727474938861458392e-02 1.555718945608879945e-02 1.836331823707713917e-02 2.074634758385100058e-02 1.622847237628320671e-02 2.029186595127229625e-02 2.010850109098212893e-02 1.701245667401929396e-02 1.614607870727146482e-02 1.603081674051199529e-02
9.982963926025991211e-03 1.430989437433341852e-02 2.099000293466442291e-02 2.060920396668571020e-02 2.023729178505887655e-02 2.038136063162537814e-02 1.788060784234346556e-02 1.481778898199848614e-02 1.397626256259445338e-02 2.401229001272276245e-02 2.196613481873156692e-02 1.262328511042949686e-02
1.178033470768251323e-02 1.030991703408712379e-02 1.053119713890290562e-02 1.172519968959708121e-02 1.436132528076313787e-02 1.946171258416297400e-02 2.201302779560488851e-02 2.570333439100588521e-02 2.414465389186287031e-02 2.189826547661451878e-02 2.268392196558498275e-02 1.973387590543454820e-02
2.094442085757546729e-02 1.653467323242233805e-02 1.762384536046576744e-02 1.225903023213346758e-02 1.294618305448964023e-02 1.066524735933528471e-02 1.646124593050235160e-02 3.333073413900636273e-02 2.656682925973007786e-02 1.935829805533497566e-02 1.250987075841866573e-02 1.523532749193949945e-02
1.684964559620788851e-02 1.538850270041258739e-02 1.693862117602340164e-02 1.704383886622142658e-02 2.063690207650738934e-02 1.765924980050480320e-02 1.307950853307718667e-02 1.750879227286273113e-02 2.181784060384829929e-02 1.567033877136781578e-02 1.601242007941233378e-02 2.047821095284933085e-02
1.794691029593915854e-02 1.994068849150293019e-02 2.613076636279168877e-02 2.153433602461009636e-02 2.630747940181675515e-02 1.902922129262226911e-02 1.526435856966426238e-02 1.260803218967867026e-02 1.260004735572599517e-02 1.193348848344048807e-02 1.387570514112595153e-02 1.522285915828308113e-02
1.589731047969551725e-02 1.379343626417303334e-02 1.202785897378881239e-02 1.392916942266940808e-02 1.773361811440397201e-02 2.149486212260538071e-02 2.455644162125835556e-02 1.710995212555429038e-02 1.486623877301200200e-02 2.320512448687450310e-02 1.777981818440254810e-02 1.822351851450865201e-02
1.915271062917282135e-02 1.180657415417159933e-02 5.928215265442936428e-03 7.894656595533016893e-03 1.572483630417326889e-02 2.617429533680516035e-02 3.927744011770925581e-02 2.087455620608042947e-02 1.415056511634375097e-02 2.169234108541978970e-02 1.888363699688189526e-02 1.888846140579551053e-02
1.610501743547294168e-02 1.901659042349390649e-02 1.188438445335668163e-02 1.386981732939057688e-02 1.622852478348612432e-02 1.808198088259313843e-02 1.531007784639290374e-02 1.194437577889780749e-02 1.648889742459571164e-02 2.467993128545743764e-02 2.358640979280505687e-02 2.420150290562517875e-02
1.434695876717889847e-02 1.528745551829409008e-02 2.274630873476458925e-02 2.056627797012673328e-02 1.412398987638944364e-02 1.147929059878700225e-02 1.402664267254860250e-02 2.402525475072718811e-02 2.610453897077641763e-02 1.756590840527042646e-02 1.420646917369679241e-02 1.735487394377134909e-02
2.271320577205953803e-02 2.413213174177123582e-02 2.040459581908656700e-02 1.879523095320871640e-02 1.522218645894922624e-02 1.340712530620408703e-02 1.256459368721018349e-02 1.508779752780667512e-02 1.663670848092705518e-02 1.557628249436654976e-02 1.740089143050477238e-02 1.858669697992035991e-02
1.434481015133416346e-02 1.924998842818670397e-02 1.374047358092662929e-02 1.372914339845139262e-02 1.962262005371585849e-02 1.680537636130007006e-02 1.844630162597178658e-02 2.076242260294391268e-02 2.315713732853928730e-02 2.460405400151600974e-02 1.465350050437086438e-02 1.166542464513112970e-02
1.525258343240497999e-02 1.665399949489858311e-02 1.727857380445276328e-02 1.448156205392159279e-02 1.352536190542091322e-02 1.624028320573489559e-02 1.495901292459141455e-02 1.764287648795464375e-02 1.726553703627476885e-02 2.178899586880916894e-02 2.579220710565444455e-02 1.924723028636097025e-02
1.783922283534944420e-02 1.578266026560790763e-02 1.334241146360658388e-02 1.535818562441836066e-02 1.861549017734480393e-02 2.437190322159451389e-02 1.975541454780034914e-02 2.117517642093570338e-02 1.360199696899653740e-02 1.143930158490286120e-02 1.616968531134073406e-02 2.357403343621853817e-02
1.180860429466577127e-02 1.383385731561723002e-02 1.165743197263253809e-02 1.388597308028233744e-02 1.732201788686406688e-02 1.839743155280035986e-02 1.755219342543436201e-02 1.618417383199798748e-02 1.964555155590842067e-02 2.871288646753827889e-02 3.020867536877337375e-02 1.433392006748515461e-02
1.176335729442600474e-02 1.298088625017266781e-02 1.828677882321160311e-02 3.374069523621545108e-02 2.617547625691193577e-02 1.750113587131242598e-02 1.819243769941232547e-02 1.600941746402285981e-02 1.229054662079428692e-02 1.468284583646702404e-02 1.718446995649395084e-02 1.501561700596565352e-02
1.950848125070691122e-02 1.777220581247486442e-02 1.965311561124300291e-02 2.257317958043500439e-02 2.009896407363346432e-02 1.462399740175631020e-02 1.322109015511279198e-02 9.743557531439021174e-03 8.873780046767771462e-03 1.461912443663739361e-02 2.929018344597425494e-02 2.472914916844349068e-02
1.392867708411481276e-02 1.406921354541321688e-02 1.861782749695946315e-02 1.310596654453502832e-02 1.772725516644523686e-02 1.483394519428427386e-02 1.631838610649965007e-02 1.759682304666445457e-02 2.148375812425866449e-02 2.456002079692890666e-02 2.215020627664182618e-02 1.586865719199043526e-02
2.126389505616999714e-02 2.036336667781458651e-02 1.975098228475842196e-02 1.358136647223638985e-02 1.286588018026339417e-02 1.018239062387964883e-02 1.662159512823709745e-02 2.869425814654802398e-02 2.195442392063770218e-02 1.618171833336172483e-02 1.407800027238944804e-02 1.695423376923089684e-02
1.111378112115501970e-02 1.448242873231641963e-02 1.614245187392579842e-02 2.013540966313492539e-02 2.149146096288348518e-02 2.072771999416593222e-02 2.045631959662359139e-02 2.027916367369698297e-02 2.028025668636173479e-02 2.122080463629352418e-02 1.448339280339193055e-02 1.068459282694177517e-02
1.238539841953971432e-02 1.741637241610573955e-02 2.428237789314116254e-02 1.680194663777639236e-02 1.329408076973023073e-02 1.268931668189891490e-02 1.607365701542404213e-02 1.664402812737369314e-02 1.698836221603820112e-02 2.374853427712821097e-02 2.329406919329891218e-02 1.748740364047713172e-02
1.637310041754375112e-02 1.595226302563779869e-02 1.532297133479604105e-02 1.896717661867955776e-02 2.040136351297449496e-02 1.813605344947794018e-02 1.739654737803693341e-02 1.790413877500986184e-02 1.720399865614395327e-02 2.027958611081389154e-02 1.631479610012913709e-02 1.463330521947876078e-02
1.660494705186451453e-02 1.291188407575876058e-02 1.067836730253656809e-02 9.180364234269308699e-03 1.485777591813906319e-02 2.608241191471091791e-02 2.398981138242062966e-02 1.950615215760177074e-02 1.495704219050288976e-02 2.002849595405352748e-02 2.559131480394961564e-02 1.953112279791443043e-02
2.150713415468269787e-02 1.895042483033074210e-02 1.569164981459268693e-02 1.355181726900465955e-02 1.530793238329112085e-02 1.605408859028837482e-02 1.298194397401011835e-02 1.422434523889775856e-02 1.624274513213587109e-02 2.173352590199490592e-02 2.401845587882581526e-02 2.030301877118599954e-02
9.673627160175673687e-03 1.258387218325069529e-02 2.224409523696710758e-02 2.770910490185614361e-02 1.958363899944948888e-02 1.913466581144877832e-02 2.342180661966695304e-02 2.143175779034547923e-02 1.904472464550351421e-02 1.515861541817541125e-02 1.348195740820203395e-02 1.046445425817885307e-02
1.682238322968811553e-02 1.655068014650863326e-02 2.283483841895836766e-02 2.018609416263862644e-02 1.335799282774724484e-02 1.207232247171132616e-02 1.767908820181698579e-02 2.149905658911937384e-02 1.595825341207619125e-02 1.818174145016025062e-02 1.805412088915590157e-02 1.666052585665759450e-02
1.311478856513121315e-02 1.675724168210325493e-02 1.728166762925698735e-02 2.068655496213665096e-02 2.341595951054428748e-02 1.807911841167578887e-02 1.789251788117135478e-02 1.930826744137933287e-02 1.911633870089834986e-02 1.390461938743238306e-02 1.546182468365471865e-02 1.470012540480256438e-02
1.765457830238873621e-02 1.786841396852442351e-02 1.873025769481921968e-02 1.379269867577609041e-02 1.225467778027189425e-02 1.497094692181313164e-02 1.722630371788954479e-02 2.533518577098939351e-02 1.623591349234813908e-02 1.697614773211025482e-02 1.921262683991157780e-02 1.972460039479684291e-02
2.065674427921851755e-02 1.760704611106778117e-02 1.523031907367901339e-02 1.680387367356387524e-02 1.614041194821609973e-02 1.808439386406730104e-02 2.121281492604424473e-02 1.685344931480991376e-02 1.331554432537061447e-02 1.429578575049485212e-02 2.077210834529998398e-02 1.840106490805578504e-02
1.894377221485188043e-02 2.068229877672021766e-02 1.955924844849279282e-02 1.607976942883369148e-02 2.064185575337890155e-02 1.998701807452766405e-02 1.410820230470470962e-02 1.786493004776278440e-02 1.670919595041645694e-02 1.476955580691609662e-02 1.526239210123427927e-02 1.460772893250824461e-02
1.876166537916998042e-02 1.429698010025031926e-02 1.425643014144830321e-02 1.573356048128687554e-02 1.945810834689572569e-02 2.102290950950993706e-02 1.818219481502634377e-02 1.611040652922843264e-02 1.431922253867161030e-02 1.519849810779780146e-02 2.026157788005965646e-02 2.227572073185773646e-02
1.717879208162822677e-02 1.708799203305651215e-02 1.957496575029041633e-02 1.831718613009887531e-02 1.509274507352463546e-02 1.253980795071260937e-02 1.189116417308623205e-02 1.159512282912008793e-02 1.635109065098310638e-02 2.873202550422482293e-02 2.533667236658187008e-02 1.895254550870337576e-02
1.047184190987105433e-02 1.807211281317766885e-02 2.604167671328823722e-02 2.171022989507498391e-02 1.698677174475115084e-02 1.557054377007194984e-02 1.401586068483167552e-02 1.729189847300468402e-02 2.006173814765932831e-02 2.353501215530475962e-02 1.787426223397193398e-02 1.075931366724034409e-02
1.644272116388047211e-02 2.173303744835129378e-02 2.382830932972108962e-02 1.588547911272236018e-02 1.679376604682250931e-02 1.572783005291965297e-02 1.659357984694892138e-02 1.330473222976647808e-02 1.459366702932874543e-02 1.872401892830404674e-02 1.815203738079198756e-02 1.786180266004638514e-02
1.861341838173234675e-02 1.944234600622742754e-02 1.676280291590234728e-02 1.325812684110922596e-02 9.965793481986926633e-03 1.676321878433545756e-02 2.386881268400157033e-02 2.945227920268561964e-02 2.024673304028261345e-02 1.427050633794730433e-02 1.517247991338483738e-02 1.487615444639765923e-02
1.437496795314101988e-02 1.395480935125335484e-02 1.523522131091662249e-02 1.537934891729113990e-02 1.355343391985287804e-02 1.432540397683956107e-02 1.333895450329755303e-02 1.485921018669420293e-02 1.872340517904125257e-02 2.696077503075800658e-02 2.935692949276583197e-02 2.293784925339205361e-02
1.290989434767580817e-02 1.438217125461938375e-02 1.524083025258873847e-02 1.673700427559052933e-02 2.294536273701905382e-02 2.472222976682572626e-02 1.464941547520120894e-02 1.048623650627798082e-02 1.496404524479501112e-02 2.145456075118548980e-02 2.068247739616929301e-02 2.261547002146381893e-02
2.008228655256104334e-02 2.112378997473743705e-02 1.691626843231914742e-02 1.312443882969812833e-02 1.612996060301650006e-02 1.702457892579918239e-02 1.495025923988634042e-02 1.316023427954991602e-02 1.737443471514251228e-02 1.674899333760109660e-02 1.972594862847348168e-02 2.349020603158257642e-02
1.919665144653675062e-02 2.493026344647412962e-02 2.429786121880936345e-02 1.893718888138119089e-02 1.366156845606417841e-02 1.555751179493043701e-02 1.345203885163758634e-02 1.320409140978480445e-02 1.569823451280397825e-02 1.820972248870864063e-02 1.831929737524467042e-02 1.534903135177432230e-02
1.331570591894671793e-02 1.841103208699992888e-02 2.378333767760625050e-02 1.776384052198284533e-02 1.492435993161748443e-02 1.602418035394082355e-02 1.737334448637062323e-02 1.711292761498039994e-02 1.953968756717689229e-02 2.075494949825705537e-02 1.682018576033229504e-02 1.400124672571894172e-02
1.508280868454793706e-02 1.561958849521863542e-02 2.309564345682666928e-02 2.488831919308186896e-02 1.698487422772922834e-02 1.055276719678900632e-02 1.498194992622017829e-02 1.424899004568303332e-02 1.762213616476659278e-02 2.492701765863584301e-02 1.753756075711684209e-02 1.581260064961060793e-02
1.829412468559379890e-02 2.097144319902677356e-02 1.697473080021371164e-02 1.659223777363584215e-02 1.384252742163042532e-02 1.170936005080409209e-02 1.436443183995077602e-02 1.548773757753687738e-02 1.502484934546430284e-02 2.455746192012225187e-02 1.973714209811440815e-02 2.299785861798998160e-02
1.135281085131362167e-02 2.100877307406497085e-02 2.704227256240161054e-02 1.746548767497239918e-02 1.719648818886507918e-02 1.529885011000927178e-02 1.743915157524873055e-02 1.949428293640981941e-02 1.735018305916870979e-02 1.718113710748742778e-02 1.787566609144678603e-02 1.207541811338490659e-02
2.097407172317668211e-02 1.894470203079224799e-02 1.889693240985839892e-02 1.554395571588373937e-02 1.428193886685435662e-02 1.397535905809670076e-02 1.524136273632357118e-02 1.678052980704864208e-02 1.813980419241448261e-02 1.418081988446528822e-02 1.894476545482873600e-02 2.395290955649966372e-02
2.415532038102207943e-02 2.004136684825565465e-02 1.486617391400918767e-02 1.745592600188969334e-02 2.456041849043604300e-02 2.008590573213726166e-02 1.360590932073193343e-02 1.348304332663367508e-02 1.744938846601739452e-02 1.690153954557718427e-02 1.277316699056127436e-02 1.535900423995983921e-02
2.386802414529076363e-02 3.706262609472513875e-02 2.252596509596971330e-02 1.314061280658027075e-02 1.336967150767537534e-02 1.295528407366169400e-02 1.549970682790683014e-02 1.702325638535504698e-02 1.677267679119117186e-02 1.409111586356005287e-02 1.281880323691890304e-02 1.580085728191476385e-02
1.691814917417482425e-02 2.092674504174192596e-02 1.722687013808217593e-02 2.007642876267747012e-02 1.647944180758405958e-02 1.020599653220207251e-02 1.250971077450974134e-02 2.496208276663393344e-02 2.778566295870649877e-02 2.186294514747589776e-02 1.386935632407288593e-02 1.048235081821396325e-02
1.308904287371288715e-02 1.563056958665508950e-02 1.770774429034743455e-02 1.839935568687290496e-02 1.706597329115661782e-02 1.912187011748598883e-02 1.402053637181479608e-02 1.481412136227856259e-02 2.179928724439270799e-02 2.953962351346690884e-02 1.812720518309328052e-02 1.227681801412236137e-02
1.404755142210732492e-02 1.046972349464285468e-02 8.204305043107920289e-03 1.289945027145924031e-02 1.931725228840113981e-02 1.863423202353800545e-02 2.343573708707838085e-02 2.242112153477101438e-02 2.431157755265663661e-02 2.217078478733471719e-02 2.102682110424093989e-02 1.681435490062173355e-02
