1.797526345922130786e-01 2.207076556368496867e-01 1.778969888744777461e-01 1.473125327769593818e-01 1.357427799887874209e-01 1.365456543405317025e-01 1.753182836582942439e-01 1.948113583478687239e-01 1.867896641162560267e-01 1.717556461701514881e-01 1.310432185765088575e-01 1.423235829211013659e-01
1.977377339250643018e-01 1.716784745782837796e-01 1.574060320758124687e-01 1.741181275714984988e-01 1.444903407595833356e-01 1.664114192044177098e-01 1.851116974983165187e-01 1.767473732830069366e-01 1.703639680326999861e-01 1.394252858509817672e-01 1.444624796164135083e-01 1.720470676039230762e-01
1.762935028042139640e-01 1.767247392743855339e-01 1.913756156124106766e-01 1.748596644823203483e-01 1.763453542281267772e-01 1.585863412437140685e-01 1.518246057888862632e-01 1.685434276433099288e-01 1.692908553582048725e-01 1.597179034164955547e-01 1.460705415585177858e-01 1.503674485894137547e-01
1.442865603827787613e-01 1.615440480048336014e-01 2.042551334135129515e-01 2.234544774884784923e-01 1.818126536199551058e-01 1.187732899167853740e-01 1.486065741818162755e-01 1.787140643983203825e-01 1.719985188460577130e-01 1.694706004503987451e-01 1.538456011354003283e-01 1.432384781616631853e-01
1.874927965793086737e-01 1.735716665840043860e-01 1.497735207335854635e-01 1.721335739787175911e-01 1.680126440717308323e-01 1.736748922408273832e-01 1.571473583774239680e-01 1.491453295591075590e-01 1.596720212963366192e-01 1.478566125482488891e-01 1.745136475218734551e-01 1.870059365088343195e-01
1.641667512467177015e-01 1.592852092724218738e-01 1.864850675172383676e-01 2.291006178732616361e-01 1.932481009935772542e-01 1.596145826479766217e-01 1.450864289049834666e-01 1.388766888825355150e-01 1.190803657695398560e-01 1.493665750404913062e-01 1.820102854357797673e-01 1.736793264154750938e-01
1.690328308741464447e-01 1.565599925363055922e-01 1.563278406886348393e-01 1.662091649882624922e-01 1.767468608749334646e-01 1.485551323952128966e-01 1.481990131009163492e-01 1.681355432073938783e-01 1.773566920337791286e-01 1.644845104538933955e-01 1.765824983284610128e-01 1.918099205180591738e-01
1.487197207196477300e-01 1.576340105028670169e-01 1.527366954000453081e-01 2.244041011010901587e-01 1.726115837707059564e-01 1.829159448246640562e-01 1.849668741621054158e-01 1.548488636549159025e-01 1.335939244760120659e-01 1.789427867439508935e-01 1.598954323586888049e-01 1.487300622853055254e-01
1.811846660970519995e-01 1.846741715606374235e-01 1.681303646067249247e-01 1.419437377754574903e-01 1.719779707652049627e-01 1.778789342904094073e-01 1.685879235788501074e-01 1.507696984658524475e-01 1.336214733956496703e-01 1.393753149539276315e-01 1.791534612291234008e-01 2.027022832811105346e-01
1.550010942138001779e-01 1.910804294672171499e-01 1.931032496447649960e-01 1.832193685163381325e-01 1.872692642377081773e-01 1.739088784447318792e-01 1.529243248365305119e-01 1.513998330125272129e-01 1.597435119974147666e-01 1.702058724327552841e-01 1.424458253351983672e-01 1.396983478610137053e-01
2.069420156442503544e-01 1.768596701101984858e-01 1.530909331701426068e-01 1.610587202453113154e-01 1.475411875435465037e-01 1.480659519191673823e-01 1.296308458911402950e-01 1.634434049750473350e-01 1.823146866502016461e-01 1.717356023594716619e-01 1.769125339226869653e-01 1.824044475688347267e-01
1.689996394676701597e-01 1.756522755711522055e-01 1.481467636894737150e-01 1.535793427144985235e-01 1.612617631718790412e-01 1.821871646271414069e-01 1.558932923228078804e-01 1.894027702536801860e-01 1.720180293667546712e-01 1.667865911734768003e-01 1.798794693942068756e-01 1.461928982472580629e-01
1.897050450789992126e-01 1.852762571298005589e-01 1.630090358257310634e-01 1.489781773393285824e-01 1.596851270077817853e-01 1.861690151519435343e-01 1.787047688105668497e-01 1.693916485041959963e-01 1.468219596982991981e-01 1.413087010449767811e-01 1.597769464817824225e-01 1.711733179265936822e-01
1.577732180011484631e-01 1.620901284795912278e-01 1.560698376763847706e-01 1.447754242610513331e-01 1.588800371560873392e-01 1.684004706637641791e-01 1.835154854810110980e-01 1.777546672147645723e-01 1.632735639103916891e-01 1.576717790862433022e-01 1.905973871573424516e-01 1.791980009122195461e-01
1.601936636509356526e-01 1.500856252720954020e-01 1.615554771795703615e-01 1.736830649573687935e-01 1.585801429004141394e-01 1.588080161509586308e-01 1.592885222887846786e-01 1.728854155172740992e-01 1.650391462887438598e-01 1.716603509060936061e-01 1.808651166534226418e-01 1.873554582343379959e-01
1.879219821612873043e-01 1.925295619558765048e-01 1.497655698019055848e-01 1.529961691746739016e-01 1.389885957597760680e-01 1.845174890021681335e-01 1.683344357058914331e-01 1.504143193142267187e-01 1.815918913293481374e-01 1.818889830649945138e-01 1.553555744468226307e-01 1.556954282830304570e-01
1.817618668861165909e-01 1.824898088639672067e-01 1.581333882890418874e-01 1.262902713703749069e-01 1.394197382357743320e-01 1.721762299330933110e-01 1.950509743045796274e-01 1.757730624346714454e-01 1.375080105226336169e-01 1.445628606425388152e-01 1.921910562342848405e-01 1.946427322829252238e-01
1.525662345162746014e-01 1.499237727341830306e-01 1.928211764373425063e-01 1.693909062400230092e-01 1.416600665026350736e-01 1.489334243189098239e-01 1.925938431724862343e-01 1.897117024940411512e-01 1.703965307784607031e-01 1.730943358527161635e-01 1.584613140012162691e-01 1.604466929517129881e-01
1.669509003849294904e-01 1.969369343229505076e-01 1.727309585523349178e-01 1.476833781397050016e-01 1.747151108891529803e-01 1.686531843332413905e-01 1.862837504514095466e-01 1.760531156727788704e-01 1.424538007199525891e-01 1.372356360536542974e-01 1.481466323779554450e-01 1.821565981019330205e-01
1.551695537343874554e-01 1.493980911471997630e-01 1.410839762522485830e-01 1.543390577383740858e-01 2.087661821323574252e-01 1.852742703302681648e-01 1.623567429583652744e-01 1.548754213413003622e-01 1.733733408222319639e-01 1.818581024348781550e-01 1.724746738705419669e-01 1.610305872378498260e-01
1.410733928332711939e-01 1.685550962666582664e-01 1.708807975331282925e-01 1.761344048436203069e-01 1.471037391074629386e-01 1.685988479538032825e-01 1.574274484165851806e-01 1.503327582370606041e-01 1.896031978822081687e-01 1.974143468991321482e-01 1.678790104544882755e-01 1.649969595725815363e-01
1.249935489654393633e-01 1.642934619125347717e-01 1.860779396813931064e-01 1.856071119869459884e-01 1.713614521088583365e-01 1.864725155147746727e-01 1.563076138640166757e-01 1.588699330082541661e-01 1.950243652883456580e-01 1.825180092356489814e-01 1.619212719803555522e-01 1.265527764534329636e-01
1.812167465229510832e-01 1.731604439244307514e-01 1.689907819384165732e-01 1.488831761728384717e-01 1.604472508262192454e-01 1.947976487931847855e-01 1.655223369911483222e-01 1.501388996197820791e-01 1.514312725859609521e-01 1.460674262571362292e-01 1.609671812771809041e-01 1.983768350907491040e-01
1.635543126385250179e-01 1.483672900210215029e-01 1.517505423944522647e-01 1.674418538135692414e-01 1.816885003295444223e-01 1.886236007079837018e-01 1.900362650272097442e-01 1.588211643256334515e-01 1.568877345119628064e-01 1.693467687438301728e-01 1.540320737956155650e-01 1.694498936906535247e-01
1.830606128775099650e-01 1.812076863160507201e-01 1.747299529708644106e-01 1.593545730688261108e-01 1.663551814913423743e-01 1.507361552510231850e-01 1.430166657397252683e-01 1.285979142081818960e-01 1.501878246659630878e-01 1.791432292968772044e-01 2.090948798901769989e-01 1.745153242234581681e-01
1.538285870149126155e-01 1.784378081763142165e-01 1.811493335422282303e-01 1.712053474802685271e-01 1.678241067150909593e-01 1.648620213274398782e-01 1.890223834657466795e-01 1.902941868365329858e-01 1.856026764277491914e-01 1.530204571771306699e-01 1.321753263798526590e-01 1.325777654567330544e-01
1.660644930700072852e-01 1.537595065573648667e-01 1.478673672714490017e-01 1.642904865189455110e-01 1.798171182220839326e-01 1.650929089496105395e-01 1.666855055416449072e-01 1.724162585841232942e-01 1.571708339852126435e-01 1.675718243294420373e-01 1.860196989221010178e-01 1.732439980480127706e-01
1.586047995437304958e-01 1.436435410977238147e-01 1.494551315986555884e-01 1.635050554903876852e-01 1.675427350010128547e-01 1.751610316463892980e-01 1.743253699682741353e-01 1.776346759922247109e-01 1.551059499444146228e-01 1.702279422699328748e-01 1.624781853574714385e-01 2.023155820897815094e-01
1.722910122820915102e-01 1.665953014015926215e-01 1.550220443562418948e-01 1.567153354362064988e-01 1.706768570445073296e-01 1.558022978521203528e-01 1.520981813919076164e-01 1.635687346357741490e-01 1.652575139608425947e-01 1.967973003357847417e-01 1.831979922606497557e-01 1.619774290422806295e-01
1.597318361216059635e-01 1.490392909691607704e-01 1.615821463206130459e-01 1.634068944879932261e-01 1.854249551137244767e-01 1.943503336394110104e-01 1.763476598276535467e-01 1.407988922075482652e-01 1.514036937369463987e-01 1.553539650245305825e-01 1.862893372258328795e-01 1.762709953249806394e-01
1.466359621797126978e-01 1.607064278308947824e-01 1.746333045655727445e-01 1.952921118900152464e-01 1.316719689416699091e-01 1.498158579967515114e-01 1.859583185679310469e-01 1.803278236646542465e-01 1.819363706378387679e-01 1.655825633432493060e-01 1.733708500324419033e-01 1.540684403492680321e-01
1.641598952259828992e-01 1.743899051599774874e-01 1.612548102346042789e-01 1.678788960219035897e-01 1.776035193531024792e-01 1.714807550037341644e-01 1.692867965965507704e-01 1.710819426920059949e-01 1.695293054677282640e-01 1.670172695747743630e-01 1.487104640227463748e-01 1.576064406468883350e-01
1.474760377222154306e-01 1.472666254026902821e-01 1.665426869929538256e-01 1.675431881115110044e-01 1.814399919280509366e-01 1.786865673652302811e-01 1.514886910103530049e-01 1.565208001355523071e-01 1.762523155022188703e-01 1.921839989922503877e-01 1.746460590251147083e-01 1.599530378118582397e-01
1.660821476878612535e-01 1.615267021405101810e-01 1.663476191115710878e-01 1.842473813406333427e-01 1.452340748230414036e-01 1.556659087309946732e-01 1.871060480407277238e-01 1.476053596454690309e-01 1.493128893630352449e-01 1.774059462272149501e-01 1.880405469376858485e-01 1.714253759512550657e-01
1.798479046507311663e-01 1.576529208738684240e-01 1.530262496495564672e-01 1.952644867097129422e-01 1.738391928508794815e-01 1.364576017808502573e-01 1.268204500426294290e-01 1.516967490219449655e-01 1.739366691565246703e-01 1.694536962365253419e-01 1.899234418686358006e-01 1.920806371581415539e-01
1.429728262659026028e-01 1.510819044477732798e-01 1.589189705667950481e-01 1.846881555638076322e-01 1.811381848493828217e-01 1.795358191526132685e-01 1.782190809198936354e-01 1.592226295162325611e-01 1.644756376690635347e-01 1.785507463314414678e-01 1.584626386657870811e-01 1.627334060513072889e-01
2.048665935003328997e-01 1.866651117821663819e-01 1.631651400919743033e-01 1.559241549785897185e-01 1.575999937602127754e-01 1.521248410417561092e-01 1.712262153383425911e-01 2.060747635362247809e-01 1.784306802199626674e-01 1.120006241835086319e-01 1.243763640297970430e-01 1.875455175371331662e-01
1.441252042539388212e-01 1.800982289347583809e-01 1.961419538823037656e-01 1.937791062992075264e-01 1.702714367836009046e-01 1.389345051122932717e-01 1.319130781993386736e-01 1.394198566688902297e-01 1.609304258218993144e-01 1.763676355715425581e-01 1.873039873009237910e-01 1.807145811713039563e-01
1.302593104030433102e-01 1.723035060464067347e-01 1.966006911593039530e-01 1.610153638327616599e-01 1.683541160008473203e-01 1.545712537961433652e-01 1.620383540258198418e-01 1.917098086360040643e-01 1.751314462030771624e-01 1.659027791783934946e-01 1.769841427830854408e-01 1.451292279351144576e-01
1.667402867410515688e-01 1.583119842597182636e-01 1.443574699383356474e-01 1.588686124037951286e-01 1.865764498255144399e-01 1.862603876674374659e-01 1.582223916164507416e-01 1.648990811733547779e-01 1.684458343981211359e-01 1.739165283273058360e-01 1.629519960362842135e-01 1.704489776126296985e-01
1.924753913389380122e-01 1.753165591107784249e-01 1.541657366794286499e-01 1.341116007526397813e-01 1.763328690147152877e-01 1.685379661734240919e-01 1.891544494104579477e-01 1.778145233180592200e-01 1.586381741550674240e-01 1.555206685564630154e-01 1.481515183047792394e-01 1.697805431852483782e-01
1.588393265597482784e-01 1.759533545494407214e-01 2.317162460199864993e-01 1.936622368527050053e-01 1.520367978737682535e-01 1.350962435486714464e-01 1.390399137253320871e-01 1.479503057603786531e-01 1.594726332070922348e-01 1.461755112466193718e-01 1.964098843968199726e-01 1.636475462594384478e-01
1.900715369055593906e-01 1.580882937523819809e-01 1.429617781096161333e-01 1.657253585331482371e-01 1.884322042071543413e-01 1.928777273085256483e-01 1.832311163410887123e-01 1.836488583292665844e-01 1.372471214097512604e-01 1.435529817693987908e-01 1.394149217951170250e-01 1.747481015389912851e-01
1.496756650738720884e-01 1.577397226788866680e-01 1.674964396655306276e-01 1.725250961667165461e-01 1.466620505243690920e-01 1.596739607673024197e-01 1.540476603079871387e-01 1.534056383552283020e-01 1.699926902733994716e-01 1.922223038849107946e-01 2.069349293942413515e-01 1.696238429075579979e-01
1.980393358274757654e-01 1.769871401932126553e-01 1.519245308008590201e-01 1.479657047280311666e-01 1.661017981216253991e-01 1.738112331698119795e-01 1.611286213528176359e-01 1.535916362102652810e-01 1.472521563471405615e-01 1.728504209491847909e-01 1.643636749406069131e-01 1.859837473589665002e-01
1.595783206508213370e-01 1.913865514708576465e-01 1.995142422628723988e-01 1.625856873997569285e-01 1.478796772829747419e-01 1.570351500711729686e-01 1.816397613032700864e-01 1.656814495377658958e-01 1.495301555660573378e-01 1.585185076446225805e-01 1.652293780792599143e-01 1.614211187305679696e-01
1.451192692557659314e-01 1.277616178642513312e-01 1.373161983565044375e-01 1.746054466303711417e-01 1.988685111990780019e-01 1.651935025498092180e-01 1.821317904068385507e-01 1.740032319447618880e-01 1.795197025042939154e-01 1.554909041010603399e-01 1.836624723832795403e-01 1.763273528039856208e-01
1.444818740811606717e-01 1.631974310134776118e-01 2.107765617943737069e-01 2.105043622817863169e-01 1.586018792759870677e-01 1.350963564840313436e-01 1.446779359298271117e-01 1.631767229824662158e-01 1.854115278424073032e-01 1.581007204603540606e-01 1.793976049718682131e-01 1.465770228822620425e-01
1.878521747306644285e-01 1.833596863944098876e-01 1.743805021772061314e-01 1.782990720423749953e-01 1.637630464199921199e-01 1.461891285377699412e-01 1.501231647218427279e-01 1.605747243044801653e-01 1.664193751623569972e-01 1.532209221110863162e-01 1.437154010099322421e-01 1.921028023878837698e-01
1.528707317478051886e-01 1.526699747659054918e-01 1.536699492472561879e-01 2.026802279167422838e-01 1.713944689443916980e-01 1.668980679788182042e-01 1.842695419170424787e-01 1.648408265234326542e-01 1.630194594843897282e-01 1.571471248802923104e-01 1.575238242175980297e-01 1.730158023763233022e-01
1.910750641248329385e-01 1.556123656998188720e-01 1.218877914895679093e-01 1.412274986154544165e-01 1.735676511046611858e-01 1.562117258153069288e-01 1.737025106486207449e-01 1.788929975653263393e-01 1.680024107794311494e-01 1.589018499416461339e-01 1.697168344129580397e-01 2.112012998023753418e-01
1.620285095843692902e-01 1.554447942559312457e-01 1.686316371929382774e-01 1.569870710970394379e-01 1.708102365180351467e-01 1.827126835215366896e-01 1.583196922267919304e-01 1.795251010562356753e-01 1.784362293550019185e-01 1.640000657247183968e-01 1.614991699626192323e-01 1.616048095047834532e-01
1.294035018836087181e-01 1.545953264074534372e-01 1.834578344932405458e-01 1.778165650502435413e-01 1.767423055323316672e-01 1.792000703757587743e-01 1.701139921513737108e-01 1.560960495658254565e-01 1.476856417969994451e-01 1.946339514447016361e-01 1.867469598297996913e-01 1.435078014686623493e-01
1.390381785506449308e-01 1.339430572638219130e-01 1.363906659641040131e-01 1.414856016439213771e-01 1.531552864120851454e-01 1.758710712587429892e-01 1.830853874794104996e-01 1.976261853757119158e-01 1.916785538039148529e-01 1.822016543322150794e-01 1.871557383197226532e-01 1.783686195957037701e-01
1.847103562380271735e-01 1.598664621381332140e-01 1.700772075553475260e-01 1.425644350151801798e-01 1.514353713159225789e-01 1.330869362810583045e-01 1.602564814070706334e-01 2.245176275415123879e-01 1.974569978349140498e-01 1.758201971157685450e-01 1.424021810084907247e-01 1.578057465485751820e-01
1.634981460460472880e-01 1.573912285545728262e-01 1.661875600428025512e-01 1.632685985992458622e-01 1.816335079534298069e-01 1.694089992444667292e-01 1.438412309417990420e-01 1.679020550235567344e-01 1.884032522579368873e-01 1.564698543301819567e-01 1.593069809641985413e-01 1.826885860417621910e-01
1.692369587151786037e-01 1.751456668065826394e-01 2.012957827838978420e-01 1.787187288524341722e-01 2.020254558319765636e-01 1.720695051435369161e-01 1.576405812274309093e-01 1.454102147229771880e-01 1.469593384206441256e-01 1.414388149246866289e-01 1.523759314154731204e-01 1.576830211551813465e-01
1.612961776887423260e-01 1.519511594938467991e-01 1.417872613152372785e-01 1.522946293567790377e-01 1.681207495522721862e-01 1.811274015482828847e-01 1.963537155926105560e-01 1.640765479409311833e-01 1.525421500292576393e-01 1.946644358410740128e-01 1.653793605963567726e-01 1.704064110446089353e-01
1.781928436769224244e-01 1.444651919268822027e-01 1.018605010857827342e-01 1.193262451665164231e-01 1.620863996959361897e-01 1.953462533577920712e-01 2.406784376472087261e-01 1.780223706462849276e-01 1.488592929570264067e-01 1.900075476798517293e-01 1.710194297676231323e-01 1.701354863921725469e-01
1.575674782477783920e-01 1.792698456743424817e-01 1.390421709488903756e-01 1.514741550296247741e-01 1.620548410870269462e-01 1.714609829481621994e-01 1.590261917486073540e-01 1.393307789835912525e-01 1.630173880023735311e-01 1.959714131460389697e-01 1.875962518850811112e-01 1.941885022984824738e-01
1.528104887181603311e-01 1.548374632873229517e-01 1.895517068868519395e-01 1.801701320724691247e-01 1.520747915182821264e-01 1.389725142046516482e-01 1.503615305839384464e-01 1.931219961325675305e-01 1.999829655946729901e-01 1.652637109112897740e-01 1.511275500335442223e-01 1.717251500562486100e-01
1.870105973853769532e-01 1.923270502873347665e-01 1.769530300492714314e-01 1.731888250050681588e-01 1.577807543880113406e-01 1.496878612437480272e-01 1.441415093426610117e-01 1.579979488116507458e-01 1.648967948092869840e-01 1.579174167059465561e-01 1.675463798573588459e-01 1.705518321142869831e-01
1.540437170863792615e-01 1.800935328938862434e-01 1.479995613276226252e-01 1.483557884223236090e-01 1.806095067627997708e-01 1.626789915450921886e-01 1.709519578604281609e-01 1.795866126421232778e-01 1.868079165223194282e-01 1.970061320341894850e-01 1.535898965258274129e-01 1.382763863770110624e-01
1.557114908703913780e-01 1.647232735885217347e-01 1.683463779426400131e-01 1.533463740868946101e-01 1.485319096429285335e-01 1.645531708947552685e-01 1.550907720383445931e-01 1.696115441698732851e-01 1.645097847585055284e-01 1.827385731051878737e-01 1.996326780858630467e-01 1.732040508160922476e-01
1.660050949931649589e-01 1.608037831596025868e-01 1.487051788582289258e-01 1.584494702181366288e-01 1.709975647430581336e-01 1.948133789956139894e-01 1.723730427917268826e-01 1.855814033680228403e-01 1.498772609352370944e-01 1.369408002930788126e-01 1.616044785657300698e-01 1.938485430783992158e-01
1.407286803085635030e-01 1.565128133674046906e-01 1.394038328564968787e-01 1.508600589315535478e-01 1.673953381834269727e-01 1.712318985990647358e-01 1.680568867274409572e-01 1.611396046754982048e-01 1.739623786136176020e-01 2.062971644052519760e-01 2.150918474073753028e-01 1.493194959243039355e-01
1.404244855500261513e-01 1.470799106166753578e-01 1.675341986532402072e-01 2.253484620951343165e-01 1.974530706068496344e-01 1.639652292796478505e-01 1.726312685306784500e-01 1.633328137412423664e-01 1.411578385218268394e-01 1.550911992643392856e-01 1.682448251035841280e-01 1.577366980367545246e-01
1.743507981659798145e-01 1.681854340862806718e-01 1.753104128562737729e-01 1.874713117564799358e-01 1.773256496980841201e-01 1.529325855367916209e-01 1.520183546130765007e-01 1.318575635199871754e-01 1.227516763334764865e-01 1.529818587342271774e-01 2.130394712305030969e-01 1.917748834688419168e-01
1.513723480882451233e-01 1.515683680154418234e-01 1.767267759612286271e-01 1.432789111488028677e-01 1.718346146236016114e-01 1.548883676937942155e-01 1.628716020260594921e-01 1.670662044854414607e-01 1.820198412466180748e-01 1.932261361611305461e-01 1.856769446639667531e-01 1.594698858856709311e-01
1.828707773217571053e-01 1.767006478098088473e-01 1.775834088461860638e-01 1.490880520483237048e-01 1.503327175388778636e-01 1.296738303409416537e-01 1.622453581606904671e-01 2.107434116157504422e-01 1.824014136980702250e-01 1.611005813432178635e-01 1.518991278161527791e-01 1.653606734602239003e-01
1.380754682760103880e-01 1.565587331406429750e-01 1.603700778805670912e-01 1.777000889382468474e-01 1.826513998362203628e-01 1.791381995392735960e-01 1.789085806131316403e-01 1.777002782137425962e-01 1.765165295588276839e-01 1.841730896141536844e-01 1.540121886981412891e-01 1.341953656910428450e-01
1.407860428644756023e-01 1.666765038975370206e-01 1.968760423760830269e-01 1.624404713295417857e-01 1.477816369845957600e-01 1.453648991004729274e-01 1.640727790971741873e-01 1.642055100322322714e-01 1.622837815018123298e-01 1.915495934862175842e-01 1.898853463059095303e-01 1.680773930239469194e-01
1.644998463698970625e-01 1.614588513748471121e-01 1.560608346048325545e-01 1.738016927316572424e-01 1.794464725830058338e-01 1.687232885154456019e-01 1.667407139695873397e-01 1.695292162883936526e-01 1.640907150725260388e-01 1.808078385217984363e-01 1.614098301124606560e-01 1.534306998555484691e-01
1.637727925183869448e-01 1.485830826446643549e-01 1.376529829849077458e-01 1.245003873474906098e-01 1.551107702289154511e-01 2.012100452550388552e-01 1.899400463548915896e-01 1.759168877403425313e-01 1.538396079369165337e-01 1.773967069341801095e-01 1.994532429302445509e-01 1.726234471240209456e-01
1.834744856598941043e-01 1.736053432080641445e-01 1.596468026446941912e-01 1.483761858862268079e-01 1.589225107514372626e-01 1.635353531615000855e-01 1.457205007182195700e-01 1.536031499673259360e-01 1.611239702266047402e-01 1.839455096499440501e-01 1.923479144095546212e-01 1.756982737165336539e-01
1.294271658837981565e-01 1.434029417756484404e-01 1.862582248885049641e-01 2.059044752830661851e-01 1.725919813862359931e-01 1.726155700293235951e-01 1.913520458283405334e-01 1.815401808490676172e-01 1.732040619622634003e-01 1.564282451272634156e-01 1.518471292780775306e-01 1.354279777084110015e-01
1.652569865358898549e-01 1.603554359328946410e-01 1.893305041550009671e-01 1.796196908733607989e-01 1.474763686496214088e-01 1.403187650080044147e-01 1.698741869691285100e-01 1.858466139960655850e-01 1.569506556425794841e-01 1.710558459989943714e-01 1.703749746290749434e-01 1.635399716093888234e-01
1.458998269668851933e-01 1.663923966165920809e-01 1.650788756720581729e-01 1.788095496550016206e-01 1.916861696780622626e-01 1.676403115347280814e-01 1.680235840625788069e-01 1.751636326388563147e-01 1.755669516912353179e-01 1.485267819018007140e-01 1.606041972164537479e-01 1.566077223657506567e-01
1.662851112030316048e-01 1.680009185877544831e-01 1.749186959816362574e-01 1.503626667843180331e-01 1.429559709076290708e-01 1.574233527020478529e-01 1.635419673898820814e-01 2.014802496862346248e-01 1.582894954124376974e-01 1.646688803350061792e-01 1.752753922291833133e-01 1.767972987808401897e-01
1.808807102782251652e-01 1.677066804086578822e-01 1.562969530666513118e-01 1.664139158091225146e-01 1.606415470332507311e-01 1.681497896240941314e-01 1.838695283647484580e-01 1.648297777462228997e-01 1.472714655176988741e-01 1.522832287414407348e-01 1.837194017109070598e-01 1.679370016989809866e-01
1.735162577729463806e-01 1.801990543764476205e-01 1.761226862316739861e-01 1.579424123180517281e-01 1.816999382179273204e-01 1.792471396988135623e-01 1.483538702404496035e-01 1.713177339883856509e-01 1.646619618380717187e-01 1.545829530939444862e-01 1.591449110963536473e-01 1.532110811269345452e-01
1.723032060312169600e-01 1.524211617098348848e-01 1.538416275805101763e-01 1.594508402043046114e-01 1.751751811254099733e-01 1.812163131294553531e-01 1.691976625957659630e-01 1.621916969763002314e-01 1.535488264904661393e-01 1.562860322058748641e-01 1.784934000389145903e-01 1.858740519119471690e-01
1.664164634764422335e-01 1.648352319460108517e-01 1.763416995810344612e-01 1.706060574531078622e-01 1.565502324266699330e-01 1.455096556974153910e-01 1.440720839787503205e-01 1.391824310722445390e-01 1.601834500165895125e-01 2.098399372886834424e-01 1.948175765578428198e-01 1.716451805052092716e-01
1.321329361877130459e-01 1.707193437472137587e-01 2.002638339387565192e-01 1.816320570903863785e-01 1.643213491288672556e-01 1.607722050077453613e-01 1.514070969503074904e-01 1.671582727526575440e-01 1.754564641574569983e-01 1.911131588817706617e-01 1.706449937519030069e-01 1.343782884052219795e-01
1.603055028359169076e-01 1.840109436498909012e-01 1.937245150835269769e-01 1.569698589196211469e-01 1.653621878687530078e-01 1.596361936757480782e-01 1.660338443121540664e-01 1.470792424294415923e-01 1.538445085751452834e-01 1.740655531313497484e-01 1.695247842788294435e-01 1.694428652396224311e-01
1.719492698419772814e-01 1.748862227749592990e-01 1.649577298537764913e-01 1.503409253899071762e-01 1.284157893913252801e-01 1.657870553573892736e-01 1.898779557244381078e-01 2.104588954341202744e-01 1.768768467477007944e-01 1.516621159022573662e-01 1.597138610212624488e-01 1.550733325608864843e-01
1.515497433180824638e-01 1.521502100648596811e-01 1.591698270192329345e-01 1.590366393121777078e-01 1.485380640722171464e-01 1.552899226378124942e-01 1.491593823152758680e-01 1.560094595706729981e-01 1.710955209110293640e-01 2.010911145301073899e-01 2.084243584658744541e-01 1.884857577826570818e-01
1.431903675695664901e-01 1.556896115374694078e-01 1.593671738317888054e-01 1.618356168945955798e-01 1.871730697271604682e-01 1.973430068491607015e-01 1.539308376298435255e-01 1.315159491655882862e-01 1.579811942876642727e-01 1.844799420577339366e-01 1.765160231626280996e-01 1.909772072868022585e-01
1.745900632661988028e-01 1.830918823246712179e-01 1.656573156967412197e-01 1.450651292337385434e-01 1.629559878926546967e-01 1.672055110454237492e-01 1.560485680157503441e-01 1.458288560422971170e-01 1.701334739916546823e-01 1.627156360733633955e-01 1.752620683759348041e-01 1.914455080415700117e-01
1.736151959046358939e-01 1.950893991233240976e-01 1.924405610066673711e-01 1.729673640853670868e-01 1.479589862542859402e-01 1.624164705164466982e-01 1.498079262391913968e-01 1.471695398263394572e-01 1.596159257625834327e-01 1.710113183353967337e-01 1.719863875488131799e-01 1.559209253969514042e-01
1.470546276678567632e-01 1.706811096335731914e-01 1.936800576810075170e-01 1.666168024478445475e-01 1.549131773740712037e-01 1.621728640362751772e-01 1.679985924278805665e-01 1.641955115468298754e-01 1.748776568376932405e-01 1.810041528905851071e-01 1.643924572843973864e-01 1.524129901719865621e-01
1.583600710338876061e-01 1.569167520903232416e-01 1.886272937125926530e-01 1.963413838074938855e-01 1.649538791784919134e-01 1.309773023002386849e-01 1.621254146393266427e-01 1.520777246691227824e-01 1.653710536610646931e-01 1.988544413363816377e-01 1.648189668463305446e-01 1.605757167247436057e-01
1.679137969132407648e-01 1.828129076582550028e-01 1.633754077631551782e-01 1.649365417692955360e-01 1.518258768542653514e-01 1.390876219623201904e-01 1.561493509838814686e-01 1.600810719127418735e-01 1.527969008971379050e-01 1.981744692869551461e-01 1.726345050396583258e-01 1.902115489590950059e-01
1.350688459505313688e-01 1.828741684289398872e-01 2.048280148155139369e-01 1.629442841371928630e-01 1.678127267591731919e-01 1.571786318256080950e-01 1.671695698885864723e-01 1.768735908073987562e-01 1.647783638580860854e-01 1.649257147909023447e-01 1.735478101993921385e-01 1.419982785386727508e-01
1.791850457609292513e-01 1.718299383808665204e-01 1.744097583572658539e-01 1.584825376131023811e-01 1.536308072790284196e-01 1.519802326585413810e-01 1.573660017774573816e-01 1.643769516541749576e-01 1.727221335389642065e-01 1.495639815642840209e-01 1.730983267238909717e-01 1.933542846914949875e-01
1.963727750446477016e-01 1.774981777191361743e-01 1.532256663475149439e-01 1.656888203717345187e-01 1.963772923692600758e-01 1.779640798197127949e-01 1.478763756678811436e-01 1.482930205127424017e-01 1.700039913336984232e-01 1.674350035817243620e-01 1.433230540250911011e-01 1.559417432068585241e-01
1.883987020072557528e-01 2.341942642070659331e-01 1.845837878503308882e-01 1.454268157057744260e-01 1.518840149466699485e-01 1.471180250038106596e-01 1.589738860993034075e-01 1.651964437107981964e-01 1.651927336531033297e-01 1.529418926364805587e-01 1.464073894725247960e-01 1.596820447068811044e-01
1.681430614833714365e-01 1.833799640579817924e-01 1.614979338070011983e-01 1.797719467472669586e-01 1.670423264977397015e-01 1.300216535203438939e-01 1.426292235681123066e-01 1.977744600566282429e-01 2.026079802737399682e-01 1.843787198653892567e-01 1.517384632681493817e-01 1.310142668542742805e-01
1.487781745685004264e-01 1.604857851496072074e-01 1.683943018379324696e-01 1.706261230378589289e-01 1.635795094271880190e-01 1.776787269788349111e-01 1.511135285168320741e-01 1.539079385722995352e-01 1.826816706187094907e-01 2.129384506151100753e-01 1.679166958627976991e-01 1.418990948143291631e-01
1.544831250682127677e-01 1.357456945912071944e-01 1.179685298055839493e-01 1.481602007662377041e-01 1.779558242255791511e-01 1.686520010311991224e-01 1.908072486771351384e-01 1.846066570085482250e-01 1.929339398537331940e-01 1.841179078871850727e-01 1.810358596335170378e-01 1.635330114518646627e-01
