-1.054344834917544027e+01
-1.826695520614222445e+01
-1.338699062127030359e+01
-1.474491665760381665e+01
-1.588636905991407389e+01
-1.689430622897717527e+01
-1.075534799760079174e+01
-1.575311497444847930e+01
-1.032669189703391233e+01
-1.528713125422267893e+01
-1.525163478204161116e+01
-1.873054810975566298e+01
-1.221886552653695368e+01
-1.317076393073567075e+01
-1.401980066396094671e+01
-1.848669376730741121e+01
-1.424727912853420797e+01
-1.376453419405723899e+01
-1.495636679329873608e+01
-1.444020761363291072e+01
-1.434205889834904646e+01
-1.898495875807637390e+01
-1.311608141937791316e+01
-2.093687933480170571e+01
-2.079234952981908080e+01
-1.090605906629046551e+01
-1.737318330978161285e+01
-1.419928077551820600e+01
-1.341654289687683210e+01
-1.846402549373564383e+01
-1.790320904058039275e+01
-1.325054953616788112e+01
-9.389632695593572720e+00
-1.644978117906716975e+01
-1.377701874750099797e+01
-1.465468166353025126e+01
-1.683908522939075425e+01
-1.000469601297326427e+01
-1.552162055295482901e+01
-1.365637140417841344e+01
-1.109373094712668362e+01
-1.901625142229847754e+01
-1.819959092807129508e+01
-1.439581774824062954e+01
-1.186479757291722947e+01
-9.866532705875087572e+00
-1.748979833637145376e+01
-1.330088936703384839e+01
-1.408078534057745479e+01
-1.750025727040605972e+01
-1.271344238259778336e+01
-1.123831681346354294e+01
-1.598345108750536525e+01
-9.846605533574152247e+00
-1.734358544914941547e+01
-1.825191705165233458e+01
-1.538121611481968287e+01
-1.347863393731774195e+01
-1.525563915001244730e+01
-1.923307638269515252e+01
-1.962536500999536671e+01
-1.327359640646440475e+01
-1.544450767555276194e+01
-2.202063377360913066e+01
-9.533262522204910994e+00
-1.652604250985051237e+01
-1.672255042757700139e+01
-1.724306218852925454e+01
-1.392095663479592815e+01
-1.517936871401758125e+01
-1.224354671971257957e+01
-1.640755987830739571e+01
-1.492285836423007161e+01
-1.500238570659221793e+01
-1.802487817081986066e+01
-1.266047392599709198e+01
-1.447891111496149996e+01
-7.812570139004114900e+00
-1.625646591794605555e+01
-1.693906500292913009e+01
-1.623766327083257721e+01
-1.241323710120629187e+01
-1.084535035859757812e+01
-1.461611669595908936e+01
-1.839615678865972725e+01
-1.592907548542463125e+01
-9.455575288658456756e+00
-1.942317657223764016e+01
-1.324622840267184287e+01
-1.499185923785964825e+01
-1.513709928654569303e+01
-1.497480821372089466e+01
-1.221949712447425540e+01
-2.203406275804393388e+01
-7.825309105373330354e+00
-1.396806039980957337e+01
-2.114089841993931529e+01
-2.220624225113769157e+01
-1.012850590486877600e+01
-1.311040516493933694e+01
