1.585431915916498236e+00
-7.702976994873701244e+00
-3.066650811000651622e+00
-2.735810135496695938e+00
-5.644158035869897283e+00
-5.367386846993157157e+00
2.722604654372143967e-02
-9.162175713587401571e-01
1.480145445715070451e+00
-4.918560476500701384e+00
-4.041197098320618686e+00
-7.208796713014394619e+00
-2.048403212714006827e+00
-2.955376538774753925e+00
-4.302246800375442604e+00
-6.979660216668135853e+00
-2.683119310646187472e+00
-2.323540471273915387e+00
-3.166239733298136017e+00
-3.823590750943570260e+00
-2.622687719219114033e+00
-8.028315157251624257e+00
-2.022137585318205311e+00
-1.211061318013949872e+01
-1.081001863170326871e+01
-8.971271271279268600e-02
-8.373304661582182007e+00
-2.531194262760663616e+00
-3.081573627754323308e+00
-9.044567359675754759e+00
-5.862878694732749807e+00
-3.670792900447692908e+00
1.320651873046845948e+00
-4.802680278862021090e+00
-2.182224255349438202e+00
-4.551765660417903980e+00
-4.487233070424419878e+00
1.881934973795100108e+00
-3.970950678526822042e+00
-3.796037153675551057e+00
8.328681866019076452e-01
-6.420618615702547771e+00
-7.392793055806288649e+00
-3.946384959304120699e+00
-1.126170554461870310e+00
1.251793464631971498e+00
-5.981034396879883808e+00
-9.408518511999136580e-01
-3.194709964200754371e+00
-6.719363880047873216e+00
-4.820849995868471960e-01
-4.955407255498459618e-01
-5.182639889007091938e+00
2.081815661296395614e+00
-4.469916919885990936e+00
-8.218609638119259486e+00
-4.158363261526674570e+00
-1.927570969467074180e+00
-7.227908749966672763e-01
-7.337771420950107704e+00
-9.456618531956465290e+00
-3.334474093704823616e+00
-3.696387133871041453e+00
-1.332612662851147434e+01
2.880759627553838076e+00
-4.940913384315400947e+00
-5.496291434654857255e+00
-6.108581248528071939e+00
-2.220521879517591834e+00
-3.952677411149375430e+00
-1.668430705214914322e+00
-5.878503576033441647e+00
-5.419003132841208270e+00
-3.827051394247194427e+00
-8.701164651549451179e+00
-1.309942541414656603e+00
-3.831977240192279144e+00
3.919220852031906954e+00
-5.231333471493405440e+00
-7.139602530105451095e+00
-5.973720125915644275e+00
-2.786876310158290959e+00
2.912838626641343076e-01
-4.272941211125327321e+00
-8.614660360515353332e+00
-5.339825168082454887e+00
1.937772313369909849e+00
-8.363089719589995141e+00
-2.517009913287889589e+00
-4.836603257838667957e+00
-5.636245524558055386e+00
-2.928283888921932920e+00
1.211055590740772070e+00
-1.212888748323408450e+01
3.513499762785840641e+00
-2.790196094261391924e+00
-1.141126086587725474e+01
-1.172743212250935940e+01
1.523698414906098586e+00
-9.851266923561572408e-01
