4.959690587458241984e-01 5.251782786549243909e-01 4.902764378036351678e-01 4.959591347530774019e-01 5.023730575041778224e-01 4.857475896574137142e-01 5.090780770020475465e-01 5.046330100398762619e-01 4.969614716288299761e-01 5.160545613849920610e-01 4.803866606896911029e-01 4.973826621356053912e-01
5.154005469889231250e-01 4.947431252785161604e-01 4.862757606098682683e-01 5.267272967733338529e-01 4.755219457210809741e-01 5.045464686362299833e-01 5.072464946618893133e-01 4.944778453112720351e-01 5.125669124463017035e-01 4.871203450661453216e-01 4.961731006663511745e-01 4.992001578401674688e-01
5.117041061680491776e-01 4.911879401869025941e-01 5.118877604528613290e-01 4.908728136750389326e-01 5.088536807725896338e-01 4.975346241559487903e-01 4.916780551639043928e-01 5.059035895699340868e-01 5.006244072168219983e-01 5.019044871842583966e-01 4.955247912546462130e-01 4.923237441991122343e-01
4.989642088512120655e-01 4.925395213328543909e-01 5.055121376054858562e-01 5.165634603756438237e-01 5.318182783578681017e-01 4.404116499725773681e-01 5.091230288955050920e-01 5.112110339969944128e-01 4.933699968989094797e-01 5.039273994456960892e-01 4.979644455166632455e-01 4.985948387506636270e-01
5.023398245408342566e-01 5.077940363857983419e-01 4.810610238834920338e-01 5.143583458727463142e-01 4.921903653383113419e-01 5.079608955693513117e-01 4.966736336780110950e-01 4.920391617228357939e-01 5.135862010351522899e-01 4.829294896305418305e-01 5.081582938172826136e-01 5.009087285256961231e-01
5.015886604159598416e-01 4.930117647303892681e-01 4.947566244204901209e-01 5.238963066847728278e-01 4.956008072363054517e-01 4.947454815703697384e-01 4.973606810276897106e-01 5.142299691736507139e-01 4.742511721404873981e-01 5.021141373414965692e-01 5.120543613370924785e-01 4.963900339213621615e-01
4.953454661592107122e-01 4.981954235049709245e-01 4.979368339793538434e-01 4.971197192839540424e-01 5.151240491753279471e-01 4.881427229493660036e-01 4.946255813783715372e-01 5.039483256677864675e-01 5.080391007314154495e-01 4.908001132566397473e-01 4.984841740437633839e-01 5.122384898698695288e-01
4.950278296982852932e-01 5.102690291376303922e-01 4.348224364314134394e-01 5.851771922616648691e-01 4.680926721221970732e-01 5.069361174157658301e-01 5.114504461221510700e-01 5.010846225527239017e-01 4.596107078728312034e-01 5.372463022518142450e-01 4.931649338506112201e-01 4.971177102829657524e-01
4.875745452625040444e-01 5.076677659844841539e-01 5.097467905438848312e-01 4.754939424645933110e-01 5.127018312677278367e-01 5.007697259443228965e-01 5.005626308021708937e-01 5.014683532381085662e-01 4.952189499759143132e-01 4.885949125994248909e-01 5.069147575327990207e-01 5.132857943841677706e-01
4.921718476846725920e-01 5.119210844978068220e-01 5.021425633512246467e-01 4.944868784311545751e-01 5.060458738647708454e-01 5.036550452483663509e-01 4.938429658496333863e-01 4.982902707427891986e-01 4.960549184024891645e-01 5.148684908983680586e-01 4.885968033321564374e-01 4.979232576966162727e-01
5.183008117525582659e-01 4.974293349719516311e-01 4.873620469813199629e-01 5.113732406669055930e-01 4.905009317061868046e-01 5.148465179429777550e-01 4.725683458034674045e-01 5.105574784712749725e-01 5.085997648730276044e-01 4.931790483805061909e-01 5.038084761634419317e-01 4.914740022864766411e-01
5.081259627123475564e-01 5.128447413838425062e-01 4.850649058894017096e-01 5.037597180430805066e-01 4.915708101645118733e-01 5.233920069730151337e-01 4.671539129235178778e-01 5.254395372008818788e-01 4.944104765601053386e-01 4.918581012635774297e-01 5.258115171000583565e-01 4.705683097857386588e-01
5.052576846752073747e-01 5.038948802120858383e-01 4.991429088384702339e-01 4.949566401136144544e-01 4.949832183469843883e-01 5.107975602767347301e-01 4.958454289194345055e-01 5.054664632104206579e-01 4.956802169713032669e-01 4.930729953926310527e-01 5.058815636926728976e-01 4.950204393505370781e-01
4.894059878870726243e-01 5.049352110547641326e-01 5.033668224101864874e-01 4.902295016939468009e-01 5.047019399160117548e-01 4.957369886879836596e-01 5.055673621572741583e-01 5.018399516837084295e-01 5.006520796896786196e-01 4.845430035556890780e-01 5.168101668723790176e-01 5.022109843913789007e-01
4.940205726515429774e-01 4.946072790080731640e-01 4.995310108025087792e-01 5.094988289438930895e-01 4.922091476033365609e-01 5.023536132365213902e-01 4.939222285344531116e-01 5.092775504106470397e-01 4.941954054840476673e-01 5.005658669932047111e-01 4.983921630648340262e-01 5.114263332669317652e-01
5.083980540538053372e-01 5.191808364905302620e-01 4.755340318896255081e-01 5.176807701930267180e-01 4.643659713146109924e-01 5.314143766177855666e-01 5.002068310411307284e-01 4.783601787498897862e-01 5.140223091401182609e-01 5.090177613246582577e-01 4.921459227215111421e-01 4.896729564633768850e-01
4.926187287415434990e-01 5.078249205779202802e-01 5.078061762609311636e-01 4.833662028103091202e-01 4.973311410058188775e-01 5.012737369421708111e-01 5.084143533874447840e-01 5.082810379965116976e-01 4.853104392992764748e-01 4.860077307549330872e-01 5.196093185885728438e-01 5.021562136346594540e-01
5.007448163558742005e-01 4.744519856370413291e-01 5.280931435314465405e-01 5.009119223335306570e-01 4.904505990643087676e-01 4.858507739283880467e-01 5.185714466695823255e-01 5.036698183962362574e-01 4.904638729378834605e-01 5.091056809786589366e-01 4.923642794881803453e-01 5.053216606789392440e-01
4.740801308693607941e-01 5.215659183029367485e-01 5.025980341474018953e-01 4.788828333711893093e-01 5.194375104209307814e-01 4.869390415951946327e-01 5.076680526161354567e-01 5.081128015194977809e-01 4.894014615816485447e-01 4.995857384302051507e-01 4.888994473139047781e-01 5.228290298316776719e-01
5.000585550516361000e-01 5.034340182988641388e-01 4.951924568877691391e-01 4.772989997961162856e-01 5.313421732979228818e-01 4.960922201115141594e-01 4.982681074376852925e-01 4.931212588464727875e-01 5.046505537148201492e-01 5.037967583453982767e-01 4.990083658736421124e-01 4.977365323382590412e-01
4.757234643670164020e-01 5.144337895873252187e-01 4.933620395963468352e-01 5.171323585091247566e-01 4.732745845505404447e-01 5.173030079745004617e-01 5.004538617079927754e-01 4.810074939687783990e-01 5.130790946766634608e-01 5.111273155250113387e-01 4.865961680119887389e-01 5.165068215247441419e-01
4.849354667251903339e-01 5.111420062048888102e-01 5.032034196949415339e-01 5.042744249196744466e-01 4.859734395739389590e-01 5.216066062442583640e-01 4.892742746250238750e-01 4.880826476660631297e-01 5.165790225146990045e-01 4.962889185187559504e-01 5.091868880794279129e-01 4.894528852332147850e-01
4.934455851360678991e-01 4.985312700561704835e-01 5.096942130425976547e-01 4.900729059462478610e-01 4.896373442350693272e-01 5.229964269296298873e-01 4.912699020990632937e-01 4.945901060751155542e-01 5.061652769140474462e-01 4.945794249123503517e-01 4.897521504627430633e-01 5.192653941910303494e-01
5.025642413657499530e-01 4.940062688541322355e-01 4.979832052239431261e-01 5.015084087727549322e-01 5.016230179284988377e-01 4.984756519153095700e-01 5.126203977579331106e-01 4.895060140414817518e-01 4.957741015226284631e-01 5.133542392911655261e-01 4.842128796805049706e-01 5.083715736459814005e-01
5.074861358736355577e-01 5.005084006021851550e-01 5.047544074496995714e-01 4.891973597010274011e-01 5.094150326408386498e-01 4.938238636768724765e-01 5.073409948390543711e-01 4.853950306938298320e-01 5.020270611307493525e-01 4.954707028901895738e-01 5.233541933048067030e-01 4.812268171971935127e-01
4.991683895871308341e-01 5.051199222828757218e-01 5.016565612434358279e-01 4.970721720462111803e-01 5.039429190485829047e-01 4.911857667764237267e-01 5.088689460889234129e-01 4.971843030866046620e-01 5.087442040842099500e-01 4.962000780584151505e-01 4.957954540368766927e-01 4.950612836604313394e-01
5.026429851403436677e-01 4.999379141328744725e-01 4.931822968860001821e-01 4.999846274062202944e-01 5.100594645008427186e-01 4.924033522811262498e-01 4.983592729312800174e-01 5.096506111790122251e-01 4.910689699984405188e-01 4.976383245864740568e-01 5.100373229433406985e-01 4.950348580141507582e-01
4.835913234243301440e-01 4.958813347183542164e-01 4.986885347738977403e-01 5.041919206446394686e-01 4.970038682895452364e-01 5.028840894737792722e-01 4.957903221757717915e-01 5.126094050687151071e-01 4.834139496589185958e-01 5.160106589096745688e-01 4.720997499728606939e-01 5.378348428895638467e-01
5.074561638477412817e-01 5.017272611338948751e-01 4.961192683490163180e-01 4.942450744856373701e-01 5.108623926162447759e-01 4.948614579765858723e-01 4.950510154548010133e-01 5.074155369176007735e-01 4.855838957396996780e-01 5.159028967300485213e-01 5.023754955374946096e-01 4.883995412113875667e-01
4.997539336238844276e-01 4.921790967333922184e-01 5.083458206585169670e-01 4.918885029485597360e-01 5.034705026655561522e-01 5.045911627915047326e-01 5.096606710445066302e-01 4.809268273030137264e-01 5.102618517167289980e-01 4.862623377514081469e-01 5.140772142424987479e-01 4.985820785205327677e-01
4.939437370876526012e-01 5.025737003394397107e-01 4.925942985600484936e-01 5.581214665772205041e-01 4.406930846316917672e-01 4.971007928500109085e-01 5.164533696559254761e-01 4.931753666562779248e-01 5.079873393773641777e-01 4.885850239193059164e-01 5.121205167432478778e-01 4.966513036018925242e-01
4.963725701858892059e-01 5.090748251138124125e-01 4.919775926921675646e-01 4.997465412462701595e-01 5.054913209266307383e-01 4.981446214626160107e-01 4.990436790041935522e-01 5.012509768739201732e-01 4.984298348963844827e-01 5.077751761044015932e-01 4.889205108344800155e-01 5.037723506593392298e-01
4.983442144770471316e-01 4.930607345391317953e-01 5.088346663412119941e-01 4.924428052107014397e-01 5.036612296528136801e-01 5.095540011300034866e-01 4.890827941236447485e-01 4.988005539766706131e-01 5.001450039060537645e-01 5.089356822782680201e-01 4.962473291598112901e-01 5.008909852046862232e-01
5.019478633697849190e-01 4.987259081926571636e-01 4.921760290174205243e-01 5.277635096340711485e-01 4.753702824309865571e-01 4.902916200349610731e-01 5.328705281119596737e-01 4.794827344044916284e-01 4.932948734342826880e-01 5.062855285053933230e-01 5.071775311360557925e-01 4.946135917280044536e-01
5.049336985159758040e-01 4.983243177539408153e-01 4.780379989021629195e-01 5.240663082873624479e-01 5.039565382077194622e-01 4.912101353559032990e-01 4.885009398047502893e-01 5.039196338914777584e-01 5.100750101587891994e-01 4.883588702546017291e-01 5.064380236971917082e-01 5.021785251702355346e-01
4.874883293986567168e-01 5.048315647085410696e-01 4.916119500026558953e-01 5.106082973573835559e-01 4.971489854087394189e-01 4.989746901990553263e-01 5.083853517007543843e-01 4.920736330689527427e-01 4.965641933884054615e-01 5.134405597390334641e-01 4.858193445950270695e-01 5.130531004328747757e-01
5.062490969601620705e-01 4.995715077766008094e-01 4.961397400932908153e-01 4.993073721881412519e-01 5.068815349173317886e-01 4.917986455279420577e-01 4.905185325692852372e-01 5.191756619129870298e-01 5.376731605228346478e-01 4.483543503221765758e-01 4.771419153917350053e-01 5.271884818176266752e-01
4.679639872620736663e-01 5.154365459536150995e-01 5.017761419042836568e-01 5.033181016465722024e-01 5.037419683804977844e-01 4.922421572831202630e-01 4.989437335319337752e-01 4.960579151335183790e-01 5.026678893567430029e-01 4.985821038234319880e-01 5.016355937231169460e-01 5.176338620011711189e-01
4.752920815335421878e-01 5.111430071116711549e-01 5.221049464730439515e-01 4.766727014419261388e-01 5.129068612466629595e-01 4.936052241422760889e-01 4.912643205695141346e-01 5.166273890116243050e-01 4.959404532308458458e-01 4.902875185404719227e-01 5.179385181597733201e-01 4.962169785386657539e-01
4.996689152038225057e-01 5.046297922659688240e-01 4.909981119731427479e-01 4.962877376724109113e-01 5.072012527826808004e-01 5.095239799739457176e-01 4.861292417440700175e-01 5.048517801272511818e-01 4.980461273728339355e-01 5.068822048122156865e-01 4.914858097503801426e-01 5.042950463212995116e-01
5.104501620603605350e-01 4.979406592422079836e-01 5.063784801285328152e-01 4.669011377895323500e-01 5.320209889665646896e-01 4.836688900935181556e-01 5.113174746145369154e-01 5.014618155253197651e-01 4.941431648874786697e-01 5.066394270814031930e-01 4.900545070788947521e-01 4.990232925317257817e-01
5.002378621706543571e-01 4.816774347679854684e-01 5.327818907417186667e-01 4.985243218639675566e-01 4.927338304408249714e-01 4.952670100820982246e-01 5.005699904204145012e-01 4.960375861812150733e-01 5.132555950409195544e-01 4.519831389384060261e-01 5.489522946388957214e-01 4.879790447129486175e-01
5.132040540708013854e-01 4.940608305498420116e-01 4.887460961968088102e-01 5.041493561147130098e-01 5.046003676248997927e-01 5.035152052313203175e-01 4.924248168819309601e-01 5.262041923531044496e-01 4.712453978408105981e-01 5.139121631993315287e-01 4.810603753689196571e-01 5.068771445676301113e-01
4.929655548087967243e-01 5.019188614854019903e-01 4.983642843861537663e-01 5.134574382272903970e-01 4.799757229247536561e-01 5.106159774770157034e-01 4.983687341315287123e-01 4.958362418037228769e-01 4.998409390831775045e-01 4.989289249520586500e-01 5.158139043782314914e-01 4.939134163419262591e-01
5.079617510349272447e-01 5.013542032086577560e-01 4.955509990176278357e-01 4.938383040368959920e-01 5.033636979135021061e-01 5.049168413509415032e-01 4.960971077437693610e-01 5.029579278828515410e-01 4.854280774920036734e-01 5.181637399470887528e-01 4.869271034613185667e-01 5.034402469104959366e-01
4.873101701293982568e-01 5.074290652654342981e-01 5.136080959724764750e-01 4.917331903633244683e-01 4.958819217615308417e-01 4.940152027086875952e-01 5.133064284354220685e-01 4.985592433759191699e-01 4.908173196844470842e-01 5.023627779045517494e-01 5.032752062295855477e-01 5.017013781693093755e-01
4.962001050921808210e-01 4.939342373715823742e-01 4.913585819529651122e-01 5.035322467693619242e-01 5.215723180235178891e-01 4.751820178756531732e-01 5.144774071027753415e-01 4.925425654005100018e-01 5.173807918364351499e-01 4.746764077218769695e-01 5.136437757412753990e-01 5.054995451119099759e-01
4.995356254944092189e-01 4.888516665008656448e-01 5.132554653600208683e-01 5.152196606632823972e-01 4.894609574365544891e-01 4.921148420633896792e-01 5.014784517626442728e-01 4.949391980249698841e-01 5.206056537229026837e-01 4.700596467585421712e-01 5.274508468080865153e-01 4.870279854043672030e-01
4.966889483187642007e-01 5.029690912697803995e-01 4.948443853880037935e-01 5.064424724638004749e-01 5.021452423242247498e-01 4.925688412923778237e-01 4.990368011541538307e-01 4.999030510025239682e-01 5.052398706976348741e-01 5.018591129414440299e-01 4.696533807889333167e-01 5.286488023584602347e-01
4.898431409247521739e-01 5.055395516468362827e-01 4.720974322491027220e-01 5.378505770299546462e-01 4.874093053549886090e-01 4.928211837783907923e-01 5.151594836981867598e-01 4.909475800148892510e-01 5.034019766121896611e-01 4.986760295627912232e-01 4.918288998643716159e-01 5.144248392636250333e-01
5.001640957812145682e-01 5.067738714698499791e-01 4.783543441282748776e-01 4.974416250127242090e-01 5.218095905155684111e-01 4.809301320929111334e-01 5.054734591395801946e-01 5.035625939315908628e-01 5.008152116957295119e-01 4.977172466955495089e-01 4.877432966537431636e-01 5.192145328833465134e-01
5.039671753210022143e-01 4.902796137404459298e-01 5.122101672518744042e-01 4.891285211509335262e-01 5.002394664086353693e-01 5.159670053813305568e-01 4.793674059800477893e-01 5.104893281827265206e-01 5.032998573256846075e-01 4.954870971283622527e-01 5.002417094363853511e-01 4.993226526926655695e-01
4.878879468674947595e-01 5.020141514840557040e-01 5.108666232242211613e-01 4.957116004069971882e-01 4.982620375660640755e-01 5.035553800426542104e-01 5.020172555623155786e-01 5.033720393006327898e-01 4.728397008429281456e-01 5.226181570637268292e-01 5.110532358716848300e-01 4.898018717672963929e-01
4.834180029947347523e-01 5.003115385335827892e-01 5.001131329161498940e-01 4.984101704486296747e-01 4.950974241050569158e-01 5.061489910014956850e-01 4.952596913894128927e-01 5.070536248074613006e-01 5.022075824878925454e-01 4.956476162146292719e-01 5.024720455463813629e-01 5.138601795546182682e-01
5.213335804990243405e-01 4.776659875341828232e-01 5.200115601455861380e-01 4.785184679119323659e-01 5.200152847114618559e-01 4.812819518111719486e-01 4.812535267978121367e-01 5.359114496204515632e-01 4.916858411361194614e-01 5.109728265426546345e-01 4.836483259305860427e-01 4.977011973590639293e-01
4.937833742151260252e-01 4.954850281462114814e-01 5.070310367243531235e-01 4.893728457098380780e-01 5.098401657437706680e-01 5.076033187917535772e-01 4.800969299596787865e-01 5.030010146843468810e-01 5.201715215524034264e-01 4.847338900677578000e-01 4.924219067593827992e-01 5.164589676454296452e-01
5.038909740611854371e-01 4.898512619376902411e-01 5.215181399774109217e-01 4.785361100876658891e-01 5.220566230258466556e-01 4.908443182970096963e-01 5.017907128342248280e-01 4.941538081373820779e-01 5.050953278818346437e-01 4.922133589481524907e-01 5.037149960638349633e-01 4.963343687478684041e-01
4.983154923186911556e-01 5.023702351160393986e-01 4.933100156572811090e-01 5.003072731820579211e-01 5.013370849121387973e-01 4.951232332133545522e-01 5.161088824703770062e-01 4.950256732222736988e-01 4.754552839209662540e-01 5.358507190686468968e-01 4.799812573342464028e-01 5.068148495839522871e-01
5.125943040009398599e-01 5.135395859494440440e-01 4.662134304617566727e-01 4.964762327385595087e-01 5.088569769035340418e-01 4.859806160805510422e-01 5.402274122520533961e-01 4.901527841013481046e-01 4.726549809875900121e-01 5.316136133789586271e-01 4.880909488050415579e-01 4.935991143402930215e-01
4.681631009635541796e-01 5.398611247151876569e-01 4.677669663602236905e-01 5.049650418592797063e-01 4.975308873190537051e-01 5.049635319003026313e-01 5.047657715317970251e-01 4.841974016733534558e-01 5.000699824980100461e-01 5.147234388772953251e-01 4.896574443490601669e-01 5.233353079529288188e-01
4.922965155764771339e-01 4.863928507682563351e-01 5.148342269970869189e-01 5.031710978744408092e-01 4.963275557660273285e-01 4.963479928162395360e-01 4.887582914659465705e-01 5.114732350853057330e-01 5.109153142063985742e-01 4.933468948149557498e-01 4.863838891989945568e-01 5.197521354299426966e-01
5.034591677056297065e-01 5.063038518031528490e-01 4.942204810459830400e-01 5.053047617710193506e-01 4.967792700980284692e-01 5.017382164473429551e-01 4.924182292213090117e-01 5.025210180974727381e-01 5.046424827054660778e-01 4.924430658326290899e-01 5.050829642614647064e-01 4.950864910105772232e-01
4.950509195828624587e-01 5.243804210067969374e-01 4.836601264093939312e-01 4.848749567919889980e-01 5.234964246888700323e-01 4.879187788102138379e-01 5.032628801838945343e-01 5.011737032591045971e-01 4.953806642353624223e-01 5.205770732686221258e-01 4.880585316459506440e-01 4.921655201169737870e-01
4.920403354432514309e-01 5.025152134763681833e-01 5.060324369498689911e-01 4.964467807208510219e-01 4.907629453174910394e-01 5.126129959372729417e-01 4.875514823894683825e-01 5.109934376898164210e-01 4.912386149612758546e-01 4.998390446252640729e-01 5.131026970669220200e-01 4.968640154222274674e-01
4.858868441485720280e-01 5.061946427768000412e-01 4.927478536592996838e-01 5.029102394423260458e-01 4.934259800281016184e-01 5.180240120619719058e-01 4.799584549428577152e-01 5.216700127228937056e-01 4.920881819046303840e-01 4.892671853225916134e-01 4.969456241046512623e-01 5.208809688853293096e-01
4.913980853082498546e-01 5.175375645847067885e-01 4.859394518330851787e-01 4.999602365862466646e-01 5.029621944939257627e-01 5.000043388015699142e-01 5.025647800655930197e-01 4.963695908645693322e-01 4.950651729804196322e-01 5.049303499540673812e-01 5.359026287527739463e-01 4.673656057748537540e-01
4.918573061553093151e-01 5.009847272727335765e-01 4.796633036402604411e-01 5.316535604752760102e-01 5.015024372103462635e-01 4.851569064374071094e-01 5.085966000859086789e-01 5.071555353745236250e-01 4.845779284837044565e-01 5.013297982198097191e-01 5.056877440218712216e-01 5.018341526229084248e-01
4.992337257465884193e-01 4.991544086831701810e-01 4.987236388670605036e-01 5.050508398243378494e-01 5.043740219774632827e-01 4.879949368788686348e-01 5.098543511475965850e-01 4.988557393371553794e-01 4.866685733644959266e-01 4.843581733935219957e-01 5.313548297510796159e-01 4.943767610286859959e-01
5.016014293857722350e-01 4.864709285400109495e-01 5.330700340787498659e-01 4.589953811424151153e-01 5.268700871729569135e-01 4.869192925842923403e-01 5.050742563833769960e-01 4.966756575078447034e-01 5.009577829122153769e-01 5.034220651610488151e-01 5.060848911961587371e-01 4.938581939352627570e-01
5.075711710816771527e-01 4.928099704734728581e-01 5.129164339018194019e-01 4.843507758868440538e-01 5.189395095095090671e-01 4.761023519307456264e-01 4.939468788021138534e-01 5.257442084914361047e-01 4.931391131826842189e-01 4.994290636140181761e-01 4.952281480265989799e-01 4.998223750991629410e-01
4.957392799786466409e-01 5.074902969846658563e-01 4.926763547072268157e-01 5.041041158155932234e-01 5.017388993396931784e-01 4.991748390891766474e-01 5.016399744348638556e-01 5.012320892902260017e-01 4.941127348625918847e-01 5.128456291130617517e-01 4.957076953652034823e-01 4.935380910191282666e-01
4.805279589687126984e-01 4.996223706924785013e-01 5.220326488474978932e-01 4.881073202263462862e-01 4.993964251572174939e-01 4.921873032307018114e-01 5.081873354458210645e-01 5.017126805366669551e-01 4.869801125081109072e-01 5.107016112721871615e-01 5.030178615192346658e-01 5.075263715950815158e-01
5.060537136769713840e-01 5.016105461110240693e-01 4.911677360633239786e-01 5.045765049746293585e-01 5.044098726455265025e-01 4.966464273872998603e-01 4.989505302782243357e-01 5.052166283889785170e-01 4.891363125162316861e-01 5.139944133358833600e-01 4.948992975206010780e-01 4.933380171013420634e-01
5.033854454075294971e-01 4.974470981789154145e-01 5.073123857873609310e-01 4.826609607312652983e-01 4.947196152628227095e-01 5.186944912146084219e-01 4.955075441877653253e-01 5.074426968583792830e-01 4.858460928875386609e-01 5.026369292662824506e-01 5.156011315555242280e-01 4.887456086620602935e-01
5.072282028882371119e-01 5.002720347222386899e-01 5.011279883479433650e-01 4.918760249180650912e-01 5.014925741572947571e-01 5.089024894568179302e-01 4.883675456908139756e-01 5.042000318892378985e-01 4.939900724770229790e-01 5.041712080789244599e-01 5.083597374709298844e-01 4.900120899025560139e-01
4.960957301946939957e-01 4.887825053971118772e-01 5.073901118966879231e-01 5.160618945976508387e-01 4.880601517434719483e-01 4.964691871367248321e-01 5.106754833775923874e-01 4.965598181923194243e-01 5.033646180035860063e-01 4.934395313994210386e-01 5.058887889741761068e-01 4.972121790865796642e-01
5.061289167559122060e-01 4.845635549805505371e-01 5.131001083890416314e-01 5.069477990323527639e-01 4.930387572289255393e-01 4.878319368386618282e-01 5.058072014784138482e-01 5.175664305240332830e-01 4.788946535480559374e-01 5.080150695546166162e-01 5.014686791695648349e-01 4.966368924999136625e-01
4.858677754150395045e-01 5.120594354847300966e-01 4.932342965205221974e-01 4.990653720323261489e-01 5.132247061247856568e-01 4.905556073747616708e-01 4.999808431744362514e-01 5.003592078741752047e-01 5.128432140921745930e-01 4.810875499481168660e-01 5.081626611326941489e-01 5.035593308263379697e-01
4.956138135115065735e-01 4.964309799202359930e-01 5.118614096331693952e-01 4.934797161587233250e-01 4.931269753471021478e-01 5.077243567113887135e-01 4.799573637625839106e-01 5.378436299301200263e-01 4.744151236118976933e-01 5.029434306766090712e-01 5.025290998164353429e-01 5.040741009203139056e-01
5.104577792158340177e-01 4.996179016513534465e-01 4.921728718763650479e-01 5.085774453844453813e-01 4.949628314632159021e-01 4.954038233330040897e-01 5.106778590980256549e-01 4.990983965611555107e-01 4.952233830106179124e-01 4.890096079246950556e-01 5.206769186363537916e-01 4.841211818450191773e-01
5.061530490272224680e-01 5.006751223728229672e-01 5.076689630777055928e-01 4.828358254158912066e-01 5.105146740463629706e-01 5.141789910698069122e-01 4.735081663371634164e-01 5.149556213388497561e-01 4.995544904808105757e-01 4.936986288067211071e-01 5.073314525141809916e-01 4.889250155125408615e-01
5.022554628620108375e-01 4.932004464609259786e-01 5.021492648336214337e-01 4.965262793049072254e-01 5.020660356848680728e-01 5.043832122795390838e-01 4.966231700327610743e-01 5.023399984935603690e-01 4.985282326184794499e-01 4.938312467317723109e-01 5.044524182052878558e-01 5.036442324923806613e-01
5.028068341421122467e-01 4.951831189807976985e-01 5.049397843238516703e-01 5.005056085209126371e-01 4.987839125256053885e-01 4.962564034802477986e-01 5.049931466825322568e-01 4.925876966878498520e-01 4.863095178116167427e-01 5.225082312335848078e-01 4.997933696930416669e-01 4.953323759179206753e-01
4.873288206179888782e-01 5.054711083428169438e-01 5.123131226341729461e-01 4.965543779661825141e-01 4.954402350433415592e-01 5.064158033802399483e-01 4.912942716575097180e-01 5.054699484879223714e-01 4.935136086544639755e-01 5.088864161108193063e-01 5.069201998792145503e-01 4.903920872253321739e-01
4.879301206848687400e-01 5.047188102449458036e-01 5.191693614415691105e-01 4.780953991640988776e-01 5.097558113212082853e-01 4.922352256202712772e-01 5.120921573379036973e-01 4.894168083256982826e-01 4.953709250547293497e-01 5.092062752659121116e-01 4.955777889471529862e-01 5.064313165917140314e-01
5.045017460459321201e-01 5.012853765629037284e-01 4.990414855415757911e-01 5.096780191624287193e-01 4.726419190955684635e-01 5.144857100722648457e-01 4.958199349824657931e-01 5.152812337286044597e-01 4.974816018031694709e-01 4.893262222849140697e-01 5.102384160283702785e-01 4.902183346918874141e-01
4.867256384146974035e-01 5.006110213012250343e-01 5.012104960529841780e-01 5.036752447874819349e-01 4.909177976476443162e-01 5.067065956927403469e-01 4.948966222933232628e-01 5.003691195133512792e-01 4.953253477487055134e-01 5.062164788723908515e-01 5.045907272867219406e-01 5.087549103887754054e-01
4.667789186688977576e-01 5.095723746404149379e-01 5.017874948508493915e-01 4.910345718234808698e-01 5.024877427495835214e-01 5.169791435695159088e-01 4.936515793013230291e-01 4.834918907054676085e-01 5.045501950742865560e-01 5.121681679336030912e-01 4.845013213825142273e-01 5.329965993001475333e-01
4.878382575412263944e-01 5.097612530150530397e-01 5.034977614607887286e-01 4.845708991641390906e-01 5.068647839051643178e-01 5.030563462277234388e-01 5.012912580580276556e-01 4.839751190749486121e-01 5.165608042271396805e-01 4.914701386887956325e-01 4.987523534593731878e-01 5.123610251777085400e-01
5.013025825665906599e-01 5.059907199807480715e-01 5.024922532026898647e-01 5.053098720273923039e-01 4.828445257187946593e-01 5.141111928341470794e-01 4.951738389523124839e-01 4.952812495953611283e-01 5.005288843077670968e-01 5.010096405710547929e-01 5.074811660895394150e-01 4.884740741536324204e-01
4.909244252723135027e-01 4.993034169380938248e-01 5.156954143600693818e-01 4.925279565840369189e-01 4.952365092385645484e-01 5.018956716060329892e-01 5.043643401191286735e-01 4.942341245900351288e-01 5.004769205133881016e-01 5.063321743722577484e-01 4.974112380895408525e-01 5.015978083166563462e-01
5.037713089905415664e-01 4.874175304962414801e-01 5.074824310247917358e-01 5.088815364725578494e-01 5.065260351681284412e-01 4.650941926824900818e-01 5.288960327821875529e-01 4.897096668044989554e-01 4.896040796388969607e-01 5.260227572503191062e-01 4.841457363979279060e-01 5.024486922915104570e-01
4.824396811543308350e-01 5.162477478385252283e-01 4.885044260967209007e-01 5.060886717400054913e-01 5.016443991353463083e-01 4.873469072538592073e-01 5.063917066408447631e-01 5.065446475953979677e-01 4.691165023677898449e-01 5.374395563643378226e-01 4.771431642074813184e-01 5.210925896054111606e-01
4.766442102109849643e-01 5.139912459622753005e-01 5.235593572992885969e-01 4.757880976807736806e-01 5.113439311181862124e-01 4.924605364334029289e-01 5.002235493285267509e-01 5.072064862206222546e-01 4.948153346412005882e-01 4.946982927346238457e-01 5.169048485702159024e-01 4.923641097999187366e-01
4.965373657971710042e-01 4.962492216866470907e-01 5.076298915788586275e-01 4.951160539722074816e-01 5.005027375379218491e-01 4.978157460310945193e-01 4.998467633670952148e-01 4.964994102221479966e-01 5.150894989187522199e-01 4.802372745676538601e-01 5.041145129300695915e-01 5.103615233904393866e-01
5.216452411386731658e-01 5.019101015400265764e-01 4.893870686540535697e-01 4.936738567700226232e-01 5.151238937717287358e-01 5.039635289960906483e-01 4.900390259944913396e-01 4.929978448765216514e-01 5.081019435083680147e-01 5.094002609694225914e-01 4.863905198266145757e-01 4.873667139540385218e-01
4.893235960640405224e-01 5.311088758237675345e-01 4.958087262733070766e-01 4.832656034714696291e-01 5.105068543490993704e-01 4.920516331891598982e-01 5.020807286698059091e-01 4.992706351869444781e-01 5.028706887216642940e-01 4.986660720275120640e-01 4.958087777222508485e-01 4.992378085010310551e-01
5.126297244454054436e-01 5.129841932819574346e-01 4.789970812030853731e-01 5.111593605852970956e-01 5.134234938859802977e-01 4.819234022440415099e-01 4.841283838416137186e-01 5.207565409947806367e-01 5.010371956454064968e-01 5.036550155223670222e-01 5.030079975397282466e-01 4.762976108104639006e-01
5.019653834396993197e-01 5.010164689699269092e-01 5.000464521011493968e-01 5.036869891533913846e-01 4.882965623265834165e-01 5.183484048475524020e-01 4.894179476176119259e-01 4.948902251665729390e-01 4.968942383082398107e-01 5.242437587287170908e-01 4.906317467886426864e-01 4.905618225519728370e-01
5.036821414014542864e-01 5.053074506117989362e-01 4.774437876893977140e-01 5.040099167940979008e-01 5.147862695434455294e-01 4.835102530267050280e-01 5.133125647383638412e-01 4.938756481381549324e-01 5.077814032452174775e-01 4.964247461293435082e-01 5.053649012446514988e-01 4.945009174374197514e-01
