2.572040786621189110e-02 3.651321496484259688e-02 2.436311587943157386e-02 2.298834814371933030e-02 2.383378367755296934e-02 1.938180501830137972e-02 2.823204159527799989e-02 2.914565080263658778e-02 2.682028309720215636e-02 3.032199747582493832e-02
1.787860066826909428e-02 2.049889075979570430e-02 3.501940063932343361e-02 2.697302397045960032e-02 2.438212441092171140e-02 3.595115579113611348e-02 2.055663066701492875e-02 2.855169030246711842e-02 3.110333738663843828e-02 2.678169439471845409e-02
3.017334201755599021e-02 2.142464820221351776e-02 2.333389531488260296e-02 2.790458781512715827e-02 2.917110271840585300e-02 2.528539854920317312e-02 3.146311236598076100e-02 2.486876638662278635e-02 2.947672272611692040e-02 2.420022274169928572e-02
2.238623367697773273e-02 2.822184012902445582e-02 2.647518403916256438e-02 2.582320777962224950e-02 2.326285507567868449e-02 2.325027163724925974e-02 2.527714150297345752e-02 2.496404406839836804e-02 3.139242041686917534e-02 3.569778623981616911e-02
3.150848269090236742e-02 1.284241591354051693e-02 2.611496640374615791e-02 3.076011956768547051e-02 2.484362404337772320e-02 2.844557776982218136e-02 2.426675610740274339e-02 2.511138009332925317e-02 3.133635752192854423e-02 3.029595198671369491e-02
2.149478559149255869e-02 3.214182545467484525e-02 2.519141539552802178e-02 2.977536352463889743e-02 2.507065814333069367e-02 2.294824695890113411e-02 3.054963713216567178e-02 2.134715190589342795e-02 2.986772363969288774e-02 3.015802251929390262e-02
2.814970041570529630e-02 2.615282972169575768e-02 2.952334618067658373e-02 3.892864127952474357e-02 2.917393309157042397e-02 2.524172645020938271e-02 2.444895886098718760e-02 2.591944574049129257e-02 1.542165525845551506e-02 2.356469667998568190e-02
3.179351446023215289e-02 2.835205132064567285e-02 2.658235587226913041e-02 2.556935181324102024e-02 2.494610430996426279e-02 2.568472941630546569e-02 3.060283378059773518e-02 2.137802530987125554e-02 2.305002572308790035e-02 2.778485236614988349e-02
2.947255506342377415e-02 2.260568498684839209e-02 2.722023312281449461e-02 3.104824456909256736e-02 2.309995619621107651e-02 2.841195982461646244e-02 1.679056291406997442e-02 4.424630514796711739e-02 2.132058299731262596e-02 2.941702115304589346e-02
3.410801830592523343e-02 2.639516095113268734e-02 1.668967695261713152e-02 3.574206212255334747e-02 2.426008934630350528e-02 2.501537233795633752e-02 2.716562780698664539e-02 3.136983533590732148e-02 3.080978711791448194e-02 1.931600109369769822e-02
2.791856421575857755e-02 2.668946123627264147e-02 2.543019220123298244e-02 2.360797909500667036e-02 2.103209007556405830e-02 2.024056635977406968e-02 2.843265814445493714e-02 3.319929031848332240e-02 2.532564001009103213e-02 3.467794254100824147e-02
3.160721533624774593e-02 2.836339190241380509e-02 3.201582955135102992e-02 2.907540603509801633e-02 2.392607728283905472e-02 2.416215848485456577e-02 2.406995333294419809e-02 2.949810396832483125e-02 2.072037825876715117e-02 2.228989325614377792e-02
3.724470585340571016e-02 2.704538360221244581e-02 2.292804227349239804e-02 2.866601885821987855e-02 2.254030509336922214e-02 2.714407750381403125e-02 1.639655702330342774e-02 2.735888447931205184e-02 3.156020073243627488e-02 2.648840164092447144e-02
2.800297632190036634e-02 2.657869497418902799e-02 2.845239977625468875e-02 2.937504907435367976e-02 2.102531703424697501e-02 2.512410638211520081e-02 2.407395409553152524e-02 3.310049051524781988e-02 1.917482441707906923e-02 3.409763037157614862e-02
2.746606850284061610e-02 2.596856439200307537e-02 3.480936963646288212e-02 1.883960379639544255e-02 2.926811912571736229e-02 2.867502099016220815e-02 2.525522388432550544e-02 2.364265824623682302e-02 2.343656085851813023e-02 3.058453369836483526e-02
2.813149666829558096e-02 2.905247665444561644e-02 2.467641943635951254e-02 2.369643939394183371e-02 2.865607092335627562e-02 2.759216477641013993e-02 2.465750710915992627e-02 2.895584021055832777e-02 2.784744372213436223e-02 2.340007659005348753e-02
2.598418365653821713e-02 2.554234479152258513e-02 2.928424220695841074e-02 2.824120645170482766e-02 2.647649064295944446e-02 2.220029236243864154e-02 3.253086995953141658e-02 2.767496240909629590e-02 2.483657264487735064e-02 2.365695183556160500e-02
2.529926983757540757e-02 2.891347048707200440e-02 2.305135922360885409e-02 2.528403619899867102e-02 2.404721859925748953e-02 2.907670852271349374e-02 2.509707946288325386e-02 2.697111282757316472e-02 2.770226117168061650e-02 3.129464081347531346e-02
3.070132365923126938e-02 3.273085992307191161e-02 1.968177639563800305e-02 3.011414127411146668e-02 1.700651650425750658e-02 3.290284923865903488e-02 2.585815108104247417e-02 1.850216768159833325e-02 3.146799465857064854e-02 2.992123778543322871e-02
2.569870912232498361e-02 2.543985270764397011e-02 2.680492197538856744e-02 3.078679942378083345e-02 2.754364872299662134e-02 1.860911512891656738e-02 2.273331441363971375e-02 2.702331338616851056e-02 3.107690588086037958e-02 2.905133324316500759e-02
2.166430636661595757e-02 2.360322481456942484e-02 3.499605571750272204e-02 3.088389558425147161e-02 2.579365027343689595e-02 1.969509053891212516e-02 3.512833976807065023e-02 2.753408092949620467e-02 2.278937076117216673e-02 2.462291455355214084e-02
3.322697248126130209e-02 2.881047429719117703e-02 2.473680431634237009e-02 2.953798151199932623e-02 2.344258038712737982e-02 2.751556453242708089e-02 2.084262866421684665e-02 3.349048804739760549e-02 2.747145986701128931e-02 1.972166556129803863e-02
3.296338040187861418e-02 2.384842621399389101e-02 3.049901236274561028e-02 2.886181488721131783e-02 2.134661076298367474e-02 2.365840038572477114e-02 2.220083566523432458e-02 3.312940358744232566e-02 2.546610646565064182e-02 2.556446369775251110e-02
2.250270576749389961e-02 2.061807208777035466e-02 3.622346415867096214e-02 2.713952823179801091e-02 2.612397750034851571e-02 2.436099593904704486e-02 2.856893932902172459e-02 2.937159642922382297e-02 2.643663625120350191e-02 2.521668399351702228e-02
1.953019745872525831e-02 3.063438645193647392e-02 2.559665963100839908e-02 3.128243623000758616e-02 1.940554115396104715e-02 3.094596035896574060e-02 2.711069700682897793e-02 2.115203929760852211e-02 3.224878960223249991e-02 3.201507491118622817e-02
2.303434087958949883e-02 2.824605310073940653e-02 1.883572249963967257e-02 2.845647532461185319e-02 2.994567701002929724e-02 3.021596190297136386e-02 2.549994798177454905e-02 3.516919806136061671e-02 2.448016380392166458e-02 2.383764700369319506e-02
3.319373822540819252e-02 2.809047390579699766e-02 2.854271266834016579e-02 1.980623614902514082e-02 2.581959714048267032e-02 2.615004964654590175e-02 2.800793053799109297e-02 2.150370660217365212e-02 2.165817499805457874e-02 3.195437244577601504e-02
2.367907376489520113e-02 2.266277523030765101e-02 2.628726296707116494e-02 2.282907854250898483e-02 2.346825858455174607e-02 3.367436190857571454e-02 2.926957678798976920e-02 2.636326298720153075e-02 2.772989113658129098e-02 3.084229379267759696e-02
2.843533919022228976e-02 2.771794907889652687e-02 3.169488356339784929e-02 2.254619401332687983e-02 2.368238460219343477e-02 2.875382061125341532e-02 1.980024084096241449e-02 2.680852933058617410e-02 2.963026340487772900e-02 2.803939255406243114e-02
3.009075892264455321e-02 2.366044978703830959e-02 2.858611574076596468e-02 2.390086288050423044e-02 2.525609134726438179e-02 1.958227555831132394e-02 2.534936946989948051e-02 2.780552837429014004e-02 3.717282344080020950e-02 2.536429718167945713e-02
2.304846053168303766e-02 2.754121812414433990e-02 2.695262040757966798e-02 2.578155079287715312e-02 2.772326506152548997e-02 2.436266673200332064e-02 3.082407918473496072e-02 2.757167685628149345e-02 2.939520385871530542e-02 2.307637133725411877e-02
1.977636816803121991e-02 1.981467301758418897e-02 2.883146704917098624e-02 2.678738150134136325e-02 2.472235622815942627e-02 2.781462678864489099e-02 3.228227733567853863e-02 2.656327260419484929e-02 2.820252159864695962e-02 3.181968484447971618e-02
2.599954286964287556e-02 2.814372382177778020e-02 3.302602909951225796e-02 2.782469240996805759e-02 2.264162048379106743e-02 2.265444827236715725e-02 2.433040374746681805e-02 2.724549625495522806e-02 2.575326084660368997e-02 2.811276702259689342e-02
2.652265111787320204e-02 3.028664460670987130e-02 2.182604351426373560e-02 3.124184519610613553e-02 2.010315346812395140e-02 3.610759066605709333e-02 2.849161537575525469e-02 2.658021566504530434e-02 2.433184002650816066e-02 2.269715783253766286e-02
2.914078267240250569e-02 2.367464153971276727e-02 2.343687659531426548e-02 2.864734303557224873e-02 2.341300270941191336e-02 3.366516730450166278e-02 2.876873972733467316e-02 2.361424163232264672e-02 2.802261165884545671e-02 2.476704493049089115e-02
2.789952316672332164e-02 2.468420579603636950e-02 2.861196625716852168e-02 3.046341334757018265e-02 2.881627076266981766e-02 1.968479541481361200e-02 2.725149514713546758e-02 2.206730406467002914e-02 3.077757345401590724e-02 2.653106513432143196e-02
2.394091158738054226e-02 2.627293431722063644e-02 2.516420869558596424e-02 3.700339954333576459e-02 1.419355898369441087e-02 2.436078912503495536e-02 3.350666188869726170e-02 2.740475003847425359e-02 3.179734552314723850e-02 2.421762702146241369e-02
3.077488218003916060e-02 2.464990273845804949e-02 2.466301336617486573e-02 2.898425468859822454e-02 2.330357190230597855e-02 2.627143892991633603e-02 2.887442403450666759e-02 2.634664067531800741e-02 2.650403464555801947e-02 2.642680571934355113e-02
2.796811329875839233e-02 3.017449178877770408e-02 2.301094803259280674e-02 2.795940605379736155e-02 2.377085596877629922e-02 2.245427019713455707e-02 2.862438628496690937e-02 2.410339316294963022e-02 2.879200852080577092e-02 2.997806374166656074e-02
2.097010285176599195e-02 2.437578129748534800e-02 2.651047186730798658e-02 2.977994330035002926e-02 2.539779306410918855e-02 2.427437993493006263e-02 2.862355776417354822e-02 2.683869739655436390e-02 2.574692788500044030e-02 3.469241155587581005e-02
1.957952228471501049e-02 2.294597306024788799e-02 3.525600259886458449e-02 2.040548489589755904e-02 2.355129781598258934e-02 2.978405151958026659e-02 3.179490758706177145e-02 2.745889449535374519e-02 3.037791928335434322e-02 2.563162054505029389e-02
2.077975698087945050e-02 3.440393574250449199e-02 2.705466088236668787e-02 2.069776424910135457e-02 1.969590130903096231e-02 2.561909978297888246e-02 3.102709682868586005e-02 2.509038673752752094e-02 3.155289704665106137e-02 3.166270496084164915e-02
2.046111463572963460e-02 2.587980407111269143e-02 2.367410044744797798e-02 3.098201672381339228e-02 2.794704613483366129e-02 2.794720423631639680e-02 3.081022471640501928e-02 2.380450085350053688e-02 2.544233621141164456e-02 3.012567642137797819e-02
2.124441363958205070e-02 2.771498922048519498e-02 3.133792144540475944e-02 2.813454444346276742e-02 2.578387713100745507e-02 2.566627039410128430e-02 2.796757497425288522e-02 2.250241587008824234e-02 2.372902482000525948e-02 3.363485978729425369e-02
3.619566201186891902e-02 1.513106654170101248e-02 2.040594519438418061e-02 3.748057041824514463e-02 1.871889726701670559e-02 3.311567580677776679e-02 3.049450996760161292e-02 3.099676265136801917e-02 2.868621506367075372e-02 2.157580316294599454e-02
2.320956362348294486e-02 2.228898981031177118e-02 2.673010618455679693e-02 2.717363835310782419e-02 2.896638493182412261e-02 3.252841257000417541e-02 1.851060703079343908e-02 2.965939901656209840e-02 3.527074475018852906e-02 2.293301650545256573e-02
2.933022976773355314e-02 2.433929000389219860e-02 2.394671519375321522e-02 3.328237687147977270e-02 2.576704613388770826e-02 2.387885308876823778e-02 3.193606290918154372e-02 2.283585276654316251e-02 2.647171064285264511e-02 2.599378011386311096e-02
2.207574259349859291e-02 2.447342133224480326e-02 3.033951690670510376e-02 3.042350306243685187e-02 2.286405368716182621e-02 2.805190122911361758e-02 2.693250660175893277e-02 2.923035270942914501e-02 2.429027213779016287e-02 2.791389758027268755e-02
3.067747302448659008e-02 2.690491840256297590e-02 2.618423840622735588e-02 1.668698447551598962e-02 3.388537246374170864e-02 2.337823930646719048e-02 3.088829642711987677e-02 2.822479849399709556e-02 2.390187503499837177e-02 2.734439253828683733e-02
2.061732857226473287e-02 2.505277060223109337e-02 2.825058245179958363e-02 2.635017231397195417e-02 4.100777409620853797e-02 2.913478978655767090e-02 2.464124513112839199e-02 2.283804453290678993e-02 2.396169716154931614e-02 2.423745016992363485e-02
2.654578054854884669e-02 1.493505812001787170e-02 3.683327521854904557e-02 2.391568132862276902e-02 3.125834314489859406e-02 2.420357057207253929e-02 2.058069192845341303e-02 2.868022624773624782e-02 3.034897950357021840e-02 3.046519975624448900e-02
2.857719252010259767e-02 3.494246286566215359e-02 1.971392481855641782e-02 2.901434680969859278e-02 2.050959562297058683e-02 2.931082290314127384e-02 2.405554643122585767e-02 2.598992372609016180e-02 2.693194744112656358e-02 2.920369447264683366e-02
1.828116326191554092e-02 2.696771806746879607e-02 2.408455323783354612e-02 2.365457606044818820e-02 2.696515545824146320e-02 2.840395472389913023e-02 3.497208225712601648e-02 2.562268607065698589e-02 3.118253697274122119e-02 2.671853239994595799e-02
2.506519265153878823e-02 2.346343424103051328e-02 2.808083214090301843e-02 2.839717709581894567e-02 2.540613456589789834e-02 2.629856730340336332e-02 2.198102164843126344e-02 3.289907494493821832e-02 2.471863061934713793e-02 3.092741476024458633e-02
2.338560694782214691e-02 3.094504726439892967e-02 3.330592240484823996e-02 2.451293973754395394e-02 2.418915612181316011e-02 2.384281023590845497e-02 3.119830485765176173e-02 2.558174487927061119e-02 2.193558196290450873e-02 2.704757441756968500e-02
2.614445681276923381e-02 2.554411782165889183e-02 2.360027394568278702e-02 2.164173456063383724e-02 2.187791179359334717e-02 2.843439048328964824e-02 3.567745248179205603e-02 2.278678296275076301e-02 3.391824235968792650e-02 2.791615000186987647e-02
3.390548494760330794e-02 2.111545248859522314e-02 3.143496200969362470e-02 2.885541355690374524e-02 2.269285892467412524e-02 2.340148170611133088e-02 3.165307653548896094e-02 3.264524756625251239e-02 2.238338178908986023e-02 2.000246801663971286e-02
2.324611908226727891e-02 2.449510619657101901e-02 3.132958963754250287e-02 1.840999881342598662e-02 3.358587971387606841e-02 2.140582144431676243e-02 2.918283280143667627e-02 3.038725540714602366e-02 2.657136088604337629e-02 3.107658337805868989e-02
2.851302314147150310e-02 2.286749664270854715e-02 2.562133849908231065e-02 2.611611291560204939e-02 2.872904721077318424e-02 2.651573364148450407e-02 1.929450305477869304e-02 3.700659391400078907e-02 2.493830130874526499e-02 2.871516614730037706e-02
1.994972441488108289e-02 3.820992586070803831e-02 2.424460185103407064e-02 2.495130318495093757e-02 3.310212290729271783e-02 2.405324159534162620e-02 2.756001604408362532e-02 2.449016192303813885e-02 2.307729032297556673e-02 3.080977269976669514e-02
3.038037859755129966e-02 2.709715594627368218e-02 1.705057154865453201e-02 2.320469947930890731e-02 3.244232026755892312e-02 2.119460739064095087e-02 2.920050962178956377e-02 2.978371116078927169e-02 2.931108710311779164e-02 2.741463389737775966e-02
2.406866100672580555e-02 3.525306092458126150e-02 2.571372915442240309e-02 2.196600401364626198e-02 2.989293195480155485e-02 2.205051645526078657e-02 2.666761587526381150e-02 3.161395520546314564e-02 2.059326357268097957e-02 3.119470611136178698e-02
2.807071032166269173e-02 2.426705722440991239e-02 2.493087642961738792e-02 2.483763563382525991e-02 1.983685324144941753e-02 2.600490220425102222e-02 3.190154669434541040e-02 2.765422381734583546e-02 2.855944946037187668e-02 3.012274162075810613e-02
3.192356952937555614e-02 2.999918403077266732e-02 2.229667422692897805e-02 3.619201646346082574e-02 3.269601650968056994e-02 2.451017344115098348e-02 2.043900296732908267e-02 2.259463089242719561e-02 2.359230515843132800e-02 2.296676925809878339e-02
2.098768393407395710e-02 2.684496882401364581e-02 2.563843619396952156e-02 3.085217411729363965e-02 2.888148591988451766e-02 2.601015073391998653e-02 2.766269287764118456e-02 2.712004458404545723e-02 3.222448712834259654e-02 2.011199987400322589e-02
3.029970235548481647e-02 1.966058201691359142e-02 3.077246424704802724e-02 1.952519240682296445e-02 2.272507911921490056e-02 3.957407700863125460e-02 2.804985447727525311e-02 3.170202448746027579e-02 2.083267982718389755e-02 2.576107319713999769e-02
2.628561563303590670e-02 2.484165311458542275e-02 2.924576512695628919e-02 2.458434847792667632e-02 3.081725506520942293e-02 2.888833881719713934e-02 1.956812508975972267e-02 2.727384640493644638e-02 3.348280408372583672e-02 2.251623104756341268e-02
2.319377960074654049e-02 3.241069901216021149e-02 2.576270973257253905e-02 2.459638111210538797e-02 3.520321218279528347e-02 2.305378750369453320e-02 3.485959815476426943e-02 2.408112071910896088e-02 2.415887658793335405e-02 2.131032670853461389e-02
2.704109365853034005e-02 2.315048791915829199e-02 2.750945370972655499e-02 2.682312198848591650e-02 2.703400415448053984e-02 2.699789085657400972e-02 2.344805889756969991e-02 2.665802739328415605e-02 2.846130511268909688e-02 2.891861881065687853e-02
3.547095956073664791e-02 2.668345213457516685e-02 2.241304767090824754e-02 3.953310315070040354e-02 2.386396333229994643e-02 2.968828001952719328e-02 3.086314282915375920e-02 2.540494632506552081e-02 1.409311567784621300e-02 2.010071201342066016e-02
2.643418498867355568e-02 2.532048928030531526e-02 4.048054288921680566e-02 2.409161140887346175e-02 1.923777730912926490e-02 3.422450865571101397e-02 2.224379116044910426e-02 2.271145450089699647e-02 2.053707411431233629e-02 3.561409592401164337e-02
1.747606837927066087e-02 2.612712853503523086e-02 2.524254866103606970e-02 2.764986924581730454e-02 2.722458359918177723e-02 1.947280242892455993e-02 2.671836251772093454e-02 3.394301767990446500e-02 2.756971637113200119e-02 3.508919404934385256e-02
2.425947095399644954e-02 2.156041280387642131e-02 3.167405683518821624e-02 2.851946966141190309e-02 2.413229128017978231e-02 2.344369115071838483e-02 2.242473948885103166e-02 3.167420463514333123e-02 3.225846988037866375e-02 2.486657482530591975e-02
2.373342300068169083e-02 3.353465508605436851e-02 2.951021580066199093e-02 3.108974075774706414e-02 2.639903053603627481e-02 2.802547871034292981e-02 2.435376610663201463e-02 2.356192729492014026e-02 2.102108854321990336e-02 2.490163282912684350e-02
2.832446655759815121e-02 2.417509404026795330e-02 2.893867596595377234e-02 2.791501729699921372e-02 2.427930583871643413e-02 3.406320590675229742e-02 2.069688078138239365e-02 2.150093544900424231e-02 3.409600888757775838e-02 2.451812494240496534e-02
2.708915039154113566e-02 2.781962382623426669e-02 2.668828074110771859e-02 3.306178860133354019e-02 2.126115988280316907e-02 1.983783378172517334e-02 2.574649367279938442e-02 2.881303713016147156e-02 3.008647583739594220e-02 2.535356741904667283e-02
2.297113106367408217e-02 2.981430724887024208e-02 2.340620845549311671e-02 3.101265456888354158e-02 2.609490666360316652e-02 2.953034392313236972e-02 3.475419423490663795e-02 2.726515247414564372e-02 1.890123366903045943e-02 2.230333039558605318e-02
2.309273317630342742e-02 2.706308641346146307e-02 2.572994035048078304e-02 3.407502194813193108e-02 2.343634170113424037e-02 3.370615362773014823e-02 2.331340781333515397e-02 2.012477845542797600e-02 2.478466729622830211e-02 3.286538619772901709e-02
2.234883099159327632e-02 3.038368568900660233e-02 2.006807336327931859e-02 2.380926751326269478e-02 2.744162950604912485e-02 2.691554166567075926e-02 2.888202480475998354e-02 2.648002648011945487e-02 2.775024094627861343e-02 3.353592334118322971e-02
3.651416970553969521e-02 1.848903084517607154e-02 2.089831547365100448e-02 2.489663088127907001e-02 2.274110024050676748e-02 3.832743954975194323e-02 2.855055395343186059e-02 2.279851768629917799e-02 2.957109850941442089e-02 2.584236907048706455e-02
1.986562509781909444e-02 2.449171974804785490e-02 2.755660784697229471e-02 2.546922361915668342e-02 2.902540125975991078e-02 2.859305553765035396e-02 2.895780773996540006e-02 3.085429645223244574e-02 2.846879622168521640e-02 2.228832704571252071e-02
2.907036250560254137e-02 2.468290754133393994e-02 1.991616757316228697e-02 2.424118271681829917e-02 3.854691182514189546e-02 3.063752628001688294e-02 2.650623662067961780e-02 2.296087952685015379e-02 3.540371703559521549e-02 1.742115242572318465e-02
3.004691057586476172e-02 2.114427272727758406e-02 2.613378999699382879e-02 2.550615635096336112e-02 2.749888294725627222e-02 2.975123258589791597e-02 2.889454683048175293e-02 2.341787265151450831e-02 2.964837796083523436e-02 2.494011887899829846e-02
3.065454400638566515e-02 2.201277854780514867e-02 3.015428266366940863e-02 1.777395634725245296e-02 2.412975193605526245e-02 3.662729306500001059e-02 2.651646687556456078e-02 2.748000819456782040e-02 2.471345264239108164e-02 2.764002363886308017e-02
2.075879297580759605e-02 2.608488038625531025e-02 2.310601695485763399e-02 2.755519501177182418e-02 2.876226812550299397e-02 2.769654934726367701e-02 2.901093336052824878e-02 2.783213272679320449e-02 2.566788050975104749e-02 3.038836851436911568e-02
2.419815784943740722e-02 2.167387777550906433e-02 2.165791754397671659e-02 2.781052613687574199e-02 3.588207305136540543e-02 2.466918467535737444e-02 2.604598402091234249e-02 2.404470757686648016e-02 3.036492745443453503e-02 2.896844344009722252e-02
2.232161066122040349e-02 3.077701287386162485e-02 2.971163292545164064e-02 2.800323104429799925e-02 2.694444973260349402e-02 2.533744723566069487e-02 2.234953511877291188e-02 2.716926655451351938e-02 2.813127919061261459e-02 2.522826566677164803e-02
2.838206800119598416e-02 3.047686866099452718e-02 2.571451990982737135e-02 3.381753561456680296e-02 2.584771397581187014e-02 2.537081977305003302e-02 2.774196671999388727e-02 2.507551972168163903e-02 2.613173588540302489e-02 1.837997489583255775e-02
2.157508056807331057e-02 3.206525833365000966e-02 2.584231729081627391e-02 2.824033279697878845e-02 2.107922398671548819e-02 2.654851311858085969e-02 3.218067547515015420e-02 2.227706232699160765e-02 3.106541103998384026e-02 2.738979125575289122e-02
2.699263190411176072e-02 2.221801691975501536e-02 2.579738359068619452e-02 2.801956565898582746e-02 2.124189002571739288e-02 2.680285571815387013e-02 2.532482189956363275e-02 3.041456876184609262e-02 3.267410234995713619e-02 2.647773232001053925e-02
2.043304313722529159e-02 2.067956987900083227e-02 2.865889968611812569e-02 3.394096091411867577e-02 2.490577842916816276e-02 2.736318823090608254e-02 3.249855167784327509e-02 2.732594825958369403e-02 2.744186967621620871e-02 2.294058322037160688e-02
2.490567093779241445e-02 2.153921452283332968e-02 2.954765641182870162e-02 2.333245610202028253e-02 3.224977725187614525e-02 2.971839987722714807e-02 2.290028201854852827e-02 2.147105156914019819e-02 2.777758969819021581e-02 3.252594304609895959e-02
2.296031645697230172e-02 3.031996365417908429e-02 2.947125461846358124e-02 2.791688326670611897e-02 1.981517778707351726e-02 2.869154882794135858e-02 2.443264118539248408e-02 2.692687191603635594e-02 3.230696684655730982e-02 2.381603693505039004e-02
2.615999753897806090e-02 2.708827132245226338e-02 2.875104785867019577e-02 1.921089136973315459e-02 2.645378617240900371e-02 2.516128924521467483e-02 2.796863622727939827e-02 2.820606891130518837e-02 3.228700046451300765e-02 2.550764825101993830e-02
2.188165943357513188e-02 2.669769325853858788e-02 2.162570973476885677e-02 3.683545586623641899e-02 2.013559945287311109e-02 2.675737085113032154e-02 2.885675982012854413e-02 2.817610488682052369e-02 3.107195632710754371e-02 2.647607092046742189e-02
2.443249896583673739e-02 2.980099718778901619e-02 2.512531873149443859e-02 2.618749188856286589e-02 3.123664566219728003e-02 2.646681339728081464e-02 2.387086001309342287e-02 2.294655657255388614e-02 3.355990052260542089e-02 2.374975507862079130e-02
2.903760453081867532e-02 2.804677938387080405e-02 3.018577357517968768e-02 2.196561810775473494e-02 3.051216095717636939e-02 3.043909170766176397e-02 1.861759956886984216e-02 3.039165841097695234e-02 2.573359001076321387e-02 2.350539130817348721e-02
2.856377009729393901e-02 2.380410711943228147e-02 2.816825516300069249e-02 2.367342354689064288e-02 2.618719463801030475e-02 2.547778496325125291e-02 2.790197490889090304e-02 2.947360029088644251e-02 2.613884560350876810e-02 2.722146716496817373e-02
2.617902017919030572e-02 2.508973547502403936e-02 2.966660869046585866e-02 3.032353116018645864e-02 2.790769252162424510e-02 2.571830792961162307e-02 2.832052868748228744e-02 2.626026319827246686e-02 2.398567600613457293e-02 2.267484459431170704e-02
2.438250161983029907e-02 2.067692330099736922e-02 2.211357476395715491e-02 3.429602441962983916e-02 2.838260160516906105e-02 2.590704069364083498e-02 1.998894380621191527e-02 2.775850588190469440e-02 3.317449344637077996e-02 2.760385852634248890e-02
