-1.066158134104806976e+01
-1.406590418215166949e+01
-1.350811715584893591e+01
-1.157479779006276743e+01
-1.172607035452334046e+01
-1.213339716932925683e+01
-1.381992643271778398e+01
-8.654457827915379653e+00
-1.506287918992017794e+01
-9.674274131038179902e+00
-1.031321986798660362e+01
-1.216595233017264555e+01
-1.218752804461468031e+01
-1.576101258329240551e+01
-1.302046146577607644e+01
-7.377756690520129723e+00
-1.176041954452402294e+01
-1.258960685986215111e+01
-1.660948807303184083e+01
-1.040407927246732456e+01
-1.050492632906967749e+01
-1.337544992028995239e+01
-1.157783152718035424e+01
-1.273224780423909941e+01
-1.197055491543245509e+01
-1.465724010077992112e+01
-1.358529483433866325e+01
-1.148726395161480340e+01
-1.956245279325816711e+01
-1.573486884990666113e+01
-1.087948823549180588e+01
-1.193794890134218001e+01
-1.072623735654182120e+01
-1.311682125123914311e+01
-1.158108600945557143e+01
-1.612560611528817844e+01
-1.475720718680880417e+01
-1.246243647107102070e+01
-8.465772407631147800e+00
-1.123325868058717347e+01
-1.272314245386609421e+01
-1.126241898428203037e+01
-1.267416962004130276e+01
-1.368820576905925890e+01
-1.162840411284465425e+01
-9.177457968959835455e+00
-1.290086589409342643e+01
-1.153121294205785752e+01
-1.021093206038853829e+01
-1.334920477121805504e+01
-1.688913543996055466e+01
-1.212548618557888425e+01
-1.371555628395524451e+01
-8.470549494283856617e+00
-8.361054633443673723e+00
-1.220507996286593233e+01
-1.433106795704295777e+01
-1.238471560236656366e+01
-9.794549196884561937e+00
-1.575084256211428801e+01
-8.943707602012681335e+00
-1.187457585022599638e+01
-1.131106296382212584e+01
-8.290388912818826839e+00
-1.270305474791300071e+01
-1.444230815151123792e+01
-1.442208150886642670e+01
-1.635560812301010714e+01
-6.651182698882231570e+00
-1.111601435513600755e+01
-1.717656646098468087e+01
-1.480819843629812738e+01
-1.569456447622849637e+01
-1.285795036711382444e+01
-1.128836199803254914e+01
-1.460002826473997573e+01
-1.704502301782883933e+01
-9.016971361558704601e+00
-1.190851497011062143e+01
-1.782027924938714492e+01
-1.206611897818486945e+01
-1.194694821458353218e+01
-1.312453632633586587e+01
-1.232431228132113077e+01
-1.163629061327270264e+01
-9.902876335418353548e+00
-1.433083223199175293e+01
-9.616640679348810394e+00
-1.649931998013582302e+01
-1.380803883314342961e+01
-1.180479955772995559e+01
-1.131167342888624461e+01
-8.614965036617020289e+00
-8.242892415582090848e+00
-1.498836482858495245e+01
-1.329072755091756797e+01
-1.421837583952681072e+01
-9.940508829139039548e+00
-8.805992525303709684e+00
-1.221342668025445555e+01
