7.442612133283972586e-02 5.745331355853264821e-01 5.903246176085173713e-02 7.338247542937186008e-02 6.832977943810052135e-02 1.769124203202255760e-02 1.665112583315097039e-01 2.137311550295867557e-01 1.068016389247122971e-01 2.790163123918059651e-01
7.478371205185048790e-03 1.340465971077538752e-02 4.967418435485444483e-01 7.429600205377021038e-02 4.220189177913959144e-02 5.341050898654086110e-01 2.480406395231951611e-02 2.333829929294689853e-01 2.792878089000599418e-01 1.851016261561205245e-01
3.387431372161987531e-01 2.853139707868852099e-02 3.463541982185170537e-02 1.536991578376514789e-01 1.957231213543452197e-01 6.857082884137627454e-02 3.493436847055237937e-01 7.139652421892976608e-02 2.865276632956360037e-01 6.018284970233125225e-02
3.564967414626580428e-02 1.747349537641026962e-01 1.299583040724220651e-01 1.008540931366231352e-01 5.668265711040839511e-02 6.026644878981328446e-02 7.363557455785720018e-02 8.900581180655335600e-02 3.182236457914264793e-01 5.790295783172432209e-01
4.204946313846543715e-01 2.818772920662747199e-03 7.995726478065237619e-02 2.893377949103529412e-01 5.640557283666580712e-02 1.814625094857719445e-01 7.126667937745784220e-02 4.696181549253453796e-02 3.568784479587022163e-01 1.722370328344113577e-01
2.636175701853968323e-02 3.998936158323614931e-01 6.995958690112151490e-02 2.790795912861812611e-01 6.702763028537599144e-02 4.288520377466326083e-02 3.234536185049691204e-01 2.606188576851152169e-02 1.905463887949354340e-01 2.104289363136845614e-01
1.863748346110043197e-01 9.986636489272963935e-02 1.914151558399712350e-01 6.318928406038119006e-01 2.133831536933753770e-01 8.936398284864899288e-02 8.573608947921729229e-02 1.209033334489191674e-01 4.643886536305998590e-03 4.415090039941143435e-02
3.048548483422423572e-01 1.737468200606473168e-01 1.260643261784332170e-01 1.096488857289507901e-01 9.443774173366417668e-02 8.929050862757967333e-02 3.384954062347422243e-01 2.906962275571145851e-02 4.605892218630808221e-02 1.815680314869479728e-01
1.555172779457511811e-01 3.107961042924436285e-02 1.092391536188573598e-01 3.062903012619616616e-01 5.631078423842929975e-02 2.149151412612365641e-01 6.555980219383296566e-03 8.283795515756207095e-01 1.048112858679569985e-02 1.980532862127220850e-01
4.277247551530897751e-01 5.508147017716845395e-02 4.745392741271958065e-03 5.856975088695964837e-01 4.209328201849572848e-02 7.336943178740376603e-02 1.481195308146577017e-01 2.619499753101085515e-01 2.547526889925802451e-01 1.189779063399611786e-02
1.548689407399333196e-01 1.446060110909411500e-01 1.072649571033209848e-01 7.144607037073751055e-02 2.310931593885772600e-02 2.360830692778193712e-02 1.836309407331918053e-01 3.922811173572178234e-01 6.748840175424813959e-02 4.688339442977040861e-01
3.689206979878837944e-01 1.343791093239027068e-01 3.392065087727971218e-01 1.987283959500293629e-01 8.622592547825286280e-02 6.252436340915513979e-02 6.433134725191057279e-02 3.125141875873862496e-01 2.072096980580617406e-02 3.093192196783191641e-02
5.431768535135946818e-01 1.185976080795904386e-01 5.552385438596574296e-02 2.172942023963848057e-01 5.270261244533781114e-02 1.725458762558061132e-01 9.125333992484656320e-03 1.139029625522789968e-01 2.854375911929993292e-01 7.016934664723727122e-02
1.142752644366332171e-01 1.272524197396505130e-01 1.435554125353913357e-01 2.460788855282546039e-01 2.747261190300532424e-02 5.209697371149429879e-02 4.904265631686106214e-02 4.547523867738565984e-01 1.427651672613744656e-02 4.904601555319566542e-01
1.277766865037888444e-01 6.758453110332425517e-02 5.087245098085306783e-01 1.480461554327309505e-02 2.320174747849236552e-01 1.810683113151546342e-01 1.053373472587690873e-01 6.119754270373247568e-02 5.545881421920843823e-02 2.474881909014700898e-01
1.767713549771578740e-01 2.196611962868770251e-01 7.951276587891920045e-02 6.016253226050465724e-02 2.090168499978505290e-01 1.510107265938362697e-01 7.446673788301594321e-02 2.093676194245238098e-01 1.644524801725610330e-01 5.797719549261971805e-02
1.140660858555538615e-01 9.602133160839887438e-02 2.171428232816239590e-01 1.782339195713996682e-01 1.253269163885272208e-01 3.767831307417258274e-02 4.028481249601072456e-01 1.391502870312570084e-01 9.320524515956150891e-02 6.281114811677264431e-02
7.716871865074970138e-02 2.335860901428433167e-01 5.356556879867241383e-02 8.100047384794312189e-02 6.831884403304515352e-02 2.369972672258236490e-01 8.166599023807318003e-02 1.544436211797416969e-01 1.372900038925694011e-01 3.267281097407834789e-01
1.966740782965444578e-01 3.332143820819866153e-01 2.444835122016270762e-02 2.022688938183100360e-01 8.959122572656807310e-03 4.529223218833435260e-01 5.524083431544523498e-02 1.026358411697490119e-02 2.701143694986206101e-01 1.925250231404994350e-01
1.092958385363115292e-01 1.033144477791281129e-01 1.493975045459557671e-01 2.698689433434506846e-01 1.723804905730487447e-01 1.223068917733814362e-02 3.447646424165252965e-02 1.559172750406524477e-01 2.726348714198982282e-01 2.164430173254699996e-01
2.092155550920006893e-02 3.460963444845797932e-02 5.595775344798383788e-01 3.265735163493254101e-01 9.992076063941783548e-02 1.488101712012105879e-02 5.629203297924526561e-01 1.120837590435929676e-01 6.391787844023484599e-02 7.105953386255352278e-02
3.971798592597525213e-01 1.614366567655313167e-01 7.492978310593884084e-02 2.223449924510579045e-01 6.605181632696971450e-02 1.595193148634141411e-01 2.502979158935269427e-02 4.186372783617460236e-01 9.630667536440194743e-02 1.661269973908550274e-02
3.812430163219055479e-01 5.705682911723969353e-02 2.771304253896919034e-01 2.084062246179516908e-01 4.118955950804149835e-02 4.944369424886675690e-02 3.790935876236516816e-02 4.271535498456627278e-01 7.282818441337032822e-02 8.414509498119600306e-02
2.757233693518525500e-02 1.555499955344648993e-02 6.193966664793533194e-01 1.274253082407478255e-01 1.550265707635899715e-01 6.621361073820687670e-02 2.054347048493026240e-01 1.953456653981545388e-01 1.262648359783432317e-01 1.096378984333669093e-01
1.841152523484999165e-02 2.908224814825797200e-01 8.198059905581552009e-02 3.557604630659882416e-01 1.448991235817291383e-02 2.967194204752371389e-01 8.537256241622324937e-02 1.593422073542617029e-02 2.734413240938561307e-01 2.846411591259090934e-01
5.632746352208712476e-02 2.180898905498121487e-01 1.573528297430998313e-02 2.261055897215838717e-01 2.029719108903222380e-01 2.902393289615043392e-01 6.448076783609138496e-02 5.096666281442232549e-01 4.577470152835012157e-02 3.890850886658415303e-02
3.861168393155781087e-01 1.454844703634367298e-01 1.974303933310593007e-01 2.535985609015745795e-02 9.298434001054106668e-02 1.142859971013040626e-01 2.095891109777043015e-01 2.540705712191921803e-02 3.481328478552939143e-02 3.801092358354752898e-01
4.657267639906661344e-02 4.472227001698084181e-02 1.634520093319418166e-01 4.613260234592964082e-02 4.246339654166884220e-02 4.635429358899159080e-01 1.963881631607815870e-01 1.309866086363253024e-01 1.295702742069530788e-01 3.237916858715126356e-01
1.877942262371689319e-01 1.257213240492263684e-01 3.568724131599938509e-01 3.231053205301583769e-02 5.740546797850143435e-02 2.653798609599850034e-01 1.869059285273200546e-02 1.116652905672616686e-01 2.399509947151060585e-01 1.414879844842903134e-01
3.083163882195143479e-01 5.333106604784500215e-02 2.124229569296400000e-01 6.594782319627312539e-02 6.770314437908582506e-02 1.737510768375197939e-02 1.235676932491134306e-01 1.452973752396449769e-01 6.226115303107472299e-01 6.368323861939689801e-02
4.306809531231601401e-02 1.779126927932269120e-01 1.300460442410596162e-01 1.039408179727160236e-01 1.841985015320745656e-01 6.429060753064942679e-02 3.246045887054377355e-01 1.234545399650023023e-01 2.737314610115457736e-01 4.468143621503380819e-02
1.274724845515408204e-02 1.266580757934506959e-02 2.592238981607549730e-01 1.216469409512734995e-01 8.102033732215331574e-02 1.813124252427959771e-01 3.266175075032969333e-01 1.116616313390355747e-01 1.321569178795304333e-01 3.825256168761865250e-01
1.077293872308990735e-01 1.693764923586706939e-01 3.639195767896009071e-01 1.813094114338488494e-01 4.902395097777450389e-02 4.042850757017676239e-02 8.101785504632823265e-02 1.686986066267517070e-01 1.021909443525492872e-01 1.925912785559359408e-01
9.829820707140354830e-02 2.663013089326373151e-01 3.515287728843435183e-02 3.868535792250799021e-01 2.047203922185190234e-02 6.016034682372353171e-01 1.243763292932377473e-01 1.610067114553529743e-01 4.878135985492595278e-02 2.718165587810317252e-02
2.545236209409831307e-01 5.200289292398177499e-02 5.605263496759614605e-02 2.273701834075730899e-01 4.777398945615474180e-02 4.169490700757716994e-01 1.560460485368034833e-01 6.729292880165406443e-02 1.774978769939336842e-01 7.717244998251245047e-02
1.841262384964824361e-01 7.021812344644631776e-02 1.968840342352047301e-01 2.258628939784198264e-01 2.083874765830340259e-01 2.252837058212722732e-02 1.238115720589852142e-01 3.840815093266448932e-02 3.120779411104835921e-01 1.028458921226629019e-01
5.526443680131105235e-02 1.813046376361088785e-01 5.768735400467790708e-02 7.135564834600054418e-01 2.598220470869775072e-03 3.162959801359558482e-02 4.373768076494872203e-01 8.287352528868187351e-02 3.306080067201427330e-01 5.066001492276404200e-02
3.080544399712246695e-01 6.630988655432148993e-02 7.195881801329656602e-02 2.423621202988624768e-01 4.951981002318401465e-02 1.126550804218117291e-01 2.159469930466063892e-01 1.151906766711729563e-01 1.401592371129199988e-01 1.102021071712532552e-01
1.410394208227858659e-01 2.615150402448421785e-01 4.795496385539468887e-02 2.148217387485224783e-01 6.161611335948756485e-02 3.924550234357689071e-02 2.331369531850679133e-01 6.612538496692015044e-02 1.712987883262359345e-01 2.285551531606628828e-01
2.365272895273702949e-02 7.158612795227069225e-02 1.429769842161723870e-01 2.518134046587089392e-01 9.623931944613084433e-02 7.138316740435439456e-02 1.861241702712936874e-01 1.342186641331206687e-01 6.915789242939535120e-02 5.192525592049863636e-01
8.899999534766838902e-03 2.296883720156386172e-02 5.885406933943120311e-01 1.584422676191517970e-02 6.339523864630629280e-02 2.951111651615217490e-01 3.375037921293421728e-01 1.217208797486451360e-01 2.728961586293016106e-01 9.486314765254987014e-02
2.735834649356548229e-02 4.651708297875223330e-01 1.251372175305983381e-01 1.684280297614693458e-02 1.088719753212869998e-02 9.928110821219177096e-02 2.826183072912121785e-01 7.458486407854307554e-02 3.093240536847744471e-01 3.398651157758003083e-01
2.537217175921507514e-02 1.020973152082127744e-01 6.982953902011840297e-02 2.862732010420809825e-01 1.464919867912813922e-01 1.489495118884998359e-01 2.812483823852185427e-01 5.644114224357318216e-02 8.161900554247504547e-02 3.050087628504624115e-01
2.332498147649727724e-02 1.494133018297261473e-01 2.845105289882920996e-01 1.890958304549817393e-01 1.012729899571909453e-01 9.693999722065604896e-02 2.036743317738294035e-01 3.555813899565705982e-02 3.876800395345349898e-02 4.800494021427293423e-01
6.436277155933592953e-01 2.421643894231132951e-03 7.155294505484567809e-03 6.847383140172861316e-01 8.838603428899503150e-03 3.129407096427156421e-01 1.647148233067201040e-01 2.377300831525074876e-01 1.020996543713482141e-01 1.733279433166570391e-02
2.766313119245032009e-02 3.661879040781616107e-02 1.211107624183833109e-01 1.326698687872894522e-01 1.693042520023707309e-01 3.686843579994302789e-01 1.893120719801358667e-02 2.822055001312163691e-01 5.114310021131389661e-01 4.389485734144497192e-02
2.533145061414393551e-01 7.005076015546364554e-02 4.946037506583771115e-02 4.057200755236616274e-01 6.967828695138907069e-02 4.947302433071087274e-02 3.788078262411155861e-01 4.567402865198702533e-02 1.478127091248797598e-01 1.136627775414953273e-01
3.827753779373831849e-02 6.844164730631850657e-02 2.520006140095757408e-01 2.661815946916002984e-01 4.928787392148363533e-02 1.791517644051017488e-01 1.260574892777966971e-01 2.259144012082160979e-01 6.617838611328911991e-02 1.974499959463276166e-01
2.565366350460009381e-01 1.357986701671156371e-01 9.259054773184968723e-02 8.055668815978743111e-03 5.473348657448423582e-01 3.444337769458734322e-02 2.843568613299327641e-01 1.240926285311784033e-01 5.503287115443727257e-02 1.298130832942289703e-01
2.012403874205251353e-02 6.999183782113757579e-02 2.114642418339761076e-01 7.617530249879947424e-02 7.531036793075042146e-01 2.821707732892807519e-01 9.223900348316715903e-02 3.889708751923342395e-02 9.761085667756172479e-02 9.390450850557181817e-02
9.182322012554418322e-02 4.122357211359578381e-03 6.986996560650382548e-01 3.139484193810190837e-02 4.000988852520445116e-01 3.548651158671106698e-02 1.257528687980120734e-02 1.688568710321036725e-01 2.168091742729395532e-01 2.668052997205022647e-01
1.202005079095649631e-01 5.249041793098546682e-01 1.890710020680887171e-02 2.025481088905801696e-01 2.834972212189983826e-02 2.420460218032195465e-01 6.059614393266922472e-02 1.001481893258575617e-01 1.004105569413640542e-01 2.225493895867124983e-01
1.172295578828929340e-02 1.809124094985750386e-01 8.373595839258646256e-02 5.045879243719830765e-02 1.633500218400162074e-01 1.679434428117459188e-01 4.943654903579857707e-01 6.043132159422041905e-02 2.989023851547391586e-01 9.269584857524754140e-02
6.546459628252410123e-02 4.895716401328323308e-02 1.829696013480781036e-01 1.723282506990386209e-01 1.057560199727328176e-01 1.238520183175315925e-01 3.237092939442166167e-02 4.597401406454143524e-01 5.468380433717853067e-02 3.355425016758476486e-01
6.031646123104232593e-02 2.986623684738358708e-01 3.953461015087561536e-01 8.515418107321956476e-02 6.250141850086121664e-02 6.296699454409689090e-02 3.309465913735901155e-01 8.325787099841652772e-02 4.323743985945915913e-02 1.434863928735025385e-01
1.234588144348706118e-01 1.019067161103936747e-01 5.724511497697483409e-02 2.662459655219535926e-02 4.741914292073709514e-02 1.887764238535475092e-01 5.526185040466400356e-01 3.375941000772413048e-02 4.426222754305823570e-01 1.336238804585100637e-01
5.363846698995069495e-01 1.846910712907719188e-02 2.635034021166652307e-01 1.470088506416027951e-01 2.656386073261046699e-02 5.240365355064859065e-02 3.680204949829484762e-01 4.466565664272222347e-01 2.886424113930304361e-02 1.350401327770396794e-02
3.246859181958199753e-02 5.152714646801097309e-02 3.786508021837398097e-01 1.271751482816503576e-02 5.274040596106466250e-01 2.438728896592818468e-02 1.611950877945656779e-01 2.036512209571610665e-01 8.478177747894592720e-02 2.835108229785150424e-01
1.543003976776296249e-01 5.067121143089156621e-02 1.147485765954111420e-01 1.158813917732611498e-01 2.120865705474278551e-01 1.165747380289840346e-01 1.295448359322606130e-02 6.250601086973156528e-01 4.676527585040465840e-02 1.990757575768228038e-01
1.655464550332400031e-02 6.480379445802831873e-01 2.693599691943080604e-02 5.262714669572553933e-02 3.772854242981736883e-01 5.624395446133926418e-02 1.880911412063767663e-01 7.092413305493784625e-02 4.600021834874962884e-02 3.814948415537735560e-01
2.595469849999345047e-01 1.206652465376246014e-01 4.063642528641377323e-03 3.080214249309807042e-02 4.559590609489635460e-01 2.323584964898541688e-02 2.184441254377559039e-01 2.100212026056736681e-01 2.220893595213555005e-01 1.209124373181882095e-01
5.231521010255493764e-02 5.192678371684642524e-01 4.776573326520075491e-02 3.296285888494911859e-02 2.767953343458044446e-01 3.077349669321743919e-02 8.424080129706720821e-02 3.441368408933540568e-01 2.384307841499906308e-02 3.887641116502482119e-01
1.795388718402229911e-01 6.907986099678713188e-02 1.083738982011660246e-01 9.537765278838040983e-02 1.874839373022465366e-02 9.661788876270323290e-02 3.344087857732570557e-01 1.388707335238643648e-01 1.851887699806807897e-01 2.358520030276661517e-01
3.023239197263382638e-01 2.095232152056041852e-01 2.894338898259565113e-02 6.412587844917096991e-01 4.402122394364541003e-01 6.394254869739274261e-02 1.223948162229833089e-02 4.062202692217119215e-02 6.856308413050253570e-02 4.981414476588959944e-02
1.943323317119455620e-02 1.678136497901341895e-01 9.956511414453865505e-02 2.600018239807392328e-01 1.878293348471554436e-01 1.025947644963833144e-01 1.832529956005667093e-01 1.120588700611741817e-01 4.294237982917704644e-01 1.515341506847418460e-02
2.970503495588085463e-01 1.807911321907069643e-02 4.085355787325987142e-01 1.880184974860919789e-02 1.464253502302378246e-02 6.978966819233316521e-01 1.044899648955081722e-01 3.358268765850048188e-01 1.563924397260982660e-02 8.212321707199407572e-02
1.171554690379541380e-01 9.028033472630492273e-02 2.245152460527495286e-01 6.634580749789126264e-02 2.735226984525160332e-01 1.850752989988207753e-01 1.959637515981143760e-02 1.157894941345273265e-01 4.256151065316056692e-01 4.073965539512372502e-02
4.820231866102533264e-02 3.608775902170087146e-01 8.041881892995972336e-02 4.614449444105092613e-02 5.268873885634771659e-01 3.264726128734276450e-02 5.487382756303822440e-01 5.523277430851407377e-02 9.177688064655804834e-02 3.701367775773118513e-02
1.431263496507522159e-01 5.248543214000833679e-02 1.713754284717613763e-01 1.309409038991162233e-01 1.405703171980459687e-01 1.508275351007153375e-01 5.671294134140996562e-02 1.332038994020917910e-01 1.857857234260839874e-01 2.000288070534124441e-01
5.237214046705334081e-01 6.703979543771552974e-02 2.089617438384036227e-02 6.683352937034032770e-01 5.149876273183989078e-02 2.882678589063462082e-01 2.780907935844296186e-01 1.230225796049005255e-01 1.668697168556797228e-03 8.944722751428208288e-03
1.022108315085013264e-01 9.082355662539404184e-02 6.650342679563008286e-01 4.443018248877405457e-02 1.206055405502663193e-02 5.576976367621477859e-01 2.796574732696393076e-02 1.857904399403946180e-02 2.140040876171092274e-02 5.618923411311471661e-01
1.025935456133611999e-02 1.097952438945630355e-01 1.134279325218817552e-01 1.673558417438893997e-01 1.564327140293072793e-01 2.119843929930735268e-02 7.314551471912558722e-02 4.478033231675215831e-01 7.996569691867676244e-02 5.501148113942448958e-01
4.940582038350767313e-02 3.534855219280803873e-02 3.730651026002013149e-01 1.817827301946435825e-01 9.203328358873535953e-02 4.399961781823530371e-02 4.386096711128002756e-02 3.712225209356170841e-01 3.487492106890210386e-01 9.309350170439148475e-02
5.506510579941038125e-02 4.480449818757648583e-01 1.686533397947689861e-01 3.144379270534347071e-01 9.819116983746924154e-02 2.096599474243584782e-01 7.350324096907943916e-02 5.578152722925933810e-02 3.704493830759291589e-02 9.688084038882036064e-02
2.378312835209767939e-01 6.768385717051093875e-02 1.905436385534001187e-01 1.543841582164158510e-01 4.259702546733600687e-02 5.072808990500429216e-01 1.335692852871555453e-02 1.630499622219843542e-02 5.342365535588491365e-01 5.792313836547389322e-02
1.300686295798549885e-01 1.888251073668048563e-01 9.422864661655189211e-02 4.622951294007777712e-01 1.961081283246944237e-02 1.181495941744289957e-02 1.250040093934254026e-01 2.072052843509869513e-01 2.681633991201854972e-01 9.715993901874336869e-02
4.552298251885047997e-02 3.069722950061698485e-01 4.992976445574083544e-02 3.530813025243390579e-01 9.067852875767438980e-02 2.564732352472468557e-01 4.154719976395773173e-01 1.795702836413413384e-01 1.132825077675842299e-02 1.534618785939479563e-02
4.723807338623157298e-02 2.127400861657427478e-01 9.257367862260226787e-02 5.286438356223920332e-01 3.363505835803604072e-02 4.922590348018913153e-01 2.801951170714389594e-02 6.121546182563711823e-03 5.011041257924336162e-02 4.344206525656000295e-01
3.573451895226648078e-02 3.597698255701571313e-01 2.108133252045677267e-02 4.484576186507196333e-02 1.684593134052763952e-01 1.245604707487597690e-01 1.797507876467435983e-01 1.228692318396576166e-01 1.100578549010584745e-01 4.335898592058163858e-01
6.509872014719796374e-01 6.859238404494009608e-03 1.002746253475358951e-02 5.420338707571302483e-02 4.419670813859721131e-02 6.077405390066347168e-01 1.997934326848113673e-01 4.726640614209891289e-02 2.852773399048813552e-01 8.096715151320732495e-02
1.356601541537607453e-02 8.128890003891356408e-02 1.913046316620818921e-01 9.056654913866561685e-02 2.284437560114377097e-01 1.728472100926978783e-01 2.053940304003736839e-01 2.514656288568581921e-01 2.247019307086665640e-01 3.620558076450357959e-02
2.697908899117043569e-01 7.006292773762819170e-02 5.397164152214207686e-03 2.097528855496756661e-02 6.764656394299979336e-01 2.848164766496566469e-01 1.050887560460877918e-01 2.746647519752152405e-02 6.068568664026332549e-01 8.050452523605127614e-03
3.144820417429314841e-01 2.922945638144114691e-02 9.995104410360913794e-02 1.002838986498649776e-01 1.382230529777609407e-01 2.038635490626888314e-01 1.929585205853011076e-01 5.194165222714119262e-02 2.774548210019226469e-01 7.351729335018250544e-02
2.771653445316806241e-01 3.545797476710628449e-02 3.504615854984353129e-01 1.156927043770527262e-02 3.202080166562609742e-02 5.687937827000814073e-01 9.612656299377488056e-02 1.672249319144254731e-01 7.108347365558653763e-02 1.280382070745606782e-01
2.773589604200640130e-02 1.091781122139064558e-01 6.135015596277605676e-02 1.523499424132266078e-01 1.851828686027504056e-01 1.495049693250972700e-01 1.868504937058677595e-01 1.614934522144407802e-01 8.646524951576856077e-02 3.112410127523977943e-01
7.534592055095588881e-02 2.626081827293514498e-02 3.977025280145262548e-02 1.722560421074652570e-01 5.387635174484268763e-01 7.721862907743948234e-02 1.210519590433734444e-01 7.733036626062549102e-02 2.729980930411053386e-01 2.051300728863788836e-01
4.253488955564446033e-02 3.094906062737651231e-01 2.045474812534193165e-01 1.686136551125832217e-01 1.346214844463010929e-01 1.026012705897546701e-01 4.438670103641826487e-02 1.483387226919130331e-01 1.908040511894582847e-01 8.798600193288512450e-02
1.601609496326769633e-01 2.472619831929289413e-01 7.021047339271384302e-02 4.180901853035564053e-01 9.212614782649859724e-02 1.021865511727736292e-01 1.732241612499875183e-01 1.032290459775270924e-01 1.280761709269633009e-01 1.482143080468941408e-02
2.629418012983972264e-02 4.154812785073970782e-01 9.269689303129444169e-02 2.394506200159006726e-01 2.879954215028253037e-02 8.892576849513632309e-02 3.516495644555013289e-01 2.640234875379005725e-02 2.775247313903072000e-01 1.108966946037734519e-01
1.507019843567833917e-01 4.078659022195886552e-02 1.065818209402785571e-01 2.041001042778200769e-01 3.163645730122468386e-02 1.303560079235454028e-01 1.035795536249626836e-01 2.314942743085032784e-01 3.467900914808813018e-01 1.200491050514191221e-01
1.159807142838307527e-02 2.612179650892838823e-02 2.487134337350993263e-01 4.305000982315696501e-01 8.418166817051410400e-02 1.257595082531217379e-01 3.739838112647251855e-01 1.255690683465048585e-01 1.872742832631019982e-01 4.461133549077620636e-02
6.659004657877744260e-02 3.370739444821636843e-02 2.627682215276133104e-01 4.871324720850835066e-02 3.527597946988268451e-01 2.242203423751931712e-01 5.227256101266890970e-02 3.406634956944555592e-02 1.720489758027103910e-01 3.655356906026580588e-01
4.326139678435196589e-02 3.222527582184799844e-01 2.034774720159424621e-01 1.924040712092483230e-01 2.019973499677069420e-02 2.140333549090588650e-01 7.368773423361726915e-02 9.348676482066592408e-02 3.615575443580986703e-01 4.588167620392739898e-02
1.149068751521467174e-01 1.339491767107701681e-01 2.232026191841805507e-01 1.883191019977375341e-02 1.198353900988096132e-01 9.140899780570214961e-02 1.692728605073189341e-01 1.437317166402787005e-01 3.587923618485513999e-01 8.418810451001575157e-02
4.525793469213609810e-02 1.496576408622210808e-01 2.425706873135437605e-02 6.632819222719577024e-01 1.412093546127514768e-02 1.120743587594517227e-01 1.917906654044407300e-01 1.345143128243710962e-01 2.723592538605078550e-01 1.025012813162287928e-01
6.383144838865055515e-02 2.619105682161750326e-01 7.826232150740794480e-02 1.077554784660450099e-01 3.090183982447567979e-01 1.408353941046497360e-01 7.099581971467421038e-02 4.105164235348952168e-02 4.722119744815344022e-01 4.191905163494734354e-02
2.314009085577836133e-01 1.502997295932981536e-01 2.717627381139228748e-01 3.224830754069275135e-02 2.183960070772416051e-01 2.228639629826876800e-01 1.222785409277103719e-02 2.868505701479477921e-01 8.791228492739151801e-02 4.616263061297921216e-02
1.995234792933560375e-01 6.133028493375856927e-02 2.090715387076558240e-01 6.369407974170596121e-02 1.190006475844484352e-01 1.043093385125502537e-01 1.579719999937900243e-01 2.223483167732051569e-01 1.043603616607970269e-01 1.372881948279488784e-01
1.321310058101904938e-01 8.723214489486195988e-02 2.371740104978694030e-01 2.368272059417199371e-01 1.734769491644303774e-01 9.806582974607845615e-02 1.940233859547568773e-01 1.238980991757589606e-01 6.489052418931981481e-02 5.168348881670664641e-02
7.385773867134198811e-02 1.290954201252542816e-02 2.493473541660999604e-02 5.393359322833732872e-01 1.926706296442863842e-01 1.446898319810605571e-01 2.159310955258010589e-02 1.659660282000713916e-01 3.598392010468075553e-01 1.804807466424883655e-01
