3.088855779692329939e-01 7.664679913144258894e-01 2.812768933566187624e-01 3.082301045862326783e-01 3.057323557905258227e-01 1.548814691798285348e-01 4.519909266906557699e-01 4.986330974994764298e-01 3.661879581854214361e-01 5.577136254275890659e-01
1.010912511969983829e-01 1.408658641010858692e-01 7.175805163853128388e-01 3.208870377824502018e-01 2.415019247877830399e-01 7.416821021597409525e-01 1.801377827527520237e-01 5.224770066630142207e-01 5.575966063089858871e-01 4.761799078618770831e-01
6.073542846159851738e-01 1.981660007600666851e-01 2.224521750566284817e-01 4.319493197067922896e-01 4.805515228724884791e-01 2.984501900486379311e-01 6.152398828131795394e-01 3.023361786444252464e-01 5.652680184907006300e-01 2.782324269910810277e-01
2.163051472017411547e-01 4.595237152639569111e-01 3.989958133455779876e-01 3.587180348315089917e-01 2.724151806951010668e-01 2.835368926824142211e-01 3.108656718072325131e-01 3.369373261947794518e-01 5.932249003301135470e-01 7.694773176475769860e-01
6.697671368764330779e-01 5.991278445330026903e-02 3.373637973805642121e-01 5.685112074911015112e-01 2.707829568876956583e-01 4.623964312900083473e-01 3.083570034207087085e-01 2.518130648413141048e-01 6.196721113904870570e-01 4.514235059683752160e-01
1.869377755870482716e-01 6.520058055990249901e-01 2.992263939297840625e-01 5.581935670372035752e-01 3.008981053292797969e-01 2.414511010687351855e-01 5.944614318588301582e-01 1.859875385610252341e-01 4.802714594907412371e-01 5.005668215383369812e-01
4.673190797024092680e-01 3.530549929174807144e-01 4.792039195294434673e-01 8.006841366724890552e-01 5.004884879267725850e-01 3.371584052179967261e-01 3.291558011556777186e-01 4.014764782233256613e-01 7.871905554775877889e-02 2.527396431066548654e-01
5.792376373678412849e-01 4.540162546502922725e-01 3.939126826168070639e-01 3.685323977702067433e-01 3.465388610848404438e-01 3.372712660727672507e-01 6.064160486311063192e-01 1.990534547695128054e-01 2.517327840785245074e-01 4.632886129581087475e-01
4.388350438509218687e-01 2.091556028228813979e-01 3.744455778917366029e-01 5.817288139556289206e-01 2.709369835830945927e-01 5.138775193811311315e-01 9.195909600587175159e-02 9.110958450683601662e-01 1.173096584484407956e-01 4.906558589919283175e-01
6.743994178018266616e-01 2.857288415926759750e-01 7.951477965655812108e-02 7.737090093438963034e-01 2.384123655728698776e-01 3.156092684673154070e-01 4.228114909971522062e-01 5.425333749758756152e-01 5.432648382136924248e-01 1.240166133781300528e-01
4.320118795005005174e-01 4.184144405367638542e-01 3.655126858800444856e-01 3.086489113779801174e-01 1.828601107307830931e-01 1.812480082995305275e-01 4.697601211643667174e-01 6.464167236904296843e-01 2.957168735236875845e-01 6.994102452959121141e-01
6.290277092613261178e-01 4.053226957935089914e-01 6.068068318935070371e-01 4.823151559746650663e-01 3.304908749078787622e-01 2.899058644044602562e-01 2.913344087185057996e-01 5.859862126323205356e-01 1.692616157382255959e-01 2.095486306756008665e-01
7.471043688443509412e-01 3.916498352605058408e-01 2.676659935901785081e-01 5.026622334003694181e-01 2.604194906275032473e-01 4.674413002081288515e-01 1.084922994671651819e-01 3.884603140030721269e-01 5.638209373637472765e-01 3.022832272349842420e-01
3.757691100005726703e-01 3.993538095989468961e-01 4.167595718755229828e-01 5.318658342122297711e-01 1.901959944928978130e-01 2.877555468001066208e-01 2.563843889608946602e-01 6.911810363174084593e-01 1.358957816801675822e-01 7.148389260612623142e-01
4.011035653224005459e-01 2.965313656177312462e-01 7.259569037314237416e-01 1.385988878559588078e-01 5.220750804588971672e-01 4.632070494118728510e-01 3.670438705419954983e-01 2.818436280068978839e-01 2.734866267862963163e-01 5.301530222665185033e-01
4.583966754183267933e-01 5.023595354636694044e-01 3.209771467461794425e-01 2.798483739526356207e-01 4.920783368458543361e-01 4.271747845246814390e-01 3.091827846035987148e-01 4.921482242603854029e-01 4.440540141290702514e-01 2.737801240555982618e-01
3.780178110706384209e-01 3.472602278549537513e-01 5.007734016134803845e-01 4.586172573357162330e-01 3.972573684385233839e-01 2.227813031288958245e-01 6.541449473841461915e-01 4.113185702323395310e-01 3.454293241720042262e-01 2.843997887693117121e-01
3.136715239116824594e-01 5.172662802333084509e-01 2.638431273689549328e-01 3.295396714918386039e-01 2.961462552437369999e-01 5.197801706536576694e-01 3.213773055979191051e-01 4.324003219945681264e-01 4.084086348996949223e-01 5.975667086046470011e-01
4.809467098950250818e-01 6.040203749020731649e-01 1.778587418079769500e-01 5.083138097230868180e-01 1.069785632524029584e-01 6.911863901543762179e-01 2.814114643989868991e-01 1.188942671096648307e-01 5.547370784511569397e-01 4.756526003052434781e-01
3.695189911307881769e-01 3.600672509055752868e-01 4.251950414015344126e-01 5.498731834512008421e-01 4.591672003548180614e-01 1.292609358261890273e-01 2.217485485142986212e-01 4.338156133733932496e-01 5.518432214062716223e-01 4.995100136359387211e-01
1.762207051233011246e-01 2.213090725062383246e-01 7.580441447785049025e-01 6.014705699493529956e-01 3.667138146212787220e-01 1.414342823604102795e-01 7.594263274547217168e-01 3.777674323825834790e-01 2.875281918398626679e-01 3.100854589837432895e-01
6.506671756456555711e-01 4.412641383001752460e-01 3.098115627640783964e-01 5.064484822612771442e-01 2.907942467247698337e-01 4.444332403836045442e-01 1.814229217517863146e-01 6.663504501517641954e-01 3.587327445591215191e-01 1.500750374577613788e-01
6.385712825879084065e-01 2.729382494593624031e-01 5.565274075385330255e-01 4.932372189406133423e-01 2.336908491103609209e-01 2.674003300107375969e-01 2.260568207410876551e-01 6.709713697896382278e-01 3.090018527852083086e-01 3.316046190365490309e-01
2.025802596620806806e-01 1.476580347578112240e-01 7.934573386457539623e-01 3.979098552417570933e-01 4.309357970379890101e-01 2.921913551199327719e-01 4.906034915715540845e-01 4.787999906250409721e-01 3.951872339963116154e-01 3.706766433417685302e-01
1.548257479852130358e-01 5.735472322874879403e-01 3.229375531800786625e-01 6.233832986796467024e-01 1.367282169946273940e-01 5.775229471363826361e-01 3.405023644264901783e-01 1.481812168289696474e-01 5.562515247776884664e-01 5.661198977034161972e-01
2.725264259318079807e-01 5.081948929065023268e-01 1.425229012669966822e-01 5.150529140492450253e-01 4.861325404742328771e-01 5.681776596871372931e-01 2.893995571389872956e-01 7.261433396992922340e-01 2.510184763351555048e-01 2.408312925106477764e-01
6.437079933927015718e-01 4.192994161527361374e-01 4.851324826700117998e-01 1.817267462346803253e-01 3.540230469127985113e-01 3.759092877142389266e-01 4.950236547490713956e-01 1.864127690014657501e-01 2.207450718734088324e-01 6.380195312988832246e-01
2.514071822190865335e-01 2.460164088928719350e-01 4.418438887131412307e-01 2.500750890084851852e-01 2.415250649021933038e-01 6.958174397364538244e-01 4.798977188969247853e-01 4.006558568362941219e-01 3.983394146838904470e-01 5.944219361106670707e-01
4.702929403981361833e-01 3.923595364024327070e-01 6.203208994354931782e-01 2.098029141435893141e-01 2.805599209057199062e-01 5.476086943518985173e-01 1.573811669343085917e-01 3.825392901901477072e-01 5.236898050290124118e-01 4.154448322092649248e-01
5.826740091830862056e-01 2.630135103042292588e-01 4.985093592666660633e-01 2.910548104362236099e-01 3.126482118893326168e-01 1.526723292097694196e-01 3.952198270259445478e-01 4.218335000353728992e-01 7.955205942928073037e-01 2.868538483565613584e-01
2.420617196051372821e-01 4.585796994609765420e-01 4.001023708091558384e-01 3.610999699702441834e-01 4.667414062968911481e-01 2.877670958673079760e-01 5.954735384369037599e-01 3.892660854443096841e-01 5.530219443985393557e-01 2.458861697105338140e-01
1.339121779828513492e-01 1.334680122117205547e-01 5.424098109173747240e-01 3.893712076777606779e-01 3.238027568472974238e-01 4.625582840439587673e-01 5.969846941700838183e-01 3.747415697041608373e-01 4.026101968690136701e-01 6.401412895757718768e-01
3.663641713804629552e-01 4.495266492072577114e-01 6.254585963401388948e-01 4.636685070623332572e-01 2.559780504471592111e-01 2.366336674610718394e-01 3.229752621714196970e-01 4.477879824671609499e-01 3.568909326157205242e-01 4.747161808472777356e-01
3.578006344528656402e-01 5.503214706982064719e-01 2.160922506689853251e-01 6.443408085517897677e-01 1.636310320518205574e-01 7.831424029714685320e-01 3.912400056904288270e-01 4.382418313844542168e-01 2.575525340343858272e-01 1.976370294955852591e-01
5.357014424711274980e-01 2.636241254335868200e-01 2.735763219650018119e-01 5.110093622792577506e-01 2.495694879835697877e-01 6.643385538343277164e-01 4.351150580600044449e-01 2.941271307585574535e-01 4.595492279109195666e-01 3.133892893036398508e-01
4.674870803261980678e-01 2.995597332252902811e-01 4.817274541088659157e-01 5.085783026430377163e-01 4.969205187030008020e-01 1.705331455036904198e-01 4.079406391128825859e-01 2.232629898508732003e-01 5.860947872505626322e-01 3.578953492756081212e-01
2.737194764908185141e-01 4.626900306471257163e-01 2.740390037568264936e-01 8.480774725750126475e-01 5.868132384302679472e-02 2.192383571889602034e-01 6.782097926511458930e-01 3.248865007544361472e-01 5.993570554763605340e-01 2.611009866162838366e-01
5.816385240495515196e-01 2.955887797927904126e-01 3.068678314630804982e-01 5.243184111964467320e-01 2.546497918702517738e-01 3.776558915773832181e-01 4.991817001062798798e-01 3.775432383599678920e-01 4.126387321291026256e-01 3.699170994551499447e-01
4.152278085619693915e-01 5.442363284928537492e-01 2.494294342523213914e-01 4.983037066475872745e-01 2.872567384555022030e-01 2.296670095055240723e-01 5.158207183480661984e-01 2.925795337244997407e-01 4.545212038214569983e-01 5.129575181902111813e-01
1.790870516979442273e-01 3.120984504465751375e-01 4.158603749127703919e-01 5.331296717194251578e-01 3.489962522286412794e-01 3.042607577861241586e-01 4.680387315438828133e-01 4.074078789384275590e-01 2.990289385002864453e-01 7.320918922259267436e-01
1.160916875451455388e-01 1.826879161374620197e-01 7.750991064951401333e-01 1.475251306816784957e-01 2.985610649481501566e-01 5.724602118582882149e-01 6.074362523561358529e-01 3.900257831575896228e-01 5.538769032108239454e-01 3.562359436095816068e-01
1.895867530461691486e-01 6.971112693808656502e-01 4.002417460520433790e-01 1.605151606717157009e-01 1.252234827029831965e-01 3.620848868254046837e-01 5.614128170059312639e-01 3.104693687826942106e-01 5.831054474442483038e-01 6.102490680879384399e-01
1.828679070429264364e-01 3.677355897634760340e-01 2.987499815376412626e-01 5.639523615529903333e-01 4.214113941942610464e-01 4.248631701239637959e-01 5.592890224827329337e-01 2.739647741452335694e-01 3.264278685089276322e-01 5.807379306478439585e-01
1.756112561764400226e-01 4.333565905850426114e-01 5.634169907615884654e-01 4.720526936399407902e-01 3.591113057513628526e-01 3.498834749062045280e-01 4.859374327074639788e-01 2.219514791418350508e-01 2.318846113723049274e-01 7.067941649578308727e-01
8.081140530329138372e-01 5.736870692992285248e-02 1.033419465667805293e-01 8.316251532777754196e-01 1.066032940946253088e-01 5.937996142109333020e-01 4.470799571960624164e-01 5.234735994764485589e-01 3.741163925578326888e-01 1.544772826566988277e-01
2.060048016639578483e-01 2.254196178466638389e-01 3.882611701582418529e-01 4.032874644539717890e-01 4.487787538311892033e-01 6.310794176558578439e-01 1.568685822957062159e-01 5.698093064947762354e-01 7.269105908511183101e-01 2.435802947485258829e-01
5.353125465420908169e-01 3.039396995837326809e-01 2.583724121103764260e-01 6.558442330861055103e-01 3.058717306886747922e-01 2.583214282675181384e-01 6.367250587929598193e-01 2.440527963111581988e-01 4.262894660733476115e-01 3.752706285440268186e-01
2.246355914104938567e-01 3.032673116363253651e-01 5.331387063424726236e-01 5.478636592849603915e-01 2.524916558070051664e-01 4.621232886428537912e-01 3.927270221678542672e-01 5.103977140772444354e-01 2.910544177479223449e-01 4.823006328828726152e-01
5.373967738714355846e-01 4.057635479756211971e-01 3.582979176818201217e-01 1.031075521060765138e-01 7.503682661610483473e-01 2.135119383080781863e-01 5.659424877446632696e-01 3.949884575906604245e-01 2.711745835848937691e-01 3.994484749756972986e-01
1.681816687390150777e-01 3.071430810325241345e-01 4.933000053580101629e-01 3.138876530161258671e-01 8.701786611019703965e-01 5.674921779764416918e-01 3.475380284591799152e-01 2.302859273486551062e-01 3.526917473062193276e-01 3.493010496618550453e-01
3.616441939570104180e-01 7.343301851181927020e-02 8.396735613421579814e-01 2.021495433322988144e-01 6.527115352667980375e-01 2.278314375757249377e-01 1.333298370884709594e-01 4.559281603733811861e-01 5.035005709009159336e-01 5.497981416514168274e-01
3.850046512153201816e-01 7.360275209823101683e-01 1.567955465213728972e-01 5.014114371067371900e-01 1.913930023058980079e-01 5.278560380126393614e-01 2.794897029876828309e-01 3.617623842031775228e-01 3.546353019030551446e-01 5.056244147617887652e-01
1.250125983581667488e-01 4.676960636804300409e-01 3.303944048755079743e-01 2.585796040408396834e-01 4.423029492957233910e-01 4.489870852650329480e-01 7.162323740933933536e-01 2.805298711565555880e-01 5.760678160382866064e-01 3.541972331960617781e-01
2.959071825410810042e-01 2.568485707709506904e-01 4.640856043473302051e-01 4.523279268713577550e-01 3.629297345293636123e-01 3.967548109886145369e-01 2.072272958383971631e-01 6.932826645179738234e-01 2.661207973518625036e-01 6.045154122430682619e-01
2.789205277812480954e-01 5.755669516250786488e-01 6.484890469656647838e-01 3.298271404025839848e-01 2.894405649923406654e-01 2.880843938923172143e-01 5.999810442604460725e-01 3.304171178936173292e-01 2.386369975757270667e-01 4.206362146109751121e-01
3.903814517574099030e-01 3.572816679456980449e-01 2.798754111200190131e-01 1.949154976473077006e-01 2.521793802865229805e-01 4.753124404674262671e-01 7.531500510081907684e-01 2.107190428778504265e-01 6.821354831213279901e-01 4.040495737682496813e-01
7.429432544049221487e-01 1.563617978541637643e-01 5.506444973653308317e-01 4.279551896275917700e-01 1.950369255304097993e-01 2.669281610860753662e-01 6.313911376945441356e-01 6.851953143149880354e-01 2.056823333981112056e-01 1.378613887238570035e-01
2.107957778009336147e-01 2.702380415462873886e-01 6.399936974676094792e-01 1.281566125981662141e-01 7.378734644453462943e-01 1.820345027879625155e-01 4.489976183386532038e-01 4.907199003673715643e-01 3.298468809909212429e-01 5.613435036567501202e-01
4.340104979970802468e-01 2.598019836829774665e-01 3.769791782303346661e-01 3.803891539513161169e-01 4.967691861960075173e-01 3.919854487553108280e-01 1.314075472627928565e-01 7.969300354721146062e-01 2.469961498731813032e-01 4.847308185788840040e-01
1.468398312458652766e-01 8.106278854574788806e-01 1.937611490152596483e-01 2.729517219588866173e-01 6.364244909590356380e-01 2.708406244576044286e-01 4.693636690481012286e-01 3.082633326693899889e-01 2.510337331147666218e-01 6.398935620736112551e-01
5.432737821567109604e-01 4.010806448478492214e-01 7.622210304358575939e-02 2.140173048955550383e-01 6.911867016673740594e-01 1.742595042155899443e-01 5.081500214901973900e-01 4.945760010391978545e-01 5.072468077645828632e-01 3.899871288793574364e-01
2.627172854259854917e-01 7.326320808830616427e-01 2.582817788661552205e-01 2.138820969474357070e-01 5.553990837036644201e-01 2.043400863845392934e-01 3.376551977935287052e-01 6.139107213439018995e-01 1.767411707469371818e-01 6.444404979047893001e-01
4.618573085915081422e-01 2.983892124570589610e-01 3.673445383403502462e-01 3.529896792995298460e-01 1.590084213981378947e-01 3.579781397600546589e-01 6.035293314654388563e-01 4.125846408594259773e-01 4.676063404279202640e-01 5.187123874005774571e-01
5.776886867540227399e-01 4.994715591574695468e-01 1.958740575090164582e-01 8.070470440524286637e-01 6.834958642583411903e-01 2.982490453982526990e-01 1.339740323694232627e-01 2.455911928852463066e-01 3.000075113753489786e-01 2.586010062404487386e-01
1.669097437774107739e-01 4.495520685743993328e-01 3.545169459188587391e-01 5.423556571274126270e-01 4.718162649142628728e-01 3.591272879901516446e-01 4.649270509712912225e-01 3.722962287588891250e-01 6.728776933488147538e-01 1.456210586185058553e-01
5.788818127448414064e-01 1.538861967938437714e-01 6.590441152341953712e-01 1.660353391675202517e-01 1.459166214787176175e-01 8.390317856820179721e-01 3.675371578167584419e-01 6.061153143538071664e-01 1.452276986848325957e-01 3.383239580434606042e-01
3.860173552235365291e-01 3.368670490629978032e-01 5.080766835226737665e-01 2.925910884360386488e-01 5.535543655956345344e-01 4.715399007295236755e-01 1.620100751537028316e-01 3.875012842927658685e-01 6.701729126167754735e-01 2.316692853663545881e-01
2.593178331323004460e-01 6.234826207449800650e-01 3.297527851930323051e-01 2.498809831795928971e-01 7.369992395221585113e-01 2.068873977251247664e-01 7.505925766666570187e-01 2.692026640572200424e-01 3.518983890512675794e-01 2.219855107276669515e-01
4.191695462252407189e-01 2.606633336741180917e-01 4.518313978731069991e-01 4.005138284381749014e-01 4.135956838985520023e-01 4.270820219157648312e-01 2.708579968184737230e-01 4.054489777272451967e-01 4.677759344786599494e-01 4.830612789506731897e-01
7.348676919672072483e-01 3.106675463817158978e-01 1.740615526850577688e-01 8.222244413878828651e-01 2.603210143887039196e-01 5.691325111195720821e-01 5.581435569352891646e-01 4.079025962843993991e-01 4.774567326534270850e-02 1.149334155848379946e-01
3.611457327920100102e-01 3.493380261335481407e-01 8.203587306839719151e-01 2.603404882578973512e-01 1.294860143376190820e-01 7.562331851609624955e-01 1.992702147435977955e-01 1.908832576322518626e-01 1.740990180003744725e-01 7.588453322577681792e-01
1.164676990695624192e-01 3.820745438545758432e-01 3.747828440435994612e-01 4.466256159348738208e-01 4.365259893347192555e-01 1.703091426671090036e-01 3.164931016100606676e-01 6.850656964817176675e-01 3.196539809414661315e-01 7.520013860623130375e-01
2.626167737452418938e-01 2.191971127804892561e-01 6.326552509876512964e-01 4.631549109476366666e-01 3.425341855854475703e-01 2.456663939921419904e-01 2.439634770370566752e-01 6.315636851970567456e-01 6.145838980431546084e-01 3.440643116841228810e-01
2.683772200396098984e-01 6.852165107901542207e-01 4.484098955941648867e-01 5.871642197517272788e-01 3.513384264837060011e-01 4.927347552779431372e-01 3.078198456194798371e-01 2.799987745229858827e-01 2.208942799983573124e-01 3.580460719218612753e-01
5.206014511532781608e-01 2.970765425575005447e-01 4.767359600001030429e-01 4.370086929633261175e-01 2.370759422080780388e-01 7.242134884388848892e-01 1.381670728663626502e-01 1.541405674103480394e-01 7.414268208949894579e-01 2.735534615071327780e-01
4.003032272631551480e-01 4.707947066555560611e-01 3.443376423710123868e-01 6.947952963263664961e-01 1.674536066367872666e-01 1.304813494268963758e-01 3.993131809148728895e-01 4.913302884356953171e-01 5.490279354291094371e-01 3.521627665405549501e-01
2.505096144078450271e-01 5.821801031956032046e-01 2.545831640690123798e-01 6.180838298758002392e-01 3.385294560920362184e-01 5.391973007320096656e-01 6.625396094639162126e-01 4.661754930963037391e-01 1.261284353030547312e-01 1.620729937644266039e-01
2.486608776414193922e-01 4.968377157863473892e-01 3.415362170591556001e-01 7.380498343846247922e-01 2.101112681358254797e-01 7.151446303524986448e-01 2.032846335878206734e-01 1.002492423453368586e-01 2.689546868197417728e-01 6.771708938872204042e-01
2.166162574431729493e-01 6.235322635466060692e-01 1.701747587203756851e-01 2.504932877888074727e-01 4.471476606193474090e-01 3.917070374696902668e-01 4.614859529191426835e-01 3.911147071884853998e-01 3.711613627837532792e-01 6.765667115206268623e-01
8.120459839461329210e-01 9.790441267949270832e-02 1.330340983130029464e-01 2.986280539866471573e-01 2.405989664426215757e-01 7.862280490817928902e-01 4.989453977776645566e-01 2.476900225335763317e-01 5.630154654511121404e-01 3.219095497879609358e-01
1.408207655749073028e-01 3.279948894838938811e-01 4.733681749957072138e-01 3.380143462906906038e-01 5.118564803011732556e-01 4.530063639589093083e-01 4.889688587172195677e-01 5.330413595038033803e-01 5.081342349427437899e-01 2.247945262309571368e-01
5.583679139698706217e-01 3.150234974937600185e-01 9.451743264348264062e-02 1.769681258794607581e-01 8.274288676409593535e-01 5.703702407630784066e-01 3.758175005817536718e-01 1.934156213016677839e-01 7.864622561004239731e-01 1.016285436255308094e-01
5.885419866872914074e-01 1.966717682454001970e-01 3.618465218829079455e-01 3.530835157203477404e-01 4.113384276049832922e-01 4.867983874387796783e-01 4.782906739874640545e-01 2.598970405813053608e-01 5.573170257361241831e-01 3.062146521154012202e-01
5.597282992941969848e-01 2.165383789541125148e-01 6.175205806915471385e-01 1.261502109868917199e-01 2.167166444390195013e-01 7.630795748996402894e-01 3.505390870461605468e-01 4.448206422042554342e-01 3.040533766780740832e-01 4.008532048060968744e-01
1.906647735238799490e-01 3.793778327877641576e-01 2.798545717518337028e-01 4.299706961757157053e-01 4.663967004847411890e-01 4.258821373074950234e-01 4.687304405720345013e-01 4.420157616603492823e-01 3.315518968732527050e-01 5.855551888629362267e-01
3.158299233799731209e-01 1.923423313868889983e-01 2.329426664453098927e-01 4.568011943321845791e-01 7.442597470757738032e-01 3.142282220050885977e-01 3.889558174944413027e-01 3.140075692892607684e-01 5.527844215215016455e-01 4.878481070695805388e-01
2.371695768268825000e-01 5.837056047622248833e-01 4.871681699029264956e-01 4.483439565418761985e-01 4.050431102447102361e-01 3.613012186603027365e-01 2.406544449196910129e-01 4.259935573919219620e-01 4.721896917275611449e-01 3.384306690219009983e-01
4.459367156823429990e-01 5.307686490362845122e-01 3.017758863499577227e-01 6.647410088057402744e-01 3.430442131493778857e-01 3.578128274356832672e-01 4.533742167733925132e-01 3.586843312344133450e-01 4.043142016925610482e-01 1.395479498402352470e-01
1.886507023992827214e-01 6.630398508345677344e-01 3.412428422008769169e-01 5.229020828146304645e-01 1.966476222004655550e-01 3.435437833980602429e-01 6.175706541634639057e-01 1.859377576875442251e-01 5.595955873803866165e-01 3.808691169207143457e-01
4.285324702710741063e-01 2.318666268429792343e-01 3.690428752944101554e-01 4.893284784369419382e-01 2.037531320926793954e-01 4.044661113341516123e-01 3.596392152992857749e-01 5.149346117170159332e-01 6.132114569947622051e-01 3.852250217166989232e-01
1.351440257669078437e-01 1.909558845432057783e-01 5.335600908492295069e-01 6.731973685087540016e-01 3.281454712564061404e-01 3.957434419595585173e-01 6.332238312964695304e-01 3.931790368220852705e-01 4.689068189628836092e-01 2.479440300344981640e-01
3.013447160940950220e-01 2.120775899809249909e-01 5.449526699503595140e-01 2.518776563325642592e-01 6.184575591860510535e-01 5.076063411243547652e-01 2.671489403802317364e-01 2.130287536840244633e-01 4.570452667813907910e-01 6.264605064860070405e-01
2.439955262881452758e-01 5.940694967967230511e-01 4.874038251876779970e-01 4.805936418254694864e-01 1.621703273543824986e-01 5.013468352738957856e-01 3.098409407214062217e-01 3.465001374721431437e-01 6.233866282271776083e-01 2.506926408529731587e-01
3.806154178036589841e-01 4.042212854819129397e-01 5.108358554831988751e-01 1.564016855846587228e-01 3.944451324401865300e-01 3.383690543557792418e-01 4.492640214049613001e-01 4.171300685892687099e-01 6.216638620213308375e-01 3.270536168350465234e-01
2.423121179346953147e-01 4.382670033928233178e-01 1.786351415774849460e-01 8.192200188288434326e-01 1.376033635640824815e-01 3.856766472490040787e-01 4.751417987162956380e-01 4.070893665830560004e-01 5.517063277822581435e-01 3.643482143714595889e-01
2.929328076463135200e-01 5.419357247569618341e-01 3.170725311465945606e-01 3.690550591088584964e-01 5.826097118145809883e-01 4.139235451330653404e-01 3.075217789705824711e-01 2.350039772864477849e-01 7.013601973837109149e-01 2.385846667528921661e-01
5.143060194849835565e-01 4.249329048802503173e-01 5.522387036498286328e-01 2.064057965573529163e-01 5.062540236909283120e-01 5.136167956163566473e-01 1.259820467565884727e-01 5.677913139053286651e-01 3.405798462502569457e-01 2.478925492081319182e-01
4.832180379812767157e-01 2.807764623348366628e-01 4.926760925096073662e-01 2.863964526167296909e-01 3.852155089624457185e-01 3.601586477809518017e-01 4.353887189799457991e-01 5.049971963165642563e-01 3.619276245364619338e-01 4.092452579811711733e-01
4.035038044350575115e-01 3.322084381021670474e-01 5.202542426709850787e-01 5.192770950460945389e-01 4.539762780953255916e-01 3.507781073628147839e-01 4.760132193991207239e-01 3.905124307738230272e-01 2.933161824928186556e-01 2.601602016218070856e-01
3.163289283770061577e-01 1.401368992628250765e-01 1.898315272427701650e-01 7.449161423177617092e-01 4.782677594796934661e-01 4.235368852689121444e-01 1.691658549193245653e-01 4.524746557068649588e-01 6.231072077078216864e-01 4.622341397170198207e-01
