2.966247313535145258e-01 3.239429596551169910e-01 2.946827406363653479e-01 2.904390650426550979e-01 2.943196890564601653e-01 2.808133390134995855e-01 3.055998991620011429e-01 3.060850435191626584e-01 2.999805646012702054e-01 3.075119679599540579e-01
2.755410282624606300e-01 2.866175411444063514e-01 3.224067388350445595e-01 2.994426176314263222e-01 2.915530721565995353e-01 3.224151678309009617e-01 2.818172655257660808e-01 3.048011582693158639e-01 3.121786574796902025e-01 3.032267528643843857e-01
3.104734545007227231e-01 2.861345928065555655e-01 2.925143631915355091e-01 3.038434778352435695e-01 3.064624067773413785e-01 2.947755307312994733e-01 3.119065639333987727e-01 2.947593004430950625e-01 3.065649179970615368e-01 2.925653917837447437e-01
2.866992394008610612e-01 3.037784099665198911e-01 3.002998875870889206e-01 2.980093452013398703e-01 2.910490082055918748e-01 2.924031352454337096e-01 2.965595113627821910e-01 2.937881263844409618e-01 3.134176344021599725e-01 3.239957022437818801e-01
3.177439984511036819e-01 2.610668495350288998e-01 3.041828561608830306e-01 3.111677967714474580e-01 2.936282661187057941e-01 3.026085536390939468e-01 2.953334170408282722e-01 2.941323157160587454e-01 3.109009243519594845e-01 3.092350222148926298e-01
2.846430997037079913e-01 3.129627404469180751e-01 2.955415110937597012e-01 3.072821285071729580e-01 2.956390718635830139e-01 2.905852690720404086e-01 3.098451881405437369e-01 2.840176855336525863e-01 3.094453820290080648e-01 3.100379236096134639e-01
3.039802874942197919e-01 2.964130412301696493e-01 3.061110579220502337e-01 3.313709966332748502e-01 3.063893139032739521e-01 2.952269830658552641e-01 2.947903728077139740e-01 3.021343544989356644e-01 2.682848887199439925e-01 2.952987037245630164e-01
3.129538843579907637e-01 3.031470472925297810e-01 2.996470546341206131e-01 2.975628406255125258e-01 2.955323455911672004e-01 2.975372950055832355e-01 3.119404191708021190e-01 2.867934214757756894e-01 2.911468563369556950e-01 3.037388355095631542e-01
3.074935919670526152e-01 2.886646043614857771e-01 3.004711675185296471e-01 3.121358907331155397e-01 2.883308288794851348e-01 3.038186737328809617e-01 2.704211294840529467e-01 3.400391312889953777e-01 2.819960372683394390e-01 3.066289447660636713e-01
3.201462201734650015e-01 3.030070167927770841e-01 2.696313749913107349e-01 3.230004087806980229e-01 2.937305924136853763e-01 2.929299433304323186e-01 2.986607047798734427e-01 3.126131226879181324e-01 3.097802085376019643e-01 2.765004075122372562e-01
3.038743586943825625e-01 2.988595005191497234e-01 2.977336780784386461e-01 2.940574605107967310e-01 2.865590161681954018e-01 2.834268706438206054e-01 3.070293661631122717e-01 3.161255814116116780e-01 2.931845422874056473e-01 3.191496255230878432e-01
3.129947647565346491e-01 3.023624885370959081e-01 3.120614402435455959e-01 3.069725438830451791e-01 2.928544655924117945e-01 2.939675948988408338e-01 2.940272694860513458e-01 3.098181835688822439e-01 2.848775663617241771e-01 2.900636826718736572e-01
3.255191008836975097e-01 3.033490795966903852e-01 2.881437676528174618e-01 3.069394643432664660e-01 2.879763878797724774e-01 3.044852911599592038e-01 2.706735772924759309e-01 3.059014844017877710e-01 3.111846810456532220e-01 2.958271657438771851e-01
3.035622090109381110e-01 2.972543992050045158e-01 3.036673116513008974e-01 3.088498090835102294e-01 2.835005378665649833e-01 2.970102848857426592e-01 2.931353122761666818e-01 3.170705031677228947e-01 2.764818094197603049e-01 3.194678234332837818e-01
3.002401162904512755e-01 2.971550457398222100e-01 3.207395065671444501e-01 2.774103752954329982e-01 3.079204809911892937e-01 3.060682111655884663e-01 2.967418172209408400e-01 2.911518022737251687e-01 2.926202435662810797e-01 3.099524008894221638e-01
3.042544107224490757e-01 3.070849069410453991e-01 2.946713509428153799e-01 2.919098870415970381e-01 3.061780635314814702e-01 3.022928443520485065e-01 2.933691400994411502e-01 3.062926253645647523e-01 3.037562916904157362e-01 2.901904793141442118e-01
2.991636827895448603e-01 2.960628504946105632e-01 3.064226377951007607e-01 3.044748099110065054e-01 2.997967328371560214e-01 2.875554058649669731e-01 3.160970934818684297e-01 3.030065575692919566e-01 2.950744776697743488e-01 2.923457515866785261e-01
2.950613512110204506e-01 3.063105828572669220e-01 2.906883295423552949e-01 2.973799852513820952e-01 2.929622615420822695e-01 3.072980397822548393e-01 2.955697594795174687e-01 3.004907012430629853e-01 3.026417683212984100e-01 3.115972207697589869e-01
3.078987352484299223e-01 3.158089635445964216e-01 2.788988635526233884e-01 3.072714393650487485e-01 2.701222063548655017e-01 3.203064524675959257e-01 3.005735686814623442e-01 2.787989710521940334e-01 3.129801636584302327e-01 3.073406360747590327e-01
2.981783912991406993e-01 2.967771458018288455e-01 3.004899247423002961e-01 3.112143708960373178e-01 3.049923291998927199e-01 2.789768869388759009e-01 2.911640299211045724e-01 3.012920706806354043e-01 3.111547093598248104e-01 3.057601411603656505e-01
2.873558431140096903e-01 2.908766215927773846e-01 3.213714433603520604e-01 3.125023314977850575e-01 2.976878749147945369e-01 2.814751027760080682e-01 3.228535415938357800e-01 3.028795945109025167e-01 2.883720090067494191e-01 2.946256376327840432e-01
3.175387205167825022e-01 3.061750134384991773e-01 2.918246217620633631e-01 3.066753370226590336e-01 2.914207898913941941e-01 3.013181010074036381e-01 2.820671757913384980e-01 3.193254975579138399e-01 3.040565907373241616e-01 2.795981522746239234e-01
3.155598488859204243e-01 2.906718797443572644e-01 3.094366912666398628e-01 3.075353193280074837e-01 2.858466332554060463e-01 2.924205141506986405e-01 2.884009516640110293e-01 3.173664487917541299e-01 2.957272012142664330e-01 2.970345116989329126e-01
2.899847774173804904e-01 2.838209507222817507e-01 3.254535914644902661e-01 3.017661344512562183e-01 2.977408324536332529e-01 2.941142297391433624e-01 3.053520960952017527e-01 3.061511466923693137e-01 2.988824797881765027e-01 2.967337611760719751e-01
2.771565904480630671e-01 3.095982689831341395e-01 2.963347449011323187e-01 3.112495809706053440e-01 2.768213091859834663e-01 3.127089053295070142e-01 3.013195544656737113e-01 2.824769718866892987e-01 3.157317703467270587e-01 3.166023034824848037e-01
2.907489427670150173e-01 3.071918006864945427e-01 2.775024792259269679e-01 3.061020929312660011e-01 3.087439813200963945e-01 3.070800556147825766e-01 2.940773080096323877e-01 3.213541779200897452e-01 2.940920712254576630e-01 2.931070902992333194e-01
3.162446715159316635e-01 3.016096364050914191e-01 3.057726143921357664e-01 2.821765287761126562e-01 2.990659564107674417e-01 2.987652460003783483e-01 3.058020821171063552e-01 2.869574421260248642e-01 2.881921282694047681e-01 3.154136939870494372e-01
2.919749813181498621e-01 2.899243992060543396e-01 3.007217635828828284e-01 2.903728232474703241e-01 2.912778129267095673e-01 3.184393893601979997e-01 3.067833838621135678e-01 2.966771419472127302e-01 3.026253499505967559e-01 3.112029545986129131e-01
3.023429061898026404e-01 3.025541475098235678e-01 3.127999647017967733e-01 2.890966855376747580e-01 2.929229629629386822e-01 3.075110358250785492e-01 2.811975297721103217e-01 3.012909512822108948e-01 3.077534508693264836e-01 3.025303653492392719e-01
3.080766892666411128e-01 2.920724089107047394e-01 3.057659843560352475e-01 2.922419426768596562e-01 2.991506406041102850e-01 2.812139212470016747e-01 2.975973317924607842e-01 3.032708081312274206e-01 3.258416939738235651e-01 2.947685790411331830e-01
2.915160423127775013e-01 3.030675624657693801e-01 3.010207144782602318e-01 2.974825577477371308e-01 3.029265806900544589e-01 2.936431123418760114e-01 3.101964473689302615e-01 3.016734477318626650e-01 3.074737455972069156e-01 2.909997892655316054e-01
2.826593860273627357e-01 2.827237751670130250e-01 3.079044217831766184e-01 3.010494778789816750e-01 2.932755172798469090e-01 3.033281723311889166e-01 3.141709517740310931e-01 2.968594096608832000e-01 3.030579096514743886e-01 3.149709784460372752e-01
2.975930962306762573e-01 3.032249165709280381e-01 3.164300316128318968e-01 3.039175101809712953e-01 2.895237883946596980e-01 2.908307211172587170e-01 2.948836677020198471e-01 3.020580444750620153e-01 2.974200243435852764e-01 3.041181993720085686e-01
2.998802883632975536e-01 3.102177247629369083e-01 2.859583576582671594e-01 3.105407364607907228e-01 2.802487585368597101e-01 3.243189021282988360e-01 3.049331830856023551e-01 2.994244024376871982e-01 2.936667770392183963e-01 2.908108695270418265e-01
3.067305415727599738e-01 2.922244088672768525e-01 2.924590913763569500e-01 3.049273974291455414e-01 2.896019540768368095e-01 3.180561003718376800e-01 3.065119567951745116e-01 2.910065747638190814e-01 3.034051044701827626e-01 2.950768702766123353e-01
3.036484973295585643e-01 2.939687760781142245e-01 3.051466675323631361e-01 3.098551509048685926e-01 3.074416404126242286e-01 2.803538731006572915e-01 3.028620330507161840e-01 2.864738682814893522e-01 3.112219297231654247e-01 2.990275635864461101e-01
2.914745289088015445e-01 2.987051979346347363e-01 2.952932982860969613e-01 3.293218263905563492e-01 2.649460761328455982e-01 2.984113388866862504e-01 3.175756994266526467e-01 2.985805308641312217e-01 3.107134363842750657e-01 2.949780667853207361e-01
3.108287217273105751e-01 2.943255317298687501e-01 2.948664344245045532e-01 3.068658732734963479e-01 2.908577954623535744e-01 2.989762837136235030e-01 3.061277390011136745e-01 2.991025415505292884e-01 2.986139937307660253e-01 2.994350853864323758e-01
3.026418277558952097e-01 3.086207704342127656e-01 2.900840755467756216e-01 3.041185115153562935e-01 2.933936572073816973e-01 2.895517484750077530e-01 3.056309084423508571e-01 2.929389376051498850e-01 3.051746475159080596e-01 3.078449155019649663e-01
2.850340844226358361e-01 2.941836517201483758e-01 3.001643562053049052e-01 3.086619659910725399e-01 2.958781191622996132e-01 2.938708042267788589e-01 3.053753512948822468e-01 2.993398272344732214e-01 2.964153024923988911e-01 3.210765372500041237e-01
2.811350943294024241e-01 2.923905083943835748e-01 3.243864266584276512e-01 2.836847657705189318e-01 2.917479700683602850e-01 3.093365651267201977e-01 3.114189505895748611e-01 2.982939211343894614e-01 3.090893168205999242e-01 2.985164811076254088e-01
2.809007224605878372e-01 3.206150722475561432e-01 3.034659268864552395e-01 2.845792883685411834e-01 2.812541925772091833e-01 2.996151373129129492e-01 3.105645924381960077e-01 2.921817915524498877e-01 3.130326837101244930e-01 3.137905924459680751e-01
2.830450774850655771e-01 2.985216357409565813e-01 2.918540265833357017e-01 3.112636016791224813e-01 3.016303676356209551e-01 3.026737758080041973e-01 3.106490557767248584e-01 2.923609530825381775e-01 2.969877173399224635e-01 3.110137888687078966e-01
2.841513347082991192e-01 3.026699762800377225e-01 3.124327013407173781e-01 3.029794302436152886e-01 2.960047335672478241e-01 2.979212378514126680e-01 3.037712403591374954e-01 2.886358988821371985e-01 2.929373362994104335e-01 3.184961104679884247e-01
3.235645382086873578e-01 2.676676622435112396e-01 2.876442583991819513e-01 3.266903614317768767e-01 2.750736858665944196e-01 3.146736025531788883e-01 3.094403914286291690e-01 3.080726186035075420e-01 3.030622617280720466e-01 2.841106195368635623e-01
2.899239438077750863e-01 2.895261559043570410e-01 2.994413750436415445e-01 2.986915036595515494e-01 3.058867715586767178e-01 3.161067533144405473e-01 2.760511819953730406e-01 3.114130571012007076e-01 3.240902572063344422e-01 2.888690004086554297e-01
3.076743919230705560e-01 2.929950343581453343e-01 2.929670500811351053e-01 3.173200220256464643e-01 2.974681724941117822e-01 2.913465709211386923e-01 3.139144728869161516e-01 2.893890232765429782e-01 2.989007296103621814e-01 2.980245324229319204e-01
2.878127970544021030e-01 2.947023449996741817e-01 3.102876725457672791e-01 3.107587432348424272e-01 2.886230093099109162e-01 3.038902155908418945e-01 3.006499345011545143e-01 3.062243276018951077e-01 2.925532979630762198e-01 3.044976571984440161e-01
3.107918146777426394e-01 2.996788044829233888e-01 3.005288084335158150e-01 2.721741920958226091e-01 3.193847847190418587e-01 2.882474985564856818e-01 3.108169974313863548e-01 3.043715395147207348e-01 2.929039816594355417e-01 3.011015784289280406e-01
2.842319871363983563e-01 2.972857020727083244e-01 3.027602437491958565e-01 2.969424601886948567e-01 3.353574150286509625e-01 3.084954024537163164e-01 2.934498200725466632e-01 2.914128151463614147e-01 2.944885086145494490e-01 2.955756455371754132e-01
3.024638363514693395e-01 2.675698564141073543e-01 3.261888858821995196e-01 2.892486632556007242e-01 3.119370806264040175e-01 2.939459753966041644e-01 2.854614563768507196e-01 3.049600030231371939e-01 3.086986751592549760e-01 3.095255675143765983e-01
3.042525017980152735e-01 3.218051419876208907e-01 2.792885900870226701e-01 3.065847529962333895e-01 2.822003494586622363e-01 3.089108934665930062e-01 2.922789381623230320e-01 2.991899278127465589e-01 3.001988222486040581e-01 3.052900819821821599e-01
2.770409195926750168e-01 3.034948330569470221e-01 2.943316082148182966e-01 2.929267957225093477e-01 2.995635215668295270e-01 3.052046914544630507e-01 3.194048159531266973e-01 2.941755441275338834e-01 3.111224772238158631e-01 3.027347930872824611e-01
2.963559376653778776e-01 2.918632655236009232e-01 3.039146648603623380e-01 3.050533555982275491e-01 2.963005103451057387e-01 2.993675873643832919e-01 2.875841930188322570e-01 3.157209911318877849e-01 2.929221606760029628e-01 3.109173338162177225e-01
2.898933457442359751e-01 3.114947170172199797e-01 3.178717317266022691e-01 2.946590468889347392e-01 2.931887265367111306e-01 2.936452429380879137e-01 3.125255208381738647e-01 2.978221017706714213e-01 2.875890069766259272e-01 3.013105595627350586e-01
2.972407962435095197e-01 2.973847339538711609e-01 2.939470293382946964e-01 2.874138865725314740e-01 2.871797722138649811e-01 3.069257209900870254e-01 3.225897927607458970e-01 2.859263833448322800e-01 3.173651875988368620e-01 3.040266969834289901e-01
3.180317491247850459e-01 2.807136633835548012e-01 3.121939797148164386e-01 3.068345541879460847e-01 2.896946905116397630e-01 2.900738794650184471e-01 3.147012752400015767e-01 3.164770584776809281e-01 2.886256582838244711e-01 2.826534916107309447e-01
2.914876732641724644e-01 2.943057079507169771e-01 3.136985371776629394e-01 2.748813623338632328e-01 3.171302374719972006e-01 2.842412804955911643e-01 3.068840729407047441e-01 3.084427677060723738e-01 2.986804987158095948e-01 3.102478619434012597e-01
3.050834980247281170e-01 2.904704693322804898e-01 2.964995591044068401e-01 2.986693880943105395e-01 3.059847949277594292e-01 3.003336691571496520e-01 2.796705859674828432e-01 3.256267305912278753e-01 2.937479418159861244e-01 3.039133629846669793e-01
2.789428630261913122e-01 3.280074196724517832e-01 2.934507627451637957e-01 2.944392608672812273e-01 3.158964413482558964e-01 2.924869581483159342e-01 3.011488020145844935e-01 2.948657720091979462e-01 2.906389808530253083e-01 3.101227393155309153e-01
3.097280676406088951e-01 3.032724074313434270e-01 2.742742258669016997e-01 2.943433094625642621e-01 3.166720470637242046e-01 2.838278779406165908e-01 3.057111979769440158e-01 3.086637615502059173e-01 3.042839151830981637e-01 2.992231898839954329e-01
2.914154636749403671e-01 3.213220449704674575e-01 2.980217426793760338e-01 2.873121857982145477e-01 3.081407845436339721e-01 2.870493471703704502e-01 3.006011361102389756e-01 3.133985723037959192e-01 2.828823824503235995e-01 3.098563402986423965e-01
3.033660959325235051e-01 2.936313287389871185e-01 2.965941637675695852e-01 2.974858326598642799e-01 2.819575283962789669e-01 2.999947174862909183e-01 3.137614268594589584e-01 3.009703154324453456e-01 3.030777522212707575e-01 3.091608385053139507e-01
3.143851299760902496e-01 3.088455138119764465e-01 2.843162707921541577e-01 3.249811163141225201e-01 3.175572789796806683e-01 2.934876867436256864e-01 2.838748818459125856e-01 2.913554489811972514e-01 2.922485100227086852e-01 2.889481625325342473e-01
2.864514202249960340e-01 3.013205557047960448e-01 2.963908842665039511e-01 3.100901553765162966e-01 3.059002495323864812e-01 2.979265876328538454e-01 3.016931802773252791e-01 3.012258842422463889e-01 3.156977364571343925e-01 2.833033462852411200e-01
3.107767301778436853e-01 2.778876052942905184e-01 3.108854189403938983e-01 2.806487914499514735e-01 2.915938849089531604e-01 3.316235356163212411e-01 3.023608186685308730e-01 3.111106352435036859e-01 2.850321029487998259e-01 2.980804767514129705e-01
2.980537473540442739e-01 2.957722907323727668e-01 3.056007050963107097e-01 2.916281179408243274e-01 3.111989277926846542e-01 3.075438444737060295e-01 2.799251723372688794e-01 3.040136024889782962e-01 3.189956534622135909e-01 2.872679383215993587e-01
2.924561141621770943e-01 3.153994883928446513e-01 2.969712326353834975e-01 2.943877302588193690e-01 3.203907278964963079e-01 2.874971117718754243e-01 3.195480292949716694e-01 2.934690553929227841e-01 2.943226422452459579e-01 2.855578679492679628e-01
3.012407051234490818e-01 2.909645075077250120e-01 3.027573938868867720e-01 3.003527670430629071e-01 3.009253908593600979e-01 3.013697288640042604e-01 2.919562385189899967e-01 3.001111441352340981e-01 3.045373499433249309e-01 3.057847741179624546e-01
3.243344644317830427e-01 3.003732184129340177e-01 2.863876283463534511e-01 3.303236596422709503e-01 2.898771299056992490e-01 3.055310918841217527e-01 3.109410236047351894e-01 3.010765800669096270e-01 2.639514437241783917e-01 2.872037599810145503e-01
2.959282996219833040e-01 2.930622457986237217e-01 3.338533550000812311e-01 2.960209915442489348e-01 2.777011878673281697e-01 3.211824181693742619e-01 2.877556474190662295e-01 2.892556994540073090e-01 2.821149236565793084e-01 3.231252314687040883e-01
2.755644740890184075e-01 2.991202841986381200e-01 2.959820346791646184e-01 3.033928675618010606e-01 3.022724457160143041e-01 2.817196028695941878e-01 3.022842660465915321e-01 3.178816427278056689e-01 2.998839657680493209e-01 3.218984163433182832e-01
2.940855516510954004e-01 2.870613020440083707e-01 3.142054984637421278e-01 3.053057310957694725e-01 2.937667658707734386e-01 2.919797570612465698e-01 2.891054970699882265e-01 3.141248754904920615e-01 3.151329867205447943e-01 2.952320345323378170e-01
2.919004033761156691e-01 3.172942837379125192e-01 3.066400765591232869e-01 3.100678649187449953e-01 2.987646044678669566e-01 3.040642204020638784e-01 2.943346851306312129e-01 2.941947488599405691e-01 2.858672534745267946e-01 2.968718590730761719e-01
3.027912055704999328e-01 2.930144162079815762e-01 3.059323228003201223e-01 3.018993754079615788e-01 2.921173786603123990e-01 3.191994964410886371e-01 2.851174533621367302e-01 2.870693570422598873e-01 3.196281794413114996e-01 2.932308150661270263e-01
3.016296504997776906e-01 3.022246541658897279e-01 2.992272127154511629e-01 3.175516792312118031e-01 2.874537056674942859e-01 2.826650006975229834e-01 2.989621640755650844e-01 3.058063911976909854e-01 3.084546929626053036e-01 2.960248487867867540e-01
2.905169102348257870e-01 3.091504480587919934e-01 2.902236411610631395e-01 3.111991970631854953e-01 2.970368154203796851e-01 3.062962851980442491e-01 3.212353577732841026e-01 3.045713122990049149e-01 2.786001586825842535e-01 2.911698741088319387e-01
2.894003013057495632e-01 2.997831308639897219e-01 2.982088196240373357e-01 3.171564892675725056e-01 2.875788508011956068e-01 3.180227815813025383e-01 2.928163613820692346e-01 2.830921616184648437e-01 2.965094014553841251e-01 3.174317021002351913e-01
2.862633486853369824e-01 3.102184414032028714e-01 2.826981747766277309e-01 2.941714462999011070e-01 3.018832703072613088e-01 3.008907396993982797e-01 3.050354144348140784e-01 2.986022021392659154e-01 3.028255810957640737e-01 3.174113811584240441e-01
3.253553838026153611e-01 2.774928942587490122e-01 2.862767756457786916e-01 2.946768610903768293e-01 2.876804695463581751e-01 3.294481636393199464e-01 3.071222313495995393e-01 2.883169565051656447e-01 3.064754771335042038e-01 2.971547870285326520e-01
2.832402426230884451e-01 2.964431068870576058e-01 3.031930968193381482e-01 2.964989894240047108e-01 3.060128537342298172e-01 3.046798989524117651e-01 3.043740130211719519e-01 3.103429571093923034e-01 3.056520584905325633e-01 2.895627829387745766e-01
3.090863520524682606e-01 2.961560770850489854e-01 2.828312347755910228e-01 2.939113931022005466e-01 3.307939541492351254e-01 3.097153797225508098e-01 2.963456437012999545e-01 2.896612099222612979e-01 3.207741567953261708e-01 2.707245986940097771e-01
3.096874578645827936e-01 2.847403451497106941e-01 3.000574791115371287e-01 2.965205743855607867e-01 3.017921431985240432e-01 3.076670656826989703e-01 3.062908050988745745e-01 2.905685327025032128e-01 3.078811503907274427e-01 2.947944464152792987e-01
3.104290909701604706e-01 2.850052727539940101e-01 3.099139555433914062e-01 2.755249845966526445e-01 2.966192557637112315e-01 3.256388705004162887e-01 2.990803000359287256e-01 3.002197185101234123e-01 2.954230361143351802e-01 3.021455152112930698e-01
2.838054848789566820e-01 2.999158000866227747e-01 2.904231411486232761e-01 3.031465226821590253e-01 3.047237747844488975e-01 3.021806435459202245e-01 3.055312759916712917e-01 3.027594214225766134e-01 2.967254391184367401e-01 3.107884963405830314e-01
2.943087320662373108e-01 2.874852128700401410e-01 2.871252329922843183e-01 3.045911194694078672e-01 3.241215424652991728e-01 2.945691182453469281e-01 2.981616698133294219e-01 2.936869438313373659e-01 3.098498351568972908e-01 3.061005930898142990e-01
2.882852037306309900e-01 3.116223483952985651e-01 3.072790910555220911e-01 3.020180338839861256e-01 3.006160598567634290e-01 2.976089207652030666e-01 2.882572886228665920e-01 3.024766213146319327e-01 3.047944923078096391e-01 2.970419400672865140e-01
3.071976835477960854e-01 3.092860837247705663e-01 2.949801816605281957e-01 3.171806529081465098e-01 2.987681149296761984e-01 2.953273487639249684e-01 3.036137898081162634e-01 2.960088599839955092e-01 3.003462807027678094e-01 2.772910039702804474e-01
2.846377200802248653e-01 3.136941809109055068e-01 2.975076352923764489e-01 3.040128513588847836e-01 2.841291549654894055e-01 3.018033392748258881e-01 3.141075465966309821e-01 2.855321440497415320e-01 3.112417669200959192e-01 3.033336605508246686e-01
3.008002854725524422e-01 2.890858350143413191e-01 2.989819172587748208e-01 3.053214827654170405e-01 2.858449608446946288e-01 3.007558883583327791e-01 2.959002972032652723e-01 3.094225923467546213e-01 3.148849979023572443e-01 2.990017428335112193e-01
2.849164492420958039e-01 2.841124959083236590e-01 3.073419903461248048e-01 3.193591922945567818e-01 2.937169171539389945e-01 3.015344193795393979e-01 3.151056161552930335e-01 3.003876225986645276e-01 3.019123256810992140e-01 2.916129712403681684e-01
2.957246968907298879e-01 2.863814751495519229e-01 3.075111028759364151e-01 2.884999529697761522e-01 3.143530160424258257e-01 3.092786481451716418e-01 2.912241235607252454e-01 2.859818390249422304e-01 3.051844935685410487e-01 3.158606517722010731e-01
2.895279479949858237e-01 3.104449948088675026e-01 3.072040849309017885e-01 3.039368037229495112e-01 2.810937286344890040e-01 3.062105291988217459e-01 2.927214486700088214e-01 3.002583237477506328e-01 3.148323252242598569e-01 2.937698130669650354e-01
2.983767540778959337e-01 3.015621050292855987e-01 3.076702047837311382e-01 2.790586661868093010e-01 3.012053240659895437e-01 2.959190006976987197e-01 3.025492678745718145e-01 3.028272481062868060e-01 3.146160222256467742e-01 2.962154069520865907e-01
2.866839033676424897e-01 3.008322826251506044e-01 2.850113181604965185e-01 3.261733988778158233e-01 2.814663810197816085e-01 3.011098257334684503e-01 3.052193332197579156e-01 3.024684385486269833e-01 3.102142441945194840e-01 3.008208742527396229e-01
2.937987305404338723e-01 3.085186849192300129e-01 2.953038113688628563e-01 2.973381515737673064e-01 3.120339412870914431e-01 3.000303255147248049e-01 2.920921181746026773e-01 2.906867695555888087e-01 3.185130648524576724e-01 2.916844022132405456e-01
3.047475790960785802e-01 3.038525100454914085e-01 3.078701579656604737e-01 2.851041030011861599e-01 3.114177357515429123e-01 3.119788671143239878e-01 2.758798715888441944e-01 3.105082152097560222e-01 2.984155048874177485e-01 2.902254553396967918e-01
3.054453908032006559e-01 2.918711892206066194e-01 3.045931341443786633e-01 2.923952712703343781e-01 2.993883857216618205e-01 2.965052399923335802e-01 3.034981159164681919e-01 3.069922083214886022e-01 2.980174101452213176e-01 3.012936544643033954e-01
2.998259759189123019e-01 2.952282838565010170e-01 3.074728340000742466e-01 3.093800569839365022e-01 3.027768930063520214e-01 2.968571237538339957e-01 3.049181596882296619e-01 2.994524244674229285e-01 2.938819411154081629e-01 2.902063072093250540e-01
2.941527306359323357e-01 2.853757499044580759e-01 2.884393198439821893e-01 3.206881261044166598e-01 3.051274104721966030e-01 2.989287352902879613e-01 2.830762093915896171e-01 3.052487524100419569e-01 3.170265332251649415e-01 3.019364280022543423e-01
