-7.293536472464223763e+00
-1.178241807261704821e+01
-8.815885654579920683e+00
-9.875767990355956982e+00
-1.038855147489775277e+01
-1.113597389910189328e+01
-7.367771725420864115e+00
-1.008825146546206852e+01
-7.247667198843235070e+00
-1.015847158558087315e+01
-1.004113953456706376e+01
-1.202588646780617765e+01
-8.191082403425953729e+00
-8.819818044340644647e+00
-9.280207773068513077e+00
-1.219190788669445347e+01
-9.609612352341708075e+00
-9.285168046370156247e+00
-9.901522159379474886e+00
-9.516965170885328007e+00
-9.670579684747888649e+00
-1.223476156776981227e+01
-8.690485516812543665e+00
-1.338552553432068137e+01
-1.339541634919254598e+01
-7.457318027230604329e+00
-1.127137664112629700e+01
-9.246560088571868619e+00
-8.947746923797772922e+00
-1.201950702729308240e+01
-1.139788545188025637e+01
-8.812813217276818989e+00
-6.521642771088909107e+00
-1.061776922433970860e+01
-9.296904207736039538e+00
-9.681898335446460280e+00
-1.133012322009456518e+01
-7.001973156856760028e+00
-1.026264506506796970e+01
-9.163509358709925223e+00
-7.485709264313841871e+00
-1.218208774207684719e+01
-1.184451913855736827e+01
-9.509746757097790493e+00
-8.023554622319796437e+00
-6.897848741155010899e+00
-1.155911938704482722e+01
-9.001923686188133544e+00
-9.323493871853132831e+00
-1.128484793855480994e+01
-8.455681715242610252e+00
-7.576848467273801901e+00
-1.070930001303295676e+01
-6.945369917254799574e+00
-1.116719672013952902e+01
-1.183353551587469710e+01
-9.974959909198595653e+00
-8.847521864281770121e+00
-1.001717405062408517e+01
-1.230267334847059502e+01
-1.269457776554236261e+01
-8.868738770863689780e+00
-1.012448316989388353e+01
-1.413910345433983373e+01
-6.508389969171762601e+00
-1.080646121327098186e+01
-1.096035606925713068e+01
-1.124360201645820823e+01
-9.267052923111203100e+00
-9.974228841340073259e+00
-8.250249541283851684e+00
-1.076016252102779625e+01
-9.778959357532446717e+00
-9.929251489153385180e+00
-1.172646613387735748e+01
-8.659811353917808319e+00
-9.663356211842973664e+00
-5.554947102729031805e+00
-1.049003907204880370e+01
-1.097667710779820105e+01
-1.067496754929159763e+01
-8.301806570022986165e+00
-7.422014856058705590e+00
-9.753480597825786802e+00
-1.204578594404346958e+01
-1.041423068898662763e+01
-6.642358228982342183e+00
-1.246360469874993093e+01
-8.830397838866025140e+00
-9.905442675352562176e+00
-9.965650152380391091e+00
-9.728094526941299947e+00
-7.755277838535414858e+00
-1.427783937287645522e+01
-5.597621585457523530e+00
-9.474788636229620309e+00
-1.358080542465303608e+01
-1.434201312797745054e+01
-6.908128510978344572e+00
-8.682090889072538786e+00
