2.995753421268682049e-01 4.519695140474908612e-01 2.037040187984126560e-01 1.924051021200312572e-01 1.775386467963260273e-01 1.060651650178854877e-01 3.491210573188806565e-01 3.438007385461700482e-01 2.691510862047663544e-01 3.770701127689101151e-01 7.518462776297769878e-02 1.544145884912827560e-01
4.009847387950842834e-01 2.104350120814042491e-01 1.269833558069368151e-01 4.147944905802419813e-01 9.611744588684920099e-02 2.972310010012464421e-01 3.450532657130115366e-01 2.381362423916470461e-01 3.498922788862479094e-01 9.870903253980137237e-02 1.391609280437950402e-01 2.825022082737388418e-01
3.568490514133002001e-01 2.228335722045507450e-01 3.811389735395508405e-01 2.277503478827543615e-01 3.504474306977913844e-01 2.239454154592769031e-01 1.536272735079231566e-01 2.918604855969700318e-01 2.542959602101955152e-01 2.413467173745963978e-01 1.495704502602082653e-01 1.463343218528805889e-01
1.991382897375263417e-01 1.865893043065701695e-01 3.848202440639863497e-01 4.636580801328062940e-01 4.353597255603105509e-01 3.594034355399299691e-02 1.806047308560410070e-01 3.328035103129507455e-01 1.814863645445026763e-01 2.539944788390252617e-01 1.636991865541302660e-01 1.819057415381581944e-01
3.318449182199821879e-01 3.518790645443587994e-01 1.074110236083219705e-01 3.624902376343165922e-01 1.759259226565468293e-01 3.123280437577659052e-01 1.432699715879810487e-01 1.238736605724614220e-01 3.332454678527965730e-01 1.115113226353115078e-01 3.398801456431754242e-01 3.063402212869860697e-01
2.762542955779051512e-01 1.984233430257252850e-01 3.472838395965026637e-01 4.785647681601141734e-01 3.418170478308534821e-01 1.933954034199819594e-01 1.944378410650535738e-01 2.449129176008218167e-01 3.467016987429417940e-02 1.128851460647092575e-01 3.499354725666233290e-01 2.274197552174173076e-01
2.372095309714800648e-01 1.978797618639852041e-01 2.102886728768882107e-01 2.220031712852802153e-01 3.662473211834446074e-01 1.039101972543641228e-01 1.437270169619392357e-01 3.072610373128660255e-01 3.543833408904907278e-01 1.832170020282928302e-01 2.825920727417010059e-01 3.912808746292706918e-01
1.796359763899183504e-01 3.594724705478318239e-01 6.891226330408416201e-02 4.782220971491247807e-01 9.410958006363025208e-02 3.829913251866610691e-01 3.881940196762104778e-01 1.638538025266019216e-01 4.129676202738813418e-02 4.355612423437512648e-01 1.904077314573836832e-01 2.173427293274200200e-01
1.959537704928618618e-01 3.938134949283179087e-01 3.825958657146807940e-01 8.373507517155273638e-02 3.192852774271319749e-01 2.486880197955965988e-01 2.403594538280247606e-01 1.670024766303366826e-01 6.944500196437594641e-02 9.814533632333823088e-02 3.724442446947640040e-01 4.285319830290243437e-01
1.582787469676274206e-01 3.958581300384335644e-01 3.650802147062104375e-01 2.606651000360837855e-01 3.738785351141290514e-01 3.316568052534307753e-01 1.662679024801990701e-01 1.843896045751695079e-01 1.964561250887806587e-01 3.488073679653904136e-01 1.060601875395114774e-01 1.126012802350283004e-01
4.315788439490331196e-01 2.740399764957308082e-01 1.355388343258344119e-01 3.128152686682484918e-01 1.469141134792983361e-01 2.665034440610439814e-01 5.882344718338684136e-02 2.455360131347904262e-01 3.361500539422241918e-01 2.242206798000940526e-01 3.087201561776886649e-01 2.591591687826335644e-01
2.607356956397958725e-01 3.243491064734181362e-01 1.093334702411689618e-01 2.359575133020243021e-01 1.753636435215508715e-01 4.139667249865832677e-01 7.797586303912745764e-02 4.336780490840239088e-01 2.645574438108343474e-01 2.169250603523534271e-01 4.144330899205503349e-01 7.272433962857577372e-02
3.474386032178671813e-01 3.376808588940692912e-01 2.449529623611559348e-01 1.869586152888544905e-01 2.022555663772375723e-01 3.624749456217258858e-01 2.374425937930813024e-01 2.898978256237457751e-01 1.482132034835853540e-01 1.341190943629372856e-01 2.865852774279485371e-01 2.219804535478091811e-01
1.488376034244120183e-01 2.594033298940028875e-01 2.337135471119658470e-01 1.253667482025761781e-01 2.605888010088039941e-01 2.082753251934275351e-01 3.387545559555809604e-01 2.969910149857051818e-01 2.523614352692221674e-01 1.342234298209558918e-01 4.140262872894914237e-01 3.274579218438552486e-01
1.888914671478728602e-01 1.715938368437190387e-01 2.289710948171382876e-01 3.344545142776169100e-01 1.660211391038640683e-01 2.405281108933714496e-01 1.910462454303403779e-01 3.412530286773729493e-01 2.071324508817904420e-01 2.699088890732356805e-01 2.830995101050235996e-01 3.770997127486593881e-01
3.877221189981375771e-01 4.324835390156791526e-01 8.871536572347320238e-02 3.599732298661885155e-01 7.089341809535042171e-02 4.016799024468696300e-01 1.462685072986319446e-01 7.719984714475981724e-02 3.917070796502172825e-01 3.766163486416083117e-01 1.386826230964578466e-01 1.280580200226260623e-01
2.287457231107832278e-01 3.791494085807207703e-01 3.358821335098877148e-01 7.433417360080574188e-02 8.964975662110466481e-02 2.422955756270564198e-01 3.439511413519805716e-01 3.202329870241623633e-01 7.053356628003398798e-02 9.404054198547812105e-02 4.339204166710434185e-01 3.872645756369456072e-01
1.556357604049589394e-01 7.258710585218922096e-02 4.414937178344884305e-01 3.202739312758960399e-01 1.262424829978954222e-01 9.939504920316948045e-02 4.295937835506145608e-01 3.773755147437845014e-01 1.712642646956617498e-01 3.460075937252006795e-01 1.737973049041345863e-01 2.863334908120148126e-01
1.007183401609015316e-01 4.457247405078736402e-01 3.744045264919641514e-01 1.105413811020691250e-01 4.036932615538136870e-01 1.526549761590799970e-01 3.637239459984827894e-01 3.320160786197208780e-01 1.213823635689944697e-01 9.559972110172268445e-02 9.592025114894134341e-02 4.036204135864362996e-01
2.281678981260174544e-01 2.526057217405924815e-01 1.346485015926902618e-01 8.926797867469139780e-02 4.499201459157878835e-01 3.040654511503729784e-01 2.221318371698119964e-01 1.880646419333719677e-01 3.269627686598182703e-01 3.329916274355020356e-01 2.450821434430170420e-01 2.260912841583244126e-01
7.640436470213808617e-02 3.588894759050696992e-01 1.855193302719256310e-01 3.729068213058637782e-01 6.716591375729422109e-02 3.422536575218493859e-01 1.560386595736242277e-01 8.842104702031775010e-02 4.076428393204301059e-01 4.180565770422139948e-01 1.465168176066647121e-01 3.801844959726031759e-01
5.410222434456869040e-02 3.140066182868963551e-01 3.211991608659361397e-01 3.275299458934914920e-01 1.874803987222972979e-01 4.286289725023820774e-01 2.123537577937209542e-01 1.600702176098380558e-01 4.021317593323917583e-01 2.533762655602876945e-01 2.826766451234833388e-01 5.644403396471185663e-02
2.618310861326661465e-01 2.812058283119983626e-01 3.525013537690657173e-01 1.449823759344512353e-01 1.608390434325414897e-01 4.171172326558331145e-01 1.896744765214574135e-01 1.674281924044260794e-01 2.583668229054281174e-01 1.706449251444218662e-01 1.750244865825898166e-01 4.203841762051164221e-01
2.426522941419838597e-01 1.584572378896216827e-01 1.948765566824208761e-01 2.774945652697849985e-01 3.041186929410412132e-01 3.161025541752929269e-01 3.884208572378251567e-01 1.684852890203194509e-01 1.883800991591245699e-01 3.414263843089041517e-01 1.194435506079887105e-01 3.001419185656936106e-01
3.732278582777671661e-01 3.205145633878900280e-01 2.914511898295699122e-01 1.546458504070166162e-01 3.127145197545676547e-01 1.749278786144572440e-01 2.242375504055378332e-01 7.042477081007336714e-02 1.798079099739080255e-01 2.985116820100400803e-01 4.470919649452538280e-01 1.524442615839151083e-01
1.905698154256753873e-01 3.093084520715977392e-01 3.024766147190503518e-01 2.440338416940751043e-01 3.141913862672435775e-01 2.144651038131247245e-01 3.743527708901648321e-01 3.079102044282809869e-01 3.511073056885458676e-01 1.888679666400385759e-01 1.058089814302173304e-01 9.690755693198518927e-02
2.676609828635022614e-01 2.039704822131828965e-01 1.546931719808068983e-01 2.427595372159204734e-01 3.461278072879744316e-01 1.894915391418975359e-01 2.411994360481367061e-01 3.412955464258995431e-01 1.791084096279323412e-01 2.396848128758013452e-01 3.612147576616782096e-01 2.327935166572702164e-01
1.224301674214857555e-01 1.711719255714152232e-01 2.107752943000280599e-01 2.894106039146103759e-01 2.353434768165768021e-01 2.987747713760268709e-01 2.449867366299371130e-01 3.809537511294113221e-01 1.232858195921139322e-01 3.819407429582762914e-01 9.302523236433495046e-02 4.479014779257785017e-01
3.433124753938087137e-01 2.726114706058795911e-01 1.904381729077324614e-01 1.548837161826706055e-01 3.242338545489018009e-01 1.593517542834378409e-01 1.587322229482049929e-01 3.003793067740233580e-01 1.507773493286256317e-01 4.231117295352395669e-01 3.574847757244124513e-01 1.646831717670676487e-01
2.273053251525055385e-01 1.468243211660595349e-01 3.144777230905639320e-01 1.775779126304100064e-01 3.148667108007136006e-01 3.341307078630862959e-01 3.248976712151029345e-01 9.840364836794711356e-02 2.978617661062814559e-01 1.367014140642744957e-01 3.784447995819411048e-01 2.485079999611158330e-01
1.377202308040508250e-01 2.493396289587899994e-01 2.116640263138146461e-01 4.561106910708022100e-01 3.475575212589496893e-02 1.530446209068500596e-01 3.968915509850440837e-01 2.646334238047515219e-01 3.370211025745816769e-01 1.922572307523641721e-01 3.641873463395257082e-01 2.023743953635380455e-01
2.180650094439561537e-01 3.355285233301156245e-01 1.700194011879231637e-01 2.537686100068756723e-01 3.224018770011726209e-01 2.640737295919521888e-01 2.420433278595715276e-01 2.765315665013526880e-01 2.426876961201652472e-01 3.031286272306303875e-01 1.241713407889268178e-01 2.475802909373578942e-01
1.745800516283331216e-01 1.487484143922516711e-01 3.133548117553343615e-01 1.875167923023060568e-01 3.272013921032455586e-01 3.601044747277004077e-01 1.463287887603717807e-01 2.129073621109889847e-01 2.898949797827624630e-01 3.703039888540928803e-01 2.280768439165807848e-01 2.409820996660294035e-01
2.958967028308183700e-01 2.577767819500115243e-01 2.297659687617183422e-01 4.245873066279413077e-01 6.748088756062714522e-02 9.772676042422889786e-02 4.269657284252759144e-01 7.953784003363810473e-02 1.482704647808640586e-01 3.488464302624763591e-01 3.835502935980604766e-01 2.395948347443409843e-01
3.442065811938999076e-01 2.077016010650933886e-01 9.579938701708448634e-02 4.358052803511639484e-01 3.338234431706733618e-01 9.603611090539035389e-02 5.025328414168007962e-02 1.861916300708051086e-01 3.353202012026118561e-01 1.846692513749511322e-01 3.576962774596016970e-01 3.724969520470537976e-01
1.110513808282437009e-01 2.395901265303211347e-01 1.852482835964587293e-01 3.674545821113401889e-01 2.632274762426016768e-01 2.964240500770077280e-01 3.494502715471627385e-01 1.789658726213282924e-01 1.934525880107386686e-01 3.536999371834801398e-01 1.336332179646584906e-01 3.278022132866580396e-01
3.852494424535033990e-01 2.571989666609333369e-01 2.307154572908940438e-01 2.324611657651634022e-01 3.010697480541535409e-01 1.188366191387408427e-01 1.362482492307443560e-01 4.199878283080805685e-01 4.255494220465402266e-01 2.388888714969086835e-02 4.135515944722046450e-02 4.274390544543439363e-01
8.017857446646131647e-02 3.995619790551728778e-01 3.475478627415822253e-01 3.206801721927389215e-01 2.867549591210584725e-01 1.100520594540744246e-01 1.014940475274765108e-01 1.401594119871966693e-01 2.397057946587392019e-01 2.421331419001378493e-01 3.251973445585949474e-01 4.065346523367722731e-01
6.192297961734418571e-02 3.788140032450821315e-01 4.410172857843926986e-01 1.039704749033062980e-01 3.463316417394209368e-01 1.617488396247429572e-01 1.818003554519799780e-01 3.983239810598431796e-01 2.635975342682161382e-01 1.696417378779110086e-01 3.851872624542858614e-01 1.076439039734785330e-01
2.449687773026400228e-01 2.714319150879209719e-01 1.098093713179346259e-01 1.718154127596622782e-01 3.600156908937074407e-01 3.812008920097642584e-01 1.297077049428546069e-01 2.978586668175267071e-01 2.472754947939742043e-01 3.294920233822616895e-01 1.583846557554811629e-01 2.980393949362719619e-01
3.666092609606231290e-01 2.584060544783435276e-01 2.297631861085920046e-01 5.448082503985818281e-02 4.238536398511256187e-01 1.365883835919030342e-01 3.836037135898269224e-01 3.091845210438838865e-01 2.028454346666738739e-01 2.815548879082149236e-01 1.413271118944673110e-01 2.117829808664944413e-01
2.750806248376879704e-01 1.818068002744640532e-01 4.796533692039462449e-01 3.684138555251044167e-01 1.491769542202794896e-01 1.547413493547775132e-01 2.054034695758214235e-01 1.816721370538828539e-01 3.370480319996719265e-01 5.357627486634844449e-02 4.503918302206644242e-01 1.630353028673513227e-01
3.704507446531693504e-01 1.626366707399080902e-01 1.141769681297211403e-01 2.869267692073314002e-01 3.555623720912289842e-01 3.402044839748875615e-01 2.301707974688397829e-01 4.122930795586615682e-01 8.183729394698462112e-02 2.642636102074643611e-01 9.182617628826744705e-02 2.896510337335279628e-01
1.582008166998113141e-01 2.498139907642241975e-01 2.299955778884923419e-01 3.364177477546865247e-01 8.720027961698209595e-02 2.939237861596567525e-01 2.059260813412993885e-01 1.992964310602751699e-01 2.598881844763324400e-01 3.302587858211359917e-01 4.229156875115621661e-01 2.261626309055347617e-01
3.944597710449126993e-01 3.001248151571736522e-01 1.847670183333852967e-01 1.480252138658744721e-01 2.617074140970144791e-01 2.864108115991869652e-01 1.977789545206978805e-01 2.139179588843297397e-01 1.137552931874715734e-01 3.887075786709475178e-01 1.649839232770140829e-01 3.453612473619913081e-01
1.433767168899010014e-01 3.875952895007967469e-01 4.176597529480112203e-01 1.725409095900556911e-01 1.718085729576106502e-01 1.969427260697311222e-01 3.667699166758807694e-01 2.100639491261909186e-01 1.255617769026683428e-01 2.511215894171015539e-01 2.851045748654232881e-01 2.714542250566290837e-01
1.452983251384732388e-01 5.081912656046393834e-02 1.020188994075534317e-01 3.604884528311320113e-01 4.456153676534318486e-01 9.696916520474309353e-02 3.784700037153495566e-01 2.031644190819737184e-01 3.792289387423724012e-01 8.633423421038766143e-02 4.054486560745810819e-01 3.461444113795393296e-01
2.500616456227408024e-01 1.779616711042774635e-01 4.366871401877409076e-01 4.311476133468519212e-01 1.185702893181781320e-01 1.044418203770610815e-01 2.309908708287266854e-01 2.060197129887666456e-01 4.060449907501280098e-01 7.177685242804487942e-02 4.264227235720485787e-01 1.398746694754328668e-01
3.113503258957144304e-01 3.066182562150341351e-01 2.583307714089831952e-01 3.351421702072249209e-01 2.601766970390601563e-01 1.242029742454163754e-01 1.770818716387274616e-01 2.324691327200362201e-01 2.896656939849831525e-01 2.038928789618152382e-01 6.813252600851134322e-02 4.329367016744945507e-01
1.585464120373273889e-01 2.746802632676960121e-01 1.020998124475956115e-01 4.573788081282049722e-01 2.158791459612064423e-01 2.338061581363658492e-01 3.948461812245536717e-01 1.919607322699989904e-01 2.667940972314997161e-01 1.922360060886094957e-01 1.499351399587523503e-01 3.618372432481896106e-01
3.230037029868610410e-01 2.100639868672795618e-01 3.683709177536208246e-02 1.000483732853611057e-01 3.896840038790703176e-01 1.091152248488764104e-01 3.170634334964625989e-01 3.206612368648571465e-01 2.953855136961336947e-01 2.606434290796421083e-01 1.999537715196718635e-01 4.375402317004156716e-01
2.553457419229768766e-01 1.503109162110821684e-01 3.292746640001555924e-01 1.528985594251192348e-01 2.725462478539193434e-01 3.894106431042556604e-01 1.191960173456072247e-01 3.605024219197081603e-01 3.138507780209101594e-01 2.086313523703816897e-01 2.238947271789399895e-01 2.241379306469479527e-01
4.992973132278571979e-02 2.036593002895850102e-01 3.617738256391907492e-01 2.687350108972925700e-01 2.447369864314815624e-01 3.357092461987265519e-01 2.990196725146484491e-01 2.327639932733854555e-01 7.099967365301890210e-02 4.403192008848443861e-01 3.995755652496192911e-01 9.277779364542065865e-02
7.647441718439708380e-02 9.084566431155011168e-02 1.408706554687549350e-01 1.558384232913895273e-01 1.654922970698792239e-01 3.225063298531899991e-01 2.628158895892864777e-01 4.050703150495294502e-01 3.865805395824354340e-01 2.730867195005349801e-01 3.453218241224761953e-01 3.750969249765744862e-01
4.001052258925782978e-01 9.309151369583090752e-02 3.919013524891741818e-01 9.134677896034121281e-02 3.793387830718780163e-01 7.190349820149380400e-02 1.057064664111602853e-01 4.678085952149979576e-01 3.366747699882284284e-01 3.506981904174890086e-01 1.271161894161635386e-01 1.843086362406584633e-01
2.050771407944483316e-01 1.918334175567944500e-01 2.894050413840456581e-01 1.736422155487771513e-01 3.554059938394306117e-01 3.056859213476538772e-01 1.005907444141277973e-01 2.965586249671132713e-01 4.138292865031628076e-01 1.272911590125688219e-01 1.557875903618726188e-01 3.848928642700069624e-01
2.890292612376031411e-01 2.468780109308884585e-01 4.368726923862571443e-01 1.634166653778520439e-01 4.369521203082955552e-01 2.476696418125247379e-01 2.359018712579390997e-01 1.516390274713456665e-01 2.279774308051066289e-01 1.278039147781978024e-01 2.281523304857861756e-01 2.077070331482030463e-01
2.206365692029755299e-01 2.416796545116328687e-01 1.386168116045881915e-01 2.102468718649674884e-01 2.647684862326095123e-01 2.695803054623065464e-01 4.113872368082791553e-01 2.452728683266734155e-01 1.036630636487726187e-01 4.459402166570511916e-01 1.294314384637077209e-01 3.187764772164357607e-01
3.470676092754726438e-01 2.031988808692097859e-01 1.969707579121052557e-02 6.051986931435938966e-02 3.009546154204140733e-01 2.376353918706819446e-01 4.913700321297101992e-01 3.408614601334695182e-01 1.105009428471164096e-01 4.510296738438860364e-01 2.073290206421990745e-01 2.298354278622704860e-01
7.863194403757886586e-02 4.413632900865233633e-01 5.274919304165005818e-02 2.104439850534859935e-01 2.250894783710256086e-01 2.869966526066537460e-01 2.396806224454033629e-01 9.305155344975624132e-02 2.861246618103144845e-01 4.097046818431721027e-01 2.491982458902250175e-01 4.269656913642145835e-01
1.647498725793881125e-01 1.232690336648261387e-01 3.925950912785954316e-01 3.233873516724377617e-01 1.872500059777382486e-01 1.292861852189420013e-01 1.315445119680533903e-01 3.988440248875133043e-01 4.058662919834667981e-01 1.936007407154187732e-01 1.520994711708165692e-01 3.975074188828006672e-01
3.573494063005895338e-01 3.779235790875129508e-01 2.378816814502709986e-01 3.185264725150752652e-01 2.072054081090328181e-01 2.064888567992483603e-01 1.205380934702766638e-01 2.088596836212004981e-01 2.673576436404077605e-01 1.665406006316950960e-01 3.008921923357296135e-01 2.304363820389617179e-01
2.007644589873168739e-01 4.126443064252223181e-01 8.442742901225044894e-02 7.798549660186544774e-02 4.088132250004131718e-01 1.697559717914042809e-01 3.207433800426953141e-01 3.019085552030561503e-01 3.004946489431220558e-01 4.279773190026385787e-01 1.485849039469422928e-01 1.459003050430786597e-01
1.779798150749002383e-01 2.699941243272790947e-01 3.036228332535664265e-01 1.525322037824153876e-01 1.097754271045760927e-01 3.357956771544459706e-01 1.410449744719395604e-01 3.508491955271170193e-01 1.763690793659894451e-01 3.282853339924374225e-01 4.116693709846467319e-01 2.420819649606798796e-01
1.528394847990211247e-01 2.968903683984480679e-01 1.594241530541744278e-01 2.717412063593495075e-01 2.318776526224136103e-01 4.112346600528294926e-01 1.306031349758562943e-01 4.134525550171672670e-01 1.573050394316997114e-01 1.309719458127784619e-01 2.259147350092596540e-01 4.177450644670018254e-01
9.478190950841175466e-02 3.573706167816031454e-01 8.207696334217112755e-02 1.631401799637196282e-01 2.738306078618416572e-01 2.617718027703319628e-01 2.982474864087274469e-01 2.606092834276066972e-01 2.588892902726843692e-01 4.247166595212505946e-01 4.681287279071959517e-01 5.643647223445222988e-02
1.341735184089302702e-01 2.181481618834192893e-01 1.564536652721693066e-01 4.761379930144901684e-01 3.965511680854525434e-01 1.603232695176948774e-01 3.743675328982680739e-01 3.263237398105059972e-01 9.926180070005219402e-02 1.652650967291665607e-01 2.809011404121221078e-01 2.120929132677314144e-01
2.765184426707927301e-01 3.033740211338737947e-01 2.964550308241772347e-01 3.438966130609827365e-01 3.203953048315229535e-01 1.348124113495932641e-01 2.999312158925644956e-01 1.182496528593790786e-01 3.741594582795070012e-02 8.889839853901176925e-02 4.530722897188753651e-01 3.269806732912740044e-01
2.096952237113043349e-01 1.054341357698134751e-01 4.216332703804657189e-01 5.311081300943725630e-02 4.037342654993518742e-01 1.215021450371931711e-01 2.854509459997433551e-01 2.226353851270343465e-01 3.062613211973354010e-01 3.340164884211951901e-01 3.385852142564830247e-01 1.979407915906355453e-01
3.575387670105947269e-01 1.966743035102725967e-01 3.643703021794455488e-01 1.225173911824279649e-01 3.603587017585005992e-01 5.812858355399933702e-02 1.334851432952310346e-01 4.365393019114927053e-01 2.724935781716740779e-01 2.207310094090743358e-01 2.016622050362082974e-01 2.755007129810734812e-01
1.188754834867645493e-01 2.784934200844428331e-01 1.795866813673258622e-01 3.176234516323055423e-01 3.159932929519470579e-01 3.038515236886816240e-01 3.312128243371847969e-01 3.029121932273817208e-01 2.472913373378352042e-01 3.686378667822823307e-01 1.554385161261719328e-01 8.008340897768001510e-02
9.581518542503905667e-02 2.607768688586342698e-01 4.208293526766251347e-01 1.582426359412029138e-01 1.574742830045527953e-01 1.489610335724391166e-01 3.165122718032821192e-01 2.752866505712479595e-01 1.533432720137425376e-01 3.764052620278982575e-01 3.414209956332052154e-01 2.949321884721294307e-01
2.878538975990081461e-01 2.486018138448728987e-01 1.619540963566185876e-01 3.017092021506451172e-01 3.173235115567759612e-01 2.429468404416194882e-01 2.447421145260496589e-01 3.043428305445883830e-01 1.719031094684168870e-01 3.687965165707338677e-01 1.824565648273870910e-01 1.673695021132913796e-01
2.761967098857227021e-01 2.005098282351132910e-01 2.143358805796051203e-01 6.265230004651964335e-02 1.291956142535214958e-01 4.051753223623666411e-01 2.783489832040281775e-01 3.251407562826490460e-01 1.515957500763739363e-01 3.494956611578542427e-01 4.229531046632032387e-01 1.844000892530426872e-01
3.623579590620632507e-01 2.851161707527642974e-01 2.281162082442262096e-01 1.193011653988005349e-01 2.114209910241435231e-01 2.839399442862566847e-01 1.239783117815795310e-01 2.414754591928085781e-01 1.925807694862491926e-01 3.571724131927509482e-01 3.887887587728799388e-01 2.057518488054765893e-01
5.680080577350136994e-02 9.363949789442853333e-02 3.817589273356000179e-01 4.406055895835296887e-01 1.970756658069311440e-01 3.158076680204326969e-01 4.070321234054365966e-01 2.627208967564800268e-01 2.968864068862438477e-01 1.696713155303739007e-01 2.600502926449298480e-01 1.179508103621133980e-01
2.748341161392993115e-01 1.262252278934222205e-01 3.970376800976316289e-01 3.574339725777755383e-01 1.243638562013536647e-01 1.002260278825013451e-01 3.329435622040077813e-01 4.062388096132975579e-01 1.061353221822291248e-01 2.886175203069278883e-01 2.657045028415360166e-01 2.202394020600206281e-01
1.056537167326214444e-01 3.388284600551761949e-01 1.903169243738064564e-01 3.143460469526813128e-01 4.028610003769464987e-01 1.863186537460772563e-01 2.668012587036436845e-01 2.750877588527871342e-01 3.537986451205510363e-01 8.813505018678545466e-02 2.640400557288531402e-01 2.138124291700609636e-01
2.241641110432547879e-01 2.515541298081136468e-01 3.612434824142075063e-01 1.452487109488518613e-01 1.185896285536801043e-01 2.978794229942640648e-01 1.292605776909029336e-01 4.490768411389972070e-01 9.407141680312992860e-02 2.921139335594216124e-01 3.117709759406494530e-01 3.250267691045320984e-01
3.617929118540137434e-01 2.655663770528431389e-01 1.910985300022680078e-01 3.194236012916885636e-01 1.960099417595742577e-01 2.102942960136809092e-01 3.619585371929836537e-01 2.518738760746397354e-01 1.621241750873876342e-01 1.281253846237192517e-01 4.027392232516815995e-01 1.489931457955219196e-01
3.066475238673893600e-01 2.803923945025022513e-01 3.275836369878237786e-01 1.244220580369948814e-01 3.982086140984479883e-01 4.051256537693849191e-01 8.142307105864469985e-02 3.324344214516005147e-01 2.006059778683222661e-01 1.580421540888158893e-01 2.655023761807520088e-01 1.196121180893271324e-01
2.749373796791043656e-01 1.678696615986174090e-01 2.369418221468388430e-01 2.110466604732376683e-01 2.871805562313109461e-01 3.110317846773269501e-01 2.321221806613585348e-01 2.625146957016765148e-01 2.091789220027460705e-01 1.772828389253685022e-01 3.107229226121918653e-01 3.191705752902214699e-01
3.092856437111033974e-01 2.245681516497796681e-01 3.161392833712624029e-01 2.564084776698271062e-01 2.019214601774043660e-01 1.574050568135371697e-01 2.335612454069276867e-01 1.259690721901481070e-01 1.323450325402059646e-01 4.426087188950036944e-01 3.627155774748783701e-01 2.370722800999234270e-01
7.476117064101295284e-02 3.006647033080266929e-01 3.894850192435181935e-01 2.544445811070700780e-01 2.023550608180174626e-01 3.041864226126170800e-01 1.700355775138485126e-01 2.977802456450600044e-01 2.088838648917012986e-01 3.715380291189668283e-01 3.310121639340648514e-01 9.485316116609600334e-02
1.461211852805938960e-01 3.845787130015863031e-01 4.398041667170244917e-01 1.003531469415534644e-01 3.385963050902311977e-01 1.764240086288573761e-01 3.416049037110772679e-01 9.340622809545001681e-02 1.191863171187383108e-01 3.316925674743657071e-01 2.165131619638386018e-01 3.117192959766756921e-01
2.673657436167226065e-01 2.494030998283184031e-01 2.285990367997353667e-01 2.388130998356897683e-01 6.023516394113036243e-02 3.236000916543914085e-01 2.737258478713285315e-01 4.220161118380106879e-01 3.003572780760345173e-01 1.610161940910679323e-01 3.286116659640642146e-01 1.462566664835112662e-01
1.394915293423031610e-01 2.002245241109548990e-01 2.302758550733689236e-01 2.117017097770164669e-01 1.237863151256051175e-01 2.423146816657762159e-01 1.642109434160088921e-01 2.401317783359665781e-01 2.491644365394448668e-01 3.950831683869299171e-01 4.178030016293806659e-01 3.858120565972463778e-01
6.742999416467415630e-02 2.874713368154693249e-01 2.307333413503067365e-01 1.610062170214947297e-01 3.339915052264623707e-01 4.135118260889579234e-01 1.407350598149010312e-01 9.193310343688909647e-02 2.972485318787713160e-01 3.856929393796508787e-01 1.581542369492071054e-01 4.320919078732161078e-01
1.947658135659759704e-01 3.621300317965134852e-01 2.637223168672861995e-01 1.121370292718116002e-01 2.687892387051264431e-01 2.662297257505044090e-01 1.960919450263286790e-01 9.662721713531335910e-02 3.659733894252369391e-01 1.845223548326511698e-01 2.973010380346988724e-01 3.917098995885540669e-01
3.077747107228358536e-01 3.717575107638320109e-01 3.343235063842531218e-01 3.083066032991318428e-01 1.113383777104992589e-01 3.389038107116472132e-01 1.388495340548837054e-01 1.235599265378708594e-01 2.228801279762007981e-01 2.597770646896030988e-01 3.281274534425072109e-01 1.544013737067354564e-01
1.392925881844970237e-01 2.665374164024058024e-01 3.982257437089145036e-01 1.905094503867884592e-01 1.838863714294713403e-01 2.683130604495707061e-01 3.003751311459028628e-01 2.030966905403213951e-01 2.675356502640382494e-01 3.313657604005423862e-01 2.362584549092295316e-01 2.146036821783123827e-01
2.886841300472143268e-01 1.487535710101072772e-01 3.608880054410159577e-01 3.684186489497230377e-01 2.397532101337078170e-01 5.172498340735064148e-02 3.978070228348017379e-01 1.219782892019438125e-01 1.565404286677219703e-01 4.244777982507939029e-01 1.679769998034467415e-01 2.729969122521784808e-01
1.463437797142164432e-01 3.941327788785599084e-01 1.776291338013905596e-01 3.034250305906182055e-01 2.078885564144977161e-01 1.224937630907854957e-01 2.715762525833175234e-01 3.043723239676904280e-01 9.100447165195718613e-02 4.439283006979624635e-01 1.220658811192628784e-01 4.151397274897443701e-01
5.901038368820935714e-02 4.189007225371312870e-01 4.577634127142762299e-01 1.003827303439250307e-01 3.571192198656198968e-01 1.773618669643902135e-01 2.768225728792845786e-01 3.097090905969565600e-01 2.057965882191756246e-01 1.783752145817197321e-01 3.746212992340478554e-01 8.413689837526458493e-02
2.668388036743717939e-01 2.387991603786167316e-01 3.299442404953347174e-01 1.995153005927947920e-01 2.027342800505254894e-01 1.701989104009131171e-01 2.144068613982214322e-01 2.093032249967873015e-01 3.632046148162359489e-01 1.039881208748959091e-01 3.126220469730304763e-01 3.884444353482715551e-01
4.322696807732574475e-01 3.403078574532121814e-01 1.384931387707082906e-01 1.835155395819169644e-01 4.092943392981889805e-01 3.374801246126550858e-01 1.098823182456818287e-01 1.462757490446441877e-01 3.475501523490845401e-01 3.517543491439120151e-01 9.870082330546475768e-02 1.044759274212732902e-01
2.739715746589739265e-01 4.817621600272282145e-01 3.426313653655289615e-01 1.246475579139391110e-01 3.149417695624435187e-01 1.458498513934915197e-01 2.168747837305221304e-01 2.194667267148443235e-01 2.461701974186263076e-01 2.066837506361636490e-01 1.770101434884218672e-01 2.499901190898179415e-01
3.294804792298604013e-01 3.550619930433639437e-01 1.131046570053979849e-01 3.481850917154949987e-01 3.499656080633935518e-01 6.686255638311627836e-02 7.738701409144319032e-02 4.184470714874701791e-01 3.579439661176299636e-01 3.034232935438165857e-01 2.061645568441968779e-01 7.397371247481464296e-02
2.225652371448273159e-01 2.601304668909513174e-01 2.528647645507884345e-01 2.847217007644625153e-01 1.656434092330335561e-01 3.948392648822718898e-01 1.477823310043849814e-01 1.840662712559837932e-01 3.012996492854899677e-01 4.477188355193518765e-01 2.001450412351980235e-01 1.382230282332543858e-01
2.521860779698169575e-01 1.343235832613660086e-01 3.054201748634795266e-02 1.294597989805656157e-01 3.603605583466973350e-01 1.469124869964440472e-01 4.005182944230258890e-01 3.196424232926802222e-01 3.878050519980795752e-01 3.031382439429468612e-01 3.384428431638786261e-01 1.966686201381465382e-01
