1.393046529631306041e-01 2.616908654218978447e-01 1.241037674200425739e-01 1.211357402677223083e-01 1.360561419765633495e-01 8.833212228072506722e-02 1.733932542564022294e-01 1.711217096802250814e-01 1.449558729077305708e-01 1.959278254364632266e-01 8.202585714932603134e-02 1.325467129218787787e-01
2.130284976266065000e-01 1.338852453734123427e-01 9.888301540990300509e-02 2.432769881791726763e-01 7.624856422523473842e-02 1.543348437227886061e-01 1.764590936462679394e-01 1.286635835285310225e-01 1.910252698662790738e-01 9.052600876809610564e-02 1.263935134951149619e-01 1.441509452275677450e-01
1.969865330377021106e-01 1.238687345184052574e-01 2.160608190896863012e-01 1.239565714775075073e-01 1.875258723894339119e-01 1.301532526438130277e-01 1.069002186550737366e-01 1.640369584393501501e-01 1.348348062970781136e-01 1.446114602908465385e-01 1.125730874430592998e-01 1.094971763928435093e-01
1.314804253083097507e-01 1.243539263532320582e-01 2.012422914408603658e-01 2.136833321857790902e-01 2.120843236578528745e-01 4.660516497684873832e-02 1.463724875203964160e-01 1.815330557811392354e-01 1.168728339242606357e-01 1.590468541705899741e-01 1.194364206752376867e-01 1.298179445285436162e-01
1.665775376046518819e-01 1.772736679225874190e-01 8.822120429478853831e-02 2.059090151519837320e-01 1.146072736926326552e-01 1.749201882447890821e-01 1.213264857316585926e-01 1.028322407999896076e-01 1.885246519563543444e-01 8.652620492861597123e-02 1.770692107209793087e-01 1.593285394293264545e-01
1.572985827865265862e-01 1.313356826611682404e-01 1.565809162532965648e-01 2.748875721361461744e-01 1.608909862376715905e-01 1.322435466373274859e-01 1.198355146952457401e-01 1.567924802318283184e-01 5.794406954823576317e-02 1.162087727988971170e-01 1.849774887175385518e-01 1.285557005526514196e-01
1.320106877956072622e-01 1.360854887967080373e-01 1.300986881010864071e-01 1.282829508674159513e-01 1.946707467535754577e-01 9.742781125959022737e-02 1.162202123773136420e-01 1.555347645697011949e-01 1.766083614694507198e-01 1.243447907861005564e-01 1.465624330368366368e-01 2.080598178465543902e-01
1.211301601454295579e-01 1.770171750964144586e-01 6.256409681295257985e-02 3.888638983416121686e-01 8.454695954960597670e-02 1.897065383836902819e-01 1.884131406404898901e-01 1.413537326507518233e-01 6.243534238452976698e-02 2.307952275014558408e-01 1.133472357352316717e-01 1.073543187414459366e-01
1.263011498689631251e-01 1.862152351223025915e-01 1.747323022682367166e-01 7.861077522251147531e-02 1.843161608280334263e-01 1.434838850739037497e-01 1.411206346179979532e-01 1.330685118727106819e-01 1.031599862052595545e-01 1.042521156625521167e-01 1.672530670582506596e-01 2.181110928672376770e-01
1.203137659963542938e-01 1.983386724254737055e-01 1.779025456665445371e-01 1.478725923408661658e-01 1.887510821577014775e-01 1.607995292257443087e-01 1.210879126054948546e-01 1.229338432439937290e-01 1.189810550594028460e-01 1.829336626299547519e-01 9.377849072675867315e-02 1.157979540188060208e-01
2.488563092232974616e-01 1.368615334353876778e-01 1.073994915223558527e-01 1.718379179814902569e-01 1.000803685479088601e-01 1.707992824959218003e-01 6.299462432751924690e-02 1.508126733973452205e-01 1.820281919356278033e-01 1.255377286965536909e-01 1.855033847999589536e-01 1.329454513626295298e-01
1.677009847945399867e-01 1.741177934541739136e-01 9.631008101495371065e-02 1.553538233800825785e-01 1.115310670896405981e-01 2.475429389011436498e-01 7.399337825589456796e-02 2.405276223482381015e-01 1.266148081467673159e-01 1.136187227902187430e-01 2.362915175145720303e-01 6.719113605938939471e-02
1.799189061690573965e-01 1.666557623554146272e-01 1.449810187693358621e-01 1.230316065792398661e-01 1.232508733841352760e-01 1.951531070909137133e-01 1.324289397068397767e-01 1.633406373113832633e-01 1.151591623278791776e-01 1.060343681765429230e-01 1.606106728099293002e-01 1.293873315925570811e-01
1.080137635520549561e-01 1.548545752857890534e-01 1.399944386314274369e-01 1.028991169875417000e-01 1.501674949379240287e-01 1.313114292172016806e-01 1.752906948383861907e-01 1.578849905924029073e-01 1.515651659069583990e-01 1.055859969093194406e-01 2.127983657476802959e-01 1.545706425548648011e-01
1.257501549953871089e-01 1.154748832756886667e-01 1.372002925892455705e-01 1.717506582432266060e-01 1.149733300548056031e-01 1.432167890345072137e-01 1.207713679696904158e-01 1.802279939046214086e-01 1.281478588820283981e-01 1.545122218909651957e-01 1.507678913111906716e-01 1.956109465303403905e-01
1.759985882002201851e-01 2.092875899350865598e-01 8.398179517097921487e-02 1.985215939444638089e-01 6.512796134684656346e-02 2.360969355316144824e-01 1.327481461005163565e-01 8.229365452519156465e-02 2.012605554244726314e-01 1.719267145671697361e-01 1.292169971043458099e-01 1.119758558310287033e-01
1.424706349823145202e-01 1.790824422736303490e-01 1.609675650241829403e-01 7.958030183780930022e-02 1.120967572480465746e-01 1.487537663896228157e-01 1.765788847071172729e-01 1.713965668493044325e-01 9.102181489154759220e-02 1.047357318617188754e-01 2.256102129802455281e-01 1.721584482184367326e-01
1.324568537801428247e-01 7.845250391320660044e-02 2.411050199514367942e-01 1.347869187330241747e-01 1.095541339593751468e-01 1.065646264597624598e-01 2.138381595146677527e-01 1.719893601298945751e-01 1.212525620809479926e-01 1.877421048512460389e-01 1.150220924230489355e-01 1.592779295093878222e-01
8.533842223072195254e-02 2.305634539361085811e-01 1.472957637869164171e-01 8.537066502543098900e-02 2.257501069490524537e-01 1.045622574805501748e-01 1.861461924851272598e-01 1.604653157415790732e-01 1.039055461892306603e-01 1.266282574328638777e-01 9.886182510485481967e-02 2.392970070126077542e-01
1.284772055826101378e-01 1.435422827790048539e-01 1.123739795868483327e-01 8.916376571835520071e-02 2.674726962718160794e-01 1.380831797549762485e-01 1.494434016932898457e-01 1.218760246817267578e-01 1.656384747746145192e-01 1.670096922495446501e-01 1.405732364238425069e-01 1.352310170850956894e-01
7.888392570703930962e-02 1.962562620703203753e-01 1.213813519575900890e-01 2.047156989714632447e-01 7.644125695679068744e-02 1.879215669808627642e-01 1.397759314233375239e-01 8.606889240653077533e-02 1.973793592402835473e-01 1.874361756486460362e-01 1.162368216976022578e-01 1.936084113824129982e-01
7.953365591454303329e-02 1.772310526231943850e-01 1.572561709697544996e-01 1.857303812493249495e-01 1.118616434767321366e-01 2.421759315820326552e-01 1.119259640018540058e-01 1.078097659732848573e-01 2.225746851547934502e-01 1.314516053552497732e-01 1.717420210373055700e-01 8.326062595486891094e-02
1.374211010986056691e-01 1.495715196015369730e-01 1.795579921752605557e-01 1.105600488003656706e-01 1.116720150750327434e-01 2.318317154971243632e-01 1.141225665983508913e-01 1.147347333259483571e-01 1.520643986609811760e-01 1.150379139534901951e-01 1.163062815043715975e-01 2.287396456011107637e-01
1.403454595317960296e-01 1.122764432669108720e-01 1.322336979486980757e-01 1.466899273493009193e-01 1.700071469921589362e-01 1.537734650399429359e-01 2.096442003610134719e-01 1.136344196630281883e-01 1.242038396990627347e-01 1.879680202841403358e-01 9.073892289160329083e-02 1.672762467108365181e-01
1.966807973488710615e-01 1.602396680269679852e-01 1.674612585424347100e-01 1.099736772719727002e-01 1.611968278295848600e-01 1.127775172722716157e-01 1.334618896128595134e-01 8.334642067614143890e-02 1.353580933048673662e-01 1.371286424375196544e-01 2.580256189078063978e-01 1.111385794350767953e-01
1.237559271438800901e-01 1.632734408684790861e-01 1.554402975932461795e-01 1.408711111554705742e-01 1.681686428730020111e-01 1.247440386320638750e-01 2.008280945170280996e-01 1.496395222360231425e-01 1.867271985698316095e-01 1.208372392638746851e-01 1.037332088367872857e-01 1.056892825717430373e-01
1.527040959872955073e-01 1.328639773594026130e-01 1.126540136113605428e-01 1.388075289233469400e-01 1.818242791358575250e-01 1.218037199879445087e-01 1.377822520773173964e-01 1.815567353647943583e-01 1.156640466483483121e-01 1.390653725133497443e-01 1.903493403894142566e-01 1.330766220988043591e-01
9.488371045062414522e-02 1.100742933454090799e-01 1.329239022457895936e-01 1.422163301548215186e-01 1.397865680113525022e-01 1.536343675072320003e-01 1.373712769146596679e-01 1.971811577725284537e-01 9.829526747306856216e-02 2.144858178513171509e-01 8.236191231163524085e-02 2.853731062710810340e-01
1.749340065747919948e-01 1.467637788204220473e-01 1.262483903636933691e-01 1.134775904788330042e-01 1.780519863929251878e-01 1.169037806698244170e-01 1.167492908114506206e-01 1.709066062683156084e-01 1.073924361482533896e-01 2.215727300318123261e-01 1.591945242364697921e-01 1.173328888963865724e-01
1.343065336731958659e-01 1.146246189039708124e-01 1.656535046450310911e-01 1.240410995829022145e-01 1.685648735726297254e-01 1.755413495042845440e-01 1.766246504007899787e-01 8.742585839207332732e-02 1.652927082663345759e-01 1.019263412899070603e-01 1.950563268514829418e-01 1.410923609654915478e-01
1.125262907140873597e-01 1.555400854444533854e-01 1.071196178851163416e-01 3.029570041538756087e-01 4.780450073285653911e-02 1.203134514615224193e-01 2.158833233843586163e-01 1.272064447310254920e-01 2.011545499334057296e-01 1.066410570086851334e-01 2.034075061740613921e-01 1.175211663341834967e-01
1.279707784797516068e-01 1.770220037243231681e-01 1.192449475461046793e-01 1.426910948194872741e-01 1.740550589043941832e-01 1.411019300476441252e-01 1.481064201447379047e-01 1.493789415446102886e-01 1.402639229100031970e-01 1.654018843518244852e-01 1.008620471871230773e-01 1.483096300873926743e-01
1.265161414773417758e-01 1.080087473576018531e-01 1.725516534400837187e-01 1.191332282041815821e-01 1.617720476693501053e-01 1.804336123152494031e-01 1.080949222804237914e-01 1.421884784312838768e-01 1.490829916539218591e-01 1.942529691993962193e-01 1.358045754192127308e-01 1.424325258248286818e-01
1.512595913561031458e-01 1.474223322175332307e-01 1.150240757755288806e-01 2.436734155920710632e-01 7.555323694463357553e-02 1.013509786174380256e-01 2.554666155664742089e-01 8.314407763119356642e-02 1.224015403542706854e-01 1.693971713940558566e-01 1.876785713279540135e-01 1.379025002164671887e-01
1.799567301861444979e-01 1.389040883217954880e-01 8.776836977980535803e-02 2.327099081094068656e-01 1.421000990518438423e-01 1.009845897188824948e-01 8.694244731871220155e-02 1.342674979372982524e-01 1.852572526975899136e-01 1.146735949350079359e-01 1.932307886337374658e-01 1.721761857970632581e-01
9.352456181616539133e-02 1.457229128169028609e-01 1.187287278407848784e-01 1.871478021584340179e-01 1.514935095430926248e-01 1.490917712554723218e-01 1.881801632665993929e-01 1.162987534964967790e-01 1.324284018810042429e-01 1.893131730004298519e-01 9.871376235931074439e-02 1.802432893809638448e-01
1.768066218397902067e-01 1.708254065099667762e-01 1.325663370577521705e-01 1.448252429165715616e-01 1.630457522439597573e-01 1.150255218542274444e-01 1.297377457322440308e-01 2.015206689972948995e-01 2.080794843995556753e-01 4.778780336143954172e-02 7.736931890252381205e-02 2.266064786660796637e-01
7.410866685750729099e-02 2.094936402425794653e-01 1.663997479391874090e-01 1.767374405771577339e-01 1.535170587949198640e-01 1.012873519009432899e-01 1.185535554199067115e-01 1.068572999897747094e-01 1.432722173951974654e-01 1.450562465089801911e-01 1.543237023571148725e-01 2.142719283225527627e-01
7.178116023709231464e-02 1.584297444505735064e-01 2.237069194646864878e-01 8.901206625620508572e-02 1.928471116860452361e-01 1.220097487327446023e-01 1.221661332316014148e-01 2.191130007464992813e-01 1.372412607035822241e-01 1.202120732198110747e-01 2.041233798146086520e-01 1.194470409739199213e-01
1.409880319201731180e-01 1.477949091842966078e-01 1.065561207935596250e-01 1.263027445548034200e-01 1.767011816842237182e-01 1.838032442855383475e-01 1.071781864090634723e-01 1.625090861316021984e-01 1.403095372664443785e-01 1.725780687781018619e-01 1.174742110693210162e-01 1.574019069220517486e-01
1.870557620318620828e-01 1.428378979641363178e-01 1.562197702063463922e-01 6.455811306964957808e-02 2.538373384176454417e-01 9.926535604321982953e-02 1.950819464891830612e-01 1.514610997185176777e-01 1.187537302174552084e-01 1.661972719885391192e-01 9.831857017326794956e-02 1.453498080268532111e-01
1.627145325311087354e-01 1.234849565364568857e-01 2.953309543180367980e-01 1.518830304148420518e-01 1.174742614592390738e-01 1.150102189482999360e-01 1.100512740354696872e-01 1.180882275462462050e-01 1.676236441438928026e-01 5.846749822484826470e-02 2.951726794921896713e-01 1.059774036049655060e-01
1.965185220337657412e-01 1.117990103022480503e-01 1.070094883175106426e-01 1.598380335756594828e-01 1.773767300181605666e-01 1.825096939473883628e-01 1.313425037659662065e-01 2.367703058159106588e-01 7.294574857936605983e-02 1.697521745852498265e-01 8.380959058151241092e-02 1.469428234622397467e-01
1.212420700954236763e-01 1.439891142260162904e-01 1.315774238136044327e-01 1.851142859917231376e-01 7.907535027775737524e-02 1.666447920276691863e-01 1.288507324870215853e-01 1.209690844232992613e-01 1.583844158374369537e-01 1.550360222912426922e-01 2.357465038197527341e-01 1.290601336850425995e-01
1.929885143194113306e-01 1.585581014761341112e-01 1.276372658019384598e-01 1.091935774827287597e-01 1.530466171330037706e-01 1.528599736772225104e-01 1.252783641638121614e-01 1.414020132510546424e-01 9.387736168208006549e-02 2.131761493220124259e-01 1.097574681787384793e-01 1.725894252578679400e-01
1.112755589384373106e-01 1.825619043833880406e-01 2.090628700363384718e-01 1.248911874980201259e-01 1.249553663336289006e-01 1.185142650441580181e-01 1.941239486865387887e-01 1.316969964996469455e-01 1.049223346364712151e-01 1.443128143792294926e-01 1.504411880434778082e-01 1.503058034551651712e-01
1.083846993907944117e-01 1.034855543770825392e-01 9.640194718719755085e-02 1.470945699468704237e-01 2.321319423630756884e-01 9.101876520589925745e-02 2.249434592871320804e-01 1.287959324508409775e-01 2.260391656023064688e-01 8.350480117821214299e-02 1.905877375880445368e-01 1.579786670768371648e-01
1.296265059591069913e-01 1.274416337492649542e-01 2.023738533781885007e-01 2.218773665279762108e-01 1.115732594162270330e-01 1.103881992925356270e-01 1.311801715615252550e-01 1.206182900724076662e-01 2.202971953902996827e-01 7.409738947240766815e-02 2.422174025590532187e-01 9.792940988590272122e-02
1.435208936238352440e-01 1.831012518785709031e-01 1.372228550583889928e-01 1.763219656625148457e-01 1.464190445269965557e-01 1.026922804483165058e-01 1.302627626194503840e-01 1.268696228191239783e-01 1.558401389506874346e-01 1.369095631411343106e-01 7.344119436362382680e-02 2.513481595262026524e-01
1.053928202191591057e-01 1.624571984688332471e-01 8.323984218806669555e-02 2.836265178509368434e-01 1.104719471266590869e-01 1.229161525613304690e-01 2.131839618291225535e-01 1.132647289316127959e-01 1.604521167755947608e-01 1.240777954224699803e-01 1.137196243248801558e-01 1.922333830416207701e-01
1.516280120053543901e-01 1.617703503500147744e-01 6.639152314799813548e-02 1.057787688602204318e-01 2.155317687424490869e-01 8.359857349424591744e-02 1.681655216354786264e-01 1.601469696144801058e-01 1.561678727265589373e-01 1.452804202491637386e-01 1.167426858195105555e-01 2.510750717998848636e-01
1.553427327064784147e-01 1.043685999294890476e-01 1.860748675501380511e-01 1.071941829242492455e-01 1.403837810209188075e-01 2.096867201797963931e-01 9.048833725227019287e-02 1.939567745285921685e-01 1.564796695144275163e-01 1.341673877667423076e-01 1.412374892025193285e-01 1.337398461162812302e-01
9.099543424495752653e-02 1.337880878572970111e-01 1.937794332964144217e-01 1.382048282236719439e-01 1.536500921272245246e-01 1.680659802267807645e-01 1.577113019279384742e-01 1.515747833717447646e-01 7.880203464709360783e-02 2.184859704337087372e-01 1.718851849056293180e-01 1.048158424253536336e-01
8.447889390628021689e-02 1.094808253549331700e-01 1.171468974457556544e-01 1.104174260423921861e-01 1.177039170661969697e-01 1.700742702810876805e-01 1.479498652018665927e-01 2.050603314213098050e-01 1.823586276483714907e-01 1.571999493422048810e-01 1.658918418111155757e-01 1.867613784960092116e-01
2.168136755622933343e-01 8.336432660800166539e-02 2.200574708000357371e-01 7.618574778001903358e-02 2.000937344495482828e-01 8.648221837967788594e-02 9.264386116227303625e-02 3.060730221449766142e-01 1.292166950994683705e-01 2.117238909134357694e-01 8.567772869972387073e-02 1.271619370207920929e-01
1.232072748561957032e-01 1.263690650168430019e-01 1.674577159471465626e-01 1.133967925193971743e-01 1.844888562289739298e-01 1.629701365472377705e-01 8.761521039986097659e-02 1.476805169735823930e-01 2.186055777678380385e-01 1.028318724673306789e-01 1.179216611026687456e-01 2.090655826092950309e-01
1.635214386383897212e-01 1.233306589324244112e-01 2.635398500380282116e-01 1.056252213754818176e-01 2.612228163145040027e-01 1.214386110207437419e-01 1.435236815889443796e-01 1.108777998539887122e-01 1.276453008245482523e-01 1.038767185521425052e-01 1.302177342363360357e-01 1.240569237913430600e-01
1.292413850113127149e-01 1.371706758774008106e-01 1.118202790368633681e-01 1.251578626025589003e-01 1.571566699985200433e-01 1.349968158118575456e-01 2.216993098294299247e-01 1.296595425515523758e-01 8.484012073929445008e-02 2.827539480462260002e-01 9.277910715181976464e-02 1.740025786389587104e-01
1.761816013343923126e-01 1.449085205184552361e-01 4.767839884811043288e-02 9.406184108854630244e-02 1.781071246732201518e-01 1.279481628983772379e-01 3.231472355814101194e-01 1.334388142002261579e-01 9.406222127085166196e-02 2.663964008102718273e-01 1.186581456591137285e-01 1.287610475136266308e-01
7.578275123557717818e-02 2.880061244377700169e-01 6.664550046236969449e-02 1.396448730438771824e-01 1.333243935490739662e-01 1.420234036852795478e-01 1.578894896984631702e-01 8.091772894284124384e-02 1.355078398235782522e-01 2.197252249832129800e-01 1.263100660687288546e-01 2.547436904123117074e-01
1.111349876669834175e-01 9.984780329016854084e-02 2.045245475016456704e-01 1.531789603578400105e-01 1.295381090233941601e-01 1.139860456087788271e-01 1.098663466764899233e-01 1.973493222290131077e-01 1.968194723060797680e-01 1.328053296802402528e-01 1.003470215664499232e-01 2.151257785869088446e-01
1.761153001291747289e-01 1.888061996116010000e-01 1.389560111548084897e-01 1.699502943069749750e-01 1.249550823239020392e-01 1.350771446226092243e-01 1.015699039812944932e-01 1.354462115413557488e-01 1.527549139246321408e-01 1.123617184042190187e-01 1.657544092143667935e-01 1.367574809131142100e-01
1.129275508148580853e-01 2.238549223803172339e-01 8.927957945914097304e-02 8.951329758313376905e-02 2.326659446685102606e-01 1.065641452625641639e-01 1.670734990849042645e-01 1.626417613483509828e-01 1.462911169699635805e-01 2.332543498941512528e-01 1.099814687483040010e-01 1.106984001366398129e-01
1.230497149650822686e-01 1.438231559595512521e-01 1.627147675102390834e-01 1.165880271295170467e-01 1.014707201400654180e-01 1.809601237424987574e-01 1.008975183991019237e-01 1.852542488156429801e-01 1.220350713277829763e-01 1.563106879017012174e-01 2.152846574240791233e-01 1.420661918970433923e-01
1.080676482676025812e-01 1.567999179514771302e-01 1.147694208529772414e-01 1.536077849367392945e-01 1.283395187852753860e-01 2.311053851010184956e-01 1.003672398999161247e-01 2.297500382543957442e-01 1.125357511170009817e-01 9.349758808470179372e-02 1.291234576750684704e-01 2.176561154964479772e-01
1.022290263889542444e-01 1.912101538794163114e-01 8.152477913864686343e-02 1.258570807224214938e-01 1.479603679014480644e-01 1.416913970058730488e-01 1.629516804196894098e-01 1.330291043740805534e-01 1.581075503726662723e-01 1.792301583750488814e-01 2.781863918790976609e-01 7.979377076264665414e-02
1.051526192408056976e-01 1.397906911827766496e-01 1.107382359965690677e-01 2.857760430033396415e-01 1.707224127261075253e-01 1.187772053394983152e-01 1.787625722021856378e-01 1.594807000583697010e-01 8.837297802297698623e-02 1.263406127415263869e-01 1.548731746868502179e-01 1.330197363056868920e-01
1.632302667048480538e-01 1.536076122412403377e-01 1.570080472130838678e-01 1.752669432554004869e-01 1.614865545482916109e-01 1.011949636174498401e-01 1.552491326273065519e-01 1.131832230508183629e-01 7.883144104096097282e-02 1.015419649725558815e-01 2.642944964588775369e-01 1.444623921049340842e-01
1.308669267466648911e-01 9.540941784789347402e-02 2.428256401664276309e-01 5.881138289182660794e-02 2.250631100297000031e-01 1.004452028444097200e-01 1.527863846248118662e-01 1.433284102200259869e-01 1.536582817196110728e-01 1.834583431925137786e-01 1.683936817717209822e-01 1.311683844406385802e-01
1.813100567474901226e-01 1.258811756300092788e-01 1.972945238024982617e-01 9.091328254400822539e-02 1.948836178079512427e-01 7.229735623664468314e-02 1.124682014301222194e-01 2.561816910583009643e-01 1.266377694251637764e-01 1.540344899960456038e-01 1.204342549404060631e-01 1.470687228956880643e-01
1.078237079751627331e-01 1.528701231990886589e-01 1.171310822105783161e-01 1.641501003576714690e-01 1.649000404081695237e-01 1.598781312234274776e-01 1.671526267621723794e-01 1.638413931405693913e-01 1.353247124609630592e-01 1.931965597251406042e-01 1.191699998715969322e-01 9.704538148198818548e-02
8.512737754842837623e-02 1.338277213783585218e-01 2.298714508339710638e-01 1.063205154395572977e-01 1.329314393515923787e-01 1.056305404897458083e-01 1.663147606748176521e-01 1.488668624120617068e-01 1.072714332302358714e-01 2.057783502637564599e-01 1.644066895859525312e-01 1.779838580019555139e-01
1.603067242147000471e-01 1.399832524092084751e-01 1.153225978001984342e-01 1.603581795956814104e-01 1.681175243567910316e-01 1.384818518788084873e-01 1.422967310765798632e-01 1.670441396045627691e-01 1.121243536755835435e-01 1.994987477712637791e-01 1.219713943587951016e-01 1.136695024687566224e-01
1.542177249955957175e-01 1.182874918526802960e-01 1.430249772210597792e-01 7.541571235243479943e-02 1.123528925356024194e-01 2.286504856312440437e-01 1.403023392645850742e-01 1.912082501541613189e-01 1.061722957469537348e-01 1.635175133572576434e-01 2.158223168987321861e-01 1.194869151356003356e-01
1.918967569869575729e-01 1.473235125960784819e-01 1.461500732777389622e-01 1.043485523219299244e-01 1.330096538113339222e-01 1.627127425233352020e-01 9.316115368857147416e-02 1.473459474522893775e-01 1.254289988962901115e-01 1.686735214617792467e-01 1.976288906017379943e-01 1.277194468433812125e-01
9.899882555709473009e-02 1.036948644053558438e-01 1.684034975159935665e-01 2.262702955250712744e-01 1.261359234919863237e-01 1.505083715412297851e-01 2.072008936947541680e-01 1.467242759568116728e-01 1.611303372619969920e-01 1.130384845452307857e-01 1.454583126466655052e-01 1.088103595370194798e-01
1.688744536083191528e-01 1.006183254361638635e-01 2.028868130424157645e-01 1.633401316290450378e-01 1.172790788691260300e-01 9.908562947772736607e-02 1.502298219168897997e-01 2.108217980465545149e-01 8.735781583713884968e-02 1.754220098231837333e-01 1.501200750645931559e-01 1.339566945348921456e-01
8.827660177462962054e-02 1.847126087083933443e-01 1.204754727792939351e-01 1.507023651829541844e-01 2.083930200569273916e-01 1.246872912781064741e-01 1.576434531150390228e-01 1.457090768748098009e-01 1.929196520073465926e-01 8.413816775162845374e-02 1.569297238897379987e-01 1.424549150161706357e-01
1.382732530646028912e-01 1.233392758712873738e-01 1.933418632458548669e-01 1.043701428213332089e-01 1.080680832872830816e-01 1.652851542628931691e-01 9.010545907867326121e-02 2.943883709703034590e-01 8.261683387902797604e-02 1.603529405413893771e-01 1.609079351911124611e-01 1.644263380706618982e-01
1.894513294212913646e-01 1.415246170275154536e-01 1.138656333226333306e-01 1.769447889839730614e-01 1.201863815055337487e-01 1.342015365387955461e-01 1.844416176050522882e-01 1.401581175041621552e-01 1.206674496504229199e-01 1.036402125056608142e-01 2.292545945997172263e-01 1.017412258998563745e-01
1.762252552846315934e-01 1.510410260547284944e-01 1.852192976010180736e-01 1.008586394665880043e-01 1.787642582178341766e-01 1.894165475106372454e-01 7.435414396110009982e-02 1.950761084829240322e-01 1.308860236132361188e-01 1.165125918024112056e-01 1.625841090130377975e-01 1.024278715681250507e-01
1.557741969559263973e-01 1.152613211970436452e-01 1.431117405409177146e-01 1.296281848874024922e-01 1.527533636001648931e-01 1.675328542239657992e-01 1.332602424502518923e-01 1.509331712728562425e-01 1.306159638317944405e-01 1.211764682478089911e-01 1.659549120422818824e-01 1.645857170261428859e-01
1.593514474859113184e-01 1.332453720242070261e-01 1.654355295368376277e-01 1.412958317781436990e-01 1.285460515340966781e-01 1.120271865480174517e-01 1.397320323534759490e-01 1.066118532231311034e-01 1.083182276886009016e-01 2.461960053349722677e-01 1.618715814872110359e-01 1.475802453491636690e-01
9.471351625880709835e-02 1.558231308056709508e-01 2.044874794087086778e-01 1.446201829380992232e-01 1.325208713788815218e-01 1.666134628224670566e-01 1.128343555492817285e-01 1.654352620531831242e-01 1.298239123916515858e-01 1.836834620708029386e-01 1.611841148199915641e-01 9.697122174097051739e-02
1.103856237179579036e-01 1.649692852609029869e-01 2.189897836012276722e-01 9.067484620931005879e-02 1.840598978946917652e-01 1.123461795424118281e-01 1.829576899744115026e-01 1.000619918100576072e-01 1.134074958698176455e-01 1.828264172393601616e-01 1.256619714948842836e-01 1.767710694675397598e-01
1.626330784212292602e-01 1.420515775089334909e-01 1.347759989654842838e-01 1.590513856816850036e-01 6.539534075640814070e-02 1.898634309940414322e-01 1.451117334589842323e-01 2.308511556799947295e-01 1.433315031085939106e-01 1.082709771696765133e-01 1.820955815444016135e-01 1.028702576045773809e-01
1.076081658172676897e-01 1.331720607743586970e-01 1.375041933933416893e-01 1.359776141713072428e-01 1.005927485535416943e-01 1.463918111032168068e-01 1.158963660312675586e-01 1.407914834102359791e-01 1.413601225796738137e-01 1.996567087346871883e-01 1.942195771537793825e-01 1.938915420037282122e-01
6.878401384997569201e-02 1.702039690313859321e-01 1.453582122584231862e-01 1.157235990644536056e-01 1.686160247840575444e-01 2.064014673589584792e-01 1.279053250134873365e-01 8.081673069876550708e-02 1.428363906168043374e-01 1.950807721081930790e-01 1.029374826853418357e-01 2.662272468689148019e-01
1.179145995747788167e-01 1.956651907958113223e-01 1.465458139628193490e-01 9.454401652839863890e-02 1.570374597321225474e-01 1.459188755580207719e-01 1.375411640756404319e-01 8.899914479862720829e-02 1.970847449482761304e-01 1.197853868968030838e-01 1.446243244753160906e-01 2.113767266460786221e-01
1.598233897958560579e-01 1.891389241314601066e-01 1.719002646608791263e-01 1.679847439657547181e-01 8.883993328841735537e-02 1.866706641631327157e-01 1.107965262664324102e-01 1.103325998289764048e-01 1.393186147329794067e-01 1.401692855569430518e-01 1.773843738092542033e-01 1.082650142900231094e-01
1.074174489154975376e-01 1.393628832480488244e-01 2.109965943777929454e-01 1.217240796816243947e-01 1.265107884357818957e-01 1.465575958118928157e-01 1.607015971086001305e-01 1.275815510259958874e-01 1.489399432686679403e-01 1.747401759580266278e-01 1.329775735489763522e-01 1.412937538123990311e-01
1.480090799002509172e-01 1.116255637428167080e-01 1.884654680633084944e-01 1.839057988976964542e-01 1.625008158548412740e-01 5.933184839186541465e-02 2.236180738983658267e-01 1.022146023145187321e-01 1.035969938733099643e-01 2.539333706272833835e-01 9.749610834261474013e-02 1.602778517631798516e-01
1.008704371451731030e-01 2.251345841480195120e-01 1.079050192270793879e-01 1.498325996606901522e-01 1.370435102832998353e-01 7.607486498630232352e-02 1.516829298306046347e-01 1.476998279631445976e-01 7.336476487691889758e-02 2.997417436257182044e-01 9.312626760622740030e-02 2.656504007093171693e-01
7.897179298661907709e-02 1.754453779239114608e-01 2.339536004599295504e-01 9.324614213508547467e-02 1.900593236247642426e-01 1.210171821197568165e-01 1.477800921367860010e-01 1.743551402268214978e-01 1.254358277570797597e-01 1.255809961268461450e-01 1.965966336400445935e-01 1.090230495342382061e-01
1.477167441742587572e-01 1.425930669933946904e-01 1.724460520857313273e-01 1.262066344557694897e-01 1.304549543115719190e-01 1.243315785618797215e-01 1.314800160128474227e-01 1.260395953237318512e-01 1.943214420837460210e-01 8.958328767279946647e-02 1.613019368491870054e-01 1.989616555919402896e-01
2.303988989623905748e-01 1.537118708294669123e-01 1.173631388658531310e-01 1.316345392302791517e-01 2.143950430676260788e-01 1.586316183140991931e-01 1.077024386578783327e-01 1.142770457445440174e-01 1.632426565975877431e-01 1.678653332446641278e-01 9.461684967867335649e-02 1.077645355112377412e-01
1.375654648250159429e-01 2.959380316834963609e-01 1.434596939278657557e-01 9.990970249897358768e-02 1.689287140204149551e-01 1.042415622458501695e-01 1.397524628523925116e-01 1.301485482173763697e-01 1.439944371515568255e-01 1.309134797044760601e-01 1.183184445249291367e-01 1.535605576434174724e-01
1.755082167138053983e-01 1.870871570911771253e-01 9.238017582308433173e-02 1.802897617425135990e-01 1.766547185932288710e-01 8.542063249803769076e-02 9.718916704546792795e-02 2.268424041483452225e-01 1.667603322850834124e-01 1.732332687566834339e-01 1.420988444857223809e-01 7.587936308686922537e-02
1.412777142464071989e-01 1.364441957634985325e-01 1.430838240283861529e-01 1.548669294947775388e-01 1.077547088302660133e-01 2.170774110207393803e-01 1.073482648883817697e-01 1.315535629513666371e-01 1.467042746990178670e-01 2.514140408781579961e-01 1.226451120807831169e-01 1.012141630014661703e-01
1.380635837764483120e-01 1.281809701108452271e-01 5.555273987590641366e-02 1.240985645916187485e-01 1.940230773978889600e-01 1.015596434503039658e-01 2.264097119214363851e-01 1.428786947186623801e-01 2.172573480527628387e-01 1.473092022572573268e-01 1.826711761054276573e-01 1.210985523216145804e-01
