4.114103971869250698e-01 5.424291966184882074e-01 3.913963182248338391e-01 3.864295195718824294e-01 4.066105871174547914e-01 3.340592417995159602e-01 4.537327914786829508e-01 4.511218965093788391e-01 4.190279560923736990e-01 4.786028702670724888e-01 3.222953145668642216e-01 4.028839105665293907e-01
4.960471191384453471e-01 4.056586004773001797e-01 3.523668291624996729e-01 5.250716342089616351e-01 3.118658472864000442e-01 4.319990965862998689e-01 4.571582682279122789e-01 3.972863543755011939e-01 4.729549877820491410e-01 3.376747589995647836e-01 3.941262030139333072e-01 4.177903007411646330e-01
4.793241937283987397e-01 3.900363276440797500e-01 4.992896009738417851e-01 3.903078715823416478e-01 4.692086112702373302e-01 3.992100471702653697e-01 3.649120901733528544e-01 4.419385371102984572e-01 4.051103030462181454e-01 4.178770073639859750e-01 3.737671138780560565e-01 3.690182960589286076e-01
4.008370453868170258e-01 3.914154775769406736e-01 4.843408823353550496e-01 4.967192420312125378e-01 4.967169685523106226e-01 2.462601830235799927e-01 4.231428726689462350e-01 4.626548540608496074e-01 3.804053525070322794e-01 4.359924079959933696e-01 3.834787966420831751e-01 3.980359172188548955e-01
4.457958243927421793e-01 4.586451737513075888e-01 3.336375625248406140e-01 4.885678489002496794e-01 3.763980465601897141e-01 4.551653442670031691e-01 3.872397963124387665e-01 3.587095027420566518e-01 4.698704429464962140e-01 3.305974288264421634e-01 4.582666104628198012e-01 4.371064183133904768e-01
4.339672615472232042e-01 4.006895078291888290e-01 4.339880057293385995e-01 5.541197942533542253e-01 4.387547451345101268e-01 4.025875340113199141e-01 3.839812633616032644e-01 4.341117736737606925e-01 2.739140521114675209e-01 3.811837992049745827e-01 4.660182671533727450e-01 3.966839959898760259e-01
4.015799600256491630e-01 4.067067695493726820e-01 3.987737978376104109e-01 3.962767291715101337e-01 4.766235483501696790e-01 3.495830534607337614e-01 3.793765552862817247e-01 4.316635810666172302e-01 4.567472187729398891e-01 3.909684317855062763e-01 4.209402971303131125e-01 4.907600575632710682e-01
3.859222013578721966e-01 4.591924038352336868e-01 2.842202186967184296e-01 6.439551079123918553e-01 3.274716584858421431e-01 4.734631452819503261e-01 4.697730357512380772e-01 4.167483021395178011e-01 2.830424296060536360e-01 5.138501161946669171e-01 3.745238985345115124e-01 3.678374822040280656e-01
3.943998247199648755e-01 4.678346485013542000e-01 4.556103873675282356e-01 3.160099329881275732e-01 4.657383445391172772e-01 4.165959793476388118e-01 4.139277510237323598e-01 4.026519507259146424e-01 3.588604983857294206e-01 3.607849535110615458e-01 4.463801795626876068e-01 5.012055493271228013e-01
3.849390061320677181e-01 4.809654171957551960e-01 4.587174186076240501e-01 4.229350501823299635e-01 4.705455297119045532e-01 4.385400712158683545e-01 3.857459702007777214e-01 3.887855490197315023e-01 3.828667117648641982e-01 4.639794633499944032e-01 3.432896062820538496e-01 3.786902063370010119e-01
5.306680204461322603e-01 4.090538473483757986e-01 3.657213553164237463e-01 4.516675565154059102e-01 3.535634194438954658e-01 4.507714175393839895e-01 2.846295175598478888e-01 4.278974520315468322e-01 4.632156201027569087e-01 3.927679081427565277e-01 4.670813379598929838e-01 4.029625475935570966e-01
4.478839784409069935e-01 4.547270792791783256e-01 3.478203950618382057e-01 4.322449779504204948e-01 3.716427841575017932e-01 5.295502103692710794e-01 3.074365744185590943e-01 5.236625159411285590e-01 3.957493874827801017e-01 3.765169317436234953e-01 5.189335428970476283e-01 2.938316222577729286e-01
4.608774508129426239e-01 4.453871811129627711e-01 4.185375064144601365e-01 3.888235176792520509e-01 3.892008908268650424e-01 4.772613049800009666e-01 4.020036142405387647e-01 4.413359745585187510e-01 3.774965490334720730e-01 3.633563854944715787e-01 4.379057002422441780e-01 3.978139246043063126e-01
3.667766888944231085e-01 4.307139518846514470e-01 4.121907151585675888e-01 3.580969612118263257e-01 4.252033724378050938e-01 4.002671536732766433e-01 4.556038505596250454e-01 4.345679580199031111e-01 4.272986582957646884e-01 3.626560394491669115e-01 4.956602168901382277e-01 4.309644335248714042e-01
3.927130725156683377e-01 3.779994834245592461e-01 4.081133778947376722e-01 4.512608419354022793e-01 3.767491440379621692e-01 4.164526892647133494e-01 3.851963227741634355e-01 4.609242564545613652e-01 3.958381794651719132e-01 4.310039014907683375e-01 4.259282309321075211e-01 4.778204998102126844e-01
4.566021727452256318e-01 4.932771437857262353e-01 3.262287392642820860e-01 4.814939217800429105e-01 2.890561378825890482e-01 5.194627686675785672e-01 4.039882716448311428e-01 3.243104111308596216e-01 4.836751355618287285e-01 4.513271869339028908e-01 3.975303685450526925e-01 3.730477420580673442e-01
4.161437668558388703e-01 4.596697769351320018e-01 4.391028893372939113e-01 3.180776158328694203e-01 3.735047852204443353e-01 4.235804995681320406e-01 4.569149258745399123e-01 4.510026448255476939e-01 3.390763612335028210e-01 3.623713351493719759e-01 5.084774535312546195e-01 4.520779456360037307e-01
4.029536113263483821e-01 3.165109303924405482e-01 5.232583200421110359e-01 4.052938664026546900e-01 3.693383700455759033e-01 3.643740086858648364e-01 4.968407013963356267e-01 4.521110780728998524e-01 3.865636971789452314e-01 4.692051591752022244e-01 3.771717324532339322e-01 4.363785248283898466e-01
3.290253298690090089e-01 5.140297956191092199e-01 4.234204120455130615e-01 3.294458835914731987e-01 5.083719465382403602e-01 3.611197696076716146e-01 4.680578326791374755e-01 4.384199978505514128e-01 3.600236577527745063e-01 3.944739300052443332e-01 3.519444390471181405e-01 5.216670053941646623e-01
3.964087040530436257e-01 4.162461469859085050e-01 3.739961716044746254e-01 3.363081093694741952e-01 5.473399414410645702e-01 4.096355982921592864e-01 4.245845686253968410e-01 3.869656858033176383e-01 4.443300142052087343e-01 4.456895360586497490e-01 4.129150390357592126e-01 4.055804845255776003e-01
3.162192751472439056e-01 4.792407479955606009e-01 3.860414934865104564e-01 4.880446080236663930e-01 3.119252267465201234e-01 4.701916006579440754e-01 4.123162249344826114e-01 3.308875001595280585e-01 4.799337451665117715e-01 4.696848814619625778e-01 3.791890107461499682e-01 4.763256854739204016e-01
3.191613822373520204e-01 4.578489720623705184e-01 4.338719158355641703e-01 4.676528827930254151e-01 3.724803601721575763e-01 5.243051845231694319e-01 3.736705083062543120e-01 3.673823173120461250e-01 5.054613787830499749e-01 4.007044913638398986e-01 4.512854786356927939e-01 3.261751279755061295e-01
4.091017027615966306e-01 4.247970505525076046e-01 4.598775093923662682e-01 3.708573863127233028e-01 3.725669834363870558e-01 5.141900377969972347e-01 3.762802535432210882e-01 3.770419843035280882e-01 4.269972649032295342e-01 3.773171000751472937e-01 3.795646532726409395e-01 5.114080736496834367e-01
4.125276503680493922e-01 3.730082945431574259e-01 4.014811884090737637e-01 4.206994147574681930e-01 4.495033690189186859e-01 4.299549790326600007e-01 4.924801548222563774e-01 3.758102932963449661e-01 3.907904242919039151e-01 4.694091382233608889e-01 3.380482683489277052e-01 4.462868248878878452e-01
4.796157540294519461e-01 4.375512360633175279e-01 4.467269071411097969e-01 3.690504788542806058e-01 4.390327727580152772e-01 3.732013092848561753e-01 4.043252404657925458e-01 3.243627008751793772e-01 4.068634308299008406e-01 4.084065697962069308e-01 5.392285849411252441e-01 3.716350149607721143e-01
3.900838310000451781e-01 4.411757344829069227e-01 4.319698532924274303e-01 4.131609611031479279e-01 4.471985094544961292e-01 3.912726505234873642e-01 4.835874938261177647e-01 4.246840281282994733e-01 4.683575243081255501e-01 3.859214902523004920e-01 3.599943128544110804e-01 3.625936107742142589e-01
4.283004305825638958e-01 4.022693864584275802e-01 3.735262559016832573e-01 4.105130783878577216e-01 4.625047360924930961e-01 3.872649032120234480e-01 4.092457145450003608e-01 4.621027538770923204e-01 3.781730224052814449e-01 4.111363926437047733e-01 4.720186793645799739e-01 4.029446465292785273e-01
3.462401471146419052e-01 3.711600076019780925e-01 4.019540329615821084e-01 4.151226025767585370e-01 4.115593246592165744e-01 4.300711448103479162e-01 4.087487636741442554e-01 4.802991733103664229e-01 3.507366909786538978e-01 4.979663220615041519e-01 3.230140131973230355e-01 5.631277770534728333e-01
4.547953030595565105e-01 4.206188930297082296e-01 3.935016708553493725e-01 3.747106335536760646e-01 4.581883106839586550e-01 3.802478997461983812e-01 3.797884760597805553e-01 4.501728830266667480e-01 3.656306887689309004e-01 5.046424321757474463e-01 4.367917503463079054e-01 3.809110586940919196e-01
4.049935259104098240e-01 3.759544706516705359e-01 4.440868039317419358e-01 3.901093713460958012e-01 4.481839908445808263e-01 4.555498177700022522e-01 4.577679566866481031e-01 3.318736302010580341e-01 4.439660421376918076e-01 3.564883598830993483e-01 4.776442270364112952e-01 4.133818036005699748e-01
3.739833610989015678e-01 4.325924998406343036e-01 3.652381035393065800e-01 5.777208709115704277e-01 2.504865479605780099e-01 3.894649115401462858e-01 4.993713833382231182e-01 3.953142334805488378e-01 4.840344195176004005e-01 3.641707627201959396e-01 4.860051563397377872e-01 3.816177497125520790e-01
3.954634063697468060e-01 4.572911003148694142e-01 3.832965499353722105e-01 4.158700655356610265e-01 4.537098949518175717e-01 4.136310371950116527e-01 4.224888870032660337e-01 4.243079680996791891e-01 4.122774107469941995e-01 4.439308451789847343e-01 3.547084579559105499e-01 4.230243767127071508e-01
3.937267010133630452e-01 3.663285488716863103e-01 4.519707430082144928e-01 3.833271063251577626e-01 4.397743310273406481e-01 4.612251065647770543e-01 3.664385337529970088e-01 4.150572782307210828e-01 4.237517670170260486e-01 4.764588240129610242e-01 4.067371580890328797e-01 4.152039020867142605e-01
4.265744414410335694e-01 4.221307500039286897e-01 3.772097937514584665e-01 5.254149708108032391e-01 3.120149101632532229e-01 3.583722269007401096e-01 5.363527816128808023e-01 3.251460740742001532e-01 3.890177459713989871e-01 4.484571594542969275e-01 4.694556816574825819e-01 4.098534641585062088e-01
4.607509965721950929e-01 4.116565974759444080e-01 3.333190382417500208e-01 5.152614376701097898e-01 4.151201811531198826e-01 3.560691498082154127e-01 3.316979548820808699e-01 4.049022134764631575e-01 4.665171021571105081e-01 3.768923071176313311e-01 4.756794907323107502e-01 4.521335307130832648e-01
3.424405467786858503e-01 4.200516829489636672e-01 3.823618822703718778e-01 4.688743035369082324e-01 4.271321206274435456e-01 4.241571840808076033e-01 4.695738766289514476e-01 3.794792183953292208e-01 4.021399162494956325e-01 4.712426525341842365e-01 3.513765608803607887e-01 4.611700550685181033e-01
4.574198697695396332e-01 4.505774544608380228e-01 4.024003938124541824e-01 4.182986852509263942e-01 4.407618524733959431e-01 3.770329920920794664e-01 3.990037034461575427e-01 4.839613356726024107e-01 4.920828438968203322e-01 2.509708871029260879e-01 3.179550510753466619e-01 5.095349309468750754e-01
3.074149376745950457e-01 4.931602898293868664e-01 4.452998343913789348e-01 4.575666436883192856e-01 4.299361081438334287e-01 3.559885527919788850e-01 3.820371864449629840e-01 3.647134034726143836e-01 4.164747260772799220e-01 4.191506218417867524e-01 4.305409878841095495e-01 4.977167077597292044e-01
3.036413356779619210e-01 4.363651312669973303e-01 5.068453244474352415e-01 3.353839396391387062e-01 4.748358074938703322e-01 3.875347702286646712e-01 3.883930262722800064e-01 5.017910926491011558e-01 4.089808582074042076e-01 3.851891216291469799e-01 4.864359709906564411e-01 3.846036214973499456e-01
4.130503521344557893e-01 4.222022222382011969e-01 3.638018989523014168e-01 3.939388073497315790e-01 4.568142298704105375e-01 4.652578546351930910e-01 3.650410539145754751e-01 4.405110096355867588e-01 4.121500660454019416e-01 4.523280266828266782e-01 3.805186326149717635e-01 4.343858459263529315e-01
4.690523169183703489e-01 4.160761248962837611e-01 4.346259244708784442e-01 2.878637361523055382e-01 5.353078969578689561e-01 3.528192482976231226e-01 4.783511347693987226e-01 4.276410801608920842e-01 3.831065812128476855e-01 4.443511118327883036e-01 3.509788956980045560e-01 4.198259486327302614e-01
4.420952189501666796e-01 3.897812551007194815e-01 5.718290449394617392e-01 4.283044813313960364e-01 3.815087838535904385e-01 3.763576901910391515e-01 3.706230880945174944e-01 3.817598537464328423e-01 4.484837709570239084e-01 2.747232809542907161e-01 5.714300065462200040e-01 3.631035253351538872e-01
4.784970500592301001e-01 3.729740536854370681e-01 3.648098037953445560e-01 4.374810779590270760e-01 4.579447464278068036e-01 4.646175696092749163e-01 4.008182241978727189e-01 5.199174515571757249e-01 3.049460313881849349e-01 4.496029861998270816e-01 3.257917908569188947e-01 4.225992142639056759e-01
3.862259746387508019e-01 4.174107413713573633e-01 4.006668642414211168e-01 4.667255428222052416e-01 3.168722232884068069e-01 4.456653802080384197e-01 3.969956902352881345e-01 3.861595605265082387e-01 4.354466320702581883e-01 4.315603485527217398e-01 5.183264592328311604e-01 3.979445828122381013e-01
4.751423199236889383e-01 4.358964006965074800e-01 3.953934007072255064e-01 3.682141606556774138e-01 4.286072713911996401e-01 4.287590402831888414e-01 3.918123665401858635e-01 4.143942540701395227e-01 3.432825931789895701e-01 4.960091224313972758e-01 3.692726451796711773e-01 4.532164249421416491e-01
3.716408524024281679e-01 4.638864247101911475e-01 4.919689522001096105e-01 3.916075607380077872e-01 3.916229138349400229e-01 3.822257669724373752e-01 4.759910331388837457e-01 4.012662967004439474e-01 3.616527614842333094e-01 4.175738143254074664e-01 4.251908283451260040e-01 4.253727951478077918e-01
3.679599258487290525e-01 3.588005331753673643e-01 3.488449672025493165e-01 4.220663913061987182e-01 5.154417356553822049e-01 3.388461679227638412e-01 5.082778128860715450e-01 3.966719828243634449e-01 5.092002307387994975e-01 3.253271440590109753e-01 4.734106907395226882e-01 4.351524176412340239e-01
3.992829487619998785e-01 3.950539078175824281e-01 4.853886384440184720e-01 5.049484444200267319e-01 3.728776302476243809e-01 3.697718156848553428e-01 4.008353907473986011e-01 3.855817679124113329e-01 5.039590559401935232e-01 3.072973198349563395e-01 5.245579075167154937e-01 3.504451726722095373e-01
4.167400780112535119e-01 4.647717448463013490e-01 4.087084914415217152e-01 4.568161446363231404e-01 4.207285022675669728e-01 3.580776252667710047e-01 3.986445342350615206e-01 3.944644787247095774e-01 4.321241539146061239e-01 4.093219262693966187e-01 3.065600885233454864e-01 5.330422318631109491e-01
3.620044019314727635e-01 4.410200852276747741e-01 3.247589678645725897e-01 5.615793932552537449e-01 3.714921635215245321e-01 3.901499190335779854e-01 4.960276797903997448e-01 3.746650587917941810e-01 4.376407338596008390e-01 3.906782209394208394e-01 3.755289734194825479e-01 4.744544023652086939e-01
4.271264041493069152e-01 4.400087362611522779e-01 2.927046137860723762e-01 3.651996715349346001e-01 4.983776822262139250e-01 3.255514224950002422e-01 4.477642359756163204e-01 4.376009589421134827e-01 4.328744465899563854e-01 4.196159877909361180e-01 3.803179317569325146e-01 5.328579084917333120e-01
4.317548735203740051e-01 3.604956951769207052e-01 4.672603399032456695e-01 3.655749210438956065e-01 4.133498417392267310e-01 4.926641341235374894e-01 3.378068038131339934e-01 4.763122496476119849e-01 4.330782498227448984e-01 4.044647111511984749e-01 4.137477328975247559e-01 4.034904471606028387e-01
3.385458162228853762e-01 4.042804901637940818e-01 4.757100307973888831e-01 4.100873998697943668e-01 4.298484435023524619e-01 4.472183128472546620e-01 4.344255390028000097e-01 4.276676199514828913e-01 3.166470527209561681e-01 5.017792729705816690e-01 4.515192084162239494e-01 3.622708135345213964e-01
3.271999751243068744e-01 3.695326950403127197e-01 3.799575988270338378e-01 3.704004957744287396e-01 3.809747799841338156e-01 4.494040000287167214e-01 4.227629808667761058e-01 4.882715844932900007e-01 4.637264297503475574e-01 4.347593908005509822e-01 4.445023576610750982e-01 4.685077116490716787e-01
5.007029752487612839e-01 3.252320811128222577e-01 5.033864539550405581e-01 3.112736127054952506e-01 4.831199855078069927e-01 3.324737854711548035e-01 3.443352148489110531e-01 5.802582893989232105e-01 3.978158121093757216e-01 4.944735276820856340e-01 3.302359210318118743e-01 3.966923409278067525e-01
3.894120161223389442e-01 3.936283521478806113e-01 4.460580322509962725e-01 3.748286017800189218e-01 4.656972811285202130e-01 4.411436160009417629e-01 3.329283580900471717e-01 4.225942526282457368e-01 5.012060860194147427e-01 3.589618934225801139e-01 3.820328867582904464e-01 4.915086236506994721e-01
4.421324250801229594e-01 3.894605036235129769e-01 5.442549186153952112e-01 3.630480714337506187e-01 5.421446356286214741e-01 3.867501060286568371e-01 4.173211173833527021e-01 3.703067668293150150e-01 3.959294826810649814e-01 3.593130355397945452e-01 3.994121637963277682e-01 3.899267733600840780e-01
3.974087502144787454e-01 4.087264887887301912e-01 3.719391479762517161e-01 3.919103323779237757e-01 4.338053495050880892e-01 4.059185221820245659e-01 5.046340722100179921e-01 4.003281837545150101e-01 3.286388859372184057e-01 5.605305794815004239e-01 3.415850589903430823e-01 4.545746285819124988e-01
4.560615073461178337e-01 4.206107766669539560e-01 2.500275093482211552e-01 3.469793641067105971e-01 4.586199450275041389e-01 3.965490812836631740e-01 5.941671871682052686e-01 4.053953349444257559e-01 3.448833320495434118e-01 5.461707310680116167e-01 3.826646260054866744e-01 3.978706049851346016e-01
3.107444700957983086e-01 5.652636791708879338e-01 2.929380110820575256e-01 4.139794076328602301e-01 4.032633067559752149e-01 4.151022575239713408e-01 4.344615271254708699e-01 3.212222103982561583e-01 4.080208674458721818e-01 5.035513696685618434e-01 3.943375972741468560e-01 5.371152958261361521e-01
3.719122295579666004e-01 3.544331516087639300e-01 4.870349621227701986e-01 4.291028377361272295e-01 3.978718570707663882e-01 3.755454016245360904e-01 3.697291461419872638e-01 4.798980594156682655e-01 4.790201264794321512e-01 4.034628537001470061e-01 3.543512196457573316e-01 4.976381548960706613e-01
4.566901621913696530e-01 4.707728129571395193e-01 4.109639932677137120e-01 4.492755691154096676e-01 3.912800514390594731e-01 4.054128661680815870e-01 3.561491815856597798e-01 4.061361868768428307e-01 4.283248096991261189e-01 3.729317123350046059e-01 4.441704660264426674e-01 4.078921883381731450e-01
3.741509229599001563e-01 5.064506809191560155e-01 3.373449612951790466e-01 3.374947264140122916e-01 5.149261768426198760e-01 3.643256376751857761e-01 4.464918361162176219e-01 4.409687372277010242e-01 4.210134612994483883e-01 5.160243974769019859e-01 3.697722299496470355e-01 3.710362318240320034e-01
3.888194221468028733e-01 4.169554728119617137e-01 4.402186204398189640e-01 3.801457280024214125e-01 3.561270509076430724e-01 4.617017765032659926e-01 3.548204888170730653e-01 4.666871894131563447e-01 3.875192276348974896e-01 4.336734911362637446e-01 4.981996755039871383e-01 4.151318566827161272e-01
3.664141250940279315e-01 4.338160593892141925e-01 3.760978053372449059e-01 4.300628536567246973e-01 3.962084574769196288e-01 5.141716483363856227e-01 3.544400265406245643e-01 5.126404362634042755e-01 3.738876934793859408e-01 3.440685087017915644e-01 3.975560404266618164e-01 5.006363452976292372e-01
3.588568171558713660e-01 4.727638733113481706e-01 3.219167391956987978e-01 3.935446924509582445e-01 4.222825627120447289e-01 4.143446043798003076e-01 4.409313399388699040e-01 4.027431290721712465e-01 4.354717204588933188e-01 4.599933553421565180e-01 5.567835364982176571e-01 3.203676294840063776e-01
3.614813634635624107e-01 4.120850675034908872e-01 3.711429510328281278e-01 5.634534650536479061e-01 4.505854993894139460e-01 3.834001695003448340e-01 4.591285339066218940e-01 4.369776180751289152e-01 3.338603746678874273e-01 3.940445026554918462e-01 4.306830260013183587e-01 4.031574287502801557e-01
4.417072576757384850e-01 4.295708815747908971e-01 4.340940373519808215e-01 4.551768742411686497e-01 4.394408727736130449e-01 3.554836636180507825e-01 4.315392555578068112e-01 3.744903656885658627e-01 3.179080379615982221e-01 3.577687233356425800e-01 5.445355216088070271e-01 4.182845086122835010e-01
4.011408098682851531e-01 3.464991310276036018e-01 5.256433738040086068e-01 2.750271314592963590e-01 5.088285537779944079e-01 3.546064285845245689e-01 4.296159848991173424e-01 4.163535213124008871e-01 4.301110720396760234e-01 4.645831549300675212e-01 4.477095256884504604e-01 3.998813126085813408e-01
4.626642287347306204e-01 3.930381978323685965e-01 4.802193558808243168e-01 3.381061730620935069e-01 4.770418330353570768e-01 3.046359185601359987e-01 3.760876387177704006e-01 5.372007074830223994e-01 3.943175480029182944e-01 4.299634401602569489e-01 3.850779612600473412e-01 4.216469972704410818e-01
3.660374442488131264e-01 4.284883672786375941e-01 3.800660903053491024e-01 4.425142989889452316e-01 4.432097878399585689e-01 4.375505520813347538e-01 4.459421900544024431e-01 4.422794678330105311e-01 4.059805834829648408e-01 4.751057614050779865e-01 3.834299436742581446e-01 3.493955128072456229e-01
3.285486593844345604e-01 4.051621430124042189e-01 5.125656117273789114e-01 3.640530909984103225e-01 4.027212598070815108e-01 3.625379636019306906e-01 4.449429590080903885e-01 4.239529313869597194e-01 3.656970661293597602e-01 4.886808387255091590e-01 4.425607004200304284e-01 4.585767757984243742e-01
4.372923751691784044e-01 4.120198339217334138e-01 3.775035095984235478e-01 4.377693845837437037e-01 4.468588841087412500e-01 4.103793442191165930e-01 4.149511859686606519e-01 4.458725231476876605e-01 3.726736814041750612e-01 4.817773208195162971e-01 3.874826802230376677e-01 3.754192768359682075e-01
4.305194575225511078e-01 3.815879000520859265e-01 4.162245991357129693e-01 3.105066651711876902e-01 3.749484818182546308e-01 5.114473394627889746e-01 4.127161041741472247e-01 4.731865409975150594e-01 3.638226002942243631e-01 4.423209533754958178e-01 4.988830681034939207e-01 3.838362898925400390e-01
4.740092103569274462e-01 4.214728729644966476e-01 4.200258043389576423e-01 3.606695960537396606e-01 4.029054181672726553e-01 4.406634989496440724e-01 3.421288662546903558e-01 4.216189135128136645e-01 3.922256797320325394e-01 4.481571058856338441e-01 4.802894971804396729e-01 3.958335366033327585e-01
3.525024690682533324e-01 3.598949969146982841e-01 4.477222520939050376e-01 5.091094789081973548e-01 3.939536132420595194e-01 4.262126321032734255e-01 4.901275294044400432e-01 4.209385092939069706e-01 4.388737269301590804e-01 3.738314398781486525e-01 4.191890414200090120e-01 3.676443107429504531e-01
4.480292881891236867e-01 3.547764481327947417e-01 4.856597577178171088e-01 4.413727012916915937e-01 3.806771276877894961e-01 3.523649408702524966e-01 4.255967684044859034e-01 4.937791854449304907e-01 3.323604954003060996e-01 4.558675536249501836e-01 4.253389448145975527e-01 4.041767884212641437e-01
3.340104315796054157e-01 4.657227532805181536e-01 3.853519216437955586e-01 4.266481078071332478e-01 4.913620656497064698e-01 3.913158581527329538e-01 4.348685981775984311e-01 4.192461791995101827e-01 4.750567276658007598e-01 3.264734762209515750e-01 4.341245116220376898e-01 4.158193690006233845e-01
4.101719989331997773e-01 3.893787185672777373e-01 4.749300745854521111e-01 3.616190063621684825e-01 3.670103913935791051e-01 4.443675351352716074e-01 3.371877832418090915e-01 5.705011016048882055e-01 3.239419857052562857e-01 4.392775837824131058e-01 4.385782376006366334e-01 4.430355830880382539e-01
4.715584676094046745e-01 4.145142001486646910e-01 3.756850769718335648e-01 4.568130605430655300e-01 3.847576998334215070e-01 4.046767868166226134e-01 4.655852491829501338e-01 4.121371090909961565e-01 3.860488751124480644e-01 3.596817042478865911e-01 5.119041083524429325e-01 3.566376620902693140e-01
4.566858067953898370e-01 4.260875468247564690e-01 4.667043490176978615e-01 3.555174753928593834e-01 4.598077282301421542e-01 4.719525848120582623e-01 3.081127701673445074e-01 4.773628120435815525e-01 4.002834423568938371e-01 3.796729409295470647e-01 4.404231920943796896e-01 3.573893513353166851e-01
4.323719658364089669e-01 3.772167766266063538e-01 4.159443841338524850e-01 3.979067311795680406e-01 4.285261494500484103e-01 4.463220517576234614e-01 4.031005020732637001e-01 4.258906425304583854e-01 3.992759714172967045e-01 3.861246799828047527e-01 4.445451336621374372e-01 4.427750113499284712e-01
4.365916085788934531e-01 4.029965898036584337e-01 4.437588431455355975e-01 4.135601211005009437e-01 3.966758752649958142e-01 3.724120812458664442e-01 4.114134919619235053e-01 3.644261705025697018e-01 3.678408059309539735e-01 5.280905836915326113e-01 4.400270902060840483e-01 4.222067385674714290e-01
3.451245580934814150e-01 4.327021613156525337e-01 4.871240487308159950e-01 4.187921366053600769e-01 4.020526369993823179e-01 4.451612079421847779e-01 3.734319866185896730e-01 4.439246727855061803e-01 3.984441639807209667e-01 4.650618117711057264e-01 4.389561619957044192e-01 3.492244531615259495e-01
3.705038734464235484e-01 4.440363036685560649e-01 5.024805998263806028e-01 3.380288418982578813e-01 4.654535126352568053e-01 3.727289140067094886e-01 4.640514503031472060e-01 3.542038782843002220e-01 3.754784873631675235e-01 4.636395406819106002e-01 3.924317379393478800e-01 4.569628599465271890e-01
4.407321814953915062e-01 4.152611252115721019e-01 4.053989158785670788e-01 4.371927827947841849e-01 2.894914727102829710e-01 4.726255262372063837e-01 4.192169800427067439e-01 5.141375351282329031e-01 4.178677210742909320e-01 3.672559653459155360e-01 4.627151040754157174e-01 3.581046900056407689e-01
3.659343176609142767e-01 4.030509135720016234e-01 4.082207120849521975e-01 4.070613005572348841e-01 3.543511432295988195e-01 4.203843013131622897e-01 3.778838303183118530e-01 4.133925006682497294e-01 4.140960976659462389e-01 4.826181692590635897e-01 4.766259373654625486e-01 4.763807763050635913e-01
2.968818820679876569e-01 4.507244239299018074e-01 4.192370548294898080e-01 3.790518992712397228e-01 4.477473401402045639e-01 4.890225609445311150e-01 3.962980489268735917e-01 3.209701613410917975e-01 4.167216390913911495e-01 4.780634758449734401e-01 3.588332593796224046e-01 5.464482542327349091e-01
3.818737176329428662e-01 4.778405740209090702e-01 4.211041707502676257e-01 3.445471674793504913e-01 4.338751064816591119e-01 4.193898116613590799e-01 4.095275480957432102e-01 3.348662301567666977e-01 4.792746063813849711e-01 3.844065163907240956e-01 4.189441749887782285e-01 4.943503759601332592e-01
4.378012216660554512e-01 4.711859127686749416e-01 4.517002430837231963e-01 4.477519262788086651e-01 3.346566403175031956e-01 4.679281122971899465e-01 3.709022249626416912e-01 3.704280437888741728e-01 4.110376061663723601e-01 4.121369154201726115e-01 4.575687762052156882e-01 3.669023770447337740e-01
3.654626624938989710e-01 4.116985968706480814e-01 4.936974221730708323e-01 3.871484255377718453e-01 3.938229962786478078e-01 4.202763042424777495e-01 4.380031340789267147e-01 3.953022556677844301e-01 4.237484531486208628e-01 4.546851716747190575e-01 4.025983808981474787e-01 4.135561969352954947e-01
4.226745070813935357e-01 3.726317763203854661e-01 4.706357212576967042e-01 4.651158466154527993e-01 4.424967900842477486e-01 2.764277930181910925e-01 5.068065490136772766e-01 3.588339287304512237e-01 3.615038785574660185e-01 5.350433312740672243e-01 3.499154669136165796e-01 4.379144111333631573e-01
3.551364151030397265e-01 5.086972569912069364e-01 3.670262844012108783e-01 4.257724449930376798e-01 4.084732776323932724e-01 3.122836816966602091e-01 4.276739307944417701e-01 4.243002490804442806e-01 3.071440082694869567e-01 5.751738563123717229e-01 3.420998018398094254e-01 5.462187928858770469e-01
3.177460526647100103e-01 4.560785257324337372e-01 5.168098334190340815e-01 3.426879000749504245e-01 4.719222045788317166e-01 3.858202617059498518e-01 4.225820280602556878e-01 4.539533714991680347e-01 3.925996806047744592e-01 3.925713668493678865e-01 4.785140189113934461e-01 3.687147558991393792e-01
4.226250054258582356e-01 4.155679806023003797e-01 4.519991767923167147e-01 3.930958118137909962e-01 3.992331778392367858e-01 3.901742555334982709e-01 4.009795571542339454e-01 3.929058677633753272e-01 4.763459785765360999e-01 3.360093759862947671e-01 4.398147914292000471e-01 4.812490210833195170e-01
5.129155488950595254e-01 4.297486303997660739e-01 3.809286633775865183e-01 4.010996241699478770e-01 4.972263177314989457e-01 4.359303336074450419e-01 3.660983710017174930e-01 3.760820267234772363e-01 4.411072156016001555e-01 4.466088671296261081e-01 3.452833725249698782e-01 3.669710288372670659e-01
4.094095334781880369e-01 5.719768765529829047e-01 4.180009456067815266e-01 3.538033309496675383e-01 4.477156319329375633e-01 3.601770326844619952e-01 4.119539327234894577e-01 3.986091908713736420e-01 4.172192922522319769e-01 3.997188552963137353e-01 3.817784594319889591e-01 4.296369182195696190e-01
4.560732587625946355e-01 4.686878035257123210e-01 3.415651978516383580e-01 4.611716998639199261e-01 4.569059901686723935e-01 3.294194203880101424e-01 3.503925022598649019e-01 5.097614823600224998e-01 4.460358114633698468e-01 4.532045149578028953e-01 4.157723859678266187e-01 3.110099324305884982e-01
4.133100425463044347e-01 4.074264501797227322e-01 4.160146535211687868e-01 4.315302381396826092e-01 3.660107795381146167e-01 4.998349635950144476e-01 3.652220848721955404e-01 4.015112854673763554e-01 4.209210980101757982e-01 5.329590067742572268e-01 3.892475463560953197e-01 3.560118509998915215e-01
4.097650341149834397e-01 3.970439318246976601e-01 2.692930133625853761e-01 3.924583777960923281e-01 4.764931539738512800e-01 3.565816233815960468e-01 5.095757137668428527e-01 4.160375179832107584e-01 5.007267423627916880e-01 4.217669950969394344e-01 4.639310794599570409e-01 3.863268168764776300e-01
