2.909356721067426488e-01 4.234318670856098143e-01 2.780205238240054388e-01 2.426501815466912404e-01 2.537056740467993898e-01 2.002395016434721231e-01 3.282112200875030861e-01 3.388420823829292328e-01 3.035259123050916275e-01 3.404373649711536221e-01
1.543856663725807765e-01 2.180391506532423918e-01 4.211268535661815138e-01 3.045208022107749879e-01 2.590405571578874300e-01 4.183135163389481437e-01 2.144156083116459388e-01 3.174952368031174199e-01 3.769304494073163481e-01 3.157321591783044945e-01
3.558881186412400921e-01 2.209417813990150470e-01 2.516014190531949413e-01 3.230558612905486959e-01 3.392511513923662791e-01 2.715431464106112802e-01 3.648492143933648180e-01 2.776894211813724089e-01 3.288586407498331199e-01 2.663212454884569258e-01
2.291350395190291100e-01 3.194977622268821982e-01 3.090658548670062733e-01 2.864016101810527015e-01 2.460416283423360884e-01 2.602204431165447418e-01 2.803056964094759462e-01 2.652469544296164328e-01 3.782033370784015358e-01 4.258816738296510307e-01
3.835461569082832534e-01 1.205517739221762530e-01 3.075931264521638564e-01 3.648756569972915198e-01 2.676304766940511559e-01 3.021520543282628646e-01 2.752668981690016281e-01 2.648967512958370074e-01 3.517749085007497722e-01 3.617121967321844100e-01
2.186221855725286600e-01 3.617522179550952122e-01 2.845281841898500419e-01 3.335373128602224790e-01 2.727289475926538698e-01 2.536661993086783973e-01 3.460873016052887774e-01 2.164186673629897029e-01 3.540951680211307240e-01 3.585638155315619136e-01
3.269579417931907095e-01 2.875797897496384925e-01 3.335966160211935039e-01 4.615923819423136121e-01 3.371822837785596327e-01 2.751550668649985210e-01 2.794279824602313722e-01 3.013906296450985511e-01 1.391262103056057631e-01 2.579910974391691481e-01
3.753572929091327781e-01 3.173949829583042614e-01 3.020441528747551119e-01 2.869015847707687694e-01 2.700982722699424854e-01 2.920340234466459739e-01 3.664696553076031149e-01 2.252465566357899629e-01 2.407245123041878432e-01 3.237289665228689217e-01
3.420945831829600992e-01 2.402332095875860385e-01 2.974898473204402594e-01 3.730564620582407231e-01 2.371049711711864794e-01 2.997630978708507588e-01 1.687713583979449650e-01 4.846802063070934641e-01 2.177664713727067158e-01 3.390397927309908854e-01
4.126679763294202052e-01 3.245090434649742228e-01 1.494243334310744464e-01 4.113852745379644182e-01 2.792166969352706807e-01 2.446164208048445254e-01 2.792899176922901683e-01 3.759366741005134571e-01 3.423374137294074027e-01 1.806162489742430544e-01
3.308836452580584120e-01 2.901650562822601365e-01 2.928285352628250404e-01 2.707257207811053501e-01 2.098995314127480860e-01 1.980359923358446517e-01 3.449100608161480563e-01 3.923934177359443276e-01 2.644622528277759121e-01 4.056957872872883897e-01
3.731771854551524381e-01 3.215316200327188456e-01 3.666218301807481206e-01 3.448996072201906404e-01 2.566989741569718486e-01 2.555817624907543717e-01 2.753733206827437274e-01 3.528143815549030227e-01 2.122270473004032598e-01 2.410742709254130034e-01
4.323531072363610006e-01 3.290242778029182080e-01 2.236833762925360680e-01 3.327267546798003406e-01 2.452707311941940971e-01 3.052778774399877992e-01 1.491261550395476254e-01 3.332744178910169719e-01 3.694278173471791660e-01 2.798354850764545598e-01
3.308971287428408847e-01 2.776162469275880729e-01 3.256494481411661979e-01 3.554263151056855641e-01 2.006470890362340165e-01 2.674797840381163971e-01 2.716895363913435779e-01 3.861468971342695844e-01 1.794367424612400286e-01 4.050108120215120122e-01
2.993029419599772534e-01 2.944678617624755801e-01 4.066908916479305969e-01 1.867921584874559227e-01 3.377147982705844820e-01 3.406410835971191986e-01 2.777618860252794031e-01 2.376579231779028523e-01 2.635667309048792539e-01 3.554037241663968172e-01
3.241815894597272485e-01 3.440870502433828193e-01 2.640939806480404606e-01 2.506768713534425208e-01 3.380719319476558904e-01 3.143742515063780996e-01 2.601838971923151056e-01 3.386480596094596507e-01 3.241005469478183132e-01 2.415818210917837772e-01
2.964624531984964562e-01 2.783249644359885311e-01 3.362783036807686088e-01 3.295842291333235252e-01 2.944528055599702765e-01 2.318686143054883575e-01 3.876092609405004108e-01 3.226616104855483114e-01 2.666309176209611387e-01 2.561268406389511365e-01
2.752054077723019576e-01 3.335706144543552076e-01 2.503438741502451714e-01 2.783567367893757249e-01 2.612334864414674884e-01 3.415027211831155318e-01 2.767026012737022755e-01 2.999205501848479782e-01 3.192425591176327182e-01 3.639214486329550025e-01
3.395436874258008775e-01 3.819568479247650306e-01 1.952299478892680906e-01 3.157898776037101896e-01 1.567489489130793889e-01 4.086078697129892912e-01 3.074360946931138372e-01 1.868346279267529275e-01 3.599390069924868207e-01 3.479130909180293552e-01
2.937542220361750167e-01 2.817648173133093792e-01 3.014588007593949071e-01 3.680197154197075715e-01 3.278709276737405420e-01 1.802111134356738642e-01 2.356651419322025598e-01 3.124591583390774474e-01 3.661484902516372042e-01 3.326476128390835618e-01
2.312364685268508413e-01 2.492731167281053428e-01 4.142056754174323618e-01 3.751747646886339771e-01 2.799327928098955254e-01 2.049210963283274733e-01 4.217184989979225751e-01 3.246612019558573481e-01 2.350159420688265888e-01 2.638604424781461066e-01
3.936017314553052482e-01 3.469585321854378179e-01 2.451180468724693806e-01 3.336450522142154207e-01 2.608896406704683812e-01 2.921365960372078741e-01 2.014017028539080434e-01 4.087032068899841275e-01 3.289826333306885009e-01 1.885628574903151500e-01
3.845365693832685783e-01 2.528733048802815908e-01 3.534901433647854585e-01 3.486064698683551955e-01 2.172227480581882808e-01 2.387303788136675153e-01 2.441159440630941702e-01 3.932132847630364636e-01 2.766974517954217117e-01 2.905137050098999807e-01
2.342917357227635722e-01 2.126283016535455428e-01 4.315607303190409083e-01 3.200088749123376486e-01 2.811129080687719828e-01 2.696769670697501398e-01 3.350282023419726141e-01 3.334820736810469866e-01 3.011802423031709197e-01 2.810299639276008232e-01
1.718119831037883405e-01 3.379115339350355907e-01 2.867550132062008372e-01 3.448367857896803557e-01 1.791856265111043678e-01 3.773754942071843588e-01 3.154534569667343247e-01 2.005891505883933279e-01 3.888570604064167657e-01 3.972238952854620919e-01
2.529184797820276942e-01 3.368530557586695284e-01 1.826536972032263839e-01 3.286240010575873227e-01 3.543785071755413130e-01 3.365760799891895916e-01 2.717258893645225770e-01 4.153132642509909100e-01 2.674726574156694459e-01 2.534843680025781198e-01
3.917851066250280789e-01 3.159495786882958734e-01 3.319490172762235014e-01 2.060072251489408757e-01 2.836853492601757454e-01 3.013380144279254047e-01 3.335269228942320252e-01 2.191473682791438282e-01 2.303851018858676380e-01 3.862263155141716364e-01
2.498610789135774501e-01 2.448542968365277905e-01 3.041128851113965026e-01 2.471607948094962370e-01 2.473548157816022885e-01 4.009957166680790941e-01 3.442226797729471821e-01 2.755803596232099251e-01 3.209002591488631095e-01 3.649571133343004758e-01
3.069900723733512971e-01 3.222583466488684323e-01 3.671927472862828723e-01 2.381291063631576499e-01 2.626968800998622511e-01 3.381569771159598226e-01 2.028983038760969193e-01 2.981432377650532484e-01 3.471508555041935562e-01 3.163834729671691770e-01
3.445709189133839834e-01 2.603684655523327285e-01 3.302970130386572722e-01 2.612670401737275938e-01 2.900960707758848400e-01 1.958765703140120940e-01 2.792224925234466082e-01 3.250056298044713410e-01 4.341555002419248965e-01 2.791402986621507876e-01
2.496198237905865314e-01 3.160476115768462435e-01 3.092091095557986113e-01 2.851714153489646741e-01 3.141586275667569428e-01 2.691609539556917841e-01 3.530669542403149230e-01 3.159789290474815382e-01 3.406528483181947564e-01 2.469337265993675479e-01
1.917652115435147797e-01 1.907979159859768403e-01 3.485719805843917607e-01 3.167958746554744298e-01 2.532779708952790920e-01 3.263134567780932027e-01 3.830202761733190187e-01 2.767357903799764207e-01 3.282435230505912904e-01 3.844779999533821657e-01
2.892248332415957579e-01 3.195470460131909496e-01 3.915319287733453057e-01 3.257932682164130789e-01 2.353974601095740193e-01 2.423424582056323828e-01 2.731065759361177014e-01 3.119846180905312405e-01 2.874817330704990681e-01 3.235900783431020500e-01
3.008241330694324533e-01 3.569091790885107196e-01 2.285185263189702110e-01 3.475689527471819695e-01 2.025308340494494930e-01 4.242439529189792058e-01 3.366031204482735073e-01 2.965683030279222532e-01 2.580465291292345364e-01 2.481864692020490648e-01
3.325603936434531893e-01 2.563330819377362402e-01 2.607453670359937692e-01 3.237388179950667078e-01 2.474529660258105168e-01 3.963858790028257362e-01 3.419861410764375997e-01 2.477119501126719692e-01 3.126065444799785986e-01 2.804788586900288649e-01
3.191882715601164211e-01 2.661449011596392911e-01 3.283689083064084135e-01 3.581851360349589397e-01 3.403202991163350455e-01 1.957662799758910221e-01 3.042457902683292637e-01 2.312137268287166314e-01 3.588454810491271685e-01 2.977212057004763324e-01
2.457398767597350764e-01 2.764428805449180016e-01 2.922527697615484032e-01 4.395124776595682459e-01 1.327686758963842473e-01 2.779564984714016362e-01 3.990869517712373193e-01 3.010142937701528743e-01 3.548321652531578607e-01 2.803934101118971123e-01
3.596763919875232141e-01 2.668415862210960499e-01 2.729917021466654603e-01 3.373898146554598076e-01 2.511958044796541722e-01 2.901429721180440735e-01 3.367678746488517172e-01 2.971014641950108781e-01 2.860003048604533027e-01 3.018920846872444330e-01
3.192375584357197704e-01 3.431943256685964228e-01 2.509810567965687356e-01 3.187012428226715932e-01 2.613861098481017886e-01 2.430195079736477692e-01 3.257921076801471028e-01 2.657729997437253688e-01 3.269873583921207860e-01 3.449277326386994691e-01
2.217679695248077620e-01 2.547485401036491126e-01 3.042230239641918743e-01 3.524206533677732844e-01 2.716040512602121426e-01 2.687034383435998874e-01 3.320620932346906029e-01 2.958436552722321089e-01 2.871763776992933281e-01 4.114501972295466214e-01
1.854644653346390892e-01 2.624100711452964640e-01 4.310804686721920742e-01 2.134904304550757914e-01 2.392588643267433701e-01 3.576720749229254093e-01 3.688833062264165186e-01 2.893261932118254554e-01 3.608010584765093953e-01 2.916130672283751002e-01
1.944449258005760961e-01 4.121605481767605106e-01 3.343565399191011367e-01 1.882111887687267227e-01 1.770788262299097249e-01 3.106980590986330726e-01 3.659984670150115416e-01 2.522398047718451553e-01 3.817823326133415462e-01 3.830293076060977686e-01
2.108291361276294906e-01 2.766973783986123037e-01 2.589585370862152458e-01 3.631138369113536268e-01 3.079718063018109242e-01 3.206278341042058111e-01 3.578505552467970419e-01 2.575270214702263250e-01 2.856987117586785585e-01 3.607251825944721713e-01
2.190375410542492463e-01 3.090642797472353265e-01 3.727281604239500723e-01 3.171435958991150605e-01 2.716460580466232289e-01 2.955606460675572755e-01 3.188536326570666213e-01 2.311312230275207602e-01 2.664720226027061378e-01 3.983628404739759654e-01
4.086876172009490382e-01 1.372774770355043861e-01 2.214453271601204420e-01 4.341287033886008784e-01 1.903071846804478828e-01 3.663565232856177412e-01 3.608369133648699489e-01 3.441525059854770863e-01 3.059618846280280358e-01 2.308458632703856706e-01
2.330584620387000649e-01 2.455664443029835775e-01 2.997413242816807100e-01 2.880558492953419480e-01 3.462002819661375019e-01 3.870303739027280976e-01 1.747248207619118698e-01 3.642387753293818697e-01 4.295106883048406821e-01 2.318729798162926792e-01
3.446649339938674395e-01 2.550810319103258839e-01 2.639379874175971086e-01 3.940803089580782181e-01 2.886721866943076642e-01 2.529566410111018793e-01 3.751528041773133371e-01 2.481207242136277691e-01 2.831203968612225896e-01 2.942129847625551409e-01
2.314378551491123592e-01 2.645368951025524051e-01 3.601830575510171495e-01 3.614711156253750390e-01 2.352589974812593632e-01 3.193890149727339756e-01 3.097391996781577728e-01 3.307327207439105798e-01 2.633307786698736996e-01 3.239203650260080170e-01
3.642990094034377346e-01 2.984546609327113353e-01 2.869531639787065158e-01 1.648669768289035276e-01 3.939845078146169133e-01 2.430717276539902105e-01 3.592137676757958253e-01 3.269000963389037118e-01 2.605786064393156298e-01 3.016774829336207331e-01
2.125049843372661951e-01 2.855239012595640058e-01 3.218476531526201501e-01 2.936624641154557125e-01 4.747363584549773030e-01 3.552046116720223301e-01 2.593589061863788570e-01 2.524490225852067948e-01 2.748842309770049841e-01 2.698278672595016969e-01
2.994311919511108977e-01 1.486549989825100282e-01 4.234592772240269865e-01 2.556931720921554740e-01 3.619597855559711919e-01 2.638846756599085297e-01 2.201838575011736410e-01 3.193091518204431711e-01 3.547516283253177027e-01 3.526722608873789633e-01
3.318240955049446272e-01 4.140268969238240504e-01 1.948091359721016991e-01 3.226271540095300150e-01 2.093073335716874039e-01 3.455317501574289296e-01 2.549149524024715285e-01 2.963038692468226154e-01 3.006832255976086277e-01 3.299715866135811693e-01
1.784184430465518001e-01 3.091324607562478954e-01 2.744603887115348861e-01 2.585233129782419925e-01 2.874437376301288150e-01 3.381359939636379153e-01 4.016636705351729897e-01 2.713096493002815079e-01 3.667049812047014079e-01 3.142073618735070628e-01
2.815951013423632077e-01 2.527422008863017266e-01 3.193177456017478599e-01 3.337477608756360126e-01 2.773762020504438319e-01 2.886056270534206880e-01 2.383474877679098713e-01 3.806067316596036254e-01 2.679798030725378255e-01 3.596813396900364057e-01
2.488741213784164685e-01 3.643674473360822286e-01 3.996640543144528435e-01 2.712852014190180183e-01 2.532225664365247986e-01 2.676139327000063295e-01 3.708538106289319125e-01 2.896334953761848796e-01 2.319135367494336852e-01 3.025718336609472536e-01
2.805621943921602357e-01 2.890117062944108639e-01 2.715376317894415692e-01 2.195694150155064472e-01 2.159886212076441714e-01 3.470117534780803870e-01 4.204834893194149270e-01 2.263780403098578364e-01 3.965191939409464794e-01 3.329379542525353064e-01
3.954609165214738598e-01 2.071063455545721355e-01 3.663987207874804808e-01 3.459955549552941045e-01 2.371792373927656405e-01 2.310173731240587613e-01 3.867399250119853971e-01 3.887798191540967063e-01 2.273707673311088917e-01 2.139513401671636617e-01
2.554662212559642986e-01 2.699705522432618299e-01 3.676922631021356525e-01 1.798142844186972344e-01 3.777171581340834638e-01 2.196227527249360878e-01 3.371888422434464183e-01 3.447833669285965130e-01 2.985457126471863232e-01 3.491988463016950650e-01
3.298056385044576544e-01 2.500467018574079048e-01 2.686747277107321974e-01 2.969670933629137144e-01 3.364199394163683854e-01 2.931645540484667523e-01 1.993152213108805582e-01 4.288132756459834827e-01 2.767056500503651262e-01 3.200871980924264726e-01
2.001296523641561409e-01 4.390403386467619518e-01 2.741058278843695462e-01 2.678816204133904755e-01 3.819893030268503020e-01 2.697067284158746747e-01 2.951599451115730632e-01 2.715052442438996572e-01 2.542624543009148752e-01 3.462188855922101460e-01
3.625126811316286002e-01 3.092270590754118698e-01 1.591298808800324371e-01 2.653064285491705254e-01 3.932354599025591479e-01 2.187943780620817957e-01 3.230554523032004299e-01 3.546060949785525551e-01 3.218022350914793717e-01 2.923303300258826565e-01
2.601868497455051554e-01 4.112724013737437678e-01 2.909095448880287260e-01 2.327984191027289707e-01 3.369520085117320152e-01 2.337870668541258135e-01 3.050385981551146375e-01 3.726171439707834931e-01 2.144281793256199997e-01 3.420097880726181705e-01
3.171619274051777904e-01 2.639628335903384526e-01 2.843927175164900900e-01 2.797770710931410942e-01 1.985052627961434446e-01 2.973907572287733947e-01 3.791453026087675537e-01 3.068600632728739619e-01 3.170464233788785613e-01 3.557576411094149349e-01
3.848124308098564983e-01 3.560938870476286766e-01 2.148168480384653745e-01 4.292256283235909020e-01 4.007442105224212625e-01 2.574560890013485315e-01 2.127885404026703953e-01 2.512837916691569307e-01 2.552421605980389474e-01 2.375364135868204829e-01
2.145995411146461029e-01 3.043534046977420249e-01 2.886006971055182779e-01 3.532701692798912441e-01 3.381451122354701133e-01 2.911882611084598560e-01 3.041292056490436657e-01 3.169311908010393752e-01 3.837116460822951325e-01 2.050707719258898776e-01
3.537434940413342055e-01 1.970497484863568960e-01 3.454703748499782234e-01 1.927736904253606887e-01 2.536720054108623223e-01 4.584733557213558908e-01 3.269292306868467612e-01 3.578391082100422782e-01 2.233428044156969550e-01 2.907061877521653903e-01
2.783230079258530720e-01 2.837934244219252333e-01 3.291225744286475630e-01 2.488575101432641545e-01 3.706652740353222897e-01 3.437582231808055111e-01 1.872569850250740409e-01 3.254035159654014020e-01 4.072252440086974179e-01 2.255942408650079278e-01
2.649343308914854367e-01 3.840481295482380264e-01 2.842082660761885426e-01 2.765483552203108486e-01 4.093806803750158485e-01 2.422671325155105193e-01 4.011776038695920032e-01 2.757502977770918129e-01 2.554880645358799107e-01 2.061971391906899376e-01
3.044006254139028922e-01 2.505978684746016372e-01 3.131133093983013982e-01 3.041818940678493455e-01 3.063679089850853132e-01 3.057557193170317156e-01 2.558586161692302241e-01 2.976840343567193070e-01 3.274047322034216445e-01 3.346352916138590206e-01
4.319874282534447718e-01 3.121497608169726545e-01 2.280541686214554442e-01 4.575623683277005860e-01 2.625681846050534340e-01 3.253392461028875582e-01 3.717782812770203948e-01 2.983052781609843995e-01 1.071437955251640511e-01 2.051114883093175245e-01
2.873496606388718511e-01 2.645760009745229957e-01 4.707197243028773403e-01 2.849658020083029597e-01 1.796560156918135531e-01 4.129199021946631243e-01 2.514276891201327468e-01 2.188313844498203098e-01 2.034835730431250322e-01 4.260702475758703089e-01
1.812037622933687919e-01 2.775448615740526703e-01 2.770977378428847171e-01 3.272922130859592382e-01 3.025431744958090863e-01 2.000491740108959748e-01 3.107948035553436128e-01 4.003170808662108726e-01 3.107326522256956824e-01 4.124245400497836278e-01
2.595291599333450216e-01 2.298315154705197483e-01 3.787588195106775801e-01 3.374066026898095982e-01 2.630519871645823349e-01 2.487184943052532238e-01 2.410596766055052020e-01 3.792282509205746610e-01 3.872413520976151213e-01 2.751741413021137617e-01
2.588694089497799444e-01 3.942507945536666281e-01 3.445251613467060769e-01 3.575317008984927325e-01 2.957242023906726525e-01 3.237433972267357296e-01 2.683381184751478798e-01 2.633039536274651704e-01 2.181332944671374452e-01 2.755799680641979332e-01
3.035669666145064394e-01 2.662685266873959788e-01 3.363749120739607523e-01 3.053907042856863208e-01 2.678526910915078885e-01 3.999709199918715652e-01 2.184114461667064355e-01 2.250165811101129676e-01 4.026908133207575125e-01 2.744564386574974701e-01
3.127511074074824649e-01 3.112909341226446358e-01 3.037237811735832849e-01 3.957397506177688928e-01 2.275792218400000677e-01 1.934277774760961022e-01 2.886217101105074123e-01 3.414891287092973737e-01 3.443351715402354074e-01 2.810414170023770586e-01
2.564793978584697376e-01 3.511258591393131567e-01 2.486196237408194176e-01 3.617507558675136514e-01 2.912140007196580838e-01 3.348832991110496926e-01 4.162424075513950772e-01 3.309515063509346766e-01 1.752048292609269531e-01 2.335283203999194979e-01
2.421311483495214301e-01 2.880237350079608016e-01 2.997656766523160154e-01 3.904619609962821647e-01 2.391039477556651249e-01 4.015824414217012972e-01 2.631153076567326887e-01 1.969736419234636715e-01 2.790613447371183553e-01 3.997807954992372848e-01
2.325596433174717259e-01 3.483800924435916935e-01 2.086159984270400947e-01 2.613682700866240549e-01 3.064846898136328601e-01 3.125325986292739056e-01 3.249950586712789802e-01 2.917791575691479622e-01 3.221017966962659296e-01 3.911826943456787609e-01
4.295682363783379643e-01 1.861458327943296409e-01 2.071997370595254351e-01 2.602240340833397170e-01 2.435452748416299662e-01 4.479305388957955936e-01 3.486874081320313623e-01 2.394196154062662174e-01 3.332399932673356657e-01 3.040393291414097421e-01
1.988568166930298475e-01 2.796056022761033155e-01 3.220060088380783947e-01 2.813139248908849699e-01 3.343917105742730267e-01 3.318525172270105905e-01 3.240890842169457664e-01 3.613005347499611553e-01 3.361449800132238486e-01 2.304388205204943585e-01
3.495595508897754167e-01 2.826359195907435229e-01 2.044948585620380843e-01 2.521600929276224812e-01 4.595214803344340737e-01 3.545480526003950139e-01 2.753401676796451425e-01 2.569508949767171924e-01 4.047034866353947935e-01 1.600854958032402187e-01
3.470157232555189930e-01 2.186489452033953396e-01 2.960120477474966760e-01 2.808675969957440399e-01 3.119326453347107675e-01 3.441816898008378534e-01 3.364441895783417125e-01 2.487547644140995218e-01 3.382850325418676474e-01 2.778573651279908630e-01
3.537017763093664446e-01 2.293320864977178852e-01 3.432081298532786429e-01 1.712939609760190385e-01 2.789504144738697566e-01 4.333750338434667060e-01 3.016172710591533690e-01 2.951450662174226469e-01 2.772263617869135111e-01 3.161498989827901118e-01
2.159845722706647542e-01 2.886336644178491007e-01 2.472121513641891422e-01 3.195474668892808179e-01 3.254336950285300345e-01 3.151252669052235778e-01 3.314732911423616812e-01 3.153648637248130937e-01 2.854188685360453670e-01 3.558061597210421811e-01
2.700092294827531880e-01 2.211466343406458812e-01 2.215498743563744100e-01 3.320787842383767785e-01 4.278765795411633155e-01 2.742469508891184349e-01 2.874877186855867572e-01 2.688592837766643484e-01 3.570849356582924683e-01 3.396600090310247788e-01
2.326469166952359058e-01 3.660323654835727636e-01 3.453195082795933457e-01 3.108878323862743764e-01 3.071943232999705398e-01 2.853915260286155053e-01 2.300632674103636477e-01 3.134593537973748290e-01 3.312893276543595888e-01 2.777155789646408302e-01
3.411229432931580652e-01 3.572525193568216739e-01 2.738277962440872071e-01 3.920235807680272355e-01 3.018410036823681031e-01 2.655197515357036742e-01 3.191306086399978703e-01 2.852896358076423278e-01 2.861341365489346034e-01 1.778580241232524395e-01
2.148260484862469233e-01 3.657870399472306633e-01 2.959682515044567142e-01 3.073384726274256407e-01 2.077065808010663539e-01 3.180443119240547456e-01 3.769475496499484213e-01 2.243073285742564205e-01 3.635896578761628195e-01 3.254847586091501044e-01
2.977251308920349504e-01 2.392788566352124779e-01 2.962041723277740735e-01 3.287905921983457214e-01 2.248874434491922591e-01 2.960474152440408790e-01 2.805220895723465890e-01 3.549274160324756844e-01 3.812977254112104308e-01 3.003191582373642143e-01
2.024123224182144687e-01 1.991333053648264573e-01 3.481852807113123838e-01 4.064690550358748267e-01 2.636444808881042157e-01 3.154791919832291569e-01 3.867008551225804558e-01 3.056325912551602908e-01 3.154555645282803855e-01 2.568873526924200235e-01
2.729080626121014874e-01 2.301899831525052453e-01 3.406406019007662822e-01 2.422870496264583340e-01 3.786198146274412091e-01 3.580711290452639473e-01 2.418641187732100128e-01 2.118257408746889447e-01 3.343685743666272581e-01 3.892249250209351974e-01
2.358019737275601768e-01 3.571034320525032779e-01 3.466053441980668226e-01 3.129404221503196415e-01 2.036194362875258512e-01 3.304324880258230346e-01 2.610604874613832727e-01 3.049813506421715781e-01 3.813216611105738618e-01 2.661334043440667929e-01
2.861569817359531642e-01 3.145238586075171372e-01 3.393230867752997648e-01 1.875598195874941254e-01 2.982061675060198036e-01 2.822526597689543060e-01 3.138387709515469970e-01 3.169543236315590096e-01 3.828090110931728907e-01 2.783753203424845779e-01
2.234220596941955961e-01 2.901722069026990702e-01 2.312601476822825075e-01 4.280823077869946314e-01 2.073250153677539120e-01 3.031022493964627418e-01 3.314966311376057462e-01 3.191364593751715439e-01 3.554088789835606610e-01 3.105940436732701482e-01
2.638798646148710070e-01 3.490519791448059017e-01 2.787116841444857718e-01 2.808637621219191027e-01 3.706406761711611431e-01 3.033665121842376022e-01 2.438953939611027688e-01 2.532534853978272160e-01 4.002225470372375860e-01 2.561140952223535106e-01
3.148772767131600703e-01 3.296243215448519948e-01 3.344509259300854631e-01 2.147179540604753356e-01 3.701015466459662839e-01 3.672889711423131254e-01 1.754589870876113733e-01 3.527174562906992827e-01 2.996431224024216355e-01 2.411194381824180721e-01
3.301618932870260537e-01 2.567354659931981864e-01 3.209062832027576584e-01 2.609952695066058981e-01 2.926549908103466269e-01 2.784372278980741799e-01 3.230369523428261447e-01 3.387782796822244036e-01 2.894479803280936014e-01 3.088456569488488013e-01
2.971381818972769207e-01 2.753404668356156937e-01 3.419188995875291348e-01 3.557064812385070107e-01 3.160886391502893411e-01 2.821200662018951699e-01 3.294802225594152256e-01 2.979402203703517271e-01 2.609895414632233956e-01 2.432772806958975187e-01
2.628100516503449890e-01 2.122592623594734829e-01 2.353022531930107353e-01 4.105386955678042016e-01 3.374635395301771590e-01 2.858847727944602291e-01 2.092194472996082577e-01 3.327691359083674305e-01 3.951605721653191350e-01 3.185922695314402087e-01
