1.104953946709663903e-01 2.423246291441487343e-01 1.035170272557442150e-01 1.053050202975101685e-01 1.161218933865754283e-01 7.352860744246780822e-02 1.522626801358462068e-01 1.511272424368796941e-01 1.261327648781131183e-01 1.692866640620226404e-01
6.868950774373883128e-02 8.117888467484370152e-02 2.243099812654343606e-01 1.199749231315453551e-01 1.006475663497152367e-01 2.307177622064771338e-01 7.769793060612592561e-02 1.562465472624153251e-01 1.678712151049448764e-01 1.475604298073002196e-01
1.751161964726999365e-01 8.970803862419160501e-02 1.027476822846737636e-01 1.442904626811250535e-01 1.509004565713939483e-01 1.127699288261411331e-01 1.805037355582038705e-01 1.099516986165217369e-01 1.637923954614302624e-01 1.041831541212841494e-01
9.110430535249672279e-02 1.482877185921132046e-01 1.296424764669233676e-01 1.259677632860595198e-01 1.061763188651214801e-01 1.051430907000690251e-01 1.207388895129680451e-01 1.162349184990494194e-01 1.676004926999240807e-01 2.281028747589462780e-01
2.115929347101780378e-01 4.183556066986145183e-02 1.315554944651816383e-01 1.734319247562902400e-01 1.038636063031222467e-01 1.496566463564374394e-01 1.097291509712036151e-01 1.098502281125450647e-01 1.839938246553353141e-01 1.485948201586480000e-01
8.327415509419788808e-02 1.951299172811170879e-01 1.085493607127172438e-01 1.656937482791771554e-01 1.148708277439604436e-01 9.617411091948965818e-02 1.790113754814235403e-01 8.130605723596293077e-02 1.607300488174847053e-01 1.628809663882683778e-01
1.471616613397511986e-01 1.192516900705496291e-01 1.489033253560958503e-01 2.572024476501238444e-01 1.506251531563397306e-01 1.189590499738655827e-01 1.133805789744764952e-01 1.408426189466740475e-01 5.328926562450725379e-02 1.101583178431054105e-01
1.758779771105160594e-01 1.427850893048181469e-01 1.289890294389793024e-01 1.239701127750477416e-01 1.188780912508049376e-01 1.194076663783265602e-01 1.798982306104728035e-01 8.984753613919849169e-02 1.041817210905059826e-01 1.440266037384850539e-01
1.485765748028923250e-01 8.675612344787259067e-02 1.340675706352592589e-01 1.666065010118504830e-01 9.841039792589462154e-02 1.565927134974479940e-01 5.219980920334368196e-02 3.573286856629686037e-01 6.775755317571768854e-02 1.525553771626124711e-01
2.110431410051563095e-01 1.219839791080465086e-01 5.275855986157471089e-02 2.453419340094976919e-01 9.917999792031313711e-02 1.170210161687230133e-01 1.335239079965707953e-01 1.660891324446664152e-01 1.738361842456863093e-01 6.468371145101656228e-02
1.353681299611478317e-01 1.339057069103861686e-01 1.231138070885853808e-01 1.118316460417066033e-01 9.321885247709481292e-02 8.367245229090848613e-02 1.478522640156018919e-01 1.944253244675776260e-01 1.067073258457691548e-01 2.130201982089525159e-01
1.862593766174079346e-01 1.321450563698117475e-01 1.805747729762406384e-01 1.487963453502559319e-01 1.116893240161526552e-01 1.160238095372674444e-01 1.077225601206269895e-01 1.744721679517232116e-01 8.467114333712909280e-02 9.547726270894280054e-02
2.406782096463434550e-01 1.263142462067806671e-01 1.012629919677917184e-01 1.593392817473109069e-01 9.438333693482706122e-02 1.574260226937078400e-01 5.873216206665409639e-02 1.379927646249636541e-01 1.756973552491379875e-01 1.089163503693737628e-01
1.313217886219532060e-01 1.232515448630362581e-01 1.411819002306903825e-01 1.566558143861865038e-01 8.738241201398513902e-02 1.213078636732663057e-01 1.040468813230196882e-01 2.090390308300546229e-01 6.803205664032653532e-02 2.127243516776778087e-01
1.315407025269884067e-01 1.127357286204382775e-01 2.246987819411934706e-01 6.806460648792637957e-02 1.630850015912080342e-01 1.467633052413475081e-01 1.203654205494234519e-01 1.098647047029217005e-01 1.023639558139405187e-01 1.678746855004421834e-01
1.457596297703167565e-01 1.541923658199408909e-01 1.153697507733126848e-01 1.065743459032603840e-01 1.519206806906873708e-01 1.388022645946992706e-01 1.107527231949559099e-01 1.528096318682895527e-01 1.424657040421237753e-01 1.025000364938962877e-01
1.272164208314481848e-01 1.197377392531582541e-01 1.537554324618081725e-01 1.442351254116144010e-01 1.322613955993619528e-01 9.277286117416472244e-02 1.957887347187464988e-01 1.354013125455540700e-01 1.177431481453160983e-01 1.080591018144745619e-01
1.132100237412133753e-01 1.566830885600696555e-01 1.018344924464884421e-01 1.228573550615589122e-01 1.093333248280591585e-01 1.573297659000574000e-01 1.160496070362094512e-01 1.345094343117184676e-01 1.356018421923143591e-01 1.763343322174386052e-01
1.555247185542470989e-01 1.874932533156116743e-01 7.498969343295497358e-02 1.748124231027316233e-01 5.757236946753686857e-02 2.105081442938608050e-01 1.205836886795249169e-01 6.646852259085496428e-02 1.823316998319747806e-01 1.466729492929691181e-01
1.239596636058456214e-01 1.229200674482393563e-01 1.331196313348827487e-01 1.689016506793095673e-01 1.475984115384885720e-01 7.288335490446253007e-02 1.031693650308155991e-01 1.368384675360663771e-01 1.690843914805993109e-01 1.520268412425302418e-01
8.915711714791568765e-02 1.019697607552749186e-01 2.203582667819173890e-01 1.685968958302385690e-01 1.310917705728604221e-01 7.573493072534584480e-02 2.294529678496721459e-01 1.296213726279649425e-01 9.764226802074058020e-02 1.182193203974671591e-01
2.019994655062808397e-01 1.405987336138239119e-01 1.103240581131944287e-01 1.589081983126559572e-01 1.023130367996453460e-01 1.465830634975085756e-01 8.020881616790986879e-02 2.047726897090492715e-01 1.346704130951693335e-01 7.245249784160252837e-02
1.960020167770665234e-01 9.823616454114209029e-02 1.690531589621515618e-01 1.504637187297138690e-01 9.175972013020941564e-02 1.132209220920420978e-01 9.272075108187928516e-02 2.037873246302936148e-01 1.137058841729798042e-01 1.157258194162293641e-01
9.856766290661919672e-02 7.973731878911978488e-02 2.468689622461766042e-01 1.255413191223404834e-01 1.328350287559976750e-01 1.113955881519433921e-01 1.474243007378487347e-01 1.550954019805649287e-01 1.231539526432363918e-01 1.251480337818320909e-01
7.314149943024843281e-02 1.781701882111798863e-01 1.129305764950171015e-01 1.887147107006720559e-01 6.957248614964998967e-02 1.743634245142993699e-01 1.299289578668615108e-01 7.718646400074453962e-02 1.817746260347925802e-01 1.795891650288193864e-01
1.028362629276195067e-01 1.568103539199728891e-01 7.200056791904660414e-02 1.539788395298554990e-01 1.537252693407911430e-01 1.614928967238769553e-01 1.085167140656945611e-01 2.200293209815026019e-01 1.087060480124772965e-01 1.082866290478549098e-01
1.860245451970799491e-01 1.371640832642816443e-01 1.523145898195159553e-01 8.048191661444875633e-02 1.320572273376667272e-01 1.254542178789398721e-01 1.539834518772597027e-01 9.299456184162877004e-02 9.278522331367387854e-02 1.861125500214482198e-01
1.058716955434319817e-01 9.830147534634700590e-02 1.374758539876049512e-01 9.995971901741772248e-02 1.024266151702925842e-01 2.051040396010675171e-01 1.475997762638187605e-01 1.277071292697584126e-01 1.351641514532916366e-01 1.748989491326922996e-01
1.466530029802694257e-01 1.315053676465131605e-01 1.863189692509606976e-01 9.432134509148067114e-02 1.056769027541176742e-01 1.639951372281178987e-01 7.571867928987631446e-02 1.365932615872050004e-01 1.576921400920922312e-01 1.368052065660607108e-01
1.686325470860518538e-01 1.034731798506728501e-01 1.528629135778580284e-01 1.079158925773035793e-01 1.242628337386299936e-01 7.961135083480758157e-02 1.262058786113275100e-01 1.315531752894584794e-01 2.457751242191133778e-01 1.080675192303722915e-01
1.017653511467785654e-01 1.447914038475092147e-01 1.313506775984898678e-01 1.233988862206582132e-01 1.438516928085676327e-01 1.077275966909702898e-01 1.755796153389109215e-01 1.305913705745151421e-01 1.628019284359452090e-01 1.023707144796353607e-01
7.770966660431812001e-02 7.942696228780873891e-02 1.645622794177640791e-01 1.298252111061136693e-01 1.160273894347181034e-01 1.400771975021282978e-01 1.828234016226310543e-01 1.241406707211695770e-01 1.350658056480860958e-01 1.921174070870594330e-01
1.237487680224414882e-01 1.403365346081997811e-01 1.915090828944354673e-01 1.415808283027104042e-01 1.018119305079029369e-01 1.022714043822965102e-01 1.146739247870928874e-01 1.404120510248864639e-01 1.217370401314149114e-01 1.466685480534249686e-01
1.290174099574583899e-01 1.675735775909663050e-01 8.803929317126044096e-02 1.855600861026738824e-01 7.410743578403797271e-02 2.407240154612670657e-01 1.327816943539476269e-01 1.320035174267361056e-01 1.122903329592483263e-01 9.553712714469982104e-02
1.626481995295196437e-01 1.042993451706982488e-01 1.042610802129534248e-01 1.563759492602317114e-01 9.564137718344827011e-02 2.039643184688441357e-01 1.439118343854244586e-01 1.047421314992010577e-01 1.490273904490959644e-01 1.102603803961383633e-01
1.438809353368114274e-01 1.124478929979874364e-01 1.471866725752830340e-01 1.616456248064728762e-01 1.545311631373936512e-01 7.799250430152172842e-02 1.443057117167216574e-01 9.088126086280157168e-02 1.762141090456272874e-01 1.243079134162437260e-01
1.067576222958609850e-01 1.395829043174947603e-01 1.008996556842656211e-01 2.831761049439531774e-01 4.437292887762539495e-02 1.080478811840871883e-01 2.057761376512188545e-01 1.153418097526925923e-01 1.851380089977015808e-01 1.041521944361138013e-01
1.741992924309681001e-01 1.114454980320771227e-01 1.125368435076904150e-01 1.593443531412161440e-01 1.004867977177266586e-01 1.291284188014229783e-01 1.524439286593784748e-01 1.263088611575231002e-01 1.318328715847963128e-01 1.247701267046695262e-01
1.354036088731558340e-01 1.687264943169951015e-01 9.678627119429034087e-02 1.512137274483379978e-01 1.085393997856514137e-01 9.579183106875743814e-02 1.583612028664329596e-01 1.052699188376708811e-01 1.496586708023772694e-01 1.585288184490584729e-01
8.347714840915701484e-02 1.157866832904247412e-01 1.319045562363528046e-01 1.602916581164655352e-01 1.210636410350824366e-01 1.085949621415271682e-01 1.498127219547703004e-01 1.304045378213227468e-01 1.123141174230607442e-01 2.241027078806404060e-01
7.791769793664772570e-02 9.787809149241503970e-02 2.408892165869079283e-01 7.950445965598454401e-02 1.080914821293868233e-01 1.625201950830491293e-01 1.724416894517033505e-01 1.285905579519201480e-01 1.613680914281623580e-01 1.277231026498688304e-01
7.852719891421332254e-02 2.190496307137970999e-01 1.328883626151476094e-01 8.971024869967079984e-02 8.087312093286490311e-02 1.240243697193039035e-01 1.735109714685633409e-01 1.075513562092695052e-01 1.714927168348458209e-01 1.785373687944782073e-01
8.173740042071493683e-02 1.322148566377331913e-01 1.053768009472137168e-01 1.722311039588593773e-01 1.367788446200556840e-01 1.349889580684913437e-01 1.725166558699486041e-01 1.037152489687080542e-01 1.190820782066596140e-01 1.739893014231719826e-01
8.196435268897774018e-02 1.418135043518888028e-01 1.726229192295815618e-01 1.407737816499251005e-01 1.238162512295671869e-01 1.191246531541720888e-01 1.492800580011306999e-01 9.628706603480345627e-02 1.014270228859359274e-01 2.129949304415008071e-01
2.614926630764510262e-01 4.364715701683430371e-02 7.108744133219485617e-02 2.693449610851410547e-01 5.832080276420704978e-02 2.015256435420234582e-01 1.499147786436059726e-01 1.642154589656646679e-01 1.447923416022529608e-01 7.503511467687734582e-02
1.048897078905154240e-01 9.755697299329035843e-02 1.302272406408019889e-01 1.326907323519040671e-01 1.428896017657717288e-01 1.966724970813806816e-01 6.902170876350728623e-02 1.615513680066770208e-01 2.197367063013568045e-01 9.822824193133013193e-02
1.594588036717669299e-01 1.119625896568698098e-01 1.028193401043528549e-01 2.013614279509775562e-01 1.160684683209761703e-01 1.027357144920083704e-01 1.897490287562204891e-01 9.545907275198424469e-02 1.351138745848315947e-01 1.226709928914009595e-01
9.498568098066588472e-02 1.126335922343257023e-01 1.650392859439241133e-01 1.671348411462911521e-01 9.836471768354859702e-02 1.468892159376123940e-01 1.298116548048035557e-01 1.573669475660919304e-01 1.066194400210621757e-01 1.491261589977515289e-01
1.634029781631830824e-01 1.319420337164382284e-01 1.314761317687103137e-01 5.830276437810409662e-02 2.259661202369966093e-01 9.101608983286432752e-02 1.718877226437397210e-01 1.402439820315980468e-01 1.036590679121959790e-01 1.370340221718483187e-01
8.336930081545845805e-02 1.193712431780574734e-01 1.477141757064462657e-01 1.124751476126656380e-01 2.932606252377303324e-01 1.453393285778447341e-01 1.219499453530348554e-01 1.017852209586033591e-01 1.132054981676322292e-01 1.217336960951308639e-01
1.315090663752473410e-01 4.897406911689293485e-02 2.725554268579588602e-01 8.858507454550736127e-02 1.880055717123285952e-01 1.052536280743107538e-01 7.897380469574213913e-02 1.555963797330541520e-01 1.510977615989038958e-01 1.669288798327615286e-01
1.334262348090204942e-01 2.246837480927465491e-01 7.380805245064239739e-02 1.631513701602805844e-01 8.128920926991366203e-02 1.628450249837767316e-01 1.074769320751965962e-01 1.226931248715208561e-01 1.291478943822167713e-01 1.511130407679297238e-01
6.758985915289084101e-02 1.498997856487442326e-01 1.104409028284651373e-01 1.074212152914031659e-01 1.396999976917458475e-01 1.372734992804524046e-01 2.172711882169505726e-01 1.070438108180466752e-01 1.743890788855579910e-01 1.333396110968468051e-01
1.153310395188535814e-01 1.022661857891403459e-01 1.477561461177929469e-01 1.427966546637294276e-01 1.211935640619554028e-01 1.313269899223296899e-01 8.969150985748822191e-02 2.047991036100418605e-01 1.031551418826550798e-01 1.776244960383286942e-01
1.003231003663391518e-01 1.694077279304055383e-01 1.944809458866262331e-01 1.143342854649242318e-01 1.144942532613181796e-01 1.077136847126625996e-01 1.811737113430160750e-01 1.202646418827167801e-01 9.365650957616172834e-02 1.397771185638468083e-01
1.265787620667382651e-01 1.242879302725477808e-01 1.086740307129696326e-01 9.590316446331263733e-02 9.615403451028166348e-02 1.420090566659656661e-01 2.276017492423479949e-01 8.764094325151287890e-02 2.063349493831737880e-01 1.348581445804510892e-01
2.186071619860188719e-01 7.512865009068173117e-02 1.788317127516599880e-01 1.477832300919201536e-01 9.706419458174836423e-02 1.079365701100983427e-01 1.767078222073370508e-01 1.957258825063822871e-01 9.308084526137352932e-02 7.565343477446043186e-02
9.542068215823813759e-02 1.081258026429478131e-01 1.903840308030297912e-01 6.297940673633060926e-02 2.199918671844701135e-01 8.204302848178322838e-02 1.499616897718568653e-01 1.612469700643297532e-01 1.164603464196621446e-01 1.771994720100949217e-01
1.456157352350593015e-01 9.771857835093965272e-02 1.277543871541965692e-01 1.224490565008289344e-01 1.520162453599890329e-01 1.328951219964507324e-01 6.982538118424298779e-02 2.553913736533576229e-01 1.007935976715070986e-01 1.492492738758422477e-01
6.882803343342926150e-02 2.673489384661259516e-01 9.625879483759908206e-02 1.078049909072980456e-01 1.974559150538730545e-01 9.844984925799804554e-02 1.462090140315062681e-01 1.098566254261032354e-01 9.774877526486076829e-02 1.856912570342868496e-01
1.609746472374782578e-01 1.449912041395918227e-01 6.070036331977399918e-02 1.034632860475657862e-01 2.027121519916039449e-01 8.167057875101241260e-02 1.587901014335738603e-01 1.546975997682942805e-01 1.506381867051392875e-01 1.311664904823068856e-01
9.843758943992876598e-02 2.253920600330429069e-01 1.140569330695694883e-01 8.815458618520184697e-02 1.701336911308186928e-01 8.647060367125231073e-02 1.275421742367759681e-01 1.844236451834802837e-01 7.883869564549349229e-02 1.882188678088494715e-01
1.450709229156483815e-01 1.111502362510734809e-01 1.200615907675313537e-01 1.244198526613729261e-01 7.984090349603463477e-02 1.283892226754438926e-01 1.817607002045203979e-01 1.324794381784316077e-01 1.448310910287787245e-01 1.595612462778715213e-01
1.821658925340590984e-01 1.565813114660183081e-01 8.768998413002172809e-02 2.348370288141823359e-01 1.843279916730092005e-01 1.191791844309214449e-01 8.213106488564521357e-02 1.036561334147940716e-01 1.109884583405461311e-01 9.669139087952428879e-02
8.749610511363382914e-02 1.428221880589281012e-01 1.147518892324480150e-01 1.713830213069271746e-01 1.475331769227576639e-01 1.237921045480210175e-01 1.440901834636050538e-01 1.266789470569050224e-01 2.008281997683137587e-01 7.871794908464586904e-02
1.775902969350063310e-01 6.686584979974409537e-02 1.889286104225639806e-01 7.435187984155769425e-02 8.593284138544429740e-02 2.875381006343337154e-01 1.215940305812064359e-01 1.970354894357148057e-01 7.902052238640359938e-02 1.201132087388310649e-01
1.312196128289299102e-01 1.146986572183432418e-01 1.560521236029802916e-01 1.069264449113712379e-01 1.674358441687921195e-01 1.552679779870937971e-01 7.543797811355386351e-02 1.369659299578638301e-01 2.035320835821971264e-01 9.338341107386791129e-02
9.779914930741369361e-02 1.934790966367015419e-01 1.153273145847146380e-01 1.046363868663561930e-01 2.257303670041330701e-01 8.773861163843635347e-02 2.289475789736299394e-01 1.012013972965988273e-01 1.167980303409957843e-01 9.384719232982209614e-02
1.368597792827871695e-01 1.017670527803263558e-01 1.430680078685954981e-01 1.310376742309929121e-01 1.337776726316117770e-01 1.376572840254629837e-01 1.044185365252529446e-01 1.335895690500590594e-01 1.455579272369636190e-01 1.499721032636937845e-01
2.316463955605566893e-01 1.215866068624482099e-01 8.703527014752768243e-02 2.730270122352618234e-01 9.551610714722559570e-02 1.637162232960223396e-01 1.626523441317415108e-01 1.388853944043492161e-01 4.735251810013261370e-02 7.897534887427118400e-02
1.164176514519307121e-01 1.003491182842502771e-01 2.787718805096482955e-01 1.007951923827401508e-01 7.144874191865902002e-02 2.275853964174905097e-01 9.218222241227387592e-02 1.052779081828383451e-01 8.264484838824938395e-02 2.244136563256432515e-01
6.256091105495087401e-02 1.312228066450420449e-01 1.217507355928512530e-01 1.356976005241029570e-01 1.449586270920519004e-01 7.583620644411016853e-02 1.266145862671788358e-01 2.083495519267859197e-01 1.184568171078377447e-01 2.385719522359266986e-01
1.141360609446901153e-01 9.112093908414720111e-02 1.877998576317786994e-01 1.434490368018626061e-01 1.143117854559983076e-01 1.075259300991427552e-01 9.708335101411368073e-02 1.823431968733701669e-01 1.812222982211003364e-01 1.186297477970440495e-01
1.032218259148033890e-01 2.041700351045255823e-01 1.446595453225013872e-01 1.743997822857039637e-01 1.231084273502265902e-01 1.464380505941598742e-01 1.145848222991288357e-01 1.092580086621282587e-01 9.164007786403299827e-02 1.221596758839286201e-01
1.553053773443243968e-01 1.065200858873548706e-01 1.498912702345052139e-01 1.430497842953187826e-01 9.757886951128443009e-02 2.201746624116175666e-01 7.895180969047450870e-02 8.513513061959547545e-02 2.221977184353174095e-01 1.018434464398160905e-01
1.349041378373006250e-01 1.441119592404333793e-01 1.212955352036968470e-01 2.073527090468176293e-01 8.761061844714089497e-02 8.013730279300911030e-02 1.333838270929892378e-01 1.455178664729593896e-01 1.663461900206066602e-01 1.171268197234302949e-01
1.014887026786790297e-01 1.705780921066925027e-01 9.982213724232202878e-02 1.766146047997154689e-01 1.195833839480267141e-01 1.513208611360923050e-01 2.079626844735668889e-01 1.410876958826542127e-01 7.650634270312264840e-02 1.003677289062692018e-01
9.853181183661749443e-02 1.388794787664173191e-01 1.163488467140502691e-01 2.120593264347312712e-01 9.047473855499238438e-02 2.091315004789906784e-01 1.017914955007956368e-01 7.788965956533014379e-02 1.171180988832673381e-01 1.974945170778090731e-01
8.736431919447831818e-02 1.818274201997505668e-01 7.946024730787645818e-02 1.074513792999235579e-01 1.436793176634601765e-01 1.268301154959479426e-01 1.517186140676093642e-01 1.260072941568386728e-01 1.316992976443724928e-01 2.055894984690672667e-01
2.611235290245166318e-01 6.250998039834707032e-02 8.624738880644748640e-02 1.258678878567555948e-01 8.657735551064557611e-02 2.597805294551674415e-01 1.368915530571171990e-01 9.821661647573984300e-02 1.674680733001354671e-01 1.092348557693954558e-01
8.142228566873820073e-02 1.195911091276543464e-01 1.434053334659707302e-01 1.190191848443239997e-01 1.542305848663547974e-01 1.446177223908005904e-01 1.478175215717647817e-01 1.658815806350905364e-01 1.507132951778007712e-01 1.001841388580329006e-01
1.624148880578301368e-01 1.167143296060212110e-01 7.353428858844937577e-02 1.084379787223053587e-01 2.589135724751215895e-01 1.593948983070858638e-01 1.274353728598037472e-01 9.048056319763221611e-02 2.355725833226183508e-01 5.710931296403904539e-02
1.744328922874774368e-01 8.598264552682555184e-02 1.294586519273366321e-01 1.216839589267962596e-01 1.334516993746743818e-01 1.564357598683192019e-01 1.505079465872835587e-01 1.014119054378808948e-01 1.657999909400526273e-01 1.101297384335823137e-01
1.748251444258628051e-01 8.445219355783753490e-02 1.818419431207510262e-01 6.533409913318675988e-02 1.040123869183906397e-01 2.432864910578915185e-01 1.174970647834198689e-01 1.435647717408586876e-01 1.122666448729308514e-01 1.349489470635744925e-01
8.325377030835529046e-02 1.340791660323411016e-01 1.030012705646217996e-01 1.383982903301964329e-01 1.491828302914083582e-01 1.346465148121882560e-01 1.505633843561745289e-01 1.396346218052909594e-01 1.174700788096397219e-01 1.761666709151045174e-01
1.125572841678345037e-01 9.468477324712797072e-02 9.473357983648891811e-02 1.384890247216273573e-01 2.308864656084632094e-01 1.107138546602330909e-01 1.305578788823763547e-01 1.104049936878961913e-01 1.670062745385462732e-01 1.508705326229999866e-01
9.601312078417725826e-02 1.744911260116482621e-01 1.524056048578821820e-01 1.398153066933006949e-01 1.329209380452881506e-01 1.227077511077643984e-01 9.761783376088278841e-02 1.390769245046834246e-01 1.468324521380581227e-01 1.218612081974786016e-01
1.501897516833601842e-01 1.647941209719762934e-01 1.098480613689592350e-01 2.046378172337936230e-01 1.183465148451686016e-01 1.210066042740230025e-01 1.445726056081163835e-01 1.166066089931061395e-01 1.384166111460331805e-01 6.950472188426980169e-02
8.484138421339063041e-02 1.962764199508117147e-01 1.150673233601012813e-01 1.567639196738223606e-01 8.602387151629477258e-02 1.260770518924935746e-01 1.905418567479734426e-01 8.393880954759766477e-02 1.754514086684052787e-01 1.340705050056338055e-01
1.397355621401082104e-01 9.598166563531895790e-02 1.261593143700280306e-01 1.523611396554527264e-01 8.749644138705225949e-02 1.380905594015748861e-01 1.181989367195547119e-01 1.600823654176040667e-01 1.865773743821117492e-01 1.243741272008512949e-01
8.536107315430224718e-02 8.882963158493106803e-02 1.511706372160065426e-01 2.052693315584291356e-01 1.117358522213441202e-01 1.336365777273687272e-01 1.884420148150619811e-01 1.303789504554130063e-01 1.419577945926601414e-01 1.043240391617873963e-01
1.142215024622945108e-01 8.979009908528307049e-02 1.648279045639723939e-01 9.550831848673467517e-02 1.867991221444106620e-01 1.575606601691462161e-01 1.040906663182705472e-01 9.407196984244058091e-02 1.434996574882539677e-01 1.913747615204669794e-01
1.010643034067846974e-01 1.721542622690996616e-01 1.507035939030083593e-01 1.508150858564862029e-01 7.676414318970606332e-02 1.564546978417903356e-01 1.094938068072401349e-01 1.250849799584967947e-01 1.903725813217094776e-01 1.048307542353448391e-01
1.269036739864209951e-01 1.331926951979725271e-01 1.593221043614865828e-01 7.464113854558368510e-02 1.357560707477048489e-01 1.172543111682809724e-01 1.411453879045789783e-01 1.378374788895151137e-01 1.855977445101481826e-01 1.179346098285408290e-01
9.419509553775599897e-02 1.414969056185558238e-01 8.109922443316734675e-02 2.632912734163085355e-01 7.343900279001057407e-02 1.319502136818347104e-01 1.500251679043146380e-01 1.308912607691383456e-01 1.725219389623875166e-01 1.236694219163844422e-01
1.098314268135678479e-01 1.643018082788715861e-01 1.126415431666442507e-01 1.247121360033114079e-01 1.742602543180295782e-01 1.303917606453214861e-01 1.113983147512583594e-01 9.745746254019818644e-02 2.108119281738243256e-01 1.008749874685271053e-01
1.568937831971650987e-01 1.356433940896682178e-01 1.693084164358331922e-01 8.707604507717785214e-02 1.645593113608601055e-01 1.702140417601643585e-01 6.554124025257812569e-02 1.763617323465036246e-01 1.192667322908081140e-01 1.010977497476538561e-01
1.509127425488742125e-01 1.044293500894222793e-01 1.521735878540577680e-01 1.055355026801957363e-01 1.303720768967531474e-01 1.215124081255188199e-01 1.395142239177322718e-01 1.573664049428894207e-01 1.225813462340313437e-01 1.349164591917312028e-01
1.319085212588527734e-01 1.157057159315316441e-01 1.579593022064666730e-01 1.612108970116248319e-01 1.412584569577405025e-01 1.213402953772605986e-01 1.477798125307893673e-01 1.297000127897880162e-01 1.117104838759372248e-01 1.014375784088120402e-01
1.180969836459664218e-01 8.513337062123230159e-02 9.257327840247714379e-02 2.204349793331835672e-01 1.406881041589765902e-01 1.355687060208912442e-01 8.270129814478688335e-02 1.446341870764390747e-01 1.947370265718872673e-01 1.341679742292481714e-01
