7.096975524534822333e-02 1.109112905412045352e-01 6.683146091537289779e-02 6.289929692271503670e-02 6.850670127973881862e-02 5.127338070334629128e-02 8.198897171807610629e-02 8.269839000347220526e-02 7.378773908157501560e-02 8.852677100228108220e-02 4.777368409733722537e-02 6.521840361082022197e-02
9.660908556243544276e-02 6.876165740834525031e-02 5.744496625927141692e-02 1.038626737879161099e-01 4.722714247616874306e-02 7.568079540896506530e-02 8.379799516829422590e-02 6.833849822510908167e-02 8.627562136460788234e-02 5.216918963601852727e-02 6.386701794954936784e-02 7.188019674134943360e-02
8.794501643445262751e-02 6.735447730454127702e-02 9.428143636707962683e-02 6.730599277036421191e-02 8.580939905477520668e-02 6.764081547478857648e-02 5.850517956816893989e-02 7.728681772440369746e-02 6.982576074180188441e-02 7.038997879810196534e-02 6.009287410524818268e-02 5.985487052068855229e-02
6.702650470241848513e-02 6.731881850806925582e-02 8.986184232544670858e-02 9.901403573075047426e-02 8.954578207130450829e-02 3.094423036684578257e-02 7.302653376185416767e-02 8.501127042086137342e-02 6.469377224954175887e-02 7.681843043886872613e-02 6.426804930388679837e-02 6.744932425771861528e-02
8.119073760485580327e-02 8.313005605858653224e-02 5.197463118546672561e-02 9.051625027776104282e-02 6.316475607888925869e-02 8.116389051052697035e-02 6.434510126350934112e-02 5.753696406823628068e-02 8.522954350096749454e-02 5.140826134711368872e-02 8.259687170553593749e-02 7.896182389752326447e-02
7.642960170924745222e-02 6.755065460441676828e-02 7.796699706084021797e-02 1.170455489004415262e-01 7.910121972977891824e-02 6.721536266464817055e-02 6.382270258623722048e-02 7.415210872500734018e-02 3.695235471518423798e-02 6.186450894428934671e-02 8.498477224282204034e-02 6.795623896382417539e-02
6.863671864778191078e-02 6.838662608312383318e-02 6.633259731176527341e-02 6.720459789574441400e-02 8.782033535024985627e-02 5.479491329560549906e-02 6.084086750621590933e-02 7.578058477182383901e-02 8.392004500557526114e-02 6.487340926609815039e-02 7.429437307209951769e-02 9.393814625485524816e-02
6.522655989010679722e-02 8.279532157407908100e-02 4.337661399490864989e-02 1.533520013486900646e-01 5.454317220169248998e-02 8.560626875045850015e-02 9.116530553914131696e-02 6.942289362005496511e-02 3.979431431634142952e-02 1.014987336348726898e-01 6.252059866587808545e-02 6.083306659206338951e-02
6.729993995508863625e-02 8.773187813212829367e-02 8.255749405304455002e-02 4.672890227384756540e-02 8.423360259081325019e-02 7.289976078032826823e-02 7.038218792244387012e-02 6.727582410261251367e-02 5.634340000559380501e-02 5.589123585508350145e-02 8.045579768326420467e-02 9.785480057801280995e-02
6.247964392487849461e-02 9.133303139399294446e-02 8.491856778538764416e-02 7.472565040268995540e-02 8.821249339922000721e-02 7.836902973865783606e-02 6.280751692387180618e-02 6.323754248828429569e-02 6.293241995835620328e-02 8.331972809797995316e-02 5.257059323807571766e-02 6.052891581203765498e-02
1.072307732831890986e-01 7.181625733551856572e-02 5.818487969452575126e-02 8.033107233697481253e-02 5.606860078071889547e-02 7.737948317843605650e-02 3.939935470883448171e-02 7.464718301395953381e-02 8.536962701721992341e-02 6.820740778773821955e-02 8.512677129771349660e-02 7.140141344736698759e-02
7.993880907765213428e-02 8.406230256987264060e-02 5.444688534825609105e-02 7.336254577710019098e-02 6.229062431147078943e-02 1.032436764612712221e-01 4.730515544238761416e-02 1.045106521680774225e-01 6.911162762798571391e-02 6.409650230368460488e-02 1.027569743248552131e-01 4.395998313915141370e-02
8.396678649008681994e-02 8.111282512932566080e-02 7.147400703659197163e-02 6.361149599300086610e-02 6.499184441982290561e-02 8.827650096939902713e-02 6.941760200653979140e-02 7.711026680335093808e-02 6.130728463091383862e-02 5.771714996361661243e-02 7.624428491423053400e-02 6.791679422374798103e-02
5.890772056142641599e-02 7.537787600026418788e-02 7.041550189515369262e-02 5.630723624849626879e-02 7.308427987793889025e-02 6.796555207979855517e-02 8.250503816365160892e-02 7.792917695906918796e-02 7.376026556178116866e-02 5.839735990728806697e-02 9.566085423451042846e-02 7.669140627952429623e-02
6.538900721970079821e-02 6.114757228458737870e-02 6.930253362791116700e-02 8.131446074891039710e-02 6.135049027471509153e-02 7.064635963006062058e-02 6.388804491211172443e-02 8.379181470101479401e-02 6.724251641314163419e-02 7.513095299597750965e-02 7.561483152353376536e-02 8.959906798231817571e-02
8.570519281001681700e-02 9.477110364246300878e-02 4.991283836269585356e-02 8.753582313463789677e-02 4.164443458125997172e-02 1.025564242089824774e-01 7.092605870191472095e-02 4.994981166415316670e-02 9.188131364292094483e-02 8.443801746213851211e-02 6.654108796412840088e-02 6.117547899405079148e-02
7.181650653658736005e-02 8.598052671238427813e-02 7.657605212439674847e-02 4.657754285919427084e-02 5.955483123603046158e-02 7.224918403874464046e-02 8.454277547719760144e-02 7.976063102476237121e-02 5.141734445401965198e-02 5.721139559384908618e-02 9.897143367970635819e-02 8.393956704371331734e-02
6.784729182953283533e-02 4.795485723126809152e-02 1.028371410441885764e-01 7.005031376742235083e-02 5.749305223392465330e-02 5.778612506083272149e-02 9.673390420837277293e-02 8.293417000936319228e-02 6.548668287455633452e-02 8.643400178173456239e-02 6.324694522173372746e-02 7.681839546599444901e-02
5.266713446061568882e-02 1.015505019983572593e-01 7.611890929994544197e-02 5.107851551841732091e-02 9.815372063262287061e-02 6.001430291047584603e-02 8.536837343161692016e-02 7.963964470569279142e-02 5.577276395353510108e-02 6.406077719529935932e-02 5.654808463626864040e-02 1.010648111400724858e-01
6.719213678127483602e-02 7.059752729770649160e-02 5.979808144658198960e-02 5.256979479213833018e-02 1.115663499362890970e-01 7.242861503295369707e-02 7.185555358306223994e-02 6.484073900023956671e-02 7.969920886288676953e-02 8.068911553888541421e-02 7.140237529933622651e-02 6.806851811538375263e-02
4.745561096645768001e-02 8.673585429883616527e-02 6.585379628821974585e-02 8.957254606650581763e-02 4.712431064815292281e-02 8.772265036385742953e-02 7.191247147467905165e-02 5.205057438298066330e-02 9.151316915530417762e-02 8.974663722831009716e-02 6.304061714324950272e-02 8.838429723809834715e-02
4.715121499195842891e-02 7.979351421956190626e-02 7.956323789364409815e-02 8.375389967969118499e-02 6.289966249551069699e-02 1.043498539607568831e-01 6.204447342971423224e-02 6.010123918828912809e-02 9.707839944404353383e-02 7.022401473988587606e-02 7.779605456694814458e-02 4.929291269331163849e-02
7.092133221324035952e-02 7.419478762676338934e-02 8.447008202302366819e-02 5.915221960097283987e-02 6.082847454444503810e-02 1.010833105923253511e-01 6.202873953954411018e-02 6.092028273241651554e-02 7.401620251503805703e-02 6.121265547204696178e-02 6.234633352483807955e-02 1.008626969772399296e-01
7.088632746420220343e-02 5.977380094134400468e-02 6.646606623044946927e-02 7.376985650935094507e-02 8.024232854916286961e-02 7.747549664185413021e-02 9.374315614428468946e-02 6.176831025389343394e-02 6.546403411693543783e-02 8.593009895424388866e-02 5.282889973543152679e-02 7.855519612640129989e-02
8.909167317296508293e-02 8.021051612194858571e-02 7.920315669576598328e-02 5.986052055548301415e-02 7.752473506896455369e-02 6.001623182245108268e-02 6.742907955740980175e-02 4.779725311356798623e-02 6.685582083858454538e-02 7.147898959070674019e-02 1.094801165287652839e-01 6.283916940595125900e-02
6.422949811662824471e-02 7.842212980051135873e-02 7.627672026943023431e-02 7.137378465374573377e-02 7.960029494658085736e-02 6.626890408073869698e-02 9.022605902705550796e-02 7.600562976935164305e-02 8.549607123912343620e-02 6.352416996906619373e-02 5.599242419720119185e-02 5.613428420712813366e-02
7.433500455654387662e-02 6.760278149275701642e-02 5.968911589700777454e-02 6.994048948223695328e-02 8.493212181092373025e-02 6.403626161229979130e-02 7.018451295075797680e-02 8.470214476203043186e-02 6.187179285568131931e-02 7.045586346934860911e-02 8.795772707768916010e-02 6.880956379343980411e-02
5.626109517821568234e-02 5.954495328350647987e-02 6.731822478636899365e-02 7.312035891577307878e-02 7.091191331389536112e-02 7.642470873455876890e-02 7.159348393077466510e-02 8.932465393104836726e-02 5.670470611855089188e-02 9.170156506417107001e-02 5.089691870904739651e-02 1.163100525000388269e-01
8.290116101030536866e-02 7.318814152001511253e-02 6.439415614326395032e-02 6.129861434597794201e-02 8.245656104632893835e-02 6.243406366945478819e-02 6.219024436548090118e-02 7.991792805085577711e-02 5.992977288942275688e-02 9.800115945092117975e-02 7.924890085978235355e-02 6.222467776214218871e-02
6.803547065598658516e-02 6.126887539090263707e-02 7.938923626873538308e-02 6.564659253479673828e-02 8.054856306916162445e-02 8.475186336446016711e-02 8.234721366687906829e-02 5.026564780869038906e-02 7.782411152128436427e-02 5.676133130629403695e-02 8.879168485347704864e-02 7.202597422327200460e-02
6.162838471597253953e-02 7.248800888530274045e-02 6.251529697525275153e-02 1.194044053166067598e-01 3.387997879325917172e-02 6.525566203240106000e-02 9.551607198901575224e-02 7.015558753515539758e-02 8.911780675305476518e-02 6.173703876193952639e-02 9.097823731737354758e-02 6.411460699059839952e-02
6.661207491012467730e-02 8.261758312097974843e-02 6.321492613325797871e-02 7.185487648798200011e-02 8.246741092109910465e-02 7.180552129715803145e-02 7.329012260895825803e-02 7.415581672330853746e-02 7.104116092004540695e-02 7.849013535595748825e-02 5.583616739350108493e-02 7.183229329935582330e-02
6.496305610669178554e-02 5.891962945743826202e-02 8.060917805094343358e-02 6.380056854004262368e-02 7.858883478523619182e-02 8.469315762610858667e-02 5.874728285382419674e-02 6.990587405711792823e-02 7.468926704866897526e-02 8.872859566118468377e-02 7.006706773375954989e-02 7.058080817425425868e-02
7.567521549441123818e-02 7.196139247101508707e-02 6.392709054674666769e-02 1.038789622552759861e-01 4.702702752064869679e-02 5.864323048291474744e-02 1.083193208069491431e-01 5.051090476053155670e-02 6.252623959878395032e-02 8.117125159986944560e-02 8.731798749968190665e-02 7.032182736177274018e-02
8.425506013539042771e-02 7.014894908194177492e-02 5.137295087383292325e-02 1.004231839961499811e-01 7.209168763749866649e-02 5.364074408705797603e-02 4.946806004328904716e-02 6.863275371331212238e-02 8.585918937957981445e-02 6.353985582775061036e-02 8.869801975674759809e-02 8.421922251483285327e-02
5.293393403280031995e-02 7.122481024062318755e-02 6.274015321617419649e-02 8.751211215230018936e-02 7.534250791047497620e-02 7.538776622474302469e-02 8.722964365842905687e-02 6.272519055329676962e-02 6.849311195196224056e-02 8.679903289138039824e-02 5.592730829527350206e-02 8.192862265272835010e-02
8.706151572545674233e-02 8.066757346827369002e-02 6.973882363900879566e-02 7.295487918834714369e-02 7.882448924530711942e-02 6.236225176063255049e-02 6.534077369409826974e-02 9.414122099564635471e-02 8.874495113805674906e-02 3.204702632475662366e-02 4.715455235222120595e-02 9.657748762248606622e-02
4.553361907091022648e-02 9.248682634011665127e-02 8.222391831080036462e-02 8.324276853374992791e-02 7.596982037365945795e-02 5.574103271722100766e-02 6.153195559039816021e-02 5.807728824428749770e-02 7.176153829775197557e-02 7.216124764439681150e-02 7.778184095235204931e-02 9.449388386246065918e-02
4.289496819717272813e-02 7.750800903435260680e-02 9.867347313906778272e-02 5.262844541550157351e-02 8.806565363441293259e-02 6.466456612603377341e-02 6.519559979989633658e-02 9.825939107213721435e-02 7.109627540811419566e-02 6.424633486333033994e-02 9.277126263371397730e-02 6.275408325003063725e-02
7.130245459414480402e-02 7.263773317640494220e-02 5.753203438455023466e-02 6.512551737053802470e-02 8.404002445706347524e-02 8.586667017769715471e-02 5.878463366797193057e-02 7.770812280924231652e-02 7.160381908340852919e-02 8.128464032911859871e-02 6.295714422939772958e-02 7.623133435612178266e-02
8.778045168368230067e-02 7.195924837112545325e-02 7.439056760411488778e-02 4.100221272119986687e-02 1.051546794614104802e-01 5.819496207044297376e-02 8.895300367434681721e-02 7.707915967351963715e-02 6.380796992018848701e-02 7.905068649057787888e-02 5.610056685067718596e-02 7.244965733671078489e-02
7.596358176478432145e-02 6.790027939405328394e-02 1.235081394046329689e-01 7.842339547390994592e-02 6.178185757131816891e-02 6.115286349784830600e-02 6.098191857397971399e-02 6.255668805379584196e-02 7.912596220697090676e-02 3.904392100210070382e-02 1.193446376368115097e-01 6.164349249807295900e-02
8.989802817638613275e-02 6.105526525076596794e-02 5.787766295478737055e-02 7.659595490171922094e-02 8.628932890766617680e-02 8.479770085912026467e-02 7.081320375578008253e-02 1.006377684403624018e-01 4.487604137205177673e-02 7.928493439954285849e-02 4.827168678878467067e-02 7.445490050901501511e-02
6.291062924104302845e-02 7.121927829829134693e-02 6.863904332033407552e-02 8.379604111997947247e-02 4.773990428831757782e-02 7.855333439825715192e-02 6.672573713420716646e-02 6.469140694105607325e-02 7.578873696117247039e-02 7.845689504965445982e-02 1.024699306404096982e-01 6.818385643994559486e-02
9.070856326316006912e-02 7.686348221891702026e-02 6.535480633706794440e-02 5.928647962128832938e-02 7.431729143134828408e-02 7.555422067852568535e-02 6.482088572790911662e-02 6.975831183472000485e-02 5.370088635098726332e-02 9.386928762889415467e-02 6.115352012335580761e-02 8.184035672896422531e-02
6.033684056418715802e-02 8.613908397957786844e-02 9.512623181021007124e-02 6.492866550918623136e-02 6.405473460323955759e-02 6.301112869797190208e-02 8.873739473716632520e-02 6.799446234192485505e-02 5.712944092167571153e-02 7.145618292841676711e-02 7.482782066370469165e-02 7.402223941966233622e-02
5.891652821463973927e-02 5.563944582661168453e-02 5.373894981817319005e-02 7.538132151622552179e-02 1.015966621029677219e-01 5.479596949910342518e-02 9.637264539245536665e-02 6.967237747642078538e-02 9.671366591678577651e-02 5.045959528190204629e-02 8.799965482460024579e-02 7.824006287534267245e-02
6.733164351985106155e-02 6.566102628696852961e-02 9.484495077997000256e-02 9.878747777420540666e-02 6.122880152907390905e-02 5.889526346504479759e-02 6.649364303171080570e-02 6.568859965444527604e-02 9.506995245020175012e-02 4.710205896664636932e-02 1.027781607091276667e-01 5.639924214690896637e-02
7.528123901801084261e-02 8.383402691500037307e-02 7.228518704540526363e-02 8.324244827059912311e-02 7.335481338659578798e-02 5.665995818458816752e-02 6.526427440458007490e-02 6.637147711027099883e-02 7.534130676849298824e-02 6.875852843531871095e-02 4.525036069117822912e-02 1.049318290808879117e-01
5.827552972939448878e-02 7.494461988059436530e-02 5.008123501001617711e-02 1.180448812954812132e-01 6.305981774984689703e-02 6.611925842706378731e-02 9.619775517258458142e-02 6.291637274354211495e-02 7.650511434543898204e-02 6.571225942244326990e-02 6.139599558087836806e-02 8.710875578548092635e-02
7.722879036340807302e-02 7.390723038666102696e-02 4.147768983250650632e-02 5.911384491520225992e-02 9.395747403816787080e-02 5.123969443917524014e-02 7.930114265848153821e-02 7.931388562924757135e-02 7.705943993801710190e-02 7.197925086667607275e-02 6.481433829821704740e-02 1.061016013353365539e-01
7.441150997978576709e-02 5.825193889742601161e-02 8.506327216111096712e-02 5.898505811602780535e-02 7.226755719111477294e-02 9.390650608396305943e-02 5.338585440402864729e-02 8.795778061833327277e-02 7.815638274950734155e-02 6.787520915859508730e-02 7.075906891778922791e-02 6.874266635955088300e-02
5.114055873400186886e-02 6.819483223812096429e-02 8.940571228268619219e-02 7.191709239360347117e-02 7.600989616134486149e-02 8.180577379013721784e-02 7.734368574232426685e-02 7.399574149592004491e-02 4.709067549439666794e-02 9.582888271501341371e-02 8.263557089383727350e-02 5.558971946841865380e-02
4.861329648447750701e-02 5.810485847848195079e-02 5.985863147396965067e-02 5.894485580600276192e-02 6.183938412287197373e-02 8.013721316528513161e-02 7.473610337311892282e-02 9.296406071898993817e-02 8.729315224849287791e-02 7.662450595026364109e-02 8.139823161209315538e-02 8.511815465841689188e-02
9.632900623203165258e-02 5.128430680921781948e-02 9.212508610295128131e-02 4.753904612974472338e-02 8.905673892276154413e-02 5.027262406394582273e-02 5.755146422371906073e-02 1.239796473761409640e-01 7.219445249846419277e-02 9.146312378221500838e-02 5.279795539059839449e-02 6.833184654640954425e-02
6.561266381386873792e-02 6.560350806631122522e-02 7.989128241348744663e-02 6.164615151702643875e-02 8.600158564206417111e-02 7.896843685918167322e-02 4.988765496663527532e-02 7.376978259413573269e-02 9.769370450236472547e-02 5.723121307884400377e-02 6.342264826510869702e-02 9.412053374804839334e-02
7.715956941291524096e-02 6.781483129735541016e-02 1.092025882827261513e-01 6.169201769486135079e-02 1.085394249702957281e-01 6.660210578041256269e-02 7.009907163771647576e-02 5.933211873844041612e-02 6.612074185903114854e-02 5.565276117621115876e-02 6.692836352501541075e-02 6.527237679485325961e-02
6.785920455821121966e-02 6.842534834164483437e-02 5.913931483635344322e-02 6.603253881581233609e-02 7.530900093063269685e-02 7.088257338640353844e-02 9.914278116026867260e-02 6.806117899671797200e-02 5.178376614209191653e-02 1.166532958147368237e-01 5.524856328731467953e-02 7.959499431894924426e-02
8.404798674694156924e-02 6.906019328169796245e-02 3.229371274409104792e-02 5.417800216965742988e-02 8.060395299172246064e-02 6.996587389154469705e-02 1.329567990908365194e-01 7.113161773754904382e-02 5.416754926253668917e-02 1.144072176736702917e-01 6.400180230657011304e-02 6.534213526795870641e-02
4.903057899083607118e-02 1.152937430989047773e-01 4.298219737626075843e-02 7.025119342514477006e-02 6.756316757541279416e-02 7.369063761861391337e-02 7.554506000310072522e-02 4.880818052809071661e-02 7.181786429907661973e-02 9.683790637661095213e-02 7.074204562137904884e-02 1.047035736485814328e-01
6.128159449488682770e-02 5.626626188480059881e-02 9.197771902119025733e-02 7.664961938990703938e-02 6.508614133550143233e-02 6.079049969601328651e-02 5.898859827471150674e-02 8.959995158135533599e-02 9.166637815149929203e-02 6.715115370144751628e-02 5.740233791077614667e-02 9.566454949380030770e-02
8.389135620810225791e-02 8.818169605074646644e-02 7.117863964117422670e-02 8.040226274139122831e-02 6.522700446377735495e-02 6.715363811384528203e-02 5.551480016434056503e-02 6.829947452920440143e-02 7.396136639948408531e-02 6.071680532933294849e-02 7.863477566555469866e-02 7.002345463289175176e-02
6.106266958249587096e-02 9.701886454420198536e-02 5.208819428922834699e-02 5.287003628847399689e-02 1.006229695516529521e-01 6.077884238059675509e-02 8.008328819195292825e-02 7.991170820341113312e-02 7.491286412700635944e-02 1.020153069958310704e-01 5.931568424663328370e-02 5.741240133138558743e-02
6.357697172084174342e-02 7.261180713905461548e-02 7.779880241206271752e-02 6.188352344831757335e-02 5.632065276239366092e-02 8.266002406674763381e-02 5.693583508275943533e-02 8.502542006362256988e-02 6.493073601456071653e-02 7.731586403374064720e-02 9.730202612856667099e-02 7.192603602434548271e-02
5.951280709155945536e-02 7.575076299797667279e-02 6.158424269003007212e-02 7.408639360581549538e-02 6.855216796086877062e-02 9.964601908808591590e-02 5.853750379475759769e-02 9.972006211431173883e-02 6.147609636293505098e-02 5.286519538676877350e-02 6.667483868201483366e-02 9.720949700387561399e-02
5.754765715092773071e-02 8.605533171157020433e-02 4.938393474335490280e-02 6.440453926867832635e-02 7.291145753186062395e-02 7.249975706387989938e-02 7.786056305777450115e-02 7.028920641775129874e-02 7.528444497021932746e-02 8.726480184891620417e-02 1.147372046409206592e-01 4.891299151877351314e-02
5.687770658610022401e-02 6.891350170116690432e-02 6.096779434338852471e-02 1.197390495778475339e-01 8.393432288032737221e-02 6.285075082986771311e-02 8.590366231615857717e-02 7.687450080437362165e-02 5.044570523941952628e-02 6.529345975332738472e-02 7.501523746102649326e-02 6.811590403609503463e-02
7.800034480962231287e-02 7.691809415890048240e-02 7.670980867787337287e-02 8.394483918595205263e-02 7.754659102225305856e-02 5.606362899020319451e-02 7.491538452338242227e-02 5.901690275871056962e-02 4.650310699750521276e-02 5.644437187855494420e-02 1.115908792545345779e-01 7.456936541078952596e-02
6.758871988697792710e-02 5.543891016087627854e-02 1.013787366240106735e-01 3.890783199166689132e-02 9.592176555506780333e-02 5.739377866947978357e-02 7.573794375386964928e-02 7.274982594498581590e-02 7.794796645159451920e-02 8.690284238104835357e-02 8.297122313822047346e-02 6.743214402134538321e-02
8.460718559853050436e-02 6.780805640159792702e-02 8.758222990569874966e-02 5.352225879760055816e-02 8.645721723406465942e-02 4.369747048034804821e-02 6.272045139757249921e-02 1.088716921178136399e-01 6.856013291758379646e-02 7.365195022131706959e-02 6.442818979193788709e-02 7.405807607276822246e-02
5.738654041912855108e-02 7.383129259598322780e-02 6.227975320991802066e-02 7.865594912002422945e-02 8.008647240213263852e-02 7.780297022431890974e-02 8.106672005536205705e-02 7.885380757238204252e-02 6.989971919494841757e-02 8.838532760719026993e-02 6.232857278728478473e-02 5.354877645968558059e-02
4.960180233418104434e-02 6.962935437958925333e-02 1.007263777708999192e-01 5.913552199131653919e-02 6.595969227629275289e-02 5.788491981881235815e-02 8.012424406641908969e-02 7.395809200587562249e-02 6.032058387422849222e-02 9.193978073959677144e-02 8.170603932415983206e-02 8.164684348205532294e-02
7.703111537850561297e-02 7.070740783183060429e-02 6.096978921457666539e-02 7.778112597749999024e-02 8.071467760512247847e-02 7.005845436986250785e-02 7.201591134066974431e-02 7.911115989241947200e-02 6.139098116655837545e-02 8.997852909684750378e-02 6.457523557915080537e-02 6.066958740519275833e-02
7.421723712522673710e-02 6.307858665981552759e-02 6.926360134211721753e-02 4.452244447940297001e-02 6.129793244300746347e-02 9.904047014107576763e-02 7.346123938549883881e-02 8.664200751688717894e-02 5.920630138282445554e-02 7.999664397802146165e-02 9.750644144710501893e-02 6.408140145032202584e-02
8.786213171191806226e-02 7.441286081755461856e-02 7.117133780043492786e-02 5.687368485964663239e-02 6.781154476850878576e-02 7.686452851135101849e-02 5.293983394178596730e-02 7.175638621517488325e-02 6.500922002570988512e-02 8.189284848869680944e-02 9.076223170447421384e-02 6.796535277610378512e-02
5.457680256847073641e-02 5.527169402685641608e-02 8.076364507797262338e-02 1.007464153378080512e-01 6.676434351490714847e-02 7.557049729714671038e-02 9.426192171907796236e-02 7.416550340390581919e-02 7.679918161464073523e-02 6.095999443704105264e-02 7.096548981357252150e-02 5.778897506314190080e-02
7.992425782634740572e-02 5.724724651612898146e-02 9.138894377515927037e-02 8.003859198997517743e-02 6.086242076243569832e-02 5.428217164857336574e-02 7.538108880203796269e-02 9.401927367447748818e-02 5.203558156552749725e-02 8.236002244759346724e-02 7.535882938549146037e-02 6.923884802300414587e-02
5.180293150847896377e-02 8.452765880044732505e-02 6.457929568444754909e-02 7.543967198570079857e-02 9.469536443666422276e-02 6.626132983940796750e-02 7.545276926383645555e-02 7.439974771653042052e-02 8.667375675435243232e-02 4.981454453127938387e-02 7.584593511630641216e-02 7.082056358598050327e-02
6.964277930199300193e-02 6.696394753354555085e-02 8.756236445657368528e-02 5.898384073474152028e-02 5.885031457076583122e-02 7.659560312689539519e-02 5.457895522877901501e-02 1.187002874644375455e-01 5.127597729622777878e-02 7.627254253901803727e-02 7.944888207163643135e-02 8.001227475984980242e-02
8.681029242222346176e-02 7.227674672982702109e-02 6.169706258943888355e-02 8.259107344173752252e-02 6.437208724071682986e-02 6.820158876104984169e-02 8.645826817457710756e-02 7.021808564261410035e-02 6.217120043124498008e-02 5.805537823633243749e-02 9.866247020693445779e-02 5.844749948490481073e-02
8.137251081675249409e-02 7.657089705610232999e-02 8.513389707962529251e-02 5.701395871566228291e-02 8.591766655480712056e-02 8.787055722828554516e-02 4.613181021512678670e-02 8.800027226164405802e-02 6.872293064656177786e-02 6.194738340985960628e-02 7.737615850682623420e-02 5.747581398419189525e-02
7.528978708469839798e-02 6.137668058268438281e-02 7.076090154137859578e-02 6.650579963516653481e-02 7.542280561197471644e-02 8.005297556099537359e-02 6.867502564150344824e-02 7.372095262028637019e-02 6.688424369438089601e-02 6.347496393380280821e-02 7.908479533605730638e-02 8.003962724076459090e-02
7.805446927130700596e-02 6.839556304916707963e-02 7.926114128459313402e-02 7.117727916058574911e-02 6.530749297321807034e-02 6.008070860628775267e-02 6.901300726483440562e-02 5.730276370269499209e-02 5.949167584268375691e-02 1.060460210416523524e-01 8.028809154025609574e-02 7.289380999687540552e-02
5.206043745993432087e-02 7.531449812383855802e-02 9.339574504590873738e-02 7.284579971244020680e-02 6.832192711821624687e-02 7.932751310033876735e-02 6.099009447532269951e-02 7.846588082141117693e-02 6.778058390290932211e-02 8.599352824652567451e-02 7.753725868680094724e-02 5.351100708005580159e-02
6.065413466319590635e-02 8.151503361618654686e-02 9.784313258596936957e-02 5.304024576292937915e-02 8.311981686911984468e-02 6.176499122586773943e-02 8.331423136140080066e-02 5.582923962169476090e-02 6.165851970788980424e-02 8.401856222283216047e-02 6.746169748105222685e-02 8.240654972279704005e-02
7.749043141472192198e-02 7.251673299025096497e-02 6.862208451197616965e-02 7.576969387629110819e-02 4.075705607697878430e-02 8.424915805805943680e-02 7.454068932489157917e-02 1.010568353452924312e-01 7.395677885589201084e-02 5.945063585935912720e-02 8.446918675915181252e-02 5.794559012442610652e-02
5.861341020171739746e-02 6.768154610702581397e-02 6.907589826783326614e-02 6.857434298212208845e-02 5.526374644508554035e-02 7.176705070180200430e-02 6.155112284449764520e-02 7.020181195099538252e-02 7.190428980222525468e-02 9.089056518522441175e-02 9.122381026778252078e-02 8.815912452893283346e-02
4.391961409788003312e-02 8.045594529691878216e-02 7.351076164246719835e-02 6.305175425429913882e-02 8.087238815331244945e-02 9.497016404591616945e-02 6.493781058918830784e-02 4.777811411029969646e-02 7.289537911993095032e-02 8.831400259703652000e-02 6.022468374783997852e-02 1.093038498452614249e-01
6.470979363377322990e-02 8.937844430461935885e-02 7.367666665860760078e-02 5.268577832095375224e-02 7.527312944810320150e-02 7.275656045888793944e-02 6.795123064962309278e-02 5.141537986554179512e-02 8.918835725594261021e-02 6.408165997650634715e-02 7.391650376281662382e-02 9.522434012660611902e-02
7.786880676944356316e-02 8.828611763530601342e-02 8.308458883276439999e-02 7.932787499371315998e-02 5.193660215864199375e-02 8.486773550594557680e-02 6.015530919673928167e-02 5.918749217354730280e-02 6.889256712047321651e-02 7.170407702521248983e-02 8.262546941638583553e-02 5.962995699539169053e-02
5.777376153105913403e-02 7.081923998799592723e-02 9.457663342947970897e-02 6.452494476732346940e-02 6.480017904123512584e-02 7.301824665151804283e-02 7.778219895401967954e-02 6.611896462493696558e-02 7.436428958584487270e-02 8.252290319546781716e-02 6.840164513548824265e-02 6.991366284717617785e-02
7.459804025481947543e-02 6.096002290774427818e-02 8.594997654211357363e-02 8.770227064671799744e-02 7.557992918020767226e-02 3.872686256198404342e-02 9.760213574673309855e-02 5.815789022822600435e-02 6.041153691856365054e-02 1.084884463836475188e-01 5.746144102619143296e-02 7.678144023779664984e-02
6.005059541252196625e-02 9.614016504617133030e-02 6.162486394297065490e-02 7.479515180170681621e-02 6.898616133336175904e-02 4.861695057690239297e-02 7.467192578713953421e-02 7.412667419217051912e-02 4.783184709209244156e-02 1.187401837017283274e-01 5.707013466359687343e-02 1.061450427765114612e-01
4.600335875303395577e-02 8.349085410382361960e-02 1.026275602851324936e-01 5.424178706679957940e-02 8.713460371008514838e-02 6.447807359842835928e-02 7.398569870380661273e-02 8.317025708133546358e-02 6.594075209885257027e-02 6.634028227180116533e-02 8.964434322129714861e-02 5.915706912287929664e-02
7.392278227942414293e-02 7.209263394340170716e-02 8.217135571388405058e-02 6.543131688995960926e-02 6.668338328119102765e-02 6.427118612348949045e-02 6.660676068955991014e-02 6.616242488397569566e-02 8.795736395749674530e-02 5.164960617613599536e-02 7.775534122334100406e-02 9.217339180148710620e-02
1.013825094229876267e-01 7.699826518860466984e-02 6.165323301076475887e-02 6.860173898117780111e-02 9.677344272894099209e-02 7.775867697524478650e-02 5.805915494368901059e-02 6.051398642761357527e-02 7.923123170161110174e-02 7.970602912633420467e-02 5.336723958800880518e-02 5.916139829224614788e-02
7.174693895832943979e-02 1.234857134511557070e-01 7.394911971123652172e-02 5.499428792384876419e-02 8.021355478266804784e-02 5.755810185097349346e-02 6.912776944151315106e-02 6.736165442417187121e-02 7.140821861361799916e-02 6.680699009135819544e-02 6.317224125886791719e-02 7.356546427606094896e-02
8.288357444947427877e-02 8.819354503469542528e-02 5.354664197963614203e-02 8.581777114177166488e-02 8.291810026437360093e-02 4.939706542249602123e-02 5.453513355604158036e-02 9.894895480622561967e-02 8.216517770231117346e-02 8.160649125583252506e-02 7.114637389203973261e-02 4.522243394706873532e-02
7.000269942856267302e-02 6.993895046863399245e-02 7.208986746733903050e-02 7.544417251899579457e-02 6.014535929775023659e-02 9.549537512377294368e-02 5.965366751020192981e-02 6.575593069127162738e-02 7.403936128644486581e-02 1.082085431682981297e-01 6.507730396119015825e-02 5.597958516666982215e-02
6.902473508434774085e-02 6.395565911070720533e-02 3.679520879734414496e-02 6.476229822981079132e-02 8.801821031506726345e-02 5.881857772009696506e-02 9.717581526451586627e-02 7.491030911197568698e-02 9.449602371755033703e-02 7.592098534136544619e-02 8.355046382097613966e-02 6.481786688162129162e-02
