4.354135601192988397e-02 7.210345914890817220e-02 3.772800132324367894e-02 3.533655082551109827e-02 3.504026555150445421e-02 2.697342325713969827e-02 4.832900879811686395e-02 5.123150847541332875e-02 4.390503468853027003e-02 5.277152086030671707e-02 2.586446264278826832e-02 3.118042484342086959e-02
6.189782493951696135e-02 3.635030437040411011e-02 3.331078868444175417e-02 6.036800013229272344e-02 2.516858542850282029e-02 4.221219455162841111e-02 5.238321116128611538e-02 3.930862086156908936e-02 4.965965286163286085e-02 2.954328321644971583e-02 3.033243048892479699e-02 4.268111973457618807e-02
5.113425364689246772e-02 4.061161182057482222e-02 5.636903270875028016e-02 3.995825860677291314e-02 5.090147078484465876e-02 3.847715373470939060e-02 3.147576108666985673e-02 4.329069366109899314e-02 4.186991567436464112e-02 3.839483738245210581e-02 3.139151513070163185e-02 3.359319676339679595e-02
3.595509312503317872e-02 3.910623470038412236e-02 5.240036678662715608e-02 6.968807839474232269e-02 5.302626131524056791e-02 1.438039967735553135e-02 3.894024682327950487e-02 5.451808716898968316e-02 3.430599861453516308e-02 4.113801189952116799e-02 3.750685259234113472e-02 3.347239853334804671e-02
5.010288655667336638e-02 4.787305311363718174e-02 2.924774600825708754e-02 4.971951813211271387e-02 3.804672522019360292e-02 4.583921094049508982e-02 3.474885311009574818e-02 3.241365178948107245e-02 4.582883028095853517e-02 2.869935489505490503e-02 4.690223451982670350e-02 4.864586493338349249e-02
4.261049587037559622e-02 3.982027815477454796e-02 4.558778599427025513e-02 8.045944048410048899e-02 4.726161744446413099e-02 3.468649411368159713e-02 3.775817845767450581e-02 3.796782481053979919e-02 1.669273604811952194e-02 3.248817028754191066e-02 5.295584214912008036e-02 3.871996571141608778e-02
3.950728209481723513e-02 3.804165358843698830e-02 3.628999232766227240e-02 3.850693208552874447e-02 5.273056094522710763e-02 2.954487003533890280e-02 3.028568351421780797e-02 4.549024073453325490e-02 5.060540138645606978e-02 3.458657318314634771e-02 4.417440737710666421e-02 5.856162692301628697e-02
3.908421104976326360e-02 4.529448898135472051e-02 2.237365354992138650e-02 1.000008411109756246e-01 3.096446252443528155e-02 4.643847970813257814e-02 6.221690484342617955e-02 3.507927107855588617e-02 1.823607639157288907e-02 6.269741331992609301e-02 3.527437960310528947e-02 2.915756854460431480e-02
3.659816431210992371e-02 5.600551952912757869e-02 4.837428025423159278e-02 2.338988730401331262e-02 4.874036635353092006e-02 4.478525481059620478e-02 3.811200638728182155e-02 3.804609601067341501e-02 2.971855480693986334e-02 2.663239188729954465e-02 4.948316426904213194e-02 6.231618301456152281e-02
3.490053723625821669e-02 5.754905612385972924e-02 5.198874182695670948e-02 4.418093195053483108e-02 5.430411388969028780e-02 4.732555861586391216e-02 3.408253197742995566e-02 3.319934947952923182e-02 3.592569965881970556e-02 4.840660337503725763e-02 2.828765430830472091e-02 2.964640850532134636e-02
6.828203455049071391e-02 4.343238756623123836e-02 3.041958146382356398e-02 4.328214991718040694e-02 3.288025374875986478e-02 3.720953526041591991e-02 1.960168036177948811e-02 4.243449510124926161e-02 5.235768411269536154e-02 3.968802136496266120e-02 4.921153915559889347e-02 4.380536528520208306e-02
4.363787588662462746e-02 5.355164852997239266e-02 2.752950906849669852e-02 3.497227941889434477e-02 3.931419708374392363e-02 5.671884120494994491e-02 2.562227909022759750e-02 6.459133603458126760e-02 4.000101625312525722e-02 3.747290501066021656e-02 6.118343613640648410e-02 2.338980802398060721e-02
4.960568076847901575e-02 5.031666085645519065e-02 4.077044408927368857e-02 3.350992139819431587e-02 3.754809222013082842e-02 5.290361035420251129e-02 4.099063913968686163e-02 4.431963273753641852e-02 3.307529529970491128e-02 3.056666596327455715e-02 4.287261163237078565e-02 3.982930900104473398e-02
3.061263673027541862e-02 4.366435885928084820e-02 4.026348716689724661e-02 2.881688087420523209e-02 4.056432128494256995e-02 3.996043609002565555e-02 4.765437377740363439e-02 4.839838923150850680e-02 4.095588463223198000e-02 3.101525025556529924e-02 6.049817591065445588e-02 4.544057178293117727e-02
3.651667882532929482e-02 3.208729045719563300e-02 3.980076116149619536e-02 4.817501931212984229e-02 3.383248454669039035e-02 3.804107078571085376e-02 3.665836900846309448e-02 4.864895497327314383e-02 3.895214999841346143e-02 4.256203886369359229e-02 4.514196467870074808e-02 5.563554108270519355e-02
5.436491790869250884e-02 5.615315722722531017e-02 2.831290009581699865e-02 4.195856203621149000e-02 2.141711443644017665e-02 6.257678233080647690e-02 4.220825487121422637e-02 2.429349445022810361e-02 5.332693428476462105e-02 5.488053042984469831e-02 3.284866341164122822e-02 3.307173090813848165e-02
3.949210307753455579e-02 5.425561180044683601e-02 4.343694499242706925e-02 2.258980765028507573e-02 3.047012057432043133e-02 4.237300235402574611e-02 5.261953639930856685e-02 4.782301618180339470e-02 2.637709833090537415e-02 2.945889305563874003e-02 6.421958851631236198e-02 5.111699074359921102e-02
3.691030002497407148e-02 2.416643119627921374e-02 6.276324099622093700e-02 4.316527880462131539e-02 2.640608024624290992e-02 3.070067897698897791e-02 6.306696574531300836e-02 4.852761141765998126e-02 3.807964588703780656e-02 5.014902358770687019e-02 3.527283446077026513e-02 4.495481708025105688e-02
2.818293624453962337e-02 6.480786380790916346e-02 4.527797331860296953e-02 2.700268060664282044e-02 5.739246702150878343e-02 3.574487916598998588e-02 4.848775474607414787e-02 4.994885395861613925e-02 2.888050529735913460e-02 2.875867020384243258e-02 3.399092661091889650e-02 5.809063649141843477e-02
3.792834845816257100e-02 4.018361319361662964e-02 2.992011126995484244e-02 2.808448031212452956e-02 7.158001098044138033e-02 4.429406381539880561e-02 3.854959886063179936e-02 3.705088464047998770e-02 4.690311913269316207e-02 4.823290047983376516e-02 4.184686778000625690e-02 3.635972471944869805e-02
2.605787464788506674e-02 4.493098037433584241e-02 4.161291169454498645e-02 4.884266983472812518e-02 2.338976891803460148e-02 5.294343090281099229e-02 4.104334937027460939e-02 2.615381034383135184e-02 5.624905563296418720e-02 5.712184008601509794e-02 3.459730834273944816e-02 5.052205123384780755e-02
2.237466061191799305e-02 4.482196284686796456e-02 5.105382350901212229e-02 4.656728836927887666e-02 3.646655794974729137e-02 6.513875875497474044e-02 3.433841558693920271e-02 3.314976352763705780e-02 5.982305032257276972e-02 4.263972726556228277e-02 4.358306571541891578e-02 2.517943937861952947e-02
4.054336631153841741e-02 4.260699405812852503e-02 5.226296165793009596e-02 3.017836703602330348e-02 3.311323522326217739e-02 6.501568363389031990e-02 3.369843349841628727e-02 3.178408226994035302e-02 4.321171341357980811e-02 3.210053994210690376e-02 3.374489768368569426e-02 6.541631930390107152e-02
4.247718513076813307e-02 3.072541791372632863e-02 3.530214018022291567e-02 4.506099711276457392e-02 4.582244195282533100e-02 4.771416945615554461e-02 5.835386662995616786e-02 3.300606803340674217e-02 3.746665292765190974e-02 5.014385428814505802e-02 2.800687721338232516e-02 4.406754681319388633e-02
5.312321332216939085e-02 5.043586985830383201e-02 4.511583340096128603e-02 3.332679919576415212e-02 4.366953447159870050e-02 3.324335182196035826e-02 3.524771374426605847e-02 2.455710219451438803e-02 3.444409519912540463e-02 4.360797944769350537e-02 7.004382988300147939e-02 3.565078894047050972e-02
3.598108687154057822e-02 4.643216168408536432e-02 4.471518892236572840e-02 4.200673823262237455e-02 4.584538562526299654e-02 3.862587839081178115e-02 5.474437304195640952e-02 4.679480775597299330e-02 5.113122563275487170e-02 3.580552609413848592e-02 2.813791996915657179e-02 2.777446453088396744e-02
4.280111479125337653e-02 3.854425523469277859e-02 3.039747044643772989e-02 4.016169292852886374e-02 5.208476847846134350e-02 3.430074416322651670e-02 4.028444381418398029e-02 5.135403141505580360e-02 3.313057804321511285e-02 4.016353525700314120e-02 5.468676400090190931e-02 3.882504905459440575e-02
3.225704190416665146e-02 2.955271681336258185e-02 3.696712151770727151e-02 4.352754871466909398e-02 3.909381860947910153e-02 4.466020153276049204e-02 4.282726403723272762e-02 5.122832319919069788e-02 3.343066816251238221e-02 4.937768030732468671e-02 2.879327856597459906e-02 7.199974370180234340e-02
4.918483799274139812e-02 4.394897488718745027e-02 3.231982267851028767e-02 3.464476371238371655e-02 4.879341303763672782e-02 3.325907840233343488e-02 3.487339072834479137e-02 4.573424442323174161e-02 3.320850784228020214e-02 6.128926542632458230e-02 4.876307371020873610e-02 3.258537694234025367e-02
3.674076746849128799e-02 3.328750972963995247e-02 4.629220108747526818e-02 3.678761135514578562e-02 4.710288913034398756e-02 5.421911589659399178e-02 4.755214247752860557e-02 2.701062428723710260e-02 4.086678544104480754e-02 3.180573192991194287e-02 5.262377674961109253e-02 4.333483528019670128e-02
3.276673746536983706e-02 3.651419818492690483e-02 3.895396066507049448e-02 7.070537330469610360e-02 1.697337902325786463e-02 3.431560907248928233e-02 6.190118706115148306e-02 4.112081122253941068e-02 5.009321570347777947e-02 3.717438594458055690e-02 5.040922263604489389e-02 3.739141438083282143e-02
3.918401342249522301e-02 4.823748976975434505e-02 3.479451309900790518e-02 4.140891071960545178e-02 4.952269292333889850e-02 4.188845151179475951e-02 4.186108458483356332e-02 4.307700848746300742e-02 4.136276638453355303e-02 4.485969401337557005e-02 3.057274759680820436e-02 3.801654175800213420e-02
3.415530598722504863e-02 3.257061228836579531e-02 4.608985553677411723e-02 3.586284722662167607e-02 4.640414620432696535e-02 5.167402131041667207e-02 3.190517559673690384e-02 3.733271996475637927e-02 4.597627673858289965e-02 5.341662432989905535e-02 4.084627034461782435e-02 4.016882111694681373e-02
4.573069922665969067e-02 3.784421379557307424e-02 3.764458891769990184e-02 6.354880186480146853e-02 2.338738948854702029e-02 3.148836744585645914e-02 6.943643903959907659e-02 2.652993724782441026e-02 2.995164134728265509e-02 5.158179136048401947e-02 5.183373520920215444e-02 3.955386472667778847e-02
5.219822468507189644e-02 3.929107074376184811e-02 2.687365747509010139e-02 6.160298402200259371e-02 4.448605607362259018e-02 2.453751710368385144e-02 2.298034481368479987e-02 4.051998061254231953e-02 4.987429602639527337e-02 3.574246121154394523e-02 5.410129616318676976e-02 5.256189351023882184e-02
3.005803820681995919e-02 3.623659199998908315e-02 3.535172096156070920e-02 5.412893207756715869e-02 4.347650089730812489e-02 4.557284196988729830e-02 5.282158511765467496e-02 3.452017054584272104e-02 3.912784162357161449e-02 5.185577531868516138e-02 3.080486505768470842e-02 4.405253363207582012e-02
5.438850533030483575e-02 4.702894367370111933e-02 4.111644227093337600e-02 3.997060561994158351e-02 4.650466355767490095e-02 3.431067249798064323e-02 3.335880979286604681e-02 6.276348384321156493e-02 5.397113498274972582e-02 1.333842173459793938e-02 2.193470677141815331e-02 6.355065181066248126e-02
2.385808452384903522e-02 5.487379678636602337e-02 5.332750887349375912e-02 4.927847504267144491e-02 4.506309274884316707e-02 2.966930036104676108e-02 2.869892609323986335e-02 3.202171450872567937e-02 4.025752337049984253e-02 3.951533469878915072e-02 4.934972428048822052e-02 5.543633181305118035e-02
1.836933829469912169e-02 4.737019544658978287e-02 6.261861348145150719e-02 2.659555358543924664e-02 5.157862434731261964e-02 3.764131264854812808e-02 3.390816869123346178e-02 6.339472410753251019e-02 4.050480261251914599e-02 3.256285296376825594e-02 6.040511130329911937e-02 3.321488888056579880e-02
4.159643320179175902e-02 4.117060995706379317e-02 3.000054420887430032e-02 3.537763823246336398e-02 5.244830140185597483e-02 5.183790359924540098e-02 3.185112372952096649e-02 4.371228955281659251e-02 4.300729258497690971e-02 4.659557832039264158e-02 3.549250124445738064e-02 4.315750621849556712e-02
5.447378989580033831e-02 4.367840271674421071e-02 3.724408340047792587e-02 2.267927249413287036e-02 5.942254291143045375e-02 3.409005754963694013e-02 5.290838522614050438e-02 4.617032835383858003e-02 3.626138683692130965e-02 4.280896003975973724e-02 3.190170371129140425e-02 3.975503682301902847e-02
3.852299730775044645e-02 3.938822639504276774e-02 8.364522497366982945e-02 4.735783322865223105e-02 3.493839455706167912e-02 3.052439205915026196e-02 3.202549918594835288e-02 3.620249409444008248e-02 4.128288951938889617e-02 2.015269672409038954e-02 6.963455506977986320e-02 3.776755139947267359e-02
5.637837152660891277e-02 3.431813706986642371e-02 2.852400174307545208e-02 4.565406520499940696e-02 5.436894111430019133e-02 4.985160914219349121e-02 4.368901333522520053e-02 5.888125654820472454e-02 2.432188674407806048e-02 3.833029451401459564e-02 2.553365192395955566e-02 4.267471365032889097e-02
3.320243326190839422e-02 3.887059946321336223e-02 4.141879756844075305e-02 4.633264161575614132e-02 2.524987059543413320e-02 4.289715090093205313e-02 3.837262484412568703e-02 3.531435375069232746e-02 4.274674293731624275e-02 4.915689310946586704e-02 6.489601574636452708e-02 4.035075387631603672e-02
5.815462547320117415e-02 4.582091059264618155e-02 3.481134309986281400e-02 3.277130193647782852e-02 4.206926167735388494e-02 4.448895529681991257e-02 3.677520183573407958e-02 3.596430556206495210e-02 2.999931064898547078e-02 5.435396289184396545e-02 3.499212317075250239e-02 4.787921494522926619e-02
3.262243927956524903e-02 5.287941423424112608e-02 6.071407714019456253e-02 3.665503883970323146e-02 3.303220612725624866e-02 3.553446686674619631e-02 5.395884320080745339e-02 3.875721985241933204e-02 2.943904138068639126e-02 3.925164316710373635e-02 4.514740367676357835e-02 4.076520276737397031e-02
3.189915435662993987e-02 2.566487040123187693e-02 2.759259242595211992e-02 4.555203004462079347e-02 6.295003834497905904e-02 3.023086349808859138e-02 5.493190649636340434e-02 4.455248884778265778e-02 5.466522766134297023e-02 2.749741095240049171e-02 5.178084587910940922e-02 4.750404115078424305e-02
3.391294365906195873e-02 3.646357487850303974e-02 6.217616706254017189e-02 6.263482012299168011e-02 3.497258881526394553e-02 2.955894167135654158e-02 3.499181390887451393e-02 3.937078747809043960e-02 5.411503240293796813e-02 2.552636055084091249e-02 5.833481072225367436e-02 3.291395323921068178e-02
4.777101999021539369e-02 4.777073013701364779e-02 4.297654489791358917e-02 4.983060456550020972e-02 4.136073548140264955e-02 3.112058746079008828e-02 3.316549859713108228e-02 3.742647541268814132e-02 4.527364338358678963e-02 3.591189733113244603e-02 2.380214842901432620e-02 6.395532854013023794e-02
3.450990518464632645e-02 3.590202479840524236e-02 2.774688025608698649e-02 7.527952267349150017e-02 3.585055757690705502e-02 3.716325823099400627e-02 5.948728132579479688e-02 3.640182500984589370e-02 4.193568521505131041e-02 3.801620963031678707e-02 3.309185979677525119e-02 4.985983445982924978e-02
5.004784493467149403e-02 3.905337728983974271e-02 1.923443086803497751e-02 3.267594604585384588e-02 5.667898216859301036e-02 2.735422194728390904e-02 4.304928969443850423e-02 4.984723564073133967e-02 4.380687292943329092e-02 3.957783084680572411e-02 3.801415722403021086e-02 6.538999074685769575e-02
3.912513521703097491e-02 3.338711805925067416e-02 4.878356093810146815e-02 3.141624832386542138e-02 4.287231616129420775e-02 5.716408568850923910e-02 2.859720870619944857e-02 5.107850601178572786e-02 4.917148251671713682e-02 3.610520218296895539e-02 3.951959325370869164e-02 4.079571340372678545e-02
2.400404665144754285e-02 4.000033718810065697e-02 5.401567629543697902e-02 4.178576736421017040e-02 4.418323454660746941e-02 4.829034000030351520e-02 4.755277620372566627e-02 4.031891641110015023e-02 2.402797877325241888e-02 5.839551196041042891e-02 5.287890041870416113e-02 2.723189852752841769e-02
2.425264943651901650e-02 2.904383308653496476e-02 3.280795781646620585e-02 3.038317902110541230e-02 3.328369926577220278e-02 4.851687826088727645e-02 4.427849280249080560e-02 5.841141216361761535e-02 5.541566859019179947e-02 4.372784323571353438e-02 5.080108561534488198e-02 5.081949764688687560e-02
5.819180415084601599e-02 2.851163049963480189e-02 4.522159534019386945e-02 2.729871924375799896e-02 4.635207738302877384e-02 2.503906292705722347e-02 3.268740743978750668e-02 8.108566393203398004e-02 4.635280795553096272e-02 5.267740252399136236e-02 2.905496168892623271e-02 3.795289352974286212e-02
3.521849923125364157e-02 3.678543323654635822e-02 4.697097744027181609e-02 3.268698442831043799e-02 5.282919931726470092e-02 4.725408561534438778e-02 2.326941781928663910e-02 4.240911462614804783e-02 6.308915035014643624e-02 2.818840005240402444e-02 3.469684047257605430e-02 5.956439967031403049e-02
4.236353234528614231e-02 4.112644474253423360e-02 6.887525623105353323e-02 3.607277755500574307e-02 6.820766692774486717e-02 4.027565582238447350e-02 3.654620703243666169e-02 3.264769949626612072e-02 3.598137646022466635e-02 2.807122521109157998e-02 3.624144468215418496e-02 3.775277602940909499e-02
4.100634634589736538e-02 3.651967844313339789e-02 2.969068907618723288e-02 3.849247530586422106e-02 4.195260670424677540e-02 4.130751425081388012e-02 6.437184172375684521e-02 3.740069821975411379e-02 2.806212384515165484e-02 7.219296460630456047e-02 3.163600242700103510e-02 4.240374120272312475e-02
5.522535888158047052e-02 3.682754911555281840e-02 1.239698091082011219e-02 2.693946076477377050e-02 5.036536375555370620e-02 4.037397256119921313e-02 9.229826292651070740e-02 4.191355364890043261e-02 2.637903687640599792e-02 7.414489995868794869e-02 3.629935561216244416e-02 3.195312724539591670e-02
2.834381746202165389e-02 6.271812427576703430e-02 2.429222932268739962e-02 3.441185839063990587e-02 3.744710982529300680e-02 4.527661631156957439e-02 3.983592361622879247e-02 2.579852941737797306e-02 4.163881224060750341e-02 6.134850022069811282e-02 4.373822469702705329e-02 6.254945525761453073e-02
3.324091532193699378e-02 2.892528115849653594e-02 5.676259625297986472e-02 4.642459851690298317e-02 3.462343911403787527e-02 3.236003093254836982e-02 3.162591656736483958e-02 5.454517529401018555e-02 5.957019543308792603e-02 3.519681058298959608e-02 3.087442981852725477e-02 5.844040828546836347e-02
5.092400832999117305e-02 5.510499201189186097e-02 4.158812239721716708e-02 4.624366128491673444e-02 3.809688277900639963e-02 3.482330498471692543e-02 2.909460232671726501e-02 3.877410083680216113e-02 4.172967151947268999e-02 3.392609550181201195e-02 4.483900526571609618e-02 4.121575704379352306e-02
3.529257477660041609e-02 6.005581178447961382e-02 2.543371781993035430e-02 2.837247733580251091e-02 6.188864396430392156e-02 3.422013177586714916e-02 4.572270879542012639e-02 4.938128706773725618e-02 4.366001485370788610e-02 6.553079497696173705e-02 3.367824766874421422e-02 2.508333998783067106e-02
3.275293410932435256e-02 4.301361848803954974e-02 4.554394373094892284e-02 3.217480906247897898e-02 3.095455319873340397e-02 4.629214904201095493e-02 3.189059377344414387e-02 4.833929053869838455e-02 3.753346945229222437e-02 4.498457422740357453e-02 6.278304562515069076e-02 4.213770274005365635e-02
3.171722655428080295e-02 4.185195661145241219e-02 3.568837722541118307e-02 3.873897742323341442e-02 4.158391262013652612e-02 6.096820049227737875e-02 3.208485894649799886e-02 6.212490366337507230e-02 3.512617443210176021e-02 2.448315688744649374e-02 3.819988222336864053e-02 6.196921040086453975e-02
3.079955985563397058e-02 5.048557773397589071e-02 2.537163137291976664e-02 3.208413315543608146e-02 4.370328159560509657e-02 4.121426692316088741e-02 4.372406469343561447e-02 4.227459826147105665e-02 4.097026458393493442e-02 5.624117994830780259e-02 7.438622450663237573e-02 2.419947089057767828e-02
3.078443665009433783e-02 3.752290571786804502e-02 3.367289691638033350e-02 8.033216462527720259e-02 5.156616378578621901e-02 3.232607138829407534e-02 5.293696045909836168e-02 4.489397041347468337e-02 2.400208330358772138e-02 3.565816939006116043e-02 4.529482389320994840e-02 3.663093800162303681e-02
4.546766990577352785e-02 4.648425224054083399e-02 4.368670978662542864e-02 5.274941553317439441e-02 4.499138207522036803e-02 2.877687644159045502e-02 4.315452685888916673e-02 3.199752798926333575e-02 2.023263795427618708e-02 3.027228237018445012e-02 7.490709360068788236e-02 4.389186065848071222e-02
3.472670899962041619e-02 3.246228942482362601e-02 5.591573604988617913e-02 2.056106377282740025e-02 5.136944458661976687e-02 3.372630713422189452e-02 4.137730471963958767e-02 4.192123724982684679e-02 4.770323783801235645e-02 5.213170248133539020e-02 5.227131169153995116e-02 3.737536278284084995e-02
5.043298355152923962e-02 4.052909529096580116e-02 4.798965296266883424e-02 3.090971116406095870e-02 4.511480268100095947e-02 2.180876114501098875e-02 3.483641889899006389e-02 7.138541904315511000e-02 4.075778966341937065e-02 3.949727393347562954e-02 3.733960012364357511e-02 4.217290648314088453e-02
3.071232819149875143e-02 4.206033636333327691e-02 3.400143854150988049e-02 4.618556565825202020e-02 4.915596799229145913e-02 4.545947214741290904e-02 4.973555901626402348e-02 4.656718235359656038e-02 3.994230339502051474e-02 5.470339767408232551e-02 3.451681658916583295e-02 2.546529295234567503e-02
2.523275332045799360e-02 3.982287907019226025e-02 6.417390954844909290e-02 3.288462694781994072e-02 3.212105768076450180e-02 3.202163663376468572e-02 4.648009273629575416e-02 4.169826449491493420e-02 3.350509617988694372e-02 5.432753106834183748e-02 5.292748123653961967e-02 4.614967758177447588e-02
4.540257324611809281e-02 4.081156337435008080e-02 3.147211059334151240e-02 4.635477618013471302e-02 4.893756728207409451e-02 3.855842559518313922e-02 4.286014718189623540e-02 4.536199370701125833e-02 3.400058096632509186e-02 5.468917597393771479e-02 3.662907619289999805e-02 3.133068153563111496e-02
3.915323178964973116e-02 3.735640758884802015e-02 3.483247460828313435e-02 2.077726932807420421e-02 3.442445135063692402e-02 6.281807130669118944e-02 4.513362150664353145e-02 5.081136624355943321e-02 3.303103942338563026e-02 4.671784398073230982e-02 6.298095270042990135e-02 3.565076221192209349e-02
5.179595754899663645e-02 4.599544499011500032e-02 3.823096589302090592e-02 2.992663636908007158e-02 3.899387583896910675e-02 4.333635153083172792e-02 2.855808240716589327e-02 3.812346778505682626e-02 3.717939661575211940e-02 4.955817854968023323e-02 5.635196891997543839e-02 3.945792109216753052e-02
2.679055073420465172e-02 2.755046600414528049e-02 4.972946302515535849e-02 6.458587322982972667e-02 3.717057617590677210e-02 4.443372041835996766e-02 5.943390958366751020e-02 4.426210103368933418e-02 4.409330905635468895e-02 3.408522074704298938e-02 3.827411908439573573e-02 3.139333757584656520e-02
4.539629183480600044e-02 3.179059073316413409e-02 5.375616688939560683e-02 5.095275067728323448e-02 3.074414754003934602e-02 2.606163800962312677e-02 4.666376141311873865e-02 5.617274357497818726e-02 2.741227223584263503e-02 4.733068650008837031e-02 4.517978832811216094e-02 3.929717760549196470e-02
2.725574686654565551e-02 4.762631486201281822e-02 3.791957348552296714e-02 4.284513443131957727e-02 5.997683936598782045e-02 3.781718303578329721e-02 4.007508295593574521e-02 4.708338290189478803e-02 4.866526101299661206e-02 2.576750988395228037e-02 4.375440314323172930e-02 3.990278493962003820e-02
3.706946506030223132e-02 3.999972781632871177e-02 5.084824390991565107e-02 3.218914057337147333e-02 3.185165258091721130e-02 4.099586002525104633e-02 3.153666034103266153e-02 7.193914170311227485e-02 2.921127933411514152e-02 4.048564521609210320e-02 4.929188135799638520e-02 4.759622930429799337e-02
5.188429498209023299e-02 4.253470924491549454e-02 3.338119847853278366e-02 4.798325827347150324e-02 3.716567787971703646e-02 3.640066740304838400e-02 5.377812711445052740e-02 4.079887730611905794e-02 3.012759294833636942e-02 3.360888846131205449e-02 5.920769884987803905e-02 3.252210460994230112e-02
4.370359019999833783e-02 4.865292110486694327e-02 4.873283573023128035e-02 2.903592788268992766e-02 5.418831010234495538e-02 5.206549235883965038e-02 2.334864710338256655e-02 5.027734083718219532e-02 4.139475104899414948e-02 3.227512754314522392e-02 4.267173884514251225e-02 3.300573197499581668e-02
4.273593905942070503e-02 3.407982361978357383e-02 3.904162929836485496e-02 3.723694099290631582e-02 4.439623702967077090e-02 4.754230927104547560e-02 3.927690285786111790e-02 4.199959665697990813e-02 3.751934991658416318e-02 3.453297406422996957e-02 4.662770673399803389e-02 4.937040320316012088e-02
4.644823179448986233e-02 3.862107889008611905e-02 4.618165478472679997e-02 4.215793280273897464e-02 3.405217329225627282e-02 3.249694790751922469e-02 3.843054990880747507e-02 2.892953165526075676e-02 3.240745471637006270e-02 6.955323311765106153e-02 4.919469809944989475e-02 4.170473118863912004e-02
2.478395935098202593e-02 4.525956426686425504e-02 5.940942526645375671e-02 4.149303748244394935e-02 3.958005559801929668e-02 4.501367201428292664e-02 3.415557630548424206e-02 4.460363470921703544e-02 3.925641908935524615e-02 5.216612099095081084e-02 4.704235113537710844e-02 2.703882026068833710e-02
3.336272656467063891e-02 4.980872623545506972e-02 6.106256321444931273e-02 2.886366076814817286e-02 4.404423690776661238e-02 3.719266289008726911e-02 4.598929981767675701e-02 2.954518280366151550e-02 3.419335616195328525e-02 4.818167739546713735e-02 4.065350099680051926e-02 4.639984837273181117e-02
4.227749329857709293e-02 4.208400954975297092e-02 4.044097654862413571e-02 3.885167999966212399e-02 2.179649970298921935e-02 4.665002502125108197e-02 4.698368339183942033e-02 6.465877038658734977e-02 4.333748244552500933e-02 3.318925386759625368e-02 4.613043474753680817e-02 3.358331237325874047e-02
3.147492196822904847e-02 3.627825276428194023e-02 4.019222044074709926e-02 3.706102033697460107e-02 2.885141824008594785e-02 3.938271360610608868e-02 3.401887347753990154e-02 3.801963149987557661e-02 4.265213450771782044e-02 5.692518736633282728e-02 5.921500348337715297e-02 5.475730771557279358e-02
2.348870329701045062e-02 4.279918280589949803e-02 4.483032790904360743e-02 3.296068952911088840e-02 4.580872081030130938e-02 6.337981852304454267e-02 3.301800291794903391e-02 2.345326923315503576e-02 4.356562909921849608e-02 5.264726633458970129e-02 3.543719114943211235e-02 6.502863677424144950e-02
3.635403109303235458e-02 5.451650530214716128e-02 4.411443299169209159e-02 2.564418872420474310e-02 4.200791370803801106e-02 4.496684194269236212e-02 3.395829782671053870e-02 2.764295373693921587e-02 5.308345438253864873e-02 3.535735579411474622e-02 4.350630527650303780e-02 5.985333407724931915e-02
4.559894954605883677e-02 5.506328650556125553e-02 5.242087968019476518e-02 4.514905971014930575e-02 2.811611944198732713e-02 4.722625293265517860e-02 3.422219499685233424e-02 2.996199506098091644e-02 3.699306976475943975e-02 4.358946587564724306e-02 4.653871111926748821e-02 3.316567332941487700e-02
3.049197883586524105e-02 4.069125752004154606e-02 5.985734846436586293e-02 3.620085293273810761e-02 3.389701264898650063e-02 4.326085826229780079e-02 4.509098912861688596e-02 3.636514250053750341e-02 4.381304691858096262e-02 4.908631294838457920e-02 3.955071223363351013e-02 3.836229715536215723e-02
4.514322797892104944e-02 3.182262163640520169e-02 4.927698473562960868e-02 5.873961903876337431e-02 3.876987106314570830e-02 2.008572770559406695e-02 5.549439453880600920e-02 3.202810302634748890e-02 3.315647443258472327e-02 6.786660115938070170e-02 3.255041559026518316e-02 4.112469352690745900e-02
3.681858371107091243e-02 5.454532016944028255e-02 3.435414779640526273e-02 4.446510550977213205e-02 3.592857399135695323e-02 2.526929312493653504e-02 4.274274258998173731e-02 4.198749615706109245e-02 2.574045185716362233e-02 7.033594946736856923e-02 3.511256147354704232e-02 5.980775209891756039e-02
2.056926991629225154e-02 5.221254373385744718e-02 6.537855246026044731e-02 2.816161979133780316e-02 5.074381440915120417e-02 3.744672004190647413e-02 4.057531566898547187e-02 5.161392173284635315e-02 3.587772292963660459e-02 3.510998329569091359e-02 5.727985626401484176e-02 3.058560643537567431e-02
4.184093867849499049e-02 4.155126446495852749e-02 4.964723206021887103e-02 3.549693865201519749e-02 3.682315078736690672e-02 3.581839027042699880e-02 3.499994862133266882e-02 3.879103627747489819e-02 5.155917113853204087e-02 2.687021308061853658e-02 4.463192716702930884e-02 5.982235342976493370e-02
6.521778508839001787e-02 4.564618136511532781e-02 3.165051253065945258e-02 3.898238824571492733e-02 6.137318968732403957e-02 4.646789897195024999e-02 3.016139883406380312e-02 3.109912451575166242e-02 4.786365060508070146e-02 4.700451576892929889e-02 2.635623961308757729e-02 3.132585921494006331e-02
4.246610860993413339e-02 8.487770114198789351e-02 4.364233527136967411e-02 2.861717181537815763e-02 4.438238827480463222e-02 3.224133893613390783e-02 3.578823659379436195e-02 3.877844847652745647e-02 4.066129284358974832e-02 3.539743243671400474e-02 3.586077485064696063e-02 4.109524300217646392e-02
4.950430769447755619e-02 5.476070924938736262e-02 2.513727177388215550e-02 5.092358323010000992e-02 5.142412967398930085e-02 2.153221339094003525e-02 2.852272137628813695e-02 6.563887536345179574e-02 4.911445536162399594e-02 5.169991183678995794e-02 3.970734494358491018e-02 2.080174831212015796e-02
3.831012753644350705e-02 4.000959096773155921e-02 4.164813560691473654e-02 4.242285888019118462e-02 3.369680035660482104e-02 5.649822369020365831e-02 3.427638181632233078e-02 3.326720692668913570e-02 4.432404472044393362e-02 7.130822077776874379e-02 3.598925073035702527e-02 2.948496401021220847e-02
4.112168366378112644e-02 3.154075268362651480e-02 1.668462536478112351e-02 3.556142534039190284e-02 5.442862065082458567e-02 3.236702008390337365e-02 5.795488870419970850e-02 4.787583132429513999e-02 5.560792418727842495e-02 4.832702176132022687e-02 4.781803315176146735e-02 3.533594991617197700e-02
