3.454063628966536070e-01 4.010122183281158992e-01 3.257449366852246952e-01 3.126936390150823475e-01 3.228849272413694127e-01 2.816703264203190837e-01 3.561199111292864816e-01 3.602840152396055706e-01 3.400657360097434356e-01 3.646780765449633144e-01 2.792126306916561385e-01 3.102272197979657475e-01
3.841280561599931254e-01 3.227151019372367369e-01 3.063372266540986821e-01 3.827522107847138866e-01 2.697209911783605696e-01 3.436783531991105534e-01 3.629783664915731123e-01 3.262052182726101757e-01 3.575228503842771688e-01 2.955031680077296885e-01 3.048860236769944110e-01 3.435724332533208747e-01
3.609570528180237048e-01 3.314833204318684556e-01 3.704266318625162313e-01 3.285033948557735117e-01 3.599742344238160419e-01 3.268880601762244043e-01 3.019545358160881654e-01 3.429768664338254669e-01 3.341377595701424674e-01 3.277639024443967930e-01 3.059928766666458744e-01 3.089413645006832132e-01
3.234379192227382904e-01 3.176805428863842540e-01 3.682742128583516017e-01 4.069131346843440356e-01 3.855816988422686720e-01 2.084362494167876223e-01 3.496444870285952966e-01 3.636737324186885001e-01 3.080428375277950437e-01 3.385086823938054934e-01 3.185727284909158907e-01 3.112337742293666554e-01
3.587584989719853068e-01 3.545263667769195104e-01 2.885555885442200319e-01 3.609477802018865589e-01 3.209563901355378945e-01 3.490169787779076049e-01 3.163806618285808225e-01 3.037120994669838536e-01 3.531772236662641951e-01 2.860470874982449230e-01 3.526565160517868280e-01 3.552648080796778629e-01
3.398798647069152246e-01 3.223564262761303700e-01 3.517262551136932647e-01 4.149327160052586061e-01 3.608444797424353312e-01 3.133181884657422200e-01 3.190485595959230980e-01 3.397729095903288532e-01 2.333354051545111496e-01 3.211719466188823757e-01 3.585498792137976620e-01 3.250633695163887005e-01
3.284093468488335499e-01 3.235359897497926962e-01 3.202669049760749065e-01 3.248253929494423486e-01 3.643116398358289265e-01 2.960480628961765781e-01 3.030873549578184667e-01 3.480856657530374543e-01 3.595127783084416939e-01 3.109872997696314645e-01 3.440172964994222538e-01 3.769122674554774011e-01
3.300687870835746773e-01 3.529814120584611192e-01 2.582882744983960865e-01 4.287994576898030985e-01 3.021925618834103711e-01 3.523413961750061496e-01 3.846925193143398980e-01 3.410675888211655016e-01 2.360605714053798376e-01 3.906628315966569343e-01 3.219156705080434833e-01 3.009289289657538502e-01
3.161935569355134312e-01 3.701271369425629398e-01 3.624339136469292288e-01 2.614352481172165787e-01 3.599260577563643815e-01 3.453516349207619296e-01 3.237627118729673459e-01 3.253862994536775299e-01 3.016919706185071659e-01 2.864999713607661036e-01 3.636574756498499594e-01 3.835340227248840161e-01
3.132583330091229246e-01 3.749851288764646795e-01 3.633505994438240294e-01 3.400429415172601111e-01 3.664610061391752605e-01 3.525245747027716536e-01 3.109003895052545596e-01 3.124644151931241232e-01 3.173158814812976902e-01 3.550021005990338652e-01 2.890579588952386092e-01 3.046366706374312172e-01
3.955790995096333251e-01 3.422860560076605996e-01 2.967505926595157550e-01 3.463039087686913264e-01 2.971829559896966844e-01 3.399565307813738335e-01 2.436931875366396272e-01 3.470005721186553704e-01 3.648922754527769152e-01 3.278652953668446113e-01 3.525892874910752095e-01 3.459002383174459849e-01
3.512986217291624857e-01 3.691713303026407655e-01 2.873435464661779903e-01 3.276748119703905560e-01 3.293891332788032589e-01 3.768545455408256473e-01 2.714362175146390888e-01 3.883249190907631099e-01 3.317035586752886123e-01 3.215840402909040385e-01 3.835626812599387536e-01 2.616565938804611968e-01
3.568889454524247773e-01 3.582940795396113987e-01 3.337590920861750465e-01 3.107207550641678528e-01 3.233143149676976358e-01 3.640311555586994707e-01 3.316067564583143334e-01 3.431970853965480295e-01 3.100753527776264340e-01 3.002046090121249788e-01 3.409784106644692114e-01 3.269294430221571512e-01
2.960313578661675216e-01 3.430573599176287569e-01 3.342961051064519684e-01 2.906967067718679854e-01 3.369283868059010922e-01 3.262353482504470881e-01 3.517775232377238215e-01 3.542333976498981962e-01 3.358810475271318263e-01 2.976153713298553827e-01 3.820438598951688691e-01 3.512035356417679832e-01
3.204352040683673408e-01 3.065441983504820778e-01 3.310965958886235572e-01 3.532157139078947461e-01 3.088720873448023707e-01 3.282308513947523321e-01 3.173802776681680093e-01 3.552780431271264083e-01 3.257580603510365491e-01 3.370844648354128781e-01 3.455155709780711737e-01 3.705889320852545077e-01
3.751148066416785110e-01 3.753987975920810571e-01 2.747592624206701695e-01 3.542441174106362167e-01 2.429610698651002154e-01 3.888637237337557173e-01 3.483573519337804791e-01 2.677969844398296329e-01 3.744524077379607907e-01 3.768925258478397211e-01 3.109039549164032135e-01 3.102549974602648586e-01
3.254297033840077291e-01 3.654014923041311591e-01 3.478830256655371933e-01 2.650180633523598894e-01 3.071860966383690439e-01 3.342280213420557589e-01 3.623530251308456629e-01 3.556521903172401022e-01 2.838228637379066055e-01 3.011220574679956408e-01 3.893415680241328336e-01 3.625618926354113314e-01
3.281947824334059960e-01 2.679089003561220816e-01 3.874291565760667466e-01 3.460492811341578379e-01 2.895481349885037914e-01 3.052048811301296682e-01 3.857439072938935731e-01 3.564386459826256459e-01 3.196299818784160141e-01 3.583467053662684476e-01 3.128755616819768326e-01 3.426300611784445227e-01
2.835978640572854315e-01 3.893518003356353785e-01 3.532988408366631861e-01 2.793798424351501275e-01 3.750539725475256492e-01 3.149497302351694783e-01 3.557299778481727293e-01 3.580849850578211591e-01 2.963382761518642550e-01 3.057921791172765191e-01 3.115703080414543025e-01 3.768522233360078189e-01
3.231945233706368104e-01 3.315941354792010798e-01 3.040046221840259077e-01 2.893200431741699274e-01 3.993162761662957805e-01 3.481578994381475112e-01 3.261222803551775407e-01 3.188774915262184706e-01 3.516654370349240333e-01 3.519265650958361968e-01 3.343550572277296240e-01 3.214656689476407259e-01
2.750273229726627466e-01 3.521458540772053336e-01 3.350465694186030574e-01 3.639987904412593789e-01 2.606015084397794168e-01 3.703460357113115275e-01 3.391261052327071424e-01 2.784183807000888411e-01 3.780802913997848291e-01 3.775128676617764967e-01 3.077823637788061895e-01 3.619139101659951674e-01
2.689262503038646890e-01 3.506407809481504323e-01 3.604824700911848367e-01 3.495776972430371110e-01 3.167973581183072262e-01 3.886117804125061026e-01 3.151031672789811333e-01 3.065573096524462082e-01 3.797703707256401273e-01 3.384972054427952126e-01 3.400599825203889925e-01 2.849756272627185227e-01
3.323236549504526849e-01 3.364074713809946937e-01 3.630647187902449335e-01 3.003000321927887795e-01 3.112707131371429403e-01 3.883017903961185069e-01 3.139743216570557438e-01 3.044439509983328240e-01 3.421112650614256401e-01 3.047757547555035029e-01 3.147369388598263429e-01 3.882893878200896487e-01
3.384667837200409091e-01 3.003803970506409016e-01 3.211551994598030313e-01 3.423649357424991546e-01 3.453232858901578162e-01 3.541436015506736479e-01 3.769187300160015131e-01 3.070298742384185986e-01 3.230237746851822855e-01 3.608948014994740050e-01 2.833004499404899734e-01 3.469981662066128347e-01
3.646565394330613663e-01 3.607555189476698843e-01 3.472787874845071898e-01 3.040285799452298043e-01 3.458631303882162555e-01 3.045420165667994672e-01 3.248274874511432042e-01 2.739280600169915481e-01 3.194870297801942760e-01 3.454982208703580859e-01 3.962435787245719987e-01 3.128910503912896712e-01
3.187076128000352337e-01 3.484331925712484401e-01 3.435714917970074112e-01 3.342568164420871568e-01 3.473973856471014865e-01 3.238045714739069547e-01 3.670567799760731109e-01 3.503779624152071337e-01 3.601441380223453503e-01 3.163162657698960212e-01 2.963677925356147380e-01 2.935659905494733546e-01
3.373994436505559635e-01 3.283883873084745275e-01 2.991362813847263658e-01 3.338251254981545735e-01 3.628262691972973242e-01 3.108249732178310354e-01 3.326234782182219685e-01 3.615595962267937891e-01 3.064970071565692455e-01 3.327463938245626140e-01 3.683352838256728212e-01 3.258377604911176229e-01
3.082114477648038031e-01 3.024680606341278444e-01 3.237458276763978682e-01 3.412301348377037580e-01 3.281823002799890698e-01 3.448652506103339066e-01 3.386066786143241969e-01 3.627676429301516237e-01 3.041776284326229152e-01 3.613527343456311991e-01 2.855816456649921120e-01 3.988106482089006088e-01
3.561624057784112951e-01 3.446737332224465988e-01 3.084718861454038841e-01 3.140816036397531263e-01 3.561725636683842899e-01 3.085970283833298633e-01 3.155646062339979019e-01 3.471099044176890747e-01 3.037660783158804279e-01 3.835167589727579429e-01 3.587038767124895999e-01 3.031795545094709277e-01
3.226515721792049263e-01 3.080984772708974528e-01 3.511818371119346249e-01 3.163549161673929189e-01 3.516716423611877529e-01 3.701675495918996806e-01 3.568060274980659474e-01 2.769847997709475873e-01 3.427935699783953849e-01 2.965916229900386059e-01 3.647785958886661239e-01 3.419193891913598904e-01
3.086028108110499546e-01 3.241110535085582334e-01 3.294067389936208290e-01 4.028944041311034452e-01 2.274712968856205941e-01 3.318448230160557233e-01 3.817448549444228956e-01 3.335996118128453092e-01 3.580911971643158109e-01 3.194575652275790101e-01 3.606257226923251791e-01 3.221499208124913860e-01
3.263258162244399019e-01 3.540930467084295596e-01 3.124280529150512686e-01 3.353508746886699754e-01 3.560978912144716069e-01 3.356022300853988005e-01 3.349536528824331172e-01 3.391913585891352945e-01 3.336292782440580806e-01 3.463600263795934553e-01 2.965074208705545944e-01 3.294603511977562960e-01
3.150276129860892782e-01 3.054108490515974328e-01 3.494019743197053218e-01 3.141355924938431521e-01 3.494029134763893540e-01 3.629368766662453005e-01 3.025835729137134611e-01 3.251582391741217881e-01 3.478576506808886970e-01 3.657032434721311231e-01 3.309559865158123726e-01 3.314254882494380716e-01
3.449231095862690388e-01 3.248886457378798998e-01 3.225064403185181616e-01 3.869411249149068421e-01 2.692011520371376809e-01 3.130975349515430772e-01 3.956225661058034859e-01 2.838517962438808495e-01 3.070790963399315787e-01 3.622102795014509047e-01 3.621367311474842920e-01 3.275415231152047912e-01
3.634520547182163996e-01 3.302703001803278804e-01 2.819731250538655143e-01 3.844337789010321416e-01 3.454540079051992008e-01 2.842170495164760280e-01 2.756198356201102762e-01 3.322093287658165472e-01 3.577449291236221018e-01 3.142970810922338654e-01 3.645382053814903989e-01 3.657903037416079250e-01
2.925448810384746468e-01 3.264407204106795080e-01 3.159412513998214322e-01 3.659107859446065758e-01 3.401768938908272255e-01 3.466841929129876876e-01 3.642335467025791251e-01 3.125508702383760773e-01 3.287055956166153869e-01 3.633324954347642022e-01 2.946757318629881217e-01 3.488030345472888927e-01
3.704366552974294180e-01 3.506143986803434420e-01 3.276057268127469668e-01 3.306241368820020399e-01 3.499641973704892828e-01 3.085135168946553375e-01 3.128326663982736178e-01 3.885880310344058675e-01 3.793176558083668493e-01 2.183644688990272198e-01 2.817336873272188735e-01 3.814048585950242654e-01
2.607053899106890338e-01 3.736461616576716160e-01 3.690908041109006721e-01 3.561377093030152485e-01 3.422626933429065987e-01 2.985734132495351245e-01 3.008412752129263623e-01 3.054509659512852915e-01 3.317379297950433514e-01 3.282577992910575837e-01 3.578414709244673864e-01 3.754543872504992885e-01
2.466619821900056242e-01 3.645822172472711897e-01 3.868461062093012104e-01 2.742545926871194917e-01 3.634144655553515069e-01 3.217165234282183817e-01 3.110955355777432763e-01 3.856132280066443263e-01 3.377298456751242073e-01 3.041644857882793151e-01 3.783572403198228185e-01 3.255637773150944492e-01
3.331747310353364022e-01 3.362989229970496652e-01 2.975224279979077346e-01 3.182196052245781503e-01 3.647634952349102511e-01 3.645305731917499736e-01 2.992369041992470891e-01 3.434943265486963826e-01 3.386050841263815725e-01 3.493150496267914962e-01 3.135441127937560468e-01 3.412947670235894626e-01
3.681618913096759149e-01 3.412987730162053701e-01 3.349316938896544915e-01 2.572484924335343148e-01 3.819936333278746154e-01 3.068742131309757926e-01 3.649531751796461498e-01 3.488756716980740413e-01 3.179041426779026791e-01 3.421460976401425880e-01 3.021881783560534385e-01 3.334240373402676538e-01
3.266299194867473554e-01 3.356063298388322069e-01 4.209855155998730725e-01 3.607115992067225219e-01 3.088950109723938575e-01 3.069253546888290884e-01 3.082286488153859749e-01 3.141899623635353578e-01 3.499194300222608911e-01 2.378230604011490890e-01 4.011832466666461205e-01 3.289019219376181913e-01
3.749253975848877429e-01 3.161541706483469438e-01 2.931650004488263184e-01 3.522612927821170414e-01 3.668459785411161689e-01 3.558856344126152815e-01 3.420090914471106691e-01 3.810990748610414425e-01 2.599395907138016271e-01 3.424767260544285263e-01 2.701434803653898764e-01 3.450945621403370689e-01
3.090142087702749674e-01 3.293782704068027867e-01 3.322579354235689619e-01 3.543936933085871099e-01 2.708837976790557378e-01 3.451732691084119509e-01 3.254620853804120473e-01 3.153911519081231685e-01 3.384877136115233554e-01 3.583631676352075912e-01 3.889435860031715819e-01 3.322511207648538578e-01
3.771727899825377817e-01 3.497827659315351223e-01 3.142558300592044329e-01 3.081525991357034755e-01 3.383737139121614779e-01 3.424946894771547234e-01 3.195500708553302704e-01 3.244317716333975921e-01 2.927584920558080617e-01 3.695131865902355761e-01 3.098453478003918571e-01 3.536687425665373530e-01
3.025878863277398634e-01 3.679378525040499226e-01 3.827337857724978920e-01 3.196273006724340560e-01 3.105253199672344810e-01 3.168341902589072445e-01 3.655323919583174375e-01 3.288690148196635743e-01 2.953898892596829029e-01 3.303990497163983298e-01 3.446141225583413958e-01 3.349491961847433918e-01
3.029054259687837813e-01 2.920403855015170080e-01 2.879195098723762447e-01 3.509439214861844181e-01 3.882147144743821610e-01 2.896650192306101657e-01 3.698419752639685587e-01 3.487069561005285978e-01 3.723374255414007017e-01 2.764733867710043036e-01 3.680634735846838312e-01 3.528878062045371355e-01
3.168006077175991586e-01 3.199545007978846778e-01 3.891826706473341391e-01 3.891515639012038119e-01 3.139766476880503365e-01 2.991914442241067618e-01 3.194154872988658189e-01 3.262900383059292309e-01 3.718711206080659859e-01 2.679628436164107619e-01 3.787483676709382241e-01 3.074547075235909421e-01
3.569258143191496591e-01 3.502917919989423368e-01 3.355858008623818778e-01 3.597553220913303207e-01 3.356750307343107087e-01 2.992050767370338926e-01 3.155129336268648332e-01 3.207437102650361749e-01 3.439242173403818659e-01 3.286236560191589939e-01 2.637215080943384748e-01 3.900351379110771899e-01
3.100083799906496185e-01 3.296425758047811239e-01 2.857256139600728995e-01 4.032996420921586833e-01 3.207632647729784514e-01 3.218613296932374412e-01 3.774786352913894749e-01 3.199172383569246492e-01 3.371096445239903372e-01 3.255682035119642492e-01 3.087564917530484232e-01 3.598689802488153067e-01
3.577151469375607906e-01 3.368926417881891178e-01 2.517978224985525371e-01 3.160786643304580035e-01 3.725489018174235611e-01 2.804546670743065517e-01 3.450544778163954773e-01 3.561483491872428631e-01 3.418938756284163327e-01 3.287999819328686901e-01 3.228705027673904882e-01 3.897449682211855393e-01
3.314495181512495670e-01 3.065694041817155213e-01 3.574396470913653312e-01 2.982982237066487685e-01 3.425931825258317076e-01 3.753719133643648731e-01 2.844048675128936221e-01 3.635731363365665714e-01 3.578629322062886198e-01 3.189072226201897786e-01 3.298379914176299277e-01 3.336919608852724206e-01
2.798896699192954807e-01 3.314781579360375208e-01 3.654165377669693071e-01 3.358333620912737350e-01 3.396226409219607612e-01 3.521294085657934447e-01 3.509229766502011127e-01 3.379117964890743231e-01 2.655646329017562479e-01 3.819169227772215569e-01 3.677349814382084858e-01 2.915789125422211248e-01
2.723421972448027972e-01 3.043005995597480862e-01 3.072820325935086694e-01 3.024667207776338129e-01 3.120341692030916825e-01 3.500830317883880660e-01 3.419152673389581620e-01 3.787428561986157516e-01 3.695069602165459433e-01 3.394173242973301807e-01 3.583392969815080153e-01 3.635695437998912039e-01
3.756254881112727761e-01 2.818206968860034189e-01 3.589998278788919528e-01 2.724802060554898375e-01 3.579008305594790773e-01 2.785130814003208277e-01 3.128335245296876010e-01 4.141347291892398808e-01 3.602612045654110529e-01 3.649589546343890434e-01 2.892045851148248303e-01 3.332668710750014140e-01
3.149572261777805471e-01 3.199428152803789338e-01 3.505617608854329492e-01 3.015253980067737483e-01 3.654529919945864180e-01 3.577842234455672066e-01 2.654748961014925523e-01 3.489869105189464804e-01 3.875805655506689429e-01 2.902910616015391687e-01 3.189390626163314257e-01 3.785030878204911353e-01
3.393847990628358624e-01 3.358233480761748102e-01 3.925841618956793511e-01 3.169447130671327884e-01 3.916171650617847888e-01 3.333280375139321405e-01 3.247582934630467433e-01 3.048800032120745351e-01 3.245974345788816828e-01 2.900479087834734182e-01 3.253074167330072819e-01 3.207267185519752650e-01
3.325176362788360152e-01 3.249015834137913283e-01 2.986397554618838157e-01 3.278022746428594925e-01 3.344441546661993114e-01 3.372474399374553178e-01 3.876678088355516860e-01 3.289145080177261482e-01 2.864864096411970373e-01 3.991645960813052785e-01 3.010839173102383137e-01 3.411299157129723536e-01
3.672598569654501599e-01 3.420858210269807076e-01 2.131559964964017673e-01 3.040442016420116245e-01 3.437870995945670471e-01 3.406142551091561055e-01 4.287560738279466710e-01 3.496385729875684523e-01 2.759889102847670195e-01 4.018551019062105989e-01 3.279895321331958713e-01 3.048245780257487492e-01
2.823634578357816505e-01 3.895221259183448970e-01 2.632330899368294785e-01 3.275556044838868752e-01 3.225274578706178730e-01 3.433010691665706049e-01 3.386222930715045987e-01 2.798436518795172079e-01 3.396036245521163455e-01 3.844178327730294331e-01 3.460095781944558246e-01 3.830002143173366624e-01
3.119368550185014355e-01 2.930968396525076569e-01 3.749053478412982532e-01 3.491134487103229045e-01 3.120400536124172675e-01 3.099377628876407442e-01 2.990022747524185842e-01 3.721437770243936072e-01 3.822175573380744984e-01 3.196283615761790209e-01 2.981356239142135545e-01 3.778420976720210933e-01
3.601494183020308437e-01 3.690093998652906326e-01 3.346041578287072271e-01 3.474722782562500445e-01 3.229145692671855916e-01 3.201620436017681426e-01 2.937979789470230307e-01 3.288317264262831108e-01 3.368928385298417538e-01 3.091774924230988875e-01 3.450161934357896532e-01 3.319719031167471801e-01
3.186404916673887255e-01 3.798708959308624289e-01 2.834721608989615449e-01 2.956467875857315963e-01 3.809902958186577315e-01 3.094418635556306363e-01 3.468884639611191645e-01 3.531740268495836554e-01 3.433395238380918535e-01 3.866775040056270041e-01 3.137667410985564009e-01 2.880912447898073547e-01
3.059913548197522593e-01 3.407102668799704137e-01 3.480250002182678215e-01 3.080282573843018401e-01 3.005116071948042422e-01 3.509558343858249496e-01 2.984178844967954602e-01 3.561746492541617570e-01 3.180664648378533910e-01 3.465590541984111539e-01 3.856596928702373805e-01 3.408999334596422015e-01
3.002082192188381127e-01 3.403854339030247811e-01 3.139233205390923875e-01 3.300049386696123355e-01 3.369124257656788690e-01 3.805559125205009163e-01 2.993214496939106128e-01 3.818698356031273722e-01 3.213039814490694090e-01 2.805783937636660008e-01 3.322998949023131532e-01 3.826361939711609428e-01
3.063637297101643453e-01 3.617069700925228393e-01 2.736119229868249625e-01 3.163519385267811179e-01 3.370174465759745441e-01 3.311120703125314813e-01 3.458584909384637696e-01 3.313027894236560966e-01 3.314671497086471574e-01 3.825905024694200018e-01 4.089959679013570604e-01 2.736210213536677260e-01
3.018191049057226127e-01 3.228705635411047714e-01 3.107131759341376642e-01 4.154983344546336888e-01 3.717267755670370377e-01 2.994109017412029949e-01 3.637155692140664476e-01 3.530846731940635030e-01 2.708814058260051727e-01 3.247538600750536908e-01 3.442368240686466407e-01 3.212888114783275517e-01
3.432144395838551687e-01 3.449972985980376272e-01 3.424691865930604706e-01 3.616490909423715761e-01 3.473141141709218394e-01 2.910037525608438758e-01 3.404949642178954350e-01 3.085087517438441784e-01 2.661488741051882823e-01 3.064680435631051969e-01 4.014754736241061273e-01 3.462560102967843223e-01
3.204721294869324888e-01 3.033588675069598395e-01 3.796744936942769710e-01 2.396147292328651424e-01 3.716628415213869552e-01 3.056737143825876135e-01 3.381108102663767934e-01 3.370229368113968893e-01 3.522085025854830298e-01 3.639103058082459041e-01 3.637466462977970161e-01 3.245440224057007939e-01
3.573579127160052549e-01 3.315013000471835891e-01 3.567718805446475350e-01 2.902206575838798819e-01 3.559597297772303937e-01 2.575577502812392838e-01 3.264832924008381765e-01 3.996032176739083841e-01 3.358639416483103490e-01 3.286398242966978578e-01 3.223452954754547073e-01 3.376951975545875451e-01
3.024987772816816189e-01 3.376043541536487003e-01 3.096445764261758216e-01 3.489459603693106926e-01 3.534944911514507626e-01 3.458462333124107113e-01 3.552837256231857754e-01 3.481843037789195128e-01 3.293692765827508362e-01 3.664832926427994408e-01 3.161278690257753321e-01 2.865171396519062275e-01
2.729693449528285409e-01 3.395178013571036879e-01 3.860790213839485618e-01 3.047997381055644328e-01 3.134674896293696555e-01 3.012005235093936362e-01 3.489388465510715465e-01 3.386513590471376678e-01 3.040812738306298280e-01 3.687154450396469274e-01 3.681004291375306048e-01 3.534787274557721903e-01
3.475231432085666983e-01 3.347805735818443207e-01 3.014240118636428711e-01 3.507667128010075741e-01 3.549092708402285523e-01 3.250422822650878008e-01 3.378355516140842951e-01 3.472182421625147342e-01 3.075022542565588601e-01 3.681387615617697784e-01 3.224665978584544401e-01 3.023925979862407964e-01
3.315125488064479820e-01 3.179117083802011634e-01 3.246339030892844146e-01 2.609797968880065988e-01 3.186263980278783992e-01 3.827400307344198671e-01 3.478703888063692795e-01 3.582571231062177675e-01 3.025366587574897514e-01 3.545119005975824744e-01 3.843325862456644093e-01 3.160869565604136899e-01
3.607469809056352283e-01 3.473882233924340812e-01 3.293097803576816585e-01 2.964255686799457945e-01 3.295988465792235589e-01 3.431087378796579546e-01 2.882782505278688734e-01 3.304604791887583159e-01 3.179938676161182531e-01 3.578410363631157054e-01 3.723780771745808238e-01 3.264701513350060091e-01
2.946416441336672798e-01 2.874079846768733404e-01 3.624433381467163651e-01 3.898594805084371062e-01 3.196579099939025337e-01 3.415277510624864510e-01 3.796420280016037374e-01 3.438142747194275484e-01 3.397926928318080186e-01 3.111338917012018146e-01 3.290707610752986456e-01 3.010082431485651133e-01
3.470528605524189070e-01 2.986223266760548167e-01 3.682097066520257922e-01 3.613433574501674905e-01 3.069280560465437180e-01 2.850250870288980609e-01 3.539535434053900920e-01 3.743479125822866127e-01 2.800201611564139270e-01 3.539035407912546338e-01 3.443403591853000378e-01 3.262530884732312009e-01
2.820733244621928537e-01 3.564627905383536133e-01 3.190351479203510365e-01 3.402272708528434331e-01 3.804030294888596231e-01 3.242908781508878624e-01 3.311105519569850220e-01 3.512450730328107729e-01 3.615191347306692671e-01 2.731201741054601895e-01 3.466585852451239957e-01 3.338540395154414586e-01
3.212706551710156067e-01 3.309509565423631727e-01 3.623307339497086610e-01 3.055894037900006577e-01 3.051571620890513592e-01 3.381364242074313964e-01 2.982532230163562614e-01 3.994980930033655842e-01 2.901085237112854820e-01 3.369704079074761216e-01 3.575859605374336891e-01 3.541484560745001287e-01
3.625960443108899312e-01 3.390720915420198933e-01 3.072838686200909386e-01 3.538957757691924555e-01 3.212394298701974904e-01 3.203024124881376222e-01 3.667708454698727083e-01 3.359853018831674420e-01 3.028270382471671684e-01 3.115729353973596405e-01 3.773995001294405682e-01 3.010547562724944504e-01
3.444196452301510059e-01 3.577235871220686425e-01 3.581018928449839489e-01 2.877814284249775034e-01 3.723210129489672449e-01 3.708605563524705051e-01 2.588928633021944647e-01 3.647958318336407824e-01 3.354996749198279060e-01 3.028840684915861114e-01 3.443893684875499739e-01 3.023300700415664233e-01
3.393890997345209160e-01 3.096865861169977308e-01 3.303933780723262714e-01 3.203825172613955496e-01 3.430334193316555980e-01 3.515884431107427210e-01 3.265770299349255446e-01 3.364533969334158048e-01 3.242943974222654013e-01 3.119562068157918366e-01 3.499855878179631841e-01 3.562599374480094339e-01
3.465521138680628943e-01 3.268532865027434786e-01 3.463132695298599129e-01 3.358083761650442201e-01 3.161077689822107684e-01 3.050065963456671803e-01 3.295139894752402432e-01 2.954576102985507768e-01 3.093813705964151284e-01 3.967986455316110384e-01 3.602493766471495662e-01 3.319575960574547846e-01
2.808244051466310953e-01 3.491864656144072487e-01 3.784584695141132160e-01 3.356162782364917607e-01 3.256145475763746466e-01 3.467535431127624079e-01 3.091747963461353166e-01 3.435468358580115456e-01 3.267271694429652595e-01 3.623625255908315967e-01 3.499786334630051732e-01 2.917563300982894403e-01
3.052055056989620985e-01 3.619166226146224297e-01 3.837786325936791143e-01 2.862282279599345780e-01 3.481496026378839703e-01 3.186520893321987957e-01 3.507176265889262456e-01 2.959304232806307944e-01 3.140908002449306347e-01 3.534429082334877847e-01 3.322123987751153251e-01 3.496751620396182370e-01
3.407304906417411017e-01 3.362539768289298792e-01 3.279244362927172807e-01 3.392549232765718625e-01 2.540777682511948798e-01 3.557589186316578722e-01 3.533900050603074883e-01 3.886762015287131833e-01 3.414043362115055658e-01 3.061763112699718015e-01 3.513018329056699640e-01 3.050507991010152908e-01
2.993148629084146917e-01 3.232836795274257602e-01 3.295431748469744848e-01 3.250914809189250354e-01 2.921446121042382549e-01 3.321592676808783895e-01 3.094712469694423373e-01 3.272349319302455539e-01 3.347309903206828752e-01 3.742788738086794686e-01 3.825267822283802688e-01 3.702200967557138234e-01
2.588718914222335465e-01 3.486331445429853293e-01 3.447203257817383348e-01 3.050725460236470843e-01 3.538248765217696934e-01 3.879866562721516754e-01 3.184917803471205566e-01 2.731542211317814495e-01 3.451799132935731707e-01 3.617293099486447727e-01 3.126273678648038290e-01 3.897079668495614380e-01
3.167110106758135868e-01 3.664693180596996780e-01 3.472270525666109053e-01 2.788734772683629237e-01 3.421392417150064258e-01 3.441792415633890823e-01 3.192636832532490532e-01 2.864642495294003610e-01 3.653305354439411179e-01 3.126715981397355515e-01 3.432657485325124602e-01 3.774048432522759677e-01
3.459215903537544712e-01 3.708374018888794255e-01 3.650706478900069829e-01 3.478158299070466808e-01 2.842005346309864899e-01 3.551761304399885244e-01 3.107017039696435834e-01 3.010366269858082422e-01 3.240239319186309919e-01 3.383609219238522536e-01 3.513371111815549730e-01 3.055175689098451608e-01
2.976095630187349794e-01 3.356677989167620169e-01 3.791373895954989748e-01 3.199478920697997886e-01 3.118865169173062890e-01 3.408738190297166959e-01 3.453829096538081900e-01 3.173273763705073414e-01 3.418347098075600332e-01 3.550480848769503872e-01 3.268178948360662139e-01 3.284660449072942523e-01
3.474214517037497174e-01 2.998538702472620110e-01 3.607313623309502670e-01 3.816747328486213009e-01 3.450771696692898072e-01 2.422548543142624689e-01 3.777679655233452394e-01 3.009283906252895879e-01 3.120223588752549793e-01 3.933908712756091219e-01 3.029859100267665029e-01 3.358910625595922239e-01
3.184028717526828367e-01 3.727255011407815122e-01 3.089060509070475358e-01 3.438060416809446407e-01 3.276211692703609457e-01 2.766162485024440398e-01 3.440011334367600870e-01 3.429067008483037693e-01 2.726150090768535983e-01 3.987941986540547989e-01 3.151252143250822257e-01 3.784798604047108217e-01
2.593811009137613754e-01 3.741485209349869612e-01 3.928497425911743890e-01 2.814434896800775410e-01 3.597825795700013707e-01 3.207827622483280794e-01 3.320175499039875744e-01 3.600126276753831123e-01 3.201088949425963115e-01 3.150676265196639125e-01 3.728343241953285814e-01 3.115707808247131783e-01
3.363600463774890637e-01 3.321073885330656505e-01 3.578582761484167540e-01 3.165258125321401828e-01 3.213823757727499730e-01 3.190392024371897506e-01 3.163241875462988739e-01 3.267343897526336916e-01 3.647132666238331877e-01 2.776240628180581815e-01 3.510696376105225669e-01 3.802613538476131705e-01
3.894341724349981160e-01 3.519796331431740422e-01 3.004482657269099688e-01 3.294862403819193153e-01 3.830942729165245364e-01 3.502435329129195418e-01 2.972979311150831805e-01 3.042177026182863453e-01 3.510874769520746508e-01 3.519063796027537272e-01 2.850919166158057405e-01 3.057124755795554982e-01
3.453480550144935046e-01 4.199516277173414025e-01 3.523083185961950470e-01 2.847364972006931616e-01 3.483550666020083786e-01 3.021395700734232914e-01 3.217363837802268423e-01 3.273715931755736830e-01 3.313138108839485119e-01 3.188537596125703422e-01 3.182317543757429701e-01 3.296535629677749268e-01
3.653855940986961981e-01 3.724820370081246557e-01 2.714480986772492832e-01 3.651379334801674315e-01 3.672308553281312671e-01 2.663507944943536154e-01 3.015686011391167654e-01 3.869510789486701463e-01 3.559183048201432498e-01 3.569175858189550521e-01 3.374124063426039433e-01 2.531967098437844510e-01
3.287411667251162184e-01 3.285415711824142271e-01 3.347595135841178737e-01 3.393496689206674244e-01 3.055732972848652640e-01 3.733834273773490309e-01 3.125411421202106133e-01 3.104182992580007960e-01 3.492914328525129619e-01 4.002745230614082050e-01 3.222368791144150091e-01 2.948890785189343666e-01
3.288208844663649266e-01 3.191871212935180613e-01 2.369794714703706284e-01 3.293043526282548594e-01 3.653162581620009730e-01 3.000130376906165464e-01 3.759972641541072802e-01 3.540081466683948630e-01 3.698265862781779378e-01 3.498951567701653054e-01 3.554595969277881129e-01 3.151921234902316793e-01
