9.761294505366504073e-03 1.992637998346232647e-02 7.419705188495894638e-03 4.271436928848811217e-03 4.278985337116344295e-03 3.868926995049971635e-03 9.579920995575225140e-03 1.199886518211804032e-02 1.075249140837739384e-02 9.623614257457765997e-03 3.029969041313624375e-03 3.430376845047887740e-03
1.587661699824778616e-02 6.578297169823464630e-03 5.387832086093155559e-03 1.081615337733408955e-02 4.115241690578750819e-03 6.838549339021723211e-03 1.116219750626575892e-02 9.132137807675883012e-03 8.767907685975646209e-03 3.380073364804923614e-03 3.670195241771211352e-03 9.292708383518075155e-03
1.015430896225735270e-02 8.911682545482146195e-03 1.155691672863855268e-02 8.538536665815667573e-03 1.085490579366292160e-02 6.699487590845364451e-03 4.526957495191863065e-03 7.918969865053294283e-03 8.485657382886426306e-03 6.422712047437371431e-03 3.864379611864741850e-03 5.084267453296730833e-03
5.629232153358606702e-03 5.861673712446476350e-03 1.292435631628297346e-02 2.272121519361540096e-02 1.102928500904664690e-02 1.294985938486343776e-03 5.157755212008127178e-03 1.178066957978821626e-02 6.857011810331242740e-03 6.118127821077212411e-03 5.392211144961348533e-03 5.513310175113021738e-03
1.257675344972667732e-02 9.114467315829747132e-03 4.450797498025640953e-03 8.426687864801956154e-03 7.664045753376941966e-03 7.839096524570304120e-03 4.967800500147219293e-03 4.618050209898968278e-03 7.040695532683815053e-03 4.525452996484398589e-03 8.508605041610701678e-03 1.151289609178683671e-02
7.029214322399192187e-03 6.301071619709554608e-03 1.176153584242308446e-02 2.456333961856138615e-02 1.098861396505873209e-02 5.856622198036184369e-03 6.172126753236163547e-03 4.086711848321693090e-03 1.317891255536843926e-03 3.413460600914992350e-03 1.046236788969996147e-02 8.793567919680037384e-03
8.165013871068983048e-03 5.247585478138092410e-03 5.218794506010406876e-03 8.258695971194850161e-03 1.026614148636272907e-02 3.761852340843106334e-03 3.751741596197687417e-03 9.820962722361223710e-03 1.146803553549052487e-02 5.920539867349697109e-03 8.664865114907797580e-03 1.530996256483605454e-02
5.814213026187040750e-03 5.162481045385507866e-03 3.767100120941933774e-03 1.480648474476097681e-02 4.447582991098463986e-03 1.092269694193220494e-02 1.708312666365179033e-02 4.355340142490339919e-03 1.731161213767948813e-03 9.548215397030778567e-03 7.575875995211558273e-03 3.701230131687200872e-03
7.714772692062886982e-03 1.356490990096157444e-02 1.028937878120031978e-02 3.262393264042397906e-03 7.654952095309979984e-03 9.538098875822006995e-03 7.358164049466431322e-03 4.787423269536201370e-03 2.623137723272700624e-03 3.380558205241520047e-03 1.183680885073785070e-02 1.595907905913764718e-02
5.713843910257848831e-03 1.490057046024657883e-02 1.293129714129051186e-02 9.193984075369802944e-03 1.355629077832540968e-02 1.067324188334392923e-02 4.893184590608097226e-03 4.037465872628541105e-03 6.561023300207123946e-03 8.989575520076599491e-03 3.693856606336155465e-03 2.789786773479889341e-03
1.952634656875628510e-02 8.445652888798015762e-03 4.290057598126005220e-03 6.889081472189822856e-03 5.918506751964531035e-03 4.176046008842443369e-03 1.863690091195009104e-03 6.416911830423177240e-03 1.237408659537956972e-02 8.102914788628104784e-03 8.514868575532141132e-03 9.895292636515323065e-03
7.804933319700438007e-03 1.002818368782603525e-02 3.939688854780826199e-03 4.223429284554086789e-03 7.410118637431755209e-03 9.963632863297228887e-03 4.071366175038684809e-03 1.200850283132373110e-02 8.753161630240757773e-03 7.610772765890116975e-03 1.078191149614589339e-02 3.206886834321413977e-03
1.142372972466935629e-02 1.183067338130651056e-02 7.557994854882885138e-03 4.835565455438604367e-03 6.486619845398963399e-03 1.159310646114046321e-02 8.925604136862878846e-03 7.522573521307122750e-03 4.536089219645195354e-03 4.245011624752265469e-03 7.091361226637490911e-03 7.750772070900104754e-03
4.724411427558061413e-03 7.113846262097264957e-03 6.604085185282491596e-03 4.364741078437370421e-03 5.592239521031056558e-03 7.228626383517643139e-03 1.085966034416678550e-02 1.085916912878331919e-02 6.338182237458868905e-03 5.301721755913230139e-03 1.449714724165380997e-02 1.031742495948954723e-02
6.174573608363972087e-03 4.164579512341786902e-03 7.482044654612879722e-03 9.634278799745687669e-03 5.694384615755986381e-03 5.181904388368947442e-03 6.707734132539335328e-03 9.809919864427248809e-03 7.254111618647614626e-03 7.284018888394899055e-03 1.046969519292593673e-02 1.288812215680150419e-02
1.427418992916847269e-02 1.403520098215181935e-02 3.762170147511306566e-03 3.719772476655777444e-03 3.402988274188027771e-03 1.171880713191081162e-02 6.620579697431018019e-03 2.879718612057326557e-03 1.235353633791613261e-02 1.379934100376531587e-02 4.661890135476851223e-03 4.121270538639718560e-03
7.883401807839295408e-03 1.309487317194044965e-02 9.105664771343462485e-03 2.227092511829098162e-03 2.668408666834909491e-03 7.549537494387997816e-03 1.456566899159651186e-02 9.092691281292593353e-03 2.437231380475680248e-03 4.095814088438562602e-03 1.750802912650244181e-02 1.322971909783269076e-02
3.947661776684990506e-03 3.141583578363326724e-03 1.514664186899325297e-02 9.971427264078274594e-03 2.755150163348324931e-03 3.948827448975063964e-03 1.613964237799297638e-02 1.322197954654197143e-02 6.419261262955172284e-03 8.406762618660372846e-03 7.384435988828165140e-03 7.440994512636908004e-03
5.103847096247562769e-03 1.502664668960498710e-02 1.014176406808918809e-02 4.398521495416194901e-03 9.154513902074916040e-03 6.649429469605866450e-03 1.077699176028104958e-02 9.705144364058110665e-03 3.636930455192341309e-03 2.994890126270328880e-03 5.369745191819826936e-03 9.862007583777868819e-03
7.043217126353035727e-03 6.688888213513490347e-03 3.180907988724797960e-03 3.921184719243533956e-03 1.757879449807923933e-02 1.115427562297964179e-02 5.808406469433728334e-03 5.658642304099315359e-03 1.054777365741490884e-02 1.149167164761286802e-02 7.309922237428187301e-03 5.895381359147026240e-03
3.561198143163487803e-03 6.817560370659152096e-03 8.740592436363546144e-03 7.038563284763528147e-03 3.308629998601958500e-03 7.585206442988159763e-03 6.364457782719892820e-03 3.610561467292679790e-03 1.336474882541936575e-02 1.430627871326882808e-02 6.896215156935579793e-03 6.220503890002947699e-03
1.843201881360825509e-03 8.335527848891289421e-03 1.331626406410841429e-02 9.195440188345390536e-03 7.045646368506450208e-03 1.605030333193733366e-02 6.862169202538256560e-03 5.096338983998283632e-03 1.305763467122357351e-02 1.085494432141227879e-02 6.341138606866052706e-03 1.787146164516162285e-03
9.036770445318673822e-03 9.146881055683517628e-03 1.034673732642810845e-02 4.393807330246194548e-03 5.607895895057368393e-03 1.434567727639423675e-02 6.515967790937678313e-03 4.404565218565676017e-03 6.177153338335734760e-03 4.530322781966741180e-03 6.326975578304116707e-03 1.492290657933027787e-02
7.513489627256064729e-03 4.509653567507051521e-03 5.422917188219540836e-03 8.315089582790409148e-03 1.019726611722669013e-02 1.150429886362943493e-02 1.325941635279008490e-02 5.757095936623686863e-03 6.248192756343156143e-03 8.497505598791277662e-03 4.603246583079062537e-03 7.557026931778841258e-03
1.089361994462012366e-02 1.312190768191963050e-02 8.094916698070204683e-03 4.889568116118986341e-03 7.145704966979728179e-03 6.409776118044031856e-03 3.846698347053301419e-03 2.205426153312538794e-03 3.834248456496321383e-03 1.072508763890635437e-02 1.735628377291603339e-02 6.296220852500108642e-03
5.429488220610878199e-03 1.000500862384958237e-02 9.515131698614703870e-03 8.240854166580761919e-03 8.721232743710607624e-03 7.862525884478844748e-03 1.190156684379814131e-02 1.119966898361457464e-02 1.137655037210323107e-02 5.750810864037898817e-03 2.778735218148809406e-03 2.901833083721960284e-03
7.457908966902978762e-03 5.640657623953372786e-03 4.365739707844706018e-03 7.677555753324903295e-03 1.072285519203012953e-02 6.125668057063772022e-03 7.474236001009229580e-03 1.040399341891154461e-02 5.836810931928363040e-03 7.287324643624006060e-03 1.187092588022928795e-02 8.375438350493766629e-03
5.422064002781767748e-03 3.179267636036106105e-03 6.028769734688764481e-03 7.831098293850792535e-03 7.780951757101507715e-03 7.863689790456474676e-03 9.236031505819903772e-03 9.813083842184256583e-03 5.692911507135558526e-03 6.266594432482607349e-03 4.988220605180361360e-03 1.323088761250307624e-02
9.737658509166895876e-03 8.924721569962823509e-03 4.837831876958982764e-03 5.242596793597668892e-03 8.721134295410441079e-03 5.715138230492294337e-03 5.093601108583293950e-03 6.615284155113619786e-03 6.385236768925485647e-03 1.564478845689046271e-02 1.106539042280425648e-02 5.806608098860251144e-03
5.302555697731479827e-03 5.444087170708974098e-03 7.493923081548893063e-03 6.548196051953817168e-03 9.495568638132504541e-03 1.406166337353189841e-02 9.095217708847871951e-03 3.619048057914469371e-03 4.630577922215142229e-03 5.591703034864242521e-03 1.070406280115887912e-02 8.953248212236555176e-03
3.889768297830432670e-03 4.932239055173670908e-03 9.114880558613768641e-03 1.343147950255259293e-02 1.609472730766521326e-03 4.192092957582064551e-03 1.481407447936412304e-02 9.986315791504758385e-03 8.837407867888552940e-03 6.816010683937587938e-03 1.187983069690885622e-02 6.599072362899544714e-03
7.883623870483464149e-03 9.228532719034879608e-03 5.806498962453022009e-03 7.369366882118491557e-03 1.121173240977951097e-02 8.509772492011780792e-03 7.535948729941645101e-03 7.962619909572981811e-03 8.804659742350881557e-03 7.690543759027138222e-03 4.277953542237049669e-03 5.435184310545780953e-03
4.966283892649389457e-03 5.096403622450165413e-03 7.641993843301716355e-03 6.479359601894097570e-03 1.038211814173480366e-02 1.131112647091810433e-02 5.007208611051738693e-03 5.582713038666811504e-03 9.900453574543518695e-03 1.296044055921613883e-02 8.046753821946795587e-03 6.173906571969294682e-03
7.445264673184205477e-03 6.684423330938427804e-03 8.321629456116873963e-03 1.212716294292367526e-02 2.812484374061442922e-03 4.937082501156454632e-03 1.438846747180444648e-02 4.184852846940432039e-03 3.738805761760386967e-03 1.090634990985577327e-02 1.349253789887495426e-02 8.103776941569544590e-03
1.267174542172492223e-02 5.277310802720729631e-03 3.849165378693922019e-03 1.563560163139295078e-02 1.014907426670785470e-02 2.225244101731393195e-03 1.811051627992811769e-03 6.437930102717323924e-03 1.143903847693621655e-02 6.795404576699872433e-03 1.097845467570204500e-02 1.418887513491232620e-02
4.130489406830916387e-03 4.674522407609633945e-03 6.620221686807328809e-03 1.117842433374985345e-02 9.474667021789206708e-03 9.845434472872702930e-03 1.151795939511253593e-02 5.796076548554371898e-03 6.782283059280400095e-03 9.252326976859997359e-03 5.577991762413266226e-03 6.076271626595112010e-03
1.692207652166141663e-02 8.367906058066452296e-03 6.089504196536347884e-03 9.381547076249441286e-03 8.873396338405321535e-03 3.693037381274658255e-03 5.023179714224705432e-03 2.032019127862984970e-02 1.220461432677574440e-02 6.788436242797593351e-04 1.250887938306981381e-03 1.397735125987319658e-02
3.510071145791592798e-03 1.062253492001921651e-02 1.416795041741745857e-02 1.183196984211642988e-02 7.817739961686571287e-03 3.669800788584353605e-03 3.293573875748745383e-03 3.836759759872824735e-03 6.143798340560364425e-03 7.632340260598906648e-03 1.213826726980393039e-02 1.098607394274981296e-02
1.849339837098885409e-03 1.010494645461775323e-02 1.584274953386561463e-02 4.800387582391412583e-03 7.207219254104875114e-03 5.862433849178532407e-03 6.791019706337290442e-03 1.452071217120988293e-02 7.653108701015208168e-03 6.594559517016940382e-03 1.168817562908295964e-02 4.338162720214441478e-03
9.149382721307525168e-03 6.478326451741314024e-03 3.500126009939116475e-03 5.213949560598014898e-03 1.362012433538191403e-02 1.181288579802462768e-02 4.842221136365277429e-03 6.984187180451261780e-03 9.846129323610461684e-03 8.860648162943190673e-03 5.617289125601419159e-03 7.455117808468317286e-03
1.257140062207572420e-02 9.494030413090036660e-03 4.412143004551435932e-03 2.687405622241789260e-03 8.910837164336219557e-03 6.817462145142455174e-03 1.064425876954714842e-02 9.797587765823574657e-03 6.740076350895645232e-03 7.064174936200154180e-03 4.181768208393797648e-03 7.075949782334233634e-03
4.807443475206710573e-03 6.869653506053202685e-03 2.499286844342639771e-02 1.249390706929401351e-02 4.129688633413865911e-03 3.111756299372320581e-03 4.365326504397980083e-03 6.688157879352719243e-03 4.727190766722366190e-03 2.398983208797073313e-03 1.178021307184221565e-02 7.977800810839931825e-03
1.425291312491827264e-02 5.184279020066996646e-03 3.325631214351685606e-03 8.286914511877508521e-03 1.405582822117388414e-02 1.103542139547365047e-02 9.020147129261890315e-03 1.126714745885589938e-02 3.813769807581201404e-03 3.399596934514347805e-03 2.893637108773114332e-03 8.255595188961057859e-03
4.463918315486988843e-03 6.268909162550949724e-03 8.824415979508224914e-03 7.677073931129448255e-03 3.305170865415139794e-03 6.271619697648391292e-03 7.084137552737676709e-03 5.627672949015308408e-03 7.430555977105916289e-03 1.192751898776369356e-02 1.840500939462118984e-02 7.499495054936902369e-03
1.571564524138135618e-02 1.001493091024404855e-02 4.884584119837316260e-03 4.331351706069854271e-03 8.073072586718230137e-03 8.950182735006459445e-03 6.030397852139036258e-03 4.467812052345169690e-03 4.884999181321470103e-03 9.852742592389088575e-03 6.443239278663632011e-03 1.013064635297338499e-02
4.837723007321576875e-03 1.304163309300873999e-02 1.723284384587064205e-02 6.114313116329326940e-03 3.725286929373337365e-03 6.412665533893974722e-03 1.259471224688143466e-02 6.629703051551936142e-03 3.502073844541710949e-03 6.546009923683858769e-03 1.004436716997505336e-02 6.941026616611843496e-03
3.660006900052826043e-03 1.754119987658161366e-03 2.520365050296599456e-03 1.185370768610272477e-02 1.586529575652264462e-02 4.341442085549957787e-03 8.978404428955172323e-03 1.119660721912208064e-02 8.896271967632519984e-03 3.490236990323723927e-03 1.088268774032149534e-02 1.262062054582251819e-02
3.874798921257030342e-03 5.832713607089156510e-03 1.709327142570418040e-02 1.866143649922274994e-02 4.625659499799610400e-03 2.727166389237057134e-03 4.322410299225754038e-03 8.371386428923710543e-03 8.774184686108703682e-03 3.571416309658654187e-03 9.291766712293826266e-03 6.344476323786662347e-03
1.263030574366496434e-02 9.344043651879116452e-03 8.314262346693116271e-03 1.211910009114886347e-02 8.101843851579228206e-03 3.621237363647031998e-03 4.074584399420642412e-03 6.957368566575770040e-03 9.354988468413205638e-03 4.540150307953497513e-03 2.878674231643079187e-03 1.371394422084694885e-02
5.809060158173214548e-03 4.021017005923954897e-03 4.556949475126497416e-03 1.641187709675562614e-02 7.454935327225404099e-03 6.734741696250488505e-03 1.317128669926401034e-02 7.490378016282562765e-03 6.703777036699577578e-03 5.063596704274113056e-03 5.628741762214942677e-03 9.217220732506560543e-03
1.281852522559617444e-02 4.814832232890124512e-03 1.506263869573826880e-03 4.261287089818965521e-03 1.038762028264189619e-02 4.635221182328676595e-03 7.376829392255991255e-03 1.148504497552847552e-02 1.010735336903670692e-02 6.639996864153255469e-03 6.713223140724420765e-03 1.775991084039577755e-02
6.738325836243405122e-03 5.528840412507309704e-03 7.674002099346528480e-03 5.231430208457246711e-03 8.837564765773950337e-03 1.177393748598485126e-02 4.854487135818440907e-03 1.030845398995031831e-02 1.110316167486429841e-02 6.582373525431386638e-03 6.216654001984063364e-03 7.060880224450963305e-03
1.799401474779358141e-03 6.334805933750554952e-03 1.424834324552230226e-02 8.393629907084228584e-03 7.568127574226390410e-03 1.111688781356824814e-02 1.138838760717211969e-02 5.164134080242356074e-03 2.876300107937204351e-03 1.492967384563017447e-02 1.438372245856167284e-02 2.874496744129452323e-03
2.925499582680090617e-03 2.540603862235429541e-03 3.436803363363188056e-03 3.940812870178741698e-03 5.279129358024282556e-03 8.937526294426546836e-03 1.007659382933747717e-02 1.582207889601492529e-02 1.371458067606170714e-02 9.703762425962842580e-03 1.254997467885383619e-02 1.060730774797261945e-02
1.139525036072575395e-02 4.510973166233215280e-03 5.891253538314372186e-03 4.618624306518125978e-03 5.728050676070827948e-03 2.555132585831115712e-03 4.512074150402889394e-03 2.239164621275231692e-02 1.218121682340988880e-02 9.254832299218959668e-03 3.801044488782022186e-03 7.700391903820079549e-03
7.406168574164427240e-03 5.548746574172567364e-03 6.966509812686028785e-03 6.410900160172369917e-03 1.216675784289212962e-02 8.451047570715153681e-03 3.009663891893766836e-03 8.763762420480949999e-03 1.544971190421250661e-02 4.562046892029612659e-03 5.144143631337705531e-03 1.285070220065263023e-02
7.539526519450952258e-03 9.169688351744587074e-03 1.487147125509158570e-02 7.185575894625062000e-03 1.512996530595554084e-02 8.779081972322074628e-03 5.437143121126876075e-03 4.544485797799422896e-03 4.319072769754960482e-03 4.150025494446618959e-03 4.945355921212673221e-03 6.246687386662521345e-03
7.381254691629453649e-03 5.554755768587624730e-03 4.357548501771229751e-03 5.275033919768720540e-03 7.291219081847239748e-03 9.567732566607591374e-03 1.662798122985767110e-02 6.585703389152195754e-03 4.468191333619348990e-03 1.351447094679950924e-02 5.977134471387798853e-03 6.752554139985120739e-03
1.256700009344554822e-02 5.026226962942716842e-03 7.681342559674186627e-04 1.607562128942325230e-03 5.843979117041054813e-03 1.012303316828962012e-02 2.845114250650602680e-02 9.178163700069835035e-03 5.181365856827054896e-03 1.530137054399435814e-02 6.934563534445737157e-03 6.066923278770370610e-03
4.864981122562596350e-03 8.383452196850426155e-03 2.885684906365912350e-03 3.512601284403858281e-03 7.075004712578944824e-03 8.909423745973258507e-03 6.137757731341584276e-03 2.971537116227939389e-03 8.119712685396653779e-03 1.614906813712913350e-02 9.862877587166899232e-03 1.044527652219651159e-02
5.566043700576871374e-03 3.929082751424752690e-03 1.256414002467933291e-02 1.154810079109524872e-02 5.300220732475019458e-03 3.085905114168359994e-03 4.449957468210115688e-03 1.465289330471785528e-02 1.579018638034399361e-02 5.442194143474699160e-03 5.047274271902022630e-03 1.238949182587637671e-02
1.249578980889503622e-02 1.329034030045260842e-02 8.749257859791328279e-03 9.023471363370132517e-03 6.795882634104567083e-03 4.631859150536040554e-03 3.678535936285322414e-03 5.956264906099626930e-03 7.296528028620267656e-03 5.807085352020560295e-03 7.613956375595525017e-03 8.346875606838801559e-03
6.871893581568910662e-03 1.254264644524651778e-02 3.180787845449657356e-03 3.122821615266298430e-03 1.127155545946795234e-02 7.672096375768790860e-03 8.366903695895910528e-03 9.697850811888591993e-03 1.163308359742542056e-02 1.587629667270498354e-02 4.838690497136447118e-03 2.578387030112199319e-03
4.837058077050534338e-03 8.204574906135905094e-03 9.492301748099812864e-03 4.440037140286754412e-03 3.836876719545694644e-03 6.772570554789939141e-03 6.193288593749734193e-03 8.054373403301458290e-03 6.326935687046781123e-03 1.029424302640226559e-02 1.744699814009864625e-02 8.094924149334969607e-03
6.241922012979080059e-03 5.506816056109760382e-03 5.500163744629774261e-03 6.399967056148312024e-03 8.891771876808313158e-03 1.161707477644453174e-02 6.283437455004872545e-03 1.181787647290960877e-02 5.830562742324851833e-03 2.572911786702362751e-03 7.029577870266624784e-03 1.336559874040725744e-02
3.324663167034128987e-03 7.472592677329375870e-03 3.833512678538651339e-03 3.918916629576375994e-03 7.194928458651200960e-03 8.686342697354637252e-03 9.697181285072731943e-03 6.966568773809564408e-03 7.936403907147176681e-03 1.681535141674182429e-02 2.023974217919452881e-02 2.968462805397305976e-03
3.889384061547317226e-03 3.780913086128780652e-03 6.434431976948250601e-03 2.445634472151605662e-02 1.305781907091966079e-02 5.851371389495889710e-03 1.142240991509684347e-02 8.945668249455029919e-03 2.860402079759493885e-03 4.543639640572479099e-03 8.600521260827512227e-03 6.568982704803485659e-03
8.558331141138020293e-03 9.158932437153127770e-03 1.053922001979029632e-02 1.224883814110065521e-02 8.363905274489550484e-03 4.891142658442411070e-03 6.572470520675124071e-03 3.555168711111519973e-03 1.517440245634324404e-03 4.342460511572957850e-03 1.970069525359479518e-02 1.137469371955156586e-02
4.114668895811193598e-03 5.369738640054791921e-03 7.421300600292892249e-03 2.767392910366791095e-03 6.244477345040451086e-03 5.808521079481512167e-03 6.281864621559046270e-03 7.664261540710652805e-03 9.371332220329577078e-03 1.339123580795787902e-02 1.098064068240091340e-02 6.225351966281154545e-03
1.084477078028376826e-02 7.786060277048206454e-03 8.336777599082932644e-03 5.661913779754444362e-03 5.287220574452760995e-03 2.025332640340880494e-03 5.173403594970568502e-03 1.940753249859463250e-02 9.432111819741807388e-03 5.895767460134397273e-03 5.577531165341764741e-03 9.313584153363816190e-03
3.605022068468145043e-03 6.375446073203809225e-03 6.273636475146456004e-03 9.023671545746334011e-03 1.081488104693306002e-02 1.056189129382324038e-02 1.111423410246416624e-02 9.328875714104659447e-03 8.646020994825000944e-03 1.191588973042494518e-02 5.464798737965465524e-03 2.505343086154596631e-03
2.774506549710370473e-03 7.786327147714070147e-03 1.701306555389540606e-02 5.704986036804424523e-03 3.322875276652916161e-03 4.569532269055023334e-03 1.002992985525487379e-02 7.879636374948737615e-03 5.012210118667420090e-03 1.219314715376602909e-02 1.467164409890394164e-02 7.951052165048183573e-03
8.514552523534998224e-03 7.105564070741937459e-03 5.089265388496735584e-03 8.846520719197451671e-03 1.095140942255993718e-02 7.609759124409858078e-03 7.788196734965117246e-03 7.993095551080632924e-03 6.747202519329013708e-03 1.062870670572090871e-02 6.160821574502600359e-03 4.795241103603358097e-03
6.370143469503863724e-03 6.724790888690311899e-03 4.283727598588330139e-03 1.745535912966203387e-03 4.425340710288973300e-03 1.486213371015730235e-02 1.149999041751800961e-02 8.672915680518655107e-03 5.178282555602247567e-03 1.166269032331361533e-02 1.628987066235041206e-02 6.561842481818790616e-03
1.147929521660951899e-02 1.036860276612278434e-02 5.938580458940709815e-03 3.831586823390284446e-03 6.257524072181832112e-03 7.632404852190463780e-03 4.142294598871981010e-03 4.845322926333204584e-03 6.459430288967213385e-03 1.221804136297834596e-02 1.370067453181801273e-02 7.823068897127850169e-03
2.154308523053375096e-03 3.100704389563426790e-03 1.227965087786372575e-02 1.808731662019306269e-02 7.068855153991042764e-03 9.038175620770198121e-03 1.582732803237175273e-02 1.007155088231319155e-02 7.266673437019588455e-03 5.708532713668837237e-03 6.183047922812628071e-03 3.698496671635260330e-03
6.553578618491776031e-03 4.868347424514304217e-03 1.354984804565555721e-02 1.199600979373737983e-02 3.644620524329992509e-03 2.880370913395211615e-03 1.032458865588088866e-02 1.351225675265408863e-02 4.156968626731933313e-03 7.427015089311468296e-03 9.577191150019689903e-03 7.959295254773339490e-03
4.140437257599065626e-03 7.496177385419675911e-03 6.719682510632039515e-03 1.000221730990620214e-02 1.451208906156711484e-02 6.994230476749655964e-03 7.108441932233728645e-03 1.071951403474707097e-02 9.230889543996321014e-03 3.619932718197660382e-03 6.022085131147184196e-03 6.150109480819061607e-03
6.383505009132494495e-03 7.688631459029964671e-03 1.146874814605431878e-02 4.865684491260314874e-03 3.681467421633090320e-03 4.805324963673062930e-03 6.234287621469781701e-03 1.352515948442774979e-02 4.372564180425455617e-03 6.687610984935828291e-03 1.218286529020842432e-02 1.013252329163592293e-02
9.711938617085080772e-03 8.123870174798361599e-03 6.132285945167288525e-03 8.841288399751474208e-03 5.942039001519976507e-03 6.863205367512181104e-03 1.193940684934488919e-02 7.907609716929933294e-03 3.801458183751015019e-03 5.214890552540847948e-03 1.119059163736494181e-02 6.545854694480843748e-03
8.589624777518324594e-03 1.160855974624624629e-02 8.594625749524163055e-03 4.817578744934964720e-03 1.312718703511476029e-02 1.191265236749222342e-02 3.358953815579233081e-03 7.782843358995459454e-03 7.573911305030114026e-03 5.402145917767700936e-03 5.650584410754369916e-03 4.595562949556724133e-03
8.184275143563535596e-03 5.177616677629510999e-03 5.911139426969550144e-03 6.724737895290637361e-03 8.979833509226540708e-03 9.903091368366329778e-03 7.615568275923979488e-03 7.581440521860023131e-03 5.870620344241350708e-03 5.517407216318722697e-03 9.578725383137335833e-03 1.165017833732888766e-02
8.354577638721594895e-03 8.033836388944731385e-03 9.228647770912482701e-03 7.641655879029251100e-03 5.149414149466719111e-03 4.924558930295067430e-03 5.027322984905523325e-03 3.214173331741842186e-03 5.207378372903128869e-03 1.868261113231250298e-02 1.296969433276879378e-02 8.103829193846674717e-03
2.355756299810482079e-03 9.013211728328460182e-03 1.656270074037615586e-02 8.324134212894226947e-03 6.516722228399057446e-03 8.206722632646800894e-03 6.444421465588663633e-03 6.972759280468441255e-03 7.411167830620925094e-03 1.326019750257216231e-02 9.903094559533153624e-03 2.663612540295189329e-03
5.333602919746639748e-03 1.307636777683747475e-02 1.527740485037228785e-02 4.381919458893839339e-03 6.136235530594583328e-03 7.587349305146397910e-03 7.640976736661443496e-03 3.468089310912837297e-03 4.161514566299484574e-03 9.458816334164456621e-03 8.856317787398452698e-03 7.411628253846632049e-03
7.101647463751048842e-03 8.059742143950729756e-03 7.671069110760440728e-03 4.995163675759327349e-03 2.340802208036551861e-03 6.921055703729275116e-03 1.173937392024138916e-02 1.711658822130502841e-02 8.724388651184369903e-03 5.667766895915789770e-03 8.005173382226966200e-03 5.470790471294374735e-03
4.802838961435048140e-03 5.392397952987916174e-03 7.242937842325086056e-03 5.608644815604545142e-03 3.902286005266836482e-03 5.247779568779067406e-03 5.481882949229788075e-03 6.281787111230705684e-03 8.252816463586420612e-03 1.434260369488653090e-02 1.728045728600316466e-02 1.231204777674109289e-02
3.418387825043667661e-03 6.455970001461894953e-03 7.704848944893556012e-03 5.134459067348971090e-03 1.098918629688127452e-02 1.585824869925570382e-02 5.224534296248899840e-03 2.311131859350326698e-03 7.859198133753918930e-03 1.173278049763744682e-02 7.149582349542301166e-03 9.957625657488568260e-03
7.795161701772039889e-03 1.206323613911351733e-02 7.704524861665009230e-03 3.489300803387672661e-03 7.047562195545074328e-03 9.016094210316200758e-03 4.962568922956620519e-03 3.696152052672943555e-03 8.537967572448139711e-03 7.059982340859815436e-03 9.057834944860983575e-03 1.316413548726863211e-02
8.747972256393454771e-03 1.458680896975096501e-02 1.325960170158791210e-02 7.768464014647608745e-03 4.346888833534288607e-03 7.796595238660652787e-03 5.227459847167314870e-03 3.570938430803536571e-03 5.560993566308261755e-03 9.080256811546852380e-03 9.326029518167333263e-03 5.307640945696495693e-03
3.883387976675536316e-03 8.469522891639512385e-03 1.486592759247450102e-02 6.414009050208366140e-03 4.855658564388991814e-03 8.323005740268344527e-03 9.328935774405465106e-03 6.317556231883378164e-03 8.139640345417416961e-03 1.110115384971538215e-02 7.909826963838862898e-03 5.217188278296103383e-03
7.187182022019492425e-03 5.057213273820958602e-03 1.134258868964816043e-02 1.577769919389924308e-02 6.076313620041794671e-03 2.260478976466897584e-03 7.574218391797844785e-03 5.151062854872261176e-03 5.728492092084131078e-03 1.465595723166700226e-02 6.262180185072224042e-03 7.485650698919266155e-03
6.717313790233329224e-03 1.010390549398697269e-02 6.890409754238621329e-03 7.297727281248785926e-03 5.615258689550194429e-03 3.322236477299554160e-03 7.884542754071416013e-03 6.592824819299291338e-03 4.006392091291213417e-03 1.154005142565081576e-02 6.637200008193493844e-03 1.017113520099365530e-02
2.031309575013040027e-03 1.318127475914142484e-02 1.854412931332957010e-02 4.690760736069928515e-03 6.884328884896278103e-03 7.008018424579771054e-03 8.120732996494581593e-03 9.674871496066324988e-03 5.486658590392753942e-03 7.246731996051134980e-03 1.054755891756720305e-02 3.355791778010855288e-03
8.916050634110604320e-03 7.604483104975199095e-03 9.868516385401603780e-03 6.865300524701137969e-03 5.073369205363814811e-03 4.814885389276869938e-03 5.250539517345755892e-03 7.942610334371755232e-03 8.889103731692316740e-03 3.839357994213070217e-03 8.719806694114932283e-03 1.602302709421773996e-02
1.758307464461140307e-02 1.140227958471719781e-02 3.854293906473179893e-03 6.275154558507268880e-03 1.783788785100517277e-02 1.057999025166975193e-02 3.177907686394872578e-03 3.929105246247310314e-03 1.163767328224386312e-02 1.013821749457543067e-02 2.684754099226952743e-03 4.109155494678373537e-03
9.883929777089838289e-03 2.669196669549682779e-02 9.982236733420486036e-03 4.196959025846725908e-03 6.385312643808183607e-03 5.177009752405756400e-03 5.358915628704349551e-03 6.296546952316011726e-03 6.985722744823700744e-03 5.891129107506369415e-03 5.332189071045306122e-03 6.215939186303406916e-03
1.039688669742287221e-02 1.136574770978303339e-02 4.122680852589286592e-03 1.129059303577079933e-02 1.114430354257488903e-02 2.382122540961073218e-03 3.040323042103960666e-03 1.442071374616276692e-02 1.430477545312963672e-02 1.036201885600136416e-02 4.866146079381645367e-03 2.800715087462498244e-03
5.899530792108418839e-03 7.803709823127840881e-03 8.126749946198668847e-03 6.699405874936467317e-03 6.394419982096178831e-03 1.149655296340908878e-02 5.580274884911038194e-03 4.299649872042492910e-03 1.018551818800340035e-02 1.989084413700984225e-02 6.700198548724536386e-03 3.245183246274518148e-03
6.235544917714602210e-03 3.117102168336921726e-03 1.282718581613155173e-03 4.833491370070511217e-03 1.047432228014794769e-02 6.502068650012541792e-03 1.208001298781735677e-02 1.159927822072768198e-02 1.446679045604513242e-02 1.087084443530382354e-02 9.942896878087355977e-03 6.936649408072508537e-03
