2.604772758599105953e-01 3.764461101281572630e-01 2.272562504172632725e-01 2.164784235693298919e-01 2.190463485281506362e-01 1.738549713609651715e-01 2.906782520462038999e-01 2.980284708998292009e-01 2.614802892116229183e-01 3.156959841984684489e-01 1.489727243692412495e-01 2.115848994108589232e-01
3.360624021543540119e-01 2.364813375598468215e-01 1.916962334152171599e-01 3.465327212072653595e-01 1.574076931121296541e-01 2.632694836140614392e-01 2.945503046016180737e-01 2.440268280074976426e-01 2.974862064569167019e-01 1.690127625059812955e-01 2.027672417153957851e-01 2.607067856497137792e-01
3.085719045134377447e-01 2.343758229739297816e-01 3.246959726810852431e-01 2.338962110680957440e-01 3.036996134372206280e-01 2.333459739631233154e-01 1.998558459754791183e-01 2.669626742693478327e-01 2.523350066255233282e-01 2.413353057443170802e-01 2.019624559702810906e-01 1.989632127781600368e-01
2.281439802552487350e-01 2.230371876091741534e-01 3.101958716170114538e-01 3.590277912381427683e-01 3.299145350089804918e-01 9.366252259456703255e-02 2.423082847745045565e-01 2.985008979916088379e-01 2.237707723734360665e-01 2.501375735188501315e-01 2.193424763394402066e-01 2.219581066790281831e-01
2.910173377435156805e-01 2.949629670267591708e-01 1.709690047985077399e-01 3.089272028053027253e-01 2.184946097534391507e-01 2.812640504950436604e-01 2.094745744310102520e-01 1.923695140859242592e-01 2.888829429876469956e-01 1.725738436173250012e-01 2.892713252740128915e-01 2.817926269815129725e-01
2.584749114506003087e-01 2.308740002617173936e-01 2.874109715340700810e-01 3.972936870969824286e-01 2.802671859670735621e-01 2.314055687809215556e-01 2.164935722263345297e-01 2.547990659900903898e-01 1.031097627729461730e-01 1.952695099769688192e-01 2.997626398984062357e-01 2.448391240438868022e-01
2.454938307476081383e-01 2.253812342550069459e-01 2.279489728760812906e-01 2.369743154658651707e-01 3.111042243466667356e-01 1.742552293313834599e-01 2.000922873578579453e-01 2.711411793193456710e-01 3.007649114241949251e-01 2.157010319352162253e-01 2.626433995304656710e-01 3.284993834103087096e-01
2.022488352311280768e-01 3.053427619878985588e-01 1.288134983013011770e-01 4.279766772247312612e-01 1.584468932624109594e-01 3.217733836533120395e-01 3.212729091081091282e-01 2.303083424087599695e-01 1.031997869857712441e-01 3.628801204613636422e-01 2.075134892455176572e-01 2.302233021296913040e-01
2.302156486379277611e-01 3.132623205240633313e-01 2.988532576266004770e-01 1.511821537783921698e-01 2.891398750528578199e-01 2.569404457122316243e-01 2.470896201204749176e-01 2.228188038634005830e-01 1.752202846405822856e-01 1.777734609475064564e-01 2.959220919110609471e-01 3.415820371849083159e-01
2.123630353765891265e-01 3.288014273636125084e-01 3.010614429094341515e-01 2.599693975605390506e-01 3.111763277306853204e-01 2.839929609968604440e-01 2.078210083684919884e-01 2.137715187217922863e-01 2.173424669585967972e-01 2.990026324632877874e-01 1.702380110913575550e-01 1.944597704587526510e-01
3.605107150860423770e-01 2.603549381198501100e-01 1.849938760234489665e-01 2.836569521743934619e-01 1.919129716543589437e-01 2.656893652205095657e-01 1.186387835244986366e-01 2.581972996582524438e-01 2.977818462233789987e-01 2.408064440536346051e-01 2.806487082090566298e-01 2.568081000525764268e-01
2.667224807585145685e-01 2.972809056507039194e-01 1.690132617475539056e-01 2.459183645349216352e-01 2.107285860433656954e-01 3.465508748407313266e-01 1.459773043514305813e-01 3.565361379745314863e-01 2.449872237032944544e-01 2.321582246526004978e-01 3.402472986918837483e-01 1.438793370504695412e-01
2.972248883160767408e-01 2.915974217215560604e-01 2.485063396855185514e-01 2.152852201436450952e-01 2.251272770324014294e-01 3.103262400987408798e-01 2.451011763684219913e-01 2.688517008334980196e-01 2.033910687117861382e-01 1.928935851459679385e-01 2.650438800685880336e-01 2.366512018737951528e-01
1.997859180957478886e-01 2.552692776563130206e-01 2.483341187522213889e-01 1.831641894077698507e-01 2.533751285015409804e-01 2.298253487879451384e-01 2.961744462180312398e-01 2.730370861865768495e-01 2.546624434727936537e-01 1.910757876368938124e-01 3.397573009891701190e-01 2.755389542949959192e-01
2.185600027728944461e-01 2.101915861824205090e-01 2.375549813242905928e-01 2.941382017659746606e-01 2.036919214676918277e-01 2.454349413271161851e-01 2.170727380917990001e-01 2.989928179666853647e-01 2.267084286359602463e-01 2.626374822814695476e-01 2.640569618549809539e-01 3.209599363287141127e-01
3.085203902668570697e-01 3.462974936027763961e-01 1.532549161452897990e-01 2.951483648419466199e-01 1.315752070928414841e-01 3.492386336275912218e-01 2.265532082028628713e-01 1.576492954101036958e-01 3.159470272984086225e-01 3.124514284220436533e-01 2.034064972490163825e-01 1.999575378402589643e-01
2.423692563965881841e-01 3.093299319793073043e-01 2.752876653690345954e-01 1.462208065173545291e-01 1.820691185821527447e-01 2.539939769258505731e-01 3.066676345078240828e-01 2.841242487590049937e-01 1.574830847241683873e-01 1.834582300220519713e-01 3.526801283525751174e-01 3.063159178640919578e-01
2.165088743381099745e-01 1.466563844600055067e-01 3.584791068299957306e-01 2.625491660930707738e-01 1.846984855935004943e-01 1.783253998246065730e-01 3.491958039913644063e-01 3.054390758260560612e-01 2.188665786519721490e-01 2.950699740753115474e-01 2.186124861386957718e-01 2.655986641773082635e-01
1.695319571612650400e-01 3.546970547335445145e-01 2.813026000426619433e-01 1.725446466561458281e-01 3.259588171124447320e-01 2.053762718325339021e-01 2.975130380107630090e-01 2.804609585835831087e-01 1.800246555618254529e-01 2.042963887479990748e-01 1.880074967898497373e-01 3.402861147673802433e-01
2.395105843891577324e-01 2.446981813056709476e-01 1.970858062830301294e-01 1.644466159260480342e-01 3.764487008911155952e-01 2.669784383715569920e-01 2.429006246387394041e-01 2.151697137941387394e-01 2.878101126986123415e-01 2.870359491936591012e-01 2.477971817928112386e-01 2.301180907154637967e-01
1.417077202995298824e-01 3.086272338985993624e-01 2.186915718604824643e-01 3.161407657669182969e-01 1.366012201943259674e-01 3.084266632806154096e-01 2.246728116775466022e-01 1.741189152242061944e-01 3.187720254526877905e-01 3.360810779338203602e-01 2.021963628355327447e-01 3.139636315757317053e-01
1.338953849456316902e-01 2.866743205003663419e-01 2.860889137483272338e-01 2.909699791697052396e-01 2.143027546548791906e-01 3.572318790974601255e-01 2.235536708601338907e-01 2.045629438727705196e-01 3.355796294144047787e-01 2.534708100185011914e-01 2.724356306703364927e-01 1.412340830474880793e-01
2.494640401414892072e-01 2.640217338366098176e-01 2.965393632813274616e-01 1.978990268677759123e-01 2.037929063991446021e-01 3.477557387834904201e-01 2.143924839524176118e-01 2.067318568313696869e-01 2.503256953033898280e-01 2.090341130528795555e-01 2.116614394199857474e-01 3.483816021301180399e-01
2.469851154722289555e-01 2.029628195035274585e-01 2.228275244813092693e-01 2.614315178306319543e-01 2.788849528501581854e-01 2.793087203103713501e-01 3.245880858325438933e-01 2.111315398216055406e-01 2.232888658448918540e-01 2.976744316670557611e-01 1.759487958531205098e-01 2.749676305325484682e-01
3.180128191170073504e-01 2.814322315564904420e-01 2.800453692448796605e-01 1.906462552562659396e-01 2.832593843340153184e-01 2.032649243129316108e-01 2.439707302128266697e-01 1.381648626324387674e-01 2.267814891075328743e-01 2.619841937967795076e-01 3.747516651411036404e-01 1.976860752877165894e-01
2.242425706914374928e-01 2.769702270692326329e-01 2.736704598557747614e-01 2.469831542280017389e-01 2.813946519460020501e-01 2.296022041176000728e-01 3.167457861943946962e-01 2.695799439577201140e-01 3.037973775367648344e-01 2.174299578213357564e-01 1.839414501552459058e-01 1.756422164264968278e-01
2.590694475253837448e-01 2.285574246745451510e-01 2.006391347327667329e-01 2.454185590600193589e-01 2.995524638571716025e-01 2.180172438035665738e-01 2.454832602786047036e-01 2.963422786503354112e-01 2.128464446050893633e-01 2.434763447065363129e-01 3.091640596532385654e-01 2.414333384527448390e-01
1.814910508948333612e-01 2.121902230266689005e-01 2.191421875171725708e-01 2.711445659338859171e-01 2.349009955328660859e-01 2.771389463403420850e-01 2.409493340213079982e-01 3.219780402346632542e-01 1.793464507645942119e-01 3.208215363639286277e-01 1.575519261641228908e-01 3.833447432056208415e-01
2.914814371706688778e-01 2.578932600760853733e-01 2.172794316852423857e-01 2.061545867612211980e-01 2.876970984533894216e-01 2.126676844370417596e-01 2.086439164587066131e-01 2.726171310338250664e-01 2.040195086504457689e-01 3.438625531857947837e-01 2.890547211211457190e-01 2.086286709664339767e-01
2.426084822168056987e-01 1.970024362113625416e-01 2.855030433893507857e-01 2.132517511024776824e-01 2.891202314261444584e-01 2.946360723806079052e-01 2.965362794472732322e-01 1.564076811932530453e-01 2.738205391742928319e-01 1.855602714153872235e-01 3.209721846134300782e-01 2.445810274296225661e-01
1.917210687701208782e-01 2.499378242171995113e-01 2.264091597402691780e-01 3.873195452551612683e-01 9.714524733900858910e-02 2.103444902206612066e-01 3.320460361916844905e-01 2.531598494246170006e-01 2.941596462966845626e-01 2.165172802273643282e-01 3.110327631465266141e-01 2.302070891707014288e-01
2.313208733535665196e-01 2.941878268183957257e-01 2.092268298885449629e-01 2.542925542312077791e-01 2.873371726698537021e-01 2.576875224594228908e-01 2.470143965186561152e-01 2.635786631268798308e-01 2.467362542227782840e-01 2.783066248045507063e-01 1.803697875768307535e-01 2.499414943293150615e-01
2.174835898672005108e-01 2.008981109358844719e-01 2.786869870245556324e-01 2.192571978158548984e-01 2.815498410629261872e-01 3.022955600382893349e-01 1.973159696311884703e-01 2.358706138556708742e-01 2.667012784162111627e-01 3.139091571383344492e-01 2.427654857050282056e-01 2.432662085088448667e-01
2.595665840420822157e-01 2.465880140487427541e-01 2.299918343886217520e-01 3.485565011901289312e-01 1.465869522491809185e-01 1.936801105690493241e-01 3.625654535237026743e-01 1.658800306703018534e-01 2.026129946269171200e-01 2.887657462395423202e-01 3.117046792152324275e-01 2.435010992365022886e-01
2.977439568165664019e-01 2.356042446091306808e-01 1.644247759263317565e-01 3.532277965771069006e-01 2.703055915451982871e-01 1.672429392951045313e-01 1.417646549988114124e-01 2.418843609743244472e-01 2.997251430002528805e-01 2.188675162321011558e-01 3.022792600057221390e-01 3.069297600193525710e-01
1.692658776123395770e-01 2.484979295907135399e-01 2.115624050006960077e-01 3.134808018682139208e-01 2.567082133384268050e-01 2.738069076767809529e-01 2.993868235987497406e-01 2.200501530122563054e-01 2.267331247748226031e-01 3.078081416020000405e-01 1.841046117509626545e-01 2.885950101740395457e-01
3.217589887849456876e-01 2.625843622004939704e-01 2.405381625678492952e-01 2.527300681700776486e-01 2.829568243144804929e-01 1.895604491116271995e-01 2.129607789531881568e-01 3.460498155784790253e-01 3.459298805567527779e-01 7.813539257665658155e-02 1.147176019866033569e-01 3.520776751988402564e-01
1.443875567012048167e-01 3.266601933626403498e-01 2.959470910117928399e-01 2.943123027393884095e-01 2.638904681522028506e-01 1.856922728611652140e-01 1.896013710357889182e-01 1.982053722021109854e-01 2.390146741658457641e-01 2.521944921914174298e-01 2.789077385124033026e-01 3.311864670640353725e-01
1.335732566861658477e-01 2.876140664653917267e-01 3.510100942143072889e-01 1.710985416795434422e-01 2.979177025715340488e-01 2.145869419424767388e-01 2.251143411713753817e-01 3.341861172464721252e-01 2.486794458036204469e-01 2.149779432894792786e-01 3.257346297646450672e-01 1.955069191649898008e-01
2.470529499035037935e-01 2.599065751836837634e-01 1.772293887965386561e-01 2.238230401977149842e-01 3.008825277388720854e-01 3.139778606025760976e-01 1.869435995200500744e-01 2.741693211241238437e-01 2.496756104245403396e-01 2.908582034819028883e-01 2.035831302352001382e-01 2.718977927912898940e-01
3.168826166125354726e-01 2.498961254259190468e-01 2.526630736428782109e-01 1.233581803749673328e-01 3.545025795661049806e-01 1.920357925048160885e-01 3.185497079569108991e-01 2.671851159435172374e-01 2.297624390995084975e-01 2.617981273954757548e-01 1.949997054082827364e-01 2.383665360690896962e-01
2.660799912180065729e-01 2.111029656544891886e-01 4.072935947173022542e-01 3.022196619833665276e-01 2.017177793994736068e-01 1.884708229176810801e-01 2.252252784879870129e-01 2.075417673184169476e-01 2.884447936060030027e-01 1.115796757896161118e-01 3.862402807379035075e-01 2.040833881697548813e-01
3.127196442494213358e-01 2.167324691536262338e-01 1.755826960350765631e-01 2.713760234877850008e-01 3.016628790687344575e-01 3.024870333830924074e-01 2.361278988662277589e-01 3.484234125243215185e-01 1.438776583716095403e-01 2.706571877818801375e-01 1.482125992623800625e-01 2.721404978158453725e-01
2.024332039553629337e-01 2.501946318317282980e-01 2.404889561118268015e-01 2.941214001974650771e-01 1.501946941832686677e-01 2.736150383607939274e-01 2.290070814392424492e-01 2.251526364238992939e-01 2.535629859678913967e-01 2.877620826300371082e-01 3.518575725276976707e-01 2.416097163707917328e-01
3.210823181053626407e-01 2.753461068422593527e-01 2.149102272584330620e-01 2.028295814753813264e-01 2.557840119408117951e-01 2.726285055376319599e-01 2.180744208317431931e-01 2.385874004396801584e-01 1.772848086407631529e-01 3.264720865853637521e-01 2.035237702041918506e-01 2.934767621383732594e-01
1.958524493803354971e-01 3.141626354624956763e-01 3.418696040060685837e-01 2.183367204843124632e-01 2.084234296283809240e-01 2.197933667070191555e-01 3.137724229673548026e-01 2.337294000855898446e-01 1.834411666490428083e-01 2.477461076660712191e-01 2.670614707291559808e-01 2.558112262341738496e-01
2.083580403596188846e-01 1.443537018359797863e-01 1.796579370158156164e-01 2.837824868743548112e-01 3.641736820009032205e-01 1.628928396151539948e-01 3.303956396718387700e-01 2.388147700371836268e-01 3.316906420926618582e-01 1.489410718320296478e-01 3.255693166731170041e-01 2.813698719913420021e-01
2.421265038509469447e-01 2.063675321607485458e-01 3.559109558148526586e-01 3.509849346560526273e-01 2.002875610914350013e-01 1.705787404638568483e-01 2.380106426477547332e-01 2.206152119194841332e-01 3.349173609000596352e-01 1.386221659513439119e-01 3.543535157349878562e-01 1.872248748084759107e-01
2.734318303906551617e-01 2.870913285882864541e-01 2.479933030456029364e-01 2.979060195711792924e-01 2.593667708871923439e-01 1.873699779816538902e-01 2.097451818029139325e-01 2.401696245938403085e-01 2.657294602584805432e-01 2.336113413988500920e-01 1.374162347284981767e-01 3.601689267528458416e-01
1.941984816115188139e-01 2.576169416660723521e-01 1.611798985320708755e-01 3.866727658672923784e-01 2.211635185906638545e-01 2.369037352869358126e-01 3.276537096535775961e-01 2.245965366236602201e-01 2.547243424808101064e-01 2.261380465865061029e-01 1.999212977312059825e-01 3.092307253696747749e-01
2.829170978356098098e-01 2.470803641198046074e-01 1.189211431339775027e-01 1.914322421322668666e-01 3.260171780664635199e-01 1.715049478808720329e-01 2.736659928448459400e-01 2.847405096632571464e-01 2.719676369448886799e-01 2.484631614735708927e-01 2.199552695339770381e-01 3.633344563704705155e-01
2.561433810498163766e-01 1.978920725954377291e-01 2.904896385790692870e-01 1.988715632037547920e-01 2.583324797818852270e-01 3.245996454807832943e-01 1.776765281171298616e-01 3.056736467851013384e-01 2.806202747146168686e-01 2.315846260430016457e-01 2.405285814408547607e-01 2.375875622085500405e-01
1.412868045639471271e-01 2.431017799874572172e-01 3.116092776413428300e-01 2.548351713279586317e-01 2.493118891236267842e-01 2.934450321092483827e-01 2.744362495392761447e-01 2.486288251749318445e-01 1.426771081017547127e-01 3.512157561099809033e-01 3.127027209952075171e-01 1.767493853252653790e-01
1.542073535835913334e-01 1.848487584395471228e-01 1.996343036663543735e-01 1.993884613369718284e-01 2.091904270837596225e-01 2.828708197940311697e-01 2.625312736461075103e-01 3.307918004861148398e-01 3.113136062282017003e-01 2.670936227257197926e-01 2.921526982637706604e-01 3.059768747458280203e-01
3.408318637850515365e-01 1.598107155748157149e-01 3.199093382423610077e-01 1.530836124026788148e-01 3.093146789719442014e-01 1.469640135476417697e-01 1.868298977532568683e-01 3.917112441867238726e-01 2.774922012199064758e-01 2.975756922996115050e-01 1.838486699929375023e-01 2.326280720230723964e-01
2.301482895402380269e-01 2.205195795314854046e-01 2.704388412323929236e-01 2.110843595149085872e-01 3.048141553937740444e-01 2.744531078231967069e-01 1.598485750461777766e-01 2.645132705995797417e-01 3.416049511800370864e-01 1.875712124493154609e-01 2.093120249188578086e-01 3.256916327700295488e-01
2.738722546115199830e-01 2.380318980808627249e-01 3.676113585914326798e-01 1.998865948455858521e-01 3.671351490428484965e-01 2.366420229108274209e-01 2.477251198342287353e-01 1.912723224806403000e-01 2.400814548652979719e-01 1.772207064477412386e-01 2.412924782144917901e-01 2.192286400745298014e-01
2.296465189463284262e-01 2.439173607359726159e-01 1.894153201018509980e-01 2.311603514974765461e-01 2.531939799918375145e-01 2.583890531865391527e-01 3.399494035045996232e-01 2.449413387721963986e-01 1.662947716964898737e-01 3.785911708238725581e-01 1.832084677759477365e-01 2.812922629668876962e-01
2.966686621537490964e-01 2.446104012616668877e-01 8.107229709353727665e-02 1.463135700806289241e-01 2.788663617785998583e-01 2.472235953152436272e-01 4.143359449226838853e-01 2.824214653623136062e-01 1.774116098617095905e-01 3.807944740583023568e-01 2.150684668524376897e-01 2.352131512591243978e-01
1.484573678052232837e-01 3.740488205214443918e-01 1.246298044569277286e-01 2.410547706021282099e-01 2.271117352703135028e-01 2.723399963339440122e-01 2.432914362354927640e-01 1.665804273402702873e-01 2.603662671766371339e-01 3.444726842261933153e-01 2.402882438985417535e-01 3.573584461328914719e-01
2.072622839796641747e-01 1.836268844388709576e-01 3.213340603414162056e-01 2.810231846249767740e-01 2.200485092392868713e-01 1.942568201053725963e-01 1.922964486233940118e-01 3.261837849844573256e-01 3.286896742148511241e-01 2.226976929505826708e-01 1.911602520729504540e-01 3.314204044241812475e-01
3.011441495398036183e-01 3.145341201630413863e-01 2.463568060230905965e-01 2.834934114018119455e-01 2.260055156161158985e-01 2.279630224007420936e-01 1.818306731881317306e-01 2.351512313054942016e-01 2.581486229921977071e-01 2.083207395684880670e-01 2.725139674503086473e-01 2.445377403507718039e-01
2.185223384736977303e-01 3.397766784095498926e-01 1.599444647361826233e-01 1.601384838045170622e-01 3.416568856238413887e-01 2.140138094208471342e-01 2.809701962573127876e-01 2.768720172299463100e-01 2.729855650220694985e-01 3.560092528744410179e-01 1.921037980081320984e-01 1.870065101394648432e-01
2.076136572158222560e-01 2.609605187984594954e-01 2.729327106361980060e-01 2.099265855631231581e-01 1.768950849438419015e-01 2.904106451758128871e-01 1.919014339136838332e-01 2.995042973627146665e-01 2.139758162141068842e-01 2.835044998258116067e-01 3.397492427108692037e-01 2.526255076395550470e-01
1.940859190080582442e-01 2.705164535760113953e-01 1.978946483561411507e-01 2.651245115653726447e-01 2.340373134720348525e-01 3.453629838140794828e-01 1.860582201861687712e-01 3.485606009682956641e-01 2.014828260855238695e-01 1.840062917519998398e-01 2.254406180623229894e-01 3.474296131539990062e-01
1.792988813703030870e-01 2.999605176195121459e-01 1.608023274834768090e-01 2.158197708784218849e-01 2.501296224917323174e-01 2.602169535708029890e-01 2.697110093285786103e-01 2.481807886332551838e-01 2.474392987289598944e-01 3.348946854682556262e-01 3.882895130073324985e-01 1.452566314193631802e-01
1.834798478464979565e-01 2.321952245461327280e-01 2.053654663403260971e-01 3.998613202464321170e-01 3.134583063242326606e-01 2.069706911072074773e-01 3.028902422709562892e-01 2.719178482442998757e-01 1.594294350007462446e-01 2.201046922724074206e-01 2.632112434368134579e-01 2.411156823639358793e-01
2.673871126472023296e-01 2.690195094205402038e-01 2.736484605574703854e-01 2.973355148026095018e-01 2.735471540948973823e-01 1.878896870060803859e-01 2.665565722018671257e-01 1.920103402781931923e-01 1.379490825287034150e-01 1.837093480555941905e-01 3.774279075340719047e-01 2.735193108727759781e-01
2.416844623764391742e-01 1.731696355914696395e-01 3.532222134274204395e-01 1.134383440613705302e-01 3.362560385463346235e-01 1.806671072081555973e-01 2.731243758649797293e-01 2.335950714841971143e-01 2.831511138715028242e-01 2.929219460067187808e-01 3.029093672465080211e-01 2.158603243148973228e-01
3.054053351165769703e-01 2.252768653286270628e-01 3.094946938507580070e-01 1.773026613990091871e-01 2.999554291072895618e-01 1.279188962230715376e-01 2.099522423818868111e-01 3.653634464027500361e-01 2.560407889035625773e-01 2.385048316326047191e-01 2.270871487655240495e-01 2.576976608883303488e-01
1.855272261334675044e-01 2.608929514789362081e-01 2.127106777292374074e-01 2.785901466887581446e-01 2.806430031579838502e-01 2.780679110646513963e-01 2.848031397842586965e-01 2.771722178472089682e-01 2.439563805763995119e-01 3.139006546317901769e-01 2.122027780038672484e-01 1.715329129034399436e-01
1.559042338048232113e-01 2.503452355013011110e-01 3.503762423034765261e-01 2.031471455002211990e-01 2.089589543297143415e-01 1.963331342358041742e-01 2.826748072273528312e-01 2.594226073036111080e-01 1.962408833453429535e-01 3.195427597216069504e-01 2.977633587255905656e-01 2.792906380011516143e-01
2.672447891465507541e-01 2.502439010674823994e-01 2.019728343244828195e-01 2.756816091643723432e-01 2.830366858884003634e-01 2.472853446509547526e-01 2.463830560018421267e-01 2.772389790165931678e-01 2.095253266272915638e-01 3.152210722267290710e-01 2.177783068090796137e-01 2.083880950762238837e-01
2.598118792661328058e-01 2.197875178332140411e-01 2.366193790609632530e-01 1.338655270867447622e-01 1.963242302331850431e-01 3.423971280771046510e-01 2.661986449981693648e-01 2.912990526787557211e-01 1.995371400475841051e-01 2.927827959889427456e-01 3.475073398818507853e-01 2.138693648473534159e-01
3.078165215357511197e-01 2.661652272009561448e-01 2.431590285127756546e-01 1.855235449988317242e-01 2.348409062833071992e-01 2.692685237799906650e-01 1.778448561422957541e-01 2.414228965851369646e-01 2.230312468910882473e-01 2.978961577199339961e-01 3.208607531461061257e-01 2.321703372038236568e-01
1.651874678984379674e-01 1.759157523673629819e-01 3.005496434628466274e-01 3.542281309893193786e-01 2.270576504148050789e-01 2.663653922291215892e-01 3.335413880784936502e-01 2.621980899978630930e-01 2.659241777670399154e-01 2.079617120663187491e-01 2.493134210794829553e-01 1.917571736489095402e-01
2.677154063240902437e-01 1.871264417462223384e-01 3.248297903905403849e-01 2.946372237412728246e-01 1.925957113279229693e-01 1.700700306701354858e-01 2.786748249924957399e-01 3.315831819285736670e-01 1.690222031537405023e-01 2.774301377931819301e-01 2.654526570078612480e-01 2.408623909239628880e-01
1.734264297804039567e-01 2.890650230220525030e-01 2.236583457768309413e-01 2.718911244544685024e-01 3.337116770742043492e-01 2.221961958039705975e-01 2.607049946425933351e-01 2.637009300923540134e-01 3.040427939556612502e-01 1.578214537485340130e-01 2.608219021850428088e-01 2.389591294638848951e-01
2.302528787518854925e-01 2.448713346412442760e-01 3.028133626526473554e-01 2.059251758964510126e-01 1.808785829934364542e-01 2.692557265736336136e-01 1.822852303108567495e-01 3.828613263428517488e-01 1.607657805044676036e-01 2.715209241851573307e-01 2.790602269571539340e-01 2.895094501902052975e-01
3.059411246555750474e-01 2.500038681861070922e-01 2.185045749478759514e-01 2.820600137654958872e-01 2.244191860393799642e-01 2.301777747912306937e-01 3.097423638413542846e-01 2.438165445143370968e-01 2.090642299422212080e-01 1.907810096657560628e-01 3.389596517268415043e-01 1.965296579238267061e-01
2.834278542879271612e-01 2.709106812153776467e-01 2.911376948509849516e-01 1.853900485363925710e-01 3.146386249944633784e-01 3.166161505276124388e-01 1.500736823602605297e-01 2.956488937265353556e-01 2.392456922091745208e-01 2.072357426729747876e-01 2.599437509820612391e-01 1.857311836362374735e-01
2.646347080265881724e-01 2.064978289922262678e-01 2.439645010859439744e-01 2.297287311101576801e-01 2.677652701408307356e-01 2.799354656659860940e-01 2.415610031717227990e-01 2.555758262726779417e-01 2.310227598855492115e-01 2.137900133777774769e-01 2.805339761438974677e-01 2.849899161266415959e-01
2.762091978474962572e-01 2.369323060389438573e-01 2.815946589144773249e-01 2.456481539374124612e-01 2.251672792565189707e-01 2.022040105886783457e-01 2.379750506620784689e-01 1.847958779139007857e-01 1.972084157209654798e-01 3.657189532273748545e-01 2.995461065163359526e-01 2.469999893758217935e-01
1.546038971427008413e-01 2.763356280753659355e-01 3.292739003842373724e-01 2.562109205729380945e-01 2.287408702018922102e-01 2.794533133786847312e-01 2.090791765197789753e-01 2.725788319597765574e-01 2.304020531854233389e-01 3.121565516144689245e-01 2.811296485114727628e-01 1.700352084532617547e-01
2.040701462355407891e-01 3.030125526471666442e-01 3.525914493729075949e-01 1.674663044428941761e-01 2.875462400391986528e-01 2.123430893599150271e-01 2.933558399272169770e-01 1.711817008787094307e-01 1.996377848065290228e-01 2.908105970779020222e-01 2.408118552614794683e-01 2.771724399505406944e-01
2.598372890646005740e-01 2.548566600951921446e-01 2.387054571492817912e-01 2.548569882187471936e-01 1.262070659295084774e-01 2.921912759372785606e-01 2.650105196545175512e-01 3.523687477296337245e-01 2.632267626893824986e-01 2.057443584527668956e-01 2.868752967727292713e-01 2.001195783063638989e-01
1.926267274789174311e-01 2.355866846936746639e-01 2.386017358225310248e-01 2.411844601957466583e-01 1.777846854765099405e-01 2.497076029800271990e-01 2.067326808032744490e-01 2.448197218908642891e-01 2.478940960642883606e-01 3.228491799040487109e-01 3.277776689005095223e-01 3.144347557895980083e-01
1.351684402515770100e-01 2.796606665906872236e-01 2.458223079992210569e-01 2.131749583564550576e-01 2.815512749700083694e-01 3.425585188215680699e-01 2.067358060834412758e-01 1.587910735377433546e-01 2.542779347345630603e-01 3.195258039979376741e-01 2.006121484416270306e-01 3.621210662151764792e-01
2.265476997930821468e-01 3.092163813166226571e-01 2.589752725703717839e-01 1.680752723739458443e-01 2.650866868309038615e-01 2.563294892577342998e-01 2.327518724273510975e-01 1.630979157624578568e-01 3.102270783667053222e-01 2.181925750789595886e-01 2.667829115806218399e-01 3.247168446412413423e-01
2.725518431309517653e-01 3.164158048673030299e-01 2.953158644540150868e-01 2.774571515224691920e-01 1.706066606469418545e-01 2.953080221108793091e-01 2.014677459246666524e-01 1.933009295657376336e-01 2.334002210813416189e-01 2.558197238761015235e-01 2.869022610566578368e-01 2.014537717629290570e-01
1.904470192124636529e-01 2.537105384510341954e-01 3.330499661024246549e-01 2.211004897872250741e-01 2.167250157744987638e-01 2.573362881757049192e-01 2.748467779423014457e-01 2.255385721660230214e-01 2.583283815165990926e-01 2.919945319141721840e-01 2.423101985751575649e-01 2.346122203823931829e-01
2.636033978116525400e-01 1.944355686102072489e-01 3.072093470015110905e-01 3.117692923603606614e-01 2.586880377972412548e-01 1.174562015329403408e-01 3.315003598849157185e-01 1.897132255789216182e-01 2.101566039765973559e-01 3.542551096430164304e-01 2.035423527861147108e-01 2.576705030165183929e-01
1.922968939837662594e-01 3.337301848824170136e-01 2.060544020794992381e-01 2.754745797822821807e-01 2.243014288861891192e-01 1.770565712821714766e-01 2.530240255327556032e-01 2.752965730947228296e-01 1.490876747703083205e-01 3.797470974318283843e-01 1.803193654418620007e-01 3.536112028321963807e-01
1.404622006266883494e-01 3.203761098109508820e-01 3.697600491652844878e-01 1.704937287801916168e-01 2.991352782081335704e-01 2.157582738600464511e-01 2.624114046816354295e-01 2.795495048837535745e-01 2.263877010367466858e-01 2.229290837588732144e-01 3.184997492029921773e-01 1.742369159847061422e-01
2.627003082625500308e-01 2.417014533490262351e-01 2.927538249329088571e-01 2.230425223231439769e-01 2.318410531771743222e-01 2.084615650342925286e-01 2.338822502046083995e-01 2.293045033029201263e-01 3.096983778841820301e-01 1.636622547962721386e-01 2.792700349433652196e-01 3.236818517895563296e-01
3.559829404884061188e-01 2.853038995804700884e-01 1.958642801968604463e-01 2.277292241492980263e-01 3.424465624795375307e-01 2.869218369002549673e-01 1.792459272693315286e-01 1.967884890230119366e-01 2.905048312872008376e-01 2.891689349351130311e-01 1.655207941781907666e-01 1.845222795123269421e-01
2.584145496628241778e-01 4.023640334349936065e-01 2.814638622994137807e-01 1.791764906586339190e-01 2.772302960965260521e-01 1.949776791823086830e-01 2.356143664737369858e-01 2.304039669694917802e-01 2.487277565677523117e-01 2.278994881402757744e-01 2.144420627623482012e-01 2.492854477516965594e-01
2.942058697504880138e-01 3.077707604893478166e-01 1.722453942235099844e-01 3.031522135899757942e-01 3.013601112435697615e-01 1.493558061316561103e-01 1.631707860581255165e-01 3.446158539400981935e-01 3.013865607558766646e-01 2.811413686449700799e-01 2.366042250345203879e-01 1.449910501378586791e-01
2.334294296788188006e-01 2.538825826006473330e-01 2.471784176766099739e-01 2.642709653584152107e-01 2.027348917510493620e-01 3.323327963571306443e-01 1.968035899021217117e-01 2.205043952643327143e-01 2.649983204572903261e-01 3.729561376686006402e-01 2.227985402267189108e-01 1.881099330582654550e-01
2.448152557954866027e-01 2.031038116927867676e-01 1.107366661322212176e-01 2.139175580647403596e-01 3.111296201751163615e-01 2.001551063420635712e-01 3.304964905747675985e-01 2.701508415179605382e-01 3.276820523765061610e-01 2.724675664438278577e-01 2.899405339875835708e-01 2.254044968969405316e-01
