1.877608676699553045e-02 3.332616305430413650e-02 1.540425763791236809e-02 1.404683102773827269e-02 1.273299328051925167e-02 9.431471489670611649e-03 2.068869839365452060e-02 2.314747283759474583e-02 1.928205138061392029e-02 2.288910699420233438e-02 8.860694897443687629e-03 1.182444998826882171e-02
2.813316169545642190e-02 1.481137844070110759e-02 1.313756636734777182e-02 2.399184308445291916e-02 8.364407303097206106e-03 1.771412791617720667e-02 2.328603347863631573e-02 1.657818845891260995e-02 2.169200211105431694e-02 1.080616349281351973e-02 1.157731922101092221e-02 1.864282229373292327e-02
2.243045789645768326e-02 1.732013017414266512e-02 2.568362195517762125e-02 1.684683317127350088e-02 2.250617229048405485e-02 1.568830071778913246e-02 1.191141685712105054e-02 1.796969186186558876e-02 1.773927211491473088e-02 1.544356008769815283e-02 1.164889984571319467e-02 1.300764798711202645e-02
1.290150059192521174e-02 1.600214266827219844e-02 2.311751315220876221e-02 3.299668328312060916e-02 2.207950535210006018e-02 3.480390993646261498e-03 1.495509853568279673e-02 2.479134478005379227e-02 1.286048493643109601e-02 1.583511760326277926e-02 1.484773499605912019e-02 1.220151160300258532e-02
2.289312802726152854e-02 2.098872395345104114e-02 1.062738782046586047e-02 2.065447922944856768e-02 1.568205841425492075e-02 1.933052675026089226e-02 1.355656219185523079e-02 1.246960902209367714e-02 1.816857495832045061e-02 1.037157114623277719e-02 2.044549528745434608e-02 2.208328521694395696e-02
1.699960852354172325e-02 1.653665561194116521e-02 1.964548789472798582e-02 3.772188476351055059e-02 2.084719498157881074e-02 1.409189141984100967e-02 1.541130401603501947e-02 1.402607606530470452e-02 4.576446513924271702e-03 1.161329277996615318e-02 2.368337121123048616e-02 1.588439892549195140e-02
1.642409220702635217e-02 1.526774185656860211e-02 1.423162610982435863e-02 1.584078599566473081e-02 2.271589409403393378e-02 1.088981524987133603e-02 1.136404103192981824e-02 1.954362240616075788e-02 2.231860840072183438e-02 1.375756370626035965e-02 1.891510391201242647e-02 2.649300193385660529e-02
1.593770612408555373e-02 2.020324776908306516e-02 7.019384535120589373e-03 3.916708949890825714e-02 1.197973363134312644e-02 2.073391090476602722e-02 2.889805023044518528e-02 1.519815768208952582e-02 5.396695979116885623e-03 2.571768967326315547e-02 1.530726161480056371e-02 1.167901448409073943e-02
1.452987513862903125e-02 2.523834470792917992e-02 2.013732503534747947e-02 7.456116136417184452e-03 2.047303277280205711e-02 1.966203687138898953e-02 1.574202118595230404e-02 1.526168646367290910e-02 1.090152860636995659e-02 9.411033734445387391e-03 2.130271979039354696e-02 2.866187822880825534e-02
1.369559079914149310e-02 2.598344219583922574e-02 2.359705206733760802e-02 1.939987890481983598e-02 2.468576504952868858e-02 2.067129805917282750e-02 1.327645779011906758e-02 1.257271717686123287e-02 1.436802501752489601e-02 2.035466967053020312e-02 9.995480822949149094e-03 1.040480166979116869e-02
3.178844791535601066e-02 1.852901138932739125e-02 1.097560678846045031e-02 1.626982969756437039e-02 1.232857177375112738e-02 1.222622913247573689e-02 5.599772429988400177e-03 1.764256841996018205e-02 2.394710955364425659e-02 1.650178590241119583e-02 2.281842515594978069e-02 1.953583000434859843e-02
1.903015311200046897e-02 2.366648613920153965e-02 1.030866851837602440e-02 1.463638679821366827e-02 1.676725196528026582e-02 2.546222101863198847e-02 8.954519150472574698e-03 2.739395554057733398e-02 1.687667930120186066e-02 1.561420647927928319e-02 2.474240982320274895e-02 7.668959058585289763e-03
2.206707830571094306e-02 2.245959389097945680e-02 1.702498454389678173e-02 1.303367071895431863e-02 1.516398864977612157e-02 2.346906544822377483e-02 1.735512573438832001e-02 1.862569052428264191e-02 1.256494306043856417e-02 1.129886278642467691e-02 1.752570272129156184e-02 1.664044161055518861e-02
1.142811265090588543e-02 1.802812621268924317e-02 1.665383865639271169e-02 1.036070095066726759e-02 1.580252808923602106e-02 1.676672786763776929e-02 2.096808920078422830e-02 2.122249091917538175e-02 1.734643444797518211e-02 1.157990820240606053e-02 2.681493384565366428e-02 1.965067133970221230e-02
1.470997602165438102e-02 1.226106580448149859e-02 1.632707395755247579e-02 2.084843444868202805e-02 1.314032795453989530e-02 1.499168234261294072e-02 1.472358655261848601e-02 2.096308242263310306e-02 1.603264703083801326e-02 1.820173457668445086e-02 1.973987763526763306e-02 2.507601151397490999e-02
2.419432731764307662e-02 2.457210135578684340e-02 9.356812719145438453e-03 1.199362032119163750e-02 5.710847004019111231e-03 2.677928429737859092e-02 1.770374488353893688e-02 8.020437735481108360e-03 2.373256193911117695e-02 2.521010589093902396e-02 1.336814836650617594e-02 1.367338848571147611e-02
1.644592476234789380e-02 2.420960767892533019e-02 1.788600238238599247e-02 7.117618445764789699e-03 1.040894394150036414e-02 1.784766986366227715e-02 2.384399760998947779e-02 2.018681814286222773e-02 9.542804067904718524e-03 1.100929496047142742e-02 2.890298394748764405e-02 2.294221654632988550e-02
1.427561837354270578e-02 7.952090980555772196e-03 2.772759223138899706e-02 1.850188609488306532e-02 9.679252632696287023e-03 1.178963876803271194e-02 2.872946947590535385e-02 2.149602078818243708e-02 1.569961082524199553e-02 2.108292719976461241e-02 1.396674220792564446e-02 1.919498073746685532e-02
1.013177801979624724e-02 2.891393245242685275e-02 1.952316391365031129e-02 9.517190181489743397e-03 2.432957071453146353e-02 1.488638442515834333e-02 2.197103362052403933e-02 2.214714393143831644e-02 1.094477991350257910e-02 1.069386176014250865e-02 1.350832938417497950e-02 2.571993645888850585e-02
1.537072413296114611e-02 1.614951009209539962e-02 1.100022500540383946e-02 1.004722910654929149e-02 3.218041682716780982e-02 1.947408664786858673e-02 1.605752314686042029e-02 1.491009612081144534e-02 2.048234166648923646e-02 2.137634352427745382e-02 1.756920280516243923e-02 1.452376263981124474e-02
9.202410798614349408e-03 1.924085386526361990e-02 1.820669288997311258e-02 2.095387169163242386e-02 7.477940086599754038e-03 2.243729007041547069e-02 1.758345960672980796e-02 9.004477709292345658e-03 2.424257197318040180e-02 2.600645102792304916e-02 1.344496820443969419e-02 2.056108425196520942e-02
7.113821791323376824e-03 1.902762863541487826e-02 2.293648225763897028e-02 2.063059594687646076e-02 1.480360199625644670e-02 2.847474341117666244e-02 1.365846452290227740e-02 1.299902855742802836e-02 2.630287161204025032e-02 1.872883960885460275e-02 1.853009394596732626e-02 7.993855648906955311e-03
1.724345734875890046e-02 1.850644269742879322e-02 2.199589863373715634e-02 1.157032291877752202e-02 1.316762659440436252e-02 2.841019434307738220e-02 1.351043877679906913e-02 1.249934062803059395e-02 1.698320700033873615e-02 1.258849625248516409e-02 1.351610932011187288e-02 2.901164437424409021e-02
1.770854523655388674e-02 1.147262461383586132e-02 1.378912635347916311e-02 1.933450731752886856e-02 2.014838866749113847e-02 2.150994714921699441e-02 2.599255172375073558e-02 1.275218556671168894e-02 1.540436215160997414e-02 2.061154606077185772e-02 9.881637020886643516e-03 1.843318317744517890e-02
2.408675443447593281e-02 2.263662218007923138e-02 1.958793862156633925e-02 1.291034019177379928e-02 1.743142308430672277e-02 1.286389555649803187e-02 1.300287586868161156e-02 8.123629122721711532e-03 1.360826447580544898e-02 1.909363053172849489e-02 3.232504379560376118e-02 1.431615991716275911e-02
1.415109738041140514e-02 2.005658935613136365e-02 1.927846477456329061e-02 1.778889169958450950e-02 1.962795594422586665e-02 1.590876684521826470e-02 2.481814000963617969e-02 2.083657046283199366e-02 2.276809843325743737e-02 1.414092174497850150e-02 9.658372359820241448e-03 9.534038394951767359e-03
1.828171657103536130e-02 1.516402545809088925e-02 1.135030367326544075e-02 1.681413789952672377e-02 2.262460097099590686e-02 1.352354499213584936e-02 1.696241069915438091e-02 2.195182960617573717e-02 1.285176706391050194e-02 1.685679952180070551e-02 2.408007509039590197e-02 1.609121295712176089e-02
1.263539181424489823e-02 1.124006457869764636e-02 1.487530684187242554e-02 1.895359252361035821e-02 1.663572083775204102e-02 1.958588231214561728e-02 1.877818607784565927e-02 2.298859497914811784e-02 1.306708838596560424e-02 2.056348914178568812e-02 1.045512957525606725e-02 3.173610122176619142e-02
2.164326702130050378e-02 1.877991351527011701e-02 1.258474667737259634e-02 1.389218430346354088e-02 2.072321853537304262e-02 1.292150703422637222e-02 1.370241221314692261e-02 1.908683211688513848e-02 1.270246949050194557e-02 2.752890982770498166e-02 2.122953018047818094e-02 1.257043332827306389e-02
1.504873777656331318e-02 1.300894076020273418e-02 1.916184870788036759e-02 1.501298084513524519e-02 2.086907825578228695e-02 2.479837329004938584e-02 2.054093178893962729e-02 9.343175270503868007e-03 1.477816037000745722e-02 1.188883684652641479e-02 2.318375926220397551e-02 1.851713844213241991e-02
1.213617970651915956e-02 1.461600596190029168e-02 1.639975686974890629e-02 2.824488100423836606e-02 4.620685302398680125e-03 1.382538484650866137e-02 2.885394303591143350e-02 1.768972358551055071e-02 2.271018719576893552e-02 1.509988588338396359e-02 2.215738155849472993e-02 1.537397022250507235e-02
1.622643565234553956e-02 2.066516755131514796e-02 1.378570851440067899e-02 1.739683694072571146e-02 2.179837737083015897e-02 1.785321694284224686e-02 1.769710121622937102e-02 1.826970576078052605e-02 1.752406883659028344e-02 1.881656296528409766e-02 1.132636494894396356e-02 1.508399025380961767e-02
1.312229962624064140e-02 1.247412843879991233e-02 1.891277965538966724e-02 1.434895952744249387e-02 2.023814894700912137e-02 2.245355830967410427e-02 1.222982570444789904e-02 1.525142665023924114e-02 2.002861043646525854e-02 2.417199570930663594e-02 1.727327219883239076e-02 1.629798442766162980e-02
1.892915918613120516e-02 1.554816043164337566e-02 1.569347688115093481e-02 2.614182152617963370e-02 7.909526594702053284e-03 1.259436151979647332e-02 2.999664757644347063e-02 9.535423222891465170e-03 1.175533220696736193e-02 2.261671182875245323e-02 2.361797769713011239e-02 1.688063839729697646e-02
2.377575874269934747e-02 1.665421871004498303e-02 9.324552835864375819e-03 2.684519066970090725e-02 1.888109785250969078e-02 7.762949417244654517e-03 6.921286822869542922e-03 1.653325510890314015e-02 2.173438303913387271e-02 1.406120334798104977e-02 2.477481542241415438e-02 2.426108223830071922e-02
1.105488056048748065e-02 1.416376455867472857e-02 1.422282997569400756e-02 2.438989001279300711e-02 1.907383502245013629e-02 2.026181963495035307e-02 2.341866506061507022e-02 1.376985586332885036e-02 1.626705838840651619e-02 2.223979266051578224e-02 1.150675755939185689e-02 1.748382964624401945e-02
2.515255344286321595e-02 2.038813958430347323e-02 1.775008345444754540e-02 1.670007089321150912e-02 1.950547307018955095e-02 1.392492199618250610e-02 1.310377417011326061e-02 2.884456724487129142e-02 2.264708893395194281e-02 2.951632919735432386e-03 6.026615953855085119e-03 2.845050355676090326e-02
7.482939464715356558e-03 2.394969921079300595e-02 2.470569983288967153e-02 2.232672455555494845e-02 1.956080253653243173e-02 1.055869947660948750e-02 9.853460219619974633e-03 1.193491066032401765e-02 1.628928463478816410e-02 1.630365848437564588e-02 2.196315967623139326e-02 2.349943668681563416e-02
5.543472590330032930e-03 1.975889262695430110e-02 2.842278749884946318e-02 8.640472619399316295e-03 2.051950963640895853e-02 1.549600290814737852e-02 1.298210570002848729e-02 2.790713836010231749e-02 1.749352952496558908e-02 1.251861924410816590e-02 2.754626337751708842e-02 1.359392736311603248e-02
1.752044455359817038e-02 1.671900997979903006e-02 1.102497628192995738e-02 1.405233305192682067e-02 2.347859110288980783e-02 2.284704016987958164e-02 1.210414127407427425e-02 1.828158371556824410e-02 1.845987691328521835e-02 2.013256740161151193e-02 1.407191478377578693e-02 1.802491964625858520e-02
2.502161663020112392e-02 1.913820977782911686e-02 1.491661345123903790e-02 7.272141608324764889e-03 2.390937264341241181e-02 1.349608800929615916e-02 2.365779864732567642e-02 2.000855701985361501e-02 1.490119226403925461e-02 1.763534586960220640e-02 1.226051007842553046e-02 1.675900971923749080e-02
1.694674878882443045e-02 1.675212873406287106e-02 3.911651553940954928e-02 2.092688584570654570e-02 1.427082426335614905e-02 1.072832470705312874e-02 1.192924082183574076e-02 1.456770587824859388e-02 1.524544884893663105e-02 5.624900497757865693e-03 2.847683089726195729e-02 1.578048044099513575e-02
2.545608139975763518e-02 1.377290996062338624e-02 1.073745275711708580e-02 1.949760089001642549e-02 2.496979431121664275e-02 2.265842404369694182e-02 1.898437255343252139e-02 2.473379643752094195e-02 7.653618770920122931e-03 1.228133379047784829e-02 8.550018705425179583e-03 1.807390988543588692e-02
1.270502293277469066e-02 1.554998879615633774e-02 1.748102183369634743e-02 1.882755763860873705e-02 8.462212640097693805e-03 1.726992177409186410e-02 1.573137127142646557e-02 1.399792848903763827e-02 1.835712406165412869e-02 2.220539272613388654e-02 3.016671931475374199e-02 1.683626783745115207e-02
2.677279679342207952e-02 2.016631357708167926e-02 1.393798965275522099e-02 1.249744005042429003e-02 1.763282888565118750e-02 1.920943547107185553e-02 1.465436817613813454e-02 1.388605377648330710e-02 1.106995630299258473e-02 2.256018368090808440e-02 1.385921270211981984e-02 2.113682400700398617e-02
1.255083956969316010e-02 2.338628121363902496e-02 2.776472848515076225e-02 1.470467972600408499e-02 1.260364721578551006e-02 1.401333677343521641e-02 2.399972962156408929e-02 1.575639919283837453e-02 1.075712458337090872e-02 1.591382560380774983e-02 1.945663450325666594e-02 1.681823350721645127e-02
1.200564721679314197e-02 7.891236539979324532e-03 9.648937094836534251e-03 1.949459408332700552e-02 2.777432000660260553e-02 1.096072967986685097e-02 2.514541954868343768e-02 2.022580940158563018e-02 2.425809498614290433e-02 9.577714715065343068e-03 2.208626267013924505e-02 2.074526036680507737e-02
1.370555617969838880e-02 1.517749308752306021e-02 2.895658041448172584e-02 2.889841338740103960e-02 1.398826298015813825e-02 1.061479368806921009e-02 1.350374983394954723e-02 1.635293803730007364e-02 2.252014641683276405e-02 8.496009920308963265e-03 2.470271438034929434e-02 1.302322530112318653e-02
2.161877960501703763e-02 2.134361396021513743e-02 1.836943360352947044e-02 2.197628958916912623e-02 1.721412851810126196e-02 1.156529981598514341e-02 1.220163721453822528e-02 1.505237162621060783e-02 1.933671616706657270e-02 1.387720354343859562e-02 7.695578888443600600e-03 2.771885425488527718e-02
1.365954832573837603e-02 1.423873259116215442e-02 1.006750223981662737e-02 3.312466163912757694e-02 1.476430940231063423e-02 1.548475318348975505e-02 2.652564696855402165e-02 1.524273304731342885e-02 1.797756577941464831e-02 1.545289373867916351e-02 1.324976091861075102e-02 2.188499340718423267e-02
2.258636191692170447e-02 1.537459645906433768e-02 5.750059389617112084e-03 1.254774611672108790e-02 2.437400353715457255e-02 9.626579949484620827e-03 1.797370010623320843e-02 2.215188668575575337e-02 1.876519727713412550e-02 1.644464978008083542e-02 1.542853110576932439e-02 3.014144466577728040e-02
1.618017491255420784e-02 1.323253756709404788e-02 1.985533212690517718e-02 1.178941413576397972e-02 1.828365852054125718e-02 2.457578301382663810e-02 1.012744686206774013e-02 2.249885403982753232e-02 2.169574218358968909e-02 1.476477196445266302e-02 1.673551166097926243e-02 1.694385375783398831e-02
7.667245177297330946e-03 1.632251727533232805e-02 2.422784590898414969e-02 1.775854767290734743e-02 1.922880085835506486e-02 2.134400535102182195e-02 2.116505912208872450e-02 1.644749765898992355e-02 7.770122085182783536e-03 2.525755676111478970e-02 2.334512068598375983e-02 9.355368980218744038e-03
8.004243243131606289e-03 9.848387874200482950e-03 1.216044069984591365e-02 1.099398487832210086e-02 1.261333350756201413e-02 2.125169743731537136e-02 1.955013928582944108e-02 2.693509224223387954e-02 2.529605357907628235e-02 1.899005703758921762e-02 2.283870719103368169e-02 2.149337342233736611e-02
2.594242204179915759e-02 9.549721140591126145e-03 1.582614495825250198e-02 9.184540223064059997e-03 1.682135378422231625e-02 8.752325948627468280e-03 1.304442327024286918e-02 3.806552713789504439e-02 2.224363736363012614e-02 2.461156953291872632e-02 1.053345193992342131e-02 1.586826429926784660e-02
1.379931460325784821e-02 1.502356835980371043e-02 1.898137277069351578e-02 1.218478404624623312e-02 2.376365599820901703e-02 1.954100705352295603e-02 7.595029095928290154e-03 1.823951392265035776e-02 2.799431760182220785e-02 1.015397504777187931e-02 1.427011712107808215e-02 2.588266881814868872e-02
1.824737210890048714e-02 1.760666077620019407e-02 3.214358825397777009e-02 1.488480724978885790e-02 3.186578483433930020e-02 1.699217203690329622e-02 1.485733514439221102e-02 1.254640511578908151e-02 1.372709394306402889e-02 1.013673520942803656e-02 1.407041123184339659e-02 1.538493192833340246e-02
1.700604044710990470e-02 1.499445866957588996e-02 1.118916074959025800e-02 1.521260744457172270e-02 1.828523907226754786e-02 1.801276867615045352e-02 2.917718718666874322e-02 1.559449191967015626e-02 1.015829233460281700e-02 3.011520863389161029e-02 1.229319363906863742e-02 1.824420173593996330e-02
2.500772938936285383e-02 1.537345640327607114e-02 2.880323136261143599e-03 7.764493230784116559e-03 2.320232579865929429e-02 1.784965002028824493e-02 4.147060731394103250e-02 1.766763221494283692e-02 8.643518795919938671e-03 3.131578854179455085e-02 1.540053790842876510e-02 1.240971161007302197e-02
9.913294477435045937e-03 2.364534949513717038e-02 7.903663758009661991e-03 1.265153650566033794e-02 1.511151180290229608e-02 1.998436503134204401e-02 1.611866656275148108e-02 9.099900515881045523e-03 1.802281060022309714e-02 2.934227552674632464e-02 1.998510184623244340e-02 2.966890316132098776e-02
1.326462829252613579e-02 1.074980910348628978e-02 2.441399285004294817e-02 2.032571110105433482e-02 1.337199727493653192e-02 1.120135503020647412e-02 1.189090559824714649e-02 2.441849395389033076e-02 2.692583275494670261e-02 1.443620174940708073e-02 1.177867856000445676e-02 2.472840867273529836e-02
2.285834725354114749e-02 2.507578460185400440e-02 1.781197980816117202e-02 2.005204864726756186e-02 1.543802138394203757e-02 1.323639056044868464e-02 1.051947974783048502e-02 1.551310927402138086e-02 1.731049189838046107e-02 1.321447038187581989e-02 1.880684078166340242e-02 1.750714516564903442e-02
1.423145911848416705e-02 2.598352110013230076e-02 9.042036624347462442e-03 1.054699656253268135e-02 2.678210684523797680e-02 1.366252320987203055e-02 1.988167478618117420e-02 2.187491431987774806e-02 1.938199551918989849e-02 3.051595501886556969e-02 1.290518222065152945e-02 8.781989911057367162e-03
1.290496369635400417e-02 1.821605446518368907e-02 1.960472456813198289e-02 1.240717763459127376e-02 1.154620385335910528e-02 1.903529742566141200e-02 1.207688649242186912e-02 1.979596498736936605e-02 1.527191006942567666e-02 1.949791724726172501e-02 2.890527284151690052e-02 1.798436000465490278e-02
1.204050266893611984e-02 1.710571676362181853e-02 1.421522353735750997e-02 1.610942303489703090e-02 1.783095105807441100e-02 2.752208382249829791e-02 1.221304878090281702e-02 2.820350501930699028e-02 1.399497921492580052e-02 8.600246018901618744e-03 1.577155845527456607e-02 2.813468237294343768e-02
1.216310092751399924e-02 2.072606358700197424e-02 8.537448531344969324e-03 1.180585836905509618e-02 1.842922991345330094e-02 1.725649045827303343e-02 1.840007762051973014e-02 1.782049792012120604e-02 1.729451773673422801e-02 2.590886719976399216e-02 3.261000384860027190e-02 8.114214941410883078e-03
1.124729854428790747e-02 1.531077903141161121e-02 1.312652530532190491e-02 3.646276371125140026e-02 2.246267439943874442e-02 1.221810618156798749e-02 2.354258420954656247e-02 1.887599408009185686e-02 8.068800750146327971e-03 1.403414550708932153e-02 1.976629957489437275e-02 1.474797029019455849e-02
1.988990699693397868e-02 2.022460766473463054e-02 1.915053691344534292e-02 2.382197488215748518e-02 1.904276977579821839e-02 1.063492643311735042e-02 1.739941438471121274e-02 1.167897316840566663e-02 6.185571947821238113e-03 1.111929504819209394e-02 3.459452407825403669e-02 1.944676494553669241e-02
1.394788832118626885e-02 1.257198154247218640e-02 2.160646093502432627e-02 5.924671710589593521e-03 1.949647982162228468e-02 1.321541149545070112e-02 1.759969629954752368e-02 1.807230815454942408e-02 2.163359136099799254e-02 2.416007479065655078e-02 2.401308056679858638e-02 1.546558587717247052e-02
2.280621033171633533e-02 1.701885299364447671e-02 2.034131167435922205e-02 1.142236136142772175e-02 1.611393318113565551e-02 6.986166142191481063e-03 1.403500828347081092e-02 3.303997529809556827e-02 1.741520039631101399e-02 1.676204874572881365e-02 1.490003631028260014e-02 1.796580152561727539e-02
1.112805488780996624e-02 1.709625252245118576e-02 1.339499891667826105e-02 1.978828006165297276e-02 2.188849232292750663e-02 2.003031750906713107e-02 2.209334529624655888e-02 2.035610388695863193e-02 1.685679802983680586e-02 2.430459412461866489e-02 1.338440527744553729e-02 8.575717823705855322e-03
8.717257641434774176e-03 1.633594215894266372e-02 2.903835758751627943e-02 1.230538870971203957e-02 1.130176722900129785e-02 1.180038316836323417e-02 1.962650687974086192e-02 1.718391741213214086e-02 1.294267440611951425e-02 2.437983945980175607e-02 2.464842052720341362e-02 1.973458412999571851e-02
1.911833849664463722e-02 1.712895851397787730e-02 1.199464589491603186e-02 1.979027990477037757e-02 2.168074653680696073e-02 1.589139931877952064e-02 1.802198854519666132e-02 1.924213416059940285e-02 1.321775209602426247e-02 2.379760863826480347e-02 1.483380693483711196e-02 1.192170329918711483e-02
1.598748403518647845e-02 1.488106243983909616e-02 1.267024463604940476e-02 6.426708218508414214e-03 1.338828163974941851e-02 2.909098056854953276e-02 2.027210442451020736e-02 2.243128899457884351e-02 1.264116052690432597e-02 2.028641429569759055e-02 2.863121302047405906e-02 1.410550867635447167e-02
2.333149040529830173e-02 2.007152656660359316e-02 1.550867438142835772e-02 1.112516406456645277e-02 1.578717079287378366e-02 1.798295750825352687e-02 1.024236127920908658e-02 1.451406592626172144e-02 1.503513892776313018e-02 2.186605642879379738e-02 2.543726114389004839e-02 1.660961251611095188e-02
8.627326394560291822e-03 9.652552043873758800e-03 2.159530112492081405e-02 2.939048818249400188e-02 1.505386229005893292e-02 1.930639583067080695e-02 2.703868902973375482e-02 1.954635983275969380e-02 1.913449423976359282e-02 1.314413724941911228e-02 1.501320036820549472e-02 1.162434592552720643e-02
1.865371191846721538e-02 1.211486008347266267e-02 2.402127796322189521e-02 2.269086741207947122e-02 1.177236161746707602e-02 9.284945778205978134e-03 2.008917455750943923e-02 2.490265958347274641e-02 9.558859916212384886e-03 1.966563150499381005e-02 1.958060079028911202e-02 1.622262348856895464e-02
9.560257320321402172e-03 1.864691843463749804e-02 1.556074297531510019e-02 1.820719483317512558e-02 2.668198335217740469e-02 1.576679272677445828e-02 1.703339039401746344e-02 2.073679013653828562e-02 2.084649557367581132e-02 8.806451476203428982e-03 1.777718208608370515e-02 1.658801604498249399e-02
1.558723572387658851e-02 1.687867871212686902e-02 2.224533158564374544e-02 1.254499530863319688e-02 1.187616926573792538e-02 1.657659367886083271e-02 1.192211398710356710e-02 3.013318533885846542e-02 1.072809482235189196e-02 1.739201210746613505e-02 2.212187123535426514e-02 2.137251464889637631e-02
2.256708528429115027e-02 1.794703183951477238e-02 1.300890390913253883e-02 2.021298276090048932e-02 1.524660475259595818e-02 1.484085121998663000e-02 2.416223816164865534e-02 1.725686911561244430e-02 1.147626635400231764e-02 1.319266931915131710e-02 2.606055800335695463e-02 1.243708326070734789e-02
1.880685345192587010e-02 2.186739933068271649e-02 2.167945728749381962e-02 1.035579508272725310e-02 2.375965772988036101e-02 2.238664581568090145e-02 7.164081712029563009e-03 2.031854152976190694e-02 1.757500889224191190e-02 1.210915826476730711e-02 1.639918897220332683e-02 1.299578779699305832e-02
1.811768911724648962e-02 1.326384381796848720e-02 1.545580747557836684e-02 1.503844050300471615e-02 1.898946431251508082e-02 2.061413550576288861e-02 1.627993970665811418e-02 1.748988454352650226e-02 1.493362585020952676e-02 1.359294482785000126e-02 2.023593781801400968e-02 2.196251841031229834e-02
1.985066179038777121e-02 1.603581696541964835e-02 2.004039364267777568e-02 1.754467080900867434e-02 1.321183282186601075e-02 1.238364126082501689e-02 1.471154126538183789e-02 1.067030086402751855e-02 1.250519489232915400e-02 3.174002325790894335e-02 2.211715642152015451e-02 1.785499148755825480e-02
8.281982213571391707e-03 1.925173750568398220e-02 2.727590130898391654e-02 1.757177023830129581e-02 1.647416199747644278e-02 1.869135907281704520e-02 1.337645906845462418e-02 1.891230610565910325e-02 1.633853813682056844e-02 2.346308429830194081e-02 2.025389166035611657e-02 9.283515037292199706e-03
1.304411340577013058e-02 2.203165738968482223e-02 2.716262995673688480e-02 1.034520528589954851e-02 1.808386314911404960e-02 1.524491364758871238e-02 1.937927659394866539e-02 1.095711212712980297e-02 1.343012314911272952e-02 2.112199352710143058e-02 1.745258515334915592e-02 1.998140606770714908e-02
1.723836062942365674e-02 1.747124990737871850e-02 1.688219717847929888e-02 1.449266371684865620e-02 6.760720775495519808e-03 2.001059617718772138e-02 2.159366928041834416e-02 3.030981305071451387e-02 1.858410213860109406e-02 1.278844287373004200e-02 1.852452234291077776e-02 1.297833791947107865e-02
1.179496824522833706e-02 1.413098896377979093e-02 1.643181798304092084e-02 1.447424855059672305e-02 1.032388035152436573e-02 1.542662990416821152e-02 1.312458515175948630e-02 1.519401620704769265e-02 1.816858213616192458e-02 2.622725076698132624e-02 2.780249575475747525e-02 2.443994645494983187e-02
7.411627555562559123e-03 1.777788555064814882e-02 1.886131315701893019e-02 1.311203112825751887e-02 2.039001194676549888e-02 2.916377786329019117e-02 1.328751500919614012e-02 8.255390648427028688e-03 1.756771526762626948e-02 2.391208997103476744e-02 1.420784765773457255e-02 2.545871368682036187e-02
1.474133654406417117e-02 2.476703844835042440e-02 1.831122458060399638e-02 8.976555233846075094e-03 1.764376222253104948e-02 1.943679619763626770e-02 1.339977712654224010e-02 1.006225305550669663e-02 2.219688662361198744e-02 1.418221862731002501e-02 1.864956899675733817e-02 2.680945963988173864e-02
1.987750134620536874e-02 2.543175100447469042e-02 2.406955995082199484e-02 1.951719262415033476e-02 9.970635691485207897e-03 1.894078103137960406e-02 1.331523128430207696e-02 1.074572407109629021e-02 1.436920834626687765e-02 1.860750344350558388e-02 1.961033292139048242e-02 1.268458591827972826e-02
1.133374536938701847e-02 1.699211991923506998e-02 2.690850026128374303e-02 1.463154839842824642e-02 1.340199845479386233e-02 1.812008659436624772e-02 1.938864702307764934e-02 1.471398307796599469e-02 1.850520400808467608e-02 2.155279462657322051e-02 1.638131712772780343e-02 1.487882432805901108e-02
1.814425500184967122e-02 1.242065750412344946e-02 2.232643492259525284e-02 2.738273415536351951e-02 1.660010493960319133e-02 6.176150724276653452e-03 1.990517278345686411e-02 1.225782529842524976e-02 1.299791014166576039e-02 2.814318867081947589e-02 1.241716093516242493e-02 1.736969596061615703e-02
1.523247268405674565e-02 2.410860313506568361e-02 1.368746030568491513e-02 1.933628692816312736e-02 1.432176779174453365e-02 8.871750701397111694e-03 1.783455590342955879e-02 1.802594264188855586e-02 8.737277466128115164e-03 2.991906980129043284e-02 1.460224875488494792e-02 2.808330898880335991e-02
6.608924840809767692e-03 2.218304826448638453e-02 2.959284654110655097e-02 9.659768667726845170e-03 2.075128829055376128e-02 1.536707421746285468e-02 1.697925603545792639e-02 2.240600828251657420e-02 1.482294781365811782e-02 1.413802691180009174e-02 2.569609973496970318e-02 1.205741702629030583e-02
1.785127486756123497e-02 1.779377110036503215e-02 2.112375026525030106e-02 1.420345539774214329e-02 1.487530666185540515e-02 1.372170766559896449e-02 1.381867615658032705e-02 1.618469705438153883e-02 2.127664865966414146e-02 9.336619303583952242e-03 1.905639536948652846e-02 2.723987044538331292e-02
2.965156036443981208e-02 1.964250001223689923e-02 1.222957107590203103e-02 1.586538920804880792e-02 2.814267466322446093e-02 1.995830641817520831e-02 1.093717616740284143e-02 1.136554635657961547e-02 2.080425987349097949e-02 1.972417373588219655e-02 9.210159078358193946e-03 1.184134532140032788e-02
1.855421574662374090e-02 3.948838113313428433e-02 1.844260645089196293e-02 1.034268369634394093e-02 1.699599259431671880e-02 1.246205850213098765e-02 1.414662923865009185e-02 1.557862738170729539e-02 1.716336275211314405e-02 1.406179961472184270e-02 1.381022886898737416e-02 1.781685575847432798e-02
2.115761229393528509e-02 2.386388516063674831e-02 8.173994549250874347e-03 2.232138981857450730e-02 2.203156612169833439e-02 6.778042425144842689e-03 1.048996604430365090e-02 3.015904824036251888e-02 2.188264336330796034e-02 2.357407769483639559e-02 1.554715836376972284e-02 6.206103503060419850e-03
1.485908271171973612e-02 1.664928264994851304e-02 1.738643578675230436e-02 1.748620186392038645e-02 1.309471126652072930e-02 2.445714987629327153e-02 1.345051820149079612e-02 1.336028491667330675e-02 1.926625403445330481e-02 3.307850747896712296e-02 1.447304117717648775e-02 1.091932956177726725e-02
1.706362505760475323e-02 1.081091564238045866e-02 4.605990305883383637e-03 1.375043315996530256e-02 2.430947667877640661e-02 1.224894206506828981e-02 2.592372193284643231e-02 2.147093789417314075e-02 2.561856012787120870e-02 2.146587960354429461e-02 2.048511989849873330e-02 1.413046042853799075e-02
