3.551108923140058327e-01 4.341066341297749043e-01 3.257426160539927951e-01 2.979310574629973063e-01 3.178677773526708550e-01 2.460027633434404559e-01 3.724083528822778599e-01 3.797188955377940323e-01 3.482297702911993920e-01 3.834921541516841947e-01 2.425101459210804722e-01 2.968789405590932517e-01
4.122209287873808137e-01 3.187112754045145491e-01 2.888706792824374814e-01 4.081120918667469066e-01 2.252883515580638152e-01 3.555678159782192371e-01 3.822911535140100514e-01 3.233235632099507595e-01 3.730061007795488215e-01 2.709428164916378723e-01 2.878670004759424361e-01 3.537982226515399287e-01
3.782622857017547968e-01 3.323285271284021625e-01 3.922907627198531921e-01 3.261499702360197706e-01 3.767664037902117569e-01 3.243711633049649601e-01 2.803224598263569511e-01 3.498528073085509504e-01 3.348313634982620912e-01 3.237379713294877837e-01 2.884748717925252892e-01 2.926114133636317227e-01
3.120532500232933160e-01 3.040335784574516031e-01 3.973264084284072739e-01 4.481884597593592257e-01 4.231781414185330492e-01 1.372711477512807421e-01 3.655576351923232048e-01 3.807337128944300320e-01 2.880538953347241415e-01 3.413193756303202764e-01 3.056257407997720610e-01 2.966586543100897533e-01
3.786530619878952786e-01 3.699301157736915036e-01 2.557631949268258653e-01 3.777646078958909470e-01 3.113401118205736395e-01 3.580807636152949502e-01 3.067498292605717047e-01 2.827728067407553336e-01 3.660603141400247118e-01 2.519286601427576655e-01 3.674724570522584499e-01 3.734840766434532888e-01
3.423072419466658411e-01 3.137209015403501500e-01 3.690956164715343824e-01 4.527211466655245986e-01 3.837780535452660624e-01 3.042810425963726750e-01 3.088928182922751065e-01 3.465840580124232573e-01 1.727211876305717042e-01 3.119473377169998951e-01 3.713807344016641920e-01 3.225698611803669014e-01
3.271822403312759087e-01 3.168984328169649478e-01 3.120724600959771111e-01 3.203199642356593935e-01 3.822307535023646841e-01 2.719869276931584090e-01 2.844961431120638373e-01 3.584581693904184130e-01 3.760422314451471459e-01 2.954059047429861140e-01 3.528130981574676417e-01 4.020936744765221116e-01
3.309201224075674075e-01 3.724988000545507716e-01 2.094487783825565441e-01 4.623027554917401583e-01 2.821530839485099640e-01 3.676030876653098023e-01 4.122117763282798775e-01 3.562360554924831613e-01 1.772192303389949763e-01 4.215091999563587710e-01 3.234327490469344202e-01 2.844643608867335471e-01
3.032949627347907851e-01 3.914064884509227404e-01 3.822590542037431205e-01 2.125364700699993725e-01 3.793674404174337544e-01 3.566419602241510667e-01 3.199811561775184887e-01 3.206209388402995186e-01 2.835780014804294424e-01 2.570064351318617213e-01 3.828284601631854467e-01 4.104786321056568266e-01
2.993029154363263111e-01 3.992356027913672722e-01 3.841147962713390429e-01 3.477775863038401472e-01 3.863364503727773069e-01 3.655257718093963826e-01 2.972491904222934744e-01 2.991778920440657519e-01 3.076131064467886311e-01 3.692260791477157134e-01 2.572215514388674906e-01 2.872190575152284708e-01
4.303776157412196879e-01 3.519222961422338591e-01 2.657707282780065183e-01 3.553047325074576435e-01 2.643090080287459620e-01 3.445028153688912131e-01 1.827611520430575676e-01 3.643065232952715227e-01 3.878981325075552267e-01 3.226966318645301257e-01 3.678471626242866277e-01 3.623032015987431298e-01
3.698764301386330278e-01 3.922943743277624851e-01 2.568117309726843378e-01 3.289099794904010166e-01 3.288063520149503982e-01 4.029947661682580784e-01 2.298932596366727310e-01 4.164313409712337988e-01 3.339509935683850905e-01 3.171170240772502313e-01 4.099082954903174869e-01 2.130054531434421861e-01
3.723785930486074869e-01 3.747224625281878052e-01 3.350478031335929474e-01 2.958622373281892814e-01 3.174871120505829980e-01 3.823705046887664327e-01 3.312628287179072983e-01 3.493518709610459183e-01 2.952113823713938823e-01 2.782274863296141376e-01 3.455672087859303354e-01 3.225105100561803662e-01
2.692551110416770976e-01 3.504984026884634396e-01 3.376104143951118575e-01 2.609718068848979056e-01 3.395711944650516845e-01 3.205746427152177391e-01 3.642595946480583491e-01 3.689874305618163208e-01 3.405319358933401874e-01 2.721113356449237908e-01 4.091447657711232422e-01 3.664833652903097816e-01
3.133079487044225231e-01 2.891345184945741664e-01 3.305432188639294555e-01 3.657748573420361304e-01 2.917231612918166350e-01 3.254581986611035926e-01 3.060669612112450477e-01 3.690049544137051218e-01 3.207282070087299486e-01 3.400893193998349995e-01 3.552749841394492458e-01 3.928936704691498583e-01
4.049910095248485664e-01 4.045506331679953327e-01 2.225078607543687081e-01 3.683712276007032882e-01 1.753461511096497949e-01 4.219934067472981276e-01 3.668741429948334520e-01 2.206173214880373934e-01 4.048958550630931685e-01 4.086034468257359054e-01 3.016818200150501172e-01 2.995671247083639410e-01
3.207908608709136855e-01 3.836561012486655597e-01 3.593021704612326395e-01 2.192498119030629189e-01 2.892900166571597542e-01 3.346446857697874533e-01 3.830288596901048614e-01 3.715528313106188918e-01 2.532603566998227751e-01 2.848610977050608506e-01 4.182737668294496114e-01 3.820894408541009035e-01
3.286470842302302575e-01 2.237100168761525787e-01 4.170127611587987615e-01 3.579438664888087152e-01 2.623268396616678655e-01 2.897598983814939078e-01 4.139749378143673386e-01 3.732364341935562879e-01 3.109657088482389864e-01 3.731103218710087877e-01 3.002161291219920258e-01 3.490960013537114381e-01
2.489138682808244851e-01 4.195566419108570089e-01 3.715900010296907530e-01 2.424495440463928508e-01 3.989215534767207028e-01 3.068761917685535190e-01 3.732107874424518412e-01 3.746164739470849714e-01 2.725518986864664539e-01 2.908999467043954512e-01 2.980766179494249712e-01 4.023364747571315236e-01
3.176927886775064991e-01 3.287964870989646404e-01 2.875249659082746434e-01 2.596346668252973444e-01 4.310985737467403767e-01 3.625292568633713408e-01 3.239419583469900221e-01 3.086768483428843357e-01 3.654897191640919529e-01 3.657933130048185433e-01 3.343050413579993219e-01 3.145163806631000036e-01
2.358813736268610961e-01 3.664903051830661340e-01 3.392280177164107013e-01 3.861433503008889767e-01 2.101749804647997655e-01 3.949079217249849005e-01 3.492906085067642996e-01 2.397854008949414639e-01 4.050366960029668228e-01 4.051177434551706535e-01 2.894284055732839755e-01 3.785151965498605442e-01
2.247822639194507199e-01 3.641679754640334554e-01 3.791925765394637549e-01 3.615572958195215625e-01 3.053294387106767482e-01 4.162600586297087180e-01 3.074982669468454000e-01 2.896167882579566699e-01 4.060102608405574687e-01 3.490067621169597456e-01 3.457478425912418052e-01 2.508304701635991063e-01
3.339789303086522221e-01 3.402322707395048496e-01 3.792986381359074732e-01 2.804852039213666659e-01 3.003038888788973626e-01 4.158675652620926755e-01 3.051057478976770265e-01 2.875303638821905539e-01 3.473047055579809306e-01 2.877046444282708171e-01 3.063606806573795360e-01 4.158273603300607357e-01
3.423115679211880535e-01 2.778265370961732761e-01 3.143109622377516787e-01 3.460528290532788320e-01 3.544787395603092861e-01 3.713774338687150234e-01 4.021796790854636483e-01 2.892678956912816401e-01 3.186677616300057636e-01 3.779421025777872645e-01 2.471611430337849191e-01 3.584233482442266139e-01
3.852920166436291649e-01 3.801714202821278032e-01 3.593501094855530709e-01 2.823983405658688772e-01 3.545440431679155457e-01 2.840903361370424873e-01 3.209802731333559755e-01 2.337959074383509361e-01 3.152692852365056586e-01 3.575419715555722133e-01 4.271020061432108661e-01 2.994642902108403115e-01
3.098258247771659701e-01 3.584863731547486831e-01 3.500697565283832913e-01 3.354666084387928349e-01 3.565387753263482562e-01 3.169079842611879361e-01 3.879279105839388841e-01 3.641582316040160583e-01 3.780277404176313194e-01 3.049689764964148564e-01 2.716000613804445685e-01 2.660217570309546531e-01
3.404206067869681718e-01 3.256766667023366368e-01 2.758677599832681238e-01 3.367856616615598764e-01 3.804843878319660866e-01 2.950834006194587023e-01 3.343644830078142394e-01 3.783924708792221203e-01 2.876305735171391653e-01 3.348648941002494994e-01 3.889074929317777318e-01 3.215216019782320966e-01
2.952906829482416784e-01 2.845167672413268511e-01 3.186953518058382451e-01 3.484286270475369651e-01 3.266290535206073931e-01 3.540065279792247721e-01 3.456568464095936544e-01 3.818599929202690646e-01 2.833239474168668948e-01 3.796297233210509381e-01 2.522281831154994380e-01 4.297342962739399974e-01
3.710868378958279701e-01 3.540184989049169895e-01 2.934350107651295114e-01 3.033865150233131525e-01 3.708179478072964885e-01 2.929061768134503252e-01 3.056103263347053622e-01 3.561384951918885045e-01 2.830503033049517891e-01 4.113992430423574209e-01 3.766817193057726554e-01 2.814689256103867776e-01
3.169978537401829666e-01 2.924276863198865817e-01 3.623815883801498328e-01 3.035058649952493970e-01 3.659430485022078239e-01 3.956115985862118656e-01 3.758829662954506490e-01 2.351087966246003802e-01 3.498037839595970477e-01 2.674302437110243069e-01 3.846617939908072437e-01 3.502447748946307948e-01
2.908137869839511058e-01 3.185241154534947938e-01 3.293793516928642529e-01 4.348418768857731376e-01 1.638563787564574215e-01 3.392685815326609289e-01 4.084518008856551918e-01 3.367067825304790318e-01 3.748949685642145035e-01 3.095640910022086079e-01 3.779197319143610123e-01 3.157785337978717966e-01
3.212921324748795326e-01 3.667977459344285984e-01 2.982056339675726031e-01 3.375243976365879250e-01 3.705407301385832963e-01 3.379931206935243848e-01 3.362244178763640345e-01 3.430916368857421794e-01 3.346500180962219684e-01 3.551802139840800621e-01 2.705595553557812449e-01 3.279403969562238452e-01
3.038455221338083323e-01 2.866864243978158311e-01 3.591389911536386759e-01 3.002028190543147845e-01 3.610943269229720531e-01 3.813033385070256909e-01 2.817830871359999767e-01 3.217474416489251032e-01 3.586970921529780698e-01 3.858479486532756519e-01 3.300314766333822813e-01 3.296215316058904721e-01
3.511969541421841035e-01 3.206648366632652292e-01 3.188896814353048281e-01 4.136538219239751513e-01 2.285845788635541553e-01 3.083305466151830543e-01 4.250704160073339177e-01 2.523018570732286081e-01 2.946562102520933202e-01 3.787944410468940815e-01 3.813544814337471722e-01 3.265021745432341582e-01
3.884412641813500544e-01 3.343591773506107145e-01 2.468872425472374843e-01 4.129662625152102917e-01 3.542528375766526016e-01 2.458521974660196063e-01 2.332831132751094771e-01 3.326134924961915429e-01 3.753001249897781055e-01 2.984958031525024036e-01 3.859147863043530524e-01 3.916336981449621835e-01
2.624997953161916087e-01 3.248436602561826092e-01 3.041398806687072298e-01 3.847591680245912027e-01 3.476253616059005180e-01 3.585886361220890217e-01 3.830504608601265071e-01 2.988107798283059502e-01 3.282933435898756080e-01 3.813659724468313472e-01 2.662541048946999722e-01 3.597688363864877115e-01
4.016457649429034937e-01 3.697402827923512714e-01 3.251197097144448156e-01 3.327030590409070232e-01 3.658941296857952663e-01 2.944364621717486252e-01 3.060151514207777868e-01 4.235611109919180106e-01 4.091849327964643401e-01 1.415206234595232648e-01 2.241866149235111072e-01 4.059921580596661528e-01
2.077871232836541737e-01 4.011315743393482625e-01 3.972405852435760276e-01 3.759476298652004167e-01 3.483307285753139415e-01 2.732025267739360830e-01 2.790612960487864336e-01 2.857383897412471008e-01 3.307050472076212833e-01 3.235521632002306136e-01 3.755221401257559100e-01 4.017807955953140997e-01
1.923084551530165331e-01 3.886095335999416034e-01 4.178643174419792161e-01 2.295479421136387976e-01 3.815809808825826877e-01 3.163110296685547884e-01 2.965862379603121379e-01 4.133040938200378545e-01 3.463287975449816924e-01 2.847015150846752829e-01 4.029395967370062448e-01 3.299174999932744656e-01
3.329113024877809468e-01 3.382032115057715949e-01 2.738462517567419319e-01 3.095163971860137586e-01 3.851087552892553667e-01 3.847125726921685196e-01 2.748075678097979813e-01 3.510846397230090732e-01 3.434860621033386519e-01 3.598252390358993580e-01 2.995359426729805596e-01 3.469620577372460879e-01
3.897137372918983989e-01 3.474317562644312352e-01 3.407291974608653851e-01 2.063955105042896143e-01 4.076128962572126424e-01 2.888451349628732290e-01 3.846919353288384968e-01 3.600724243030119509e-01 3.083526602908481240e-01 3.487132397999289091e-01 2.810269515776577798e-01 3.364145559581441791e-01
3.239794931217260254e-01 3.445383108108709957e-01 4.599304277626300452e-01 3.876539570007820901e-01 2.953593622412030717e-01 2.889720266913638480e-01 2.953289766098223801e-01 3.003666695394958119e-01 3.651755910836285146e-01 1.744145173830986550e-01 4.346754050242213618e-01 3.296052627311730210e-01
4.009017444505501571e-01 3.069275981613744930e-01 2.695836272091328700e-01 3.648839703771487031e-01 3.866633318597360036e-01 3.714983925482799321e-01 3.500887282987272253e-01 4.083464602193331294e-01 2.062766976599915703e-01 3.509123557156377804e-01 2.229710822641117751e-01 3.609460112359782480e-01
2.919533183864579939e-01 3.265510892654263086e-01 3.307933908803083467e-01 3.684255716199529296e-01 2.272428707444970886e-01 3.550436981996730745e-01 3.214547186825769121e-01 3.031658072694887185e-01 3.445925975133579122e-01 3.781065550078582804e-01 4.194341964277989443e-01 3.332361860026140099e-01
4.038583704694389542e-01 3.639333440130865238e-01 3.031464664599601844e-01 2.917938929300726292e-01 3.431301657242585845e-01 3.492381539283604952e-01 3.094219619366577190e-01 3.205357861007808729e-01 2.644718767315754615e-01 3.893309529162477522e-01 2.924885053744068486e-01 3.686505234151395971e-01
2.812899672424075126e-01 3.907184520795552451e-01 4.112394647506839584e-01 3.121911398186724140e-01 2.961855844035303775e-01 3.063216432171976811e-01 3.845496798524843940e-01 3.275880745053914023e-01 2.701564909129084979e-01 3.296062174049242399e-01 3.528758284417451430e-01 3.372774573705067391e-01
2.801128784050232468e-01 2.666703435105164388e-01 2.537268348006424534e-01 3.677266147301797017e-01 4.180516476478849941e-01 2.558315979505402238e-01 3.947846768020454311e-01 3.680310281054061661e-01 3.994971232817103868e-01 2.341951110571255379e-01 3.914422074725004697e-01 3.699299362364013577e-01
3.083985409977552661e-01 3.176410531314667884e-01 4.225083477228639417e-01 4.216566351571130467e-01 3.044341760611293801e-01 2.768225433658961787e-01 3.102050049230609674e-01 3.227392446293643191e-01 3.951489601527331530e-01 2.213791492973188335e-01 4.051509185906231325e-01 2.939154259706298622e-01
3.771000866325742162e-01 3.633007911965346337e-01 3.349604750975130329e-01 3.762960441551495006e-01 3.412307324551630550e-01 2.740433645411115560e-01 3.050089504898052528e-01 3.118694642617617085e-01 3.496417367966985212e-01 3.300489447439338697e-01 2.155753864390617669e-01 4.209240231906925533e-01
2.927392004073248732e-01 3.313850861634224376e-01 2.531319097924903394e-01 4.349897899836547288e-01 3.172252549703076241e-01 3.172605348628925181e-01 4.017663168379337346e-01 3.149261493597435013e-01 3.424127520842346062e-01 3.215896644453654640e-01 2.953199861883097910e-01 3.772533549043308176e-01
3.753658485709130965e-01 3.399546120555891893e-01 2.014912198208391181e-01 3.073578007182570238e-01 3.944574636577605209e-01 2.443544046044364149e-01 3.548836461464431880e-01 3.711608242980948269e-01 3.484086993831197465e-01 3.259518905145140644e-01 3.167251315052925786e-01 4.198884587247440625e-01
3.318753046494060666e-01 2.892579213435738095e-01 3.720807768135361293e-01 2.726065939225186252e-01 3.523451304857827537e-01 3.995158349489515981e-01 2.477652776724607042e-01 3.843070725531747556e-01 3.754538459841852971e-01 3.104403276442437853e-01 3.291082960496465870e-01 3.352432292931196711e-01
2.446436509211675214e-01 3.298732832254791525e-01 3.861968815948371159e-01 3.398444880524731371e-01 3.447438056840003151e-01 3.652830853617356488e-01 3.652647241400272526e-01 3.462450451281156028e-01 2.186734159739394945e-01 4.103245612960913502e-01 3.891638407967821234e-01 2.597432178253493151e-01
2.303001796384667454e-01 2.868694173099202716e-01 2.871460476410404028e-01 2.860358500158747819e-01 2.947145663701232210e-01 3.609803701497227846e-01 3.544591922223733760e-01 4.060507076538781845e-01 3.915199419206707443e-01 3.448443723871434941e-01 3.750376119263379993e-01 3.820417427644620112e-01
4.016308834179744824e-01 2.356190590199032653e-01 3.754788339634280714e-01 2.227959591142847640e-01 3.733245262527158936e-01 2.428328408540387229e-01 3.088609226778453731e-01 4.547798978720174468e-01 3.939370806266575542e-01 3.934853747154738457e-01 2.549427175865034423e-01 3.423119038991588869e-01
3.028974347924290322e-01 3.132700939459411860e-01 3.610520685130543805e-01 2.771755435692926373e-01 3.871338075345983065e-01 3.762966307955688539e-01 2.185999491644886050e-01 3.665819324402216361e-01 4.170920877696235873e-01 2.612216534799821632e-01 3.155923864039802962e-01 4.030864115908306955e-01
3.457377367375179533e-01 3.402888096471727297e-01 4.236386568850653012e-01 3.100172296037467801e-01 4.221253939669027955e-01 3.353070676505390257e-01 3.219907818372058084e-01 2.856226380424881639e-01 3.207182982056330234e-01 2.608757394918591599e-01 3.217411649853662570e-01 3.119364829464890132e-01
3.322781865018396563e-01 3.218525500279219576e-01 2.770792487443662355e-01 3.240730625509914420e-01 3.372305096970186211e-01 3.442200606223437820e-01 4.169321399809457485e-01 3.319101517340304897e-01 2.555505717530232035e-01 4.290609174071849941e-01 2.810799695764858441e-01 3.487326314038579622e-01
3.881886955729281219e-01 3.567071018755311185e-01 1.442562802227979057e-01 2.721680033740649929e-01 3.542382766287133222e-01 3.625343702445921190e-01 4.677598577900733412e-01 3.687792733647802246e-01 2.335754917104841399e-01 4.330488405820185349e-01 3.320569941364039934e-01 2.866868144976189026e-01
2.420781811594819311e-01 4.172620053544149332e-01 2.125241466335990870e-01 3.279937645425066162e-01 3.120644855269717466e-01 3.501116278064442811e-01 3.459098963846921615e-01 2.426634748679981635e-01 3.512090541330359361e-01 4.190948963911491632e-01 3.659283553690308999e-01 4.131601118307047238e-01
3.032210217140305364e-01 2.678042351063684157e-01 3.990196431760426043e-01 3.619838308261640325e-01 2.959563457026500588e-01 2.946286320395354874e-01 2.748979632117732885e-01 3.972082083765576810e-01 4.112482606277478858e-01 3.165708676630588636e-01 2.751751492427030321e-01 4.022858423133686134e-01
3.776947567531618866e-01 3.909312334115140342e-01 3.372074004863401253e-01 3.568730045310331001e-01 3.148615203105651350e-01 3.123134436783477907e-01 2.667426379879336285e-01 3.266379885584879128e-01 3.399152974292597440e-01 2.924089027544904962e-01 3.524871396997201756e-01 3.319266743991406976e-01
3.102710199087826970e-01 4.041145203066598413e-01 2.535877519888327658e-01 2.737046856682657237e-01 4.061543077530616053e-01 2.960010772766780707e-01 3.568632881861162898e-01 3.678867594479443559e-01 3.555730903203544457e-01 4.157083899800849136e-01 2.993980999983775204e-01 2.607370091648383292e-01
2.877684823093352162e-01 3.468424090339278787e-01 3.587902102118128989e-01 2.930668058242866247e-01 2.793782301549235791e-01 3.623358402346430474e-01 2.739833239027431588e-01 3.695677503883945114e-01 3.064947977469464901e-01 3.574719094713341150e-01 4.148072875381320634e-01 3.494929531835039849e-01
2.770955968777811806e-01 3.468487921127867413e-01 3.008191221617754207e-01 3.299163805532731031e-01 3.427661911652575277e-01 4.072266891478746320e-01 2.760475628043383978e-01 4.085986557952338005e-01 3.176556204478891421e-01 2.469948488235756134e-01 3.363148433534678960e-01 4.097156967567258667e-01
2.958243072738285795e-01 3.789342330763466604e-01 2.341079382139973908e-01 3.073712284744500867e-01 3.364299256923060644e-01 3.339079271650406411e-01 3.547390887326640208e-01 3.269110589119666455e-01 3.365030432417207007e-01 4.145564318498133893e-01 4.440602687495263101e-01 2.366545486183186664e-01
2.819965409231973696e-01 3.183731622430702179e-01 3.023013967208785235e-01 4.513162541582748100e-01 3.965859024869866079e-01 2.752478462157419425e-01 3.817351658361858857e-01 3.687549981013765743e-01 2.306482333390647010e-01 3.235237496550201763e-01 3.529269515945515634e-01 3.165897987256643953e-01
3.522988181641822369e-01 3.513571317609582856e-01 3.517817393803688297e-01 3.823534219606551932e-01 3.571376215744882510e-01 2.629196524761454601e-01 3.467621255252915091e-01 2.884869214791187519e-01 2.260099252470368358e-01 2.860296005434838085e-01 4.337394445639775054e-01 3.611235973242860053e-01
3.152212838011516638e-01 2.819891930850580430e-01 4.058220538285413070e-01 1.765452090073449387e-01 3.948428590741186461e-01 2.850355967528153123e-01 3.434348930588149162e-01 3.413491215104269560e-01 3.669382934847659761e-01 3.852465151819490785e-01 3.835227169819174220e-01 3.200522642331248280e-01
3.728630093011017221e-01 3.308220003305729628e-01 3.729426731598207145e-01 2.571180745743227858e-01 3.695482158410803297e-01 2.077964030339726764e-01 3.313161642890251612e-01 4.326116487851221493e-01 3.409634695944573357e-01 3.273041894703448973e-01 3.148168335297377718e-01 3.418973180904525400e-01
2.803290851412472140e-01 3.409668190061523330e-01 2.943192934024180252e-01 3.586442785546334333e-01 3.674638579158229224e-01 3.559874281310506650e-01 3.691609458322039905e-01 3.580385370706387627e-01 3.285703944390192532e-01 3.855343658367421655e-01 3.040255270166503099e-01 2.569594676534370237e-01
2.313376776270610891e-01 3.498938564970255904e-01 4.140057175405387757e-01 2.815015777044049816e-01 3.018117358435823405e-01 2.751790493072088783e-01 3.599061927838999031e-01 3.442329106820110618e-01 2.813846500959193975e-01 3.927419250940695217e-01 3.956382387162179493e-01 3.723664681080743888e-01
3.573129700593501434e-01 3.378649455734712426e-01 2.793332492225919506e-01 3.630335768161403465e-01 3.693979056759759683e-01 3.190088021205066404e-01 3.408023255797933415e-01 3.569766064690639285e-01 2.886826484196126641e-01 3.879402153331443781e-01 3.180351715318184835e-01 2.816115831985048779e-01
3.322271540033938653e-01 3.060288324992328501e-01 3.178673786183391359e-01 2.151439483470463654e-01 3.110984700765346833e-01 4.118796542085461088e-01 3.639771604468936550e-01 3.757315623044630293e-01 2.796083900847238235e-01 3.715396712936714363e-01 4.123789085083555128e-01 3.025188696088013662e-01
3.773856030003576167e-01 3.567858290947979460e-01 3.289047751147103904e-01 2.717058071298937838e-01 3.285768361912158042e-01 3.509061773894922021e-01 2.567235292982154582e-01 3.290566047906674507e-01 3.064791709984134860e-01 3.743840912540876142e-01 3.957795899728316358e-01 3.233119857653128371e-01
2.708724414142163472e-01 2.541987357245070744e-01 3.832704463917205873e-01 4.202297970096168789e-01 3.113517971656853955e-01 3.479331746336201125e-01 4.066193409509296086e-01 3.577395074208175596e-01 3.461413303670384800e-01 2.944147218161713431e-01 3.299834084784256105e-01 2.772452986272413988e-01
3.561597886918506650e-01 2.745553241417346690e-01 3.899849121383500705e-01 3.794749193035857893e-01 2.922314476615271994e-01 2.534046270540903922e-01 3.696327153546704603e-01 3.996022102260835540e-01 2.416039985413553637e-01 3.684691603027874240e-01 3.531086449357569990e-01 3.217722516482315331e-01
2.472112777653421301e-01 3.697518677974078183e-01 3.074223157825189401e-01 3.465302528406511429e-01 4.062188634891178984e-01 3.198585184000177217e-01 3.298309308671249496e-01 3.639820405648465096e-01 3.817627177763051050e-01 2.314477868390404647e-01 3.579545177828258318e-01 3.380289100948025149e-01
3.147809514071383541e-01 3.310483547417046313e-01 3.811908382246246285e-01 2.893397350301910587e-01 2.872818847181896063e-01 3.426848742440966045e-01 2.747523680367857657e-01 4.296324008932961291e-01 2.604562546051550909e-01 3.435515757987377961e-01 3.754238919408200426e-01 3.698568703592433060e-01
3.810545099700727301e-01 3.448224642277232244e-01 2.891878143258617140e-01 3.669663835732854817e-01 3.145190402113505201e-01 3.127725755912508232e-01 3.873232288219181640e-01 3.401790909690813880e-01 2.839289057261494276e-01 2.994338244003253990e-01 4.015628697968079974e-01 2.782492923861487055e-01
3.548417686818842176e-01 3.776501036282002843e-01 3.769876613399415488e-01 2.530588380277519756e-01 3.976685571599761770e-01 3.974425053241128492e-01 2.048873345310088245e-01 3.859944506537569264e-01 3.398217694092694474e-01 2.801801537255799168e-01 3.520667378674148251e-01 2.794001196510875751e-01
3.443946736564053035e-01 2.928993471895854905e-01 3.288083396413791215e-01 3.109073723639617093e-01 3.498216027403353579e-01 3.634864817157700267e-01 3.218996164092507994e-01 3.383310226110695096e-01 3.188816973788980436e-01 2.971342831179393240e-01 3.615706390161783634e-01 3.718649241592101307e-01
3.534470290785600710e-01 3.241151021489409034e-01 3.560466869377880150e-01 3.360209629150508470e-01 3.062883777496118176e-01 2.864473028593719772e-01 3.264979250094097729e-01 2.721060726758193216e-01 2.960345029573053788e-01 4.285550284531894905e-01 3.808298218380020139e-01 3.336111873769608271e-01
2.445946740958984122e-01 3.608967090726925009e-01 4.052454489544025096e-01 3.395285671542236927e-01 3.202204874322010508e-01 3.557804739432973706e-01 2.935849734038460390e-01 3.508487990634832632e-01 3.241738200530880354e-01 3.817948434915356404e-01 3.604372942418756498e-01 2.628939090934371836e-01
2.859153453729629257e-01 3.826655565617453902e-01 4.119839730652868903e-01 2.514899870012969885e-01 3.592860403603094221e-01 3.087363316200472108e-01 3.619292061410404049e-01 2.722639642840943841e-01 3.026812212293426008e-01 3.673219088796680354e-01 3.347275907267718287e-01 3.609988747574334189e-01
3.457364611260357323e-01 3.379447437712264080e-01 3.210669149216928142e-01 3.446782099659498888e-01 2.005689497996639981e-01 3.755736999628262462e-01 3.744444181577953890e-01 4.206341046882787760e-01 3.487365110644162214e-01 2.855493903837093006e-01 3.623571539061798408e-01 2.827094422522172801e-01
2.738989996539057392e-01 3.183397466042154900e-01 3.257751427559719692e-01 3.203300022075620257e-01 2.638857217759481011e-01 3.314600121821213996e-01 2.944411444820310697e-01 3.222503087120615062e-01 3.364193333992478441e-01 4.029956403688441102e-01 4.151689228834650192e-01 3.950350249746298892e-01
2.072132224696996983e-01 3.639793711021830913e-01 3.525116599203068635e-01 2.858707103927188298e-01 3.714521203359594237e-01 4.182386294620191181e-01 3.147749833923741969e-01 2.356760326970970820e-01 3.533389716497321031e-01 3.798758912922173270e-01 2.995800837851794740e-01 4.174883235005208970e-01
3.061630033502452664e-01 3.871877358603494912e-01 3.577368796646148708e-01 2.420842044886227229e-01 3.506050672598614582e-01 3.510056295301214324e-01 3.128448823525998845e-01 2.556065112623792657e-01 3.833371205374323520e-01 2.998873389042183701e-01 3.519271189520767340e-01 4.016145078374703248e-01
3.562773684868292268e-01 3.970555921170784153e-01 3.895574143131312894e-01 3.609343757046833967e-01 2.485499748609190096e-01 3.690648543005854432e-01 2.944247044189499118e-01 2.802142504078967700e-01 3.154081149928904537e-01 3.409421946325687514e-01 3.635388609220479017e-01 2.840322948424143790e-01
2.729958242915452860e-01 3.398287450031961532e-01 4.045770837170450385e-01 3.129473415545559467e-01 2.983418588757842382e-01 3.464450474820424120e-01 3.538073140818630002e-01 3.064235880480807861e-01 3.481266447191116997e-01 3.690431947875220109e-01 3.220986447320551282e-01 3.253647127072087919e-01
3.558375368087476898e-01 2.753069772049264730e-01 3.816948758766726124e-01 4.124617023009454764e-01 3.644766817850637608e-01 1.843926062257488785e-01 4.016554533634166813e-01 2.788935218080222378e-01 3.030398926831202044e-01 4.215905543044258796e-01 2.806338260021991604e-01 3.400163716367168298e-01
3.088316761990926307e-01 3.959854469165175472e-01 2.939553822409383121e-01 3.508716953021281393e-01 3.280677388001073114e-01 2.399462069590288238e-01 3.544608239726783072e-01 3.546394794085309665e-01 2.312923971006206614e-01 4.302202965683364910e-01 3.073432118145456027e-01 4.043856447174561941e-01
2.121163193821063442e-01 4.002126235692522460e-01 4.249092963013104129e-01 2.434821127598649493e-01 3.761313405707412127e-01 3.143217653496253039e-01 3.330498374853866905e-01 3.763372062568691168e-01 3.147916586126999761e-01 3.054369656051966198e-01 3.949684628161573285e-01 3.042424112908094225e-01
3.399564490212493850e-01 3.311618286767823993e-01 3.720332847435062207e-01 3.070098905774482079e-01 3.142949753414207015e-01 3.097488268501534803e-01 3.056288138619522865e-01 3.244258502188054338e-01 3.836979469079692118e-01 2.377958013580044605e-01 3.669175930189558787e-01 4.073287394237727899e-01
4.193600099742821885e-01 3.674763353381330644e-01 2.788367595057581472e-01 3.303864277189596521e-01 4.121152782106234369e-01 3.640976412588668998e-01 2.720465598662538120e-01 2.853465565926853742e-01 3.624929063204070934e-01 3.636005343228370656e-01 2.543431344280933648e-01 2.898978564630737553e-01
3.616721656132736440e-01 4.577963941542992909e-01 3.705161487700803780e-01 2.499645627137571380e-01 3.581270125706828011e-01 2.810877258756971364e-01 3.170027557676014518e-01 3.235097782951976697e-01 3.309962604309147349e-01 3.122104686264181583e-01 3.066735425898823308e-01 3.304431845922053967e-01
3.901142222006231952e-01 3.978262996053591460e-01 2.255136045985234594e-01 3.881075530363028436e-01 3.887476579734429061e-01 2.208135979175612218e-01 2.821379173574804500e-01 4.142623302141451025e-01 3.733711106049413253e-01 3.752660891250482189e-01 3.438189633692330660e-01 2.000206539973490294e-01
3.262133847768742823e-01 3.256139804182879294e-01 3.366411906085902128e-01 3.442248908882347136e-01 2.864221877043700015e-01 3.960771262358355749e-01 3.002011650668329756e-01 2.973306803507086982e-01 3.640226000706243692e-01 4.338076823087850808e-01 3.197584777471367268e-01 2.696866338237188243e-01
3.239736918772063712e-01 3.075637064499250894e-01 1.786362651705952764e-01 3.299362151009379018e-01 3.841606197882649898e-01 2.764770124273068230e-01 4.009262115688793093e-01 3.709512968081342676e-01 3.937803675825073402e-01 3.599509327790970659e-01 3.665431494639656562e-01 3.071005309831750796e-01
