2.897394262628537678e-02 1.591313700326798253e-01 1.984270905497983670e-02 7.046520781547743750e-03 5.104160258869550743e-03 4.714937789819550681e-03 4.230351573100248064e-02 5.840279915950696149e-02 3.493032497480275111e-02 5.914518469287845942e-02
8.825737504908920828e-04 4.847043964456461407e-03 1.408550545274736276e-01 3.025863804955422620e-02 1.611669985870309990e-02 1.325505892252530904e-01 8.670404542384898758e-03 3.283640862862723109e-02 8.840670896362631814e-02 2.804910128097187066e-02
5.465571264025406023e-02 7.151971859569726184e-03 9.728443389109060757e-03 4.360769303233429789e-02 5.442102490783359836e-02 2.142451716227148500e-02 7.435141823153801344e-02 2.465231720330558068e-02 4.058002699051056067e-02 2.152932695840945390e-02
1.098843766928603131e-02 3.714337640855189249e-02 3.917679366833418803e-02 2.339164863270232209e-02 1.051972843203100548e-02 1.424893697569971918e-02 2.103622244543323569e-02 2.021430800785763843e-02 7.105492282597772324e-02 1.328030902393604329e-01
6.512769335866260001e-02 1.043999953226635961e-03 2.076688067926839298e-02 7.591587495000615138e-02 1.839701715280034344e-02 2.170463744661090683e-02 1.484193172425093271e-02 1.645188727235895321e-02 6.294469944526503991e-02 6.616082251587060425e-02
8.292554212599815081e-03 5.355921907940915105e-02 2.719377396467724875e-02 4.732378192644919740e-02 1.720628940944269464e-02 1.559743966817245253e-02 3.780454852502648788e-02 7.957125714767844527e-03 5.665350592860970286e-02 6.089318189853126784e-02
4.253782277777358456e-02 2.942145767137956114e-02 4.405867250057458884e-02 2.180330938773733240e-01 4.538080331529843747e-02 2.183134549030617960e-02 2.309451004059127899e-02 1.632305343995674868e-02 1.076789587305875895e-03 8.831179095002904614e-03
8.602990801686453970e-02 4.095437598605407292e-02 3.567420947661309460e-02 2.303685119550039767e-02 1.674394301625950834e-02 2.902945639222415802e-02 7.208943533113174040e-02 7.539795092133091264e-03 7.568362593096588688e-03 4.163841117654779045e-02
4.960499297453039441e-02 9.760578815084070339e-03 2.370347863980994119e-02 7.163976675250041670e-02 1.151409264574642863e-02 8.963844475206718052e-03 3.487806299015009347e-03 3.552768151216753045e-01 8.221106907178043349e-03 4.619040366393904751e-02
1.199054685959792393e-01 3.064283888589446059e-02 2.017010566832205809e-03 9.093789525299827980e-02 2.007904128143424283e-02 6.608562487699681104e-03 1.710888502982606252e-02 8.178073823831824574e-02 4.029356396585005717e-02 4.051082416483987175e-03
4.337249844011282357e-02 3.065558778199975465e-02 3.257881953777742867e-02 1.420942501477079345e-02 2.404648737340594512e-03 2.946031020963833964e-03 4.460952562064961213e-02 9.939116954204342547e-02 1.957498648569682906e-02 1.282046863368176692e-01
8.732605319614895889e-02 4.583346717461567882e-02 7.818902949236256061e-02 5.724740382990066434e-02 1.254884494821208001e-02 9.596663548339798983e-03 2.349618178622312967e-02 5.439530586193516010e-02 5.341010686744926753e-03 8.540564381866698473e-03
1.539536768884570417e-01 3.155688673750016437e-02 7.716992106409849457e-03 2.961837223190975227e-02 1.640028802544792400e-02 1.135019649364623490e-02 1.632741633534836841e-03 3.273973593105705682e-02 8.409325858215288552e-02 2.239574808679148377e-02
4.075077549291564877e-02 2.070130504675860017e-02 4.559987330106252124e-02 5.511895410154526997e-02 4.361202369844070087e-03 7.017871471316265708e-03 2.145295080705050123e-02 7.013613258299344899e-02 4.082818829834906731e-03 9.964764898830205664e-02
3.160628159980204827e-02 2.832974006857719856e-02 1.067774265124672717e-01 4.962506987676821614e-03 4.169951047701811464e-02 5.726534783231966574e-02 1.795990988379237915e-02 6.580984540086211657e-03 1.636351175665805638e-02 6.599109678186565464e-02
4.025210620013601470e-02 5.938338907044016235e-02 1.428603857892746763e-02 1.183999017798628706e-02 5.383515371780691477e-02 3.746052809763254776e-02 1.624490347464487006e-02 5.404579669052345797e-02 4.227366262082307008e-02 1.139087684648902241e-02
2.691053055386861265e-02 2.378342919756848417e-02 5.184125018258360640e-02 5.069992185192101486e-02 2.452156500806717057e-02 1.033142249838887861e-02 9.257293062563860808e-02 4.100201138652511540e-02 1.566046766490216888e-02 1.371052616156063185e-02
2.340467501897329494e-02 4.331392436882223335e-02 1.476005702584807025e-02 1.460048921267922961e-02 1.743868414030303599e-02 5.157773802989389783e-02 2.321599584185229243e-02 2.946099712053520947e-02 4.214346110722129446e-02 7.411864259300554592e-02
5.243936417904833391e-02 7.052686509463065856e-02 5.498663656739854327e-03 7.451681819163915449e-03 2.828679031717476044e-03 9.866693367736659170e-02 2.434953386731891073e-02 3.561870787369890608e-03 5.213799947956036795e-02 5.975587887401924425e-02
2.992104472555802072e-02 2.195195571579660818e-02 3.037581391570219613e-02 8.093524105741417562e-02 3.621181099013510984e-02 2.326243116439871174e-03 5.016625327114421738e-03 3.491467333408686258e-02 7.832456452521160961e-02 4.826798138829478668e-02
6.386966830061075427e-03 1.365749953439185718e-02 1.314667027743174343e-01 8.182622831762190185e-02 2.188106119933369564e-02 6.438149520219282364e-03 1.331327283935407613e-01 3.728038857295667280e-02 8.935037476119768451e-03 8.214554055768753110e-03
8.247706599878672218e-02 4.918463175086507100e-02 1.192024978380945566e-02 3.484845972410235970e-02 1.999955782956844286e-02 1.198139580606475026e-02 5.293087131022092620e-03 1.146173425092107678e-01 3.447083588192144388e-02 4.089670318440243903e-03
9.536876344463374178e-02 1.586894213561838504e-02 6.364912784396863088e-02 5.451029356045436480e-02 5.710543591786078690e-03 3.761293673326622511e-03 1.263351936743399399e-02 1.059252119148531290e-01 2.183591111026817258e-02 2.737505666304943658e-02
5.345890608520526346e-03 6.190117584008026155e-03 1.626359861598996037e-01 3.694368687034484122e-02 2.176865887922307952e-02 2.105062921065787435e-02 5.112298688235338007e-02 5.324869706658259816e-02 3.438403426161119880e-02 1.908137248127333291e-02
2.715283184869400363e-03 2.435651605927073582e-02 2.723986247956314971e-02 3.004084892479369148e-02 3.871487797978254500e-03 7.984391424249961955e-02 3.457323487350565799e-02 5.104242483748792913e-03 6.760051090419924580e-02 7.448001800482376145e-02
1.449648473613390776e-02 3.182246911302209769e-02 4.784327695071135741e-03 3.584557815951399523e-02 6.649276759632356815e-02 5.140960613654011607e-02 2.061363173093445911e-02 1.332727709072781264e-01 1.735176331723422075e-02 8.627955114276917442e-03
9.706478102944436637e-02 4.740097320101345491e-02 4.905765768943037841e-02 5.561945323270638120e-03 1.515838074665456885e-02 3.581401337284018105e-02 4.291585007568782945e-02 5.033748821541225021e-03 6.868562501079102621e-03 8.484408869861606584e-02
1.301552669257270874e-02 1.138412612748112077e-02 2.883328921573927520e-02 1.206230491969167984e-02 1.264406579598635616e-02 1.080853072512936164e-01 5.156474355674363352e-02 2.216829344480066022e-02 4.207731246200463460e-02 7.225612994988694915e-02
3.456220238623455149e-02 4.390050723030443358e-02 7.251708831915110176e-02 1.022431125822095832e-02 1.541368056270588788e-02 3.866586624334541339e-02 6.466041043879319945e-03 2.422161527718396518e-02 6.225948525325308153e-02 4.091951808160779192e-02
5.506264945891312101e-02 1.807109103091092059e-02 4.032636148232991713e-02 1.953119920774313428e-02 1.491108757257251713e-02 4.256559436062561964e-03 1.518512536265091695e-02 4.056567941159136548e-02 1.743451676815269413e-01 2.530413038313601010e-02
1.093624896357895185e-02 3.723276094608912734e-02 3.703838873458002723e-02 2.524362103329742119e-02 3.320283861987635698e-02 2.141513357904008263e-02 6.299603081760477008e-02 4.237945911460189868e-02 5.404737795234067221e-02 1.134375266155134357e-02
2.655875362945068780e-03 2.413845104335292108e-03 5.352102623434615292e-02 4.178749370731576346e-02 1.372243791058755900e-02 3.898004685743398923e-02 9.205943708552176419e-02 2.069695416225577830e-02 4.376693803604529004e-02 7.875653459638946863e-02
2.983915366810290654e-02 4.063882877586510317e-02 1.023676729395767426e-01 4.064062755885544664e-02 8.446380578517650312e-03 7.340763988074498238e-03 1.893961577844799002e-02 3.768568244162716352e-02 2.758374109052150885e-02 4.109701526035422492e-02
3.149190931331959098e-02 6.248201932943464598e-02 1.049406711058321548e-02 2.831889831063532856e-02 6.959977131402188613e-03 1.368596741754809776e-01 4.628832260110429114e-02 2.864514139314111238e-02 1.111995007916219760e-02 1.046872348522095986e-02
4.524126153401841766e-02 1.439661700191071161e-02 1.672320711700808413e-02 3.699251623466706662e-02 1.473782217541492155e-02 1.011384867356715234e-01 4.783598674678349316e-02 1.366339839013812167e-02 2.944709428651717115e-02 2.648718092780338873e-02
3.604853707139771268e-02 1.851503701716748079e-02 4.457835221098589013e-02 6.986077692130077121e-02 4.424813362463397848e-02 5.482762370820519655e-03 1.365170104267712792e-02 1.120311261667584352e-02 5.789361441639515049e-02 3.114964946336043136e-02
8.624167299634846739e-03 1.477716325430820585e-02 2.350685172115125898e-02 1.503496071825899394e-01 1.382592070933485193e-03 1.396821216092170893e-02 1.211251912400757580e-01 3.344224095172330935e-02 6.436062025342971504e-02 2.273552192215665471e-02
6.915599672012143206e-02 1.775763224973193194e-02 2.057030011220358640e-02 4.856163940224002273e-02 1.467633432270724902e-02 2.409119895799023692e-02 5.409434760521179830e-02 3.041824088167960349e-02 2.285738722703641382e-02 3.316874369517370386e-02
4.393430440416511845e-02 5.397472197110030068e-02 1.585472530018642440e-02 3.281152603125589429e-02 1.434884041855264553e-02 1.138726307479660284e-02 3.639813168854075243e-02 1.989622215512012668e-02 4.445219088258151041e-02 6.077145566986340286e-02
8.074596820821263246e-03 9.065695780826341435e-03 3.344402735646272162e-02 6.473122199164459134e-02 1.860979055688544159e-02 1.884736692655148566e-02 4.989053029149795315e-02 2.995622295664630494e-02 2.572274213530382006e-02 1.289818823021603444e-01
2.330852142591853266e-03 1.371387662296996712e-02 1.790753932012864313e-01 6.760576821758998434e-03 7.282353846998615432e-03 6.103342012890937418e-02 7.414396569708778251e-02 2.879586971799408951e-02 8.012787664332093884e-02 2.054434280132577326e-02
4.938164816889523134e-03 1.138401869876088657e-01 3.472028447270064655e-02 1.457693782413003450e-03 1.147306771294500337e-03 2.851486775908875643e-02 8.370036361355875920e-02 1.574465680071049020e-02 7.200085010692799936e-02 6.769062293784702811e-02
7.205273982581033784e-03 1.006917850098207161e-02 1.689923402776650346e-02 7.017116268763831655e-02 3.582290118388536948e-02 4.376553845689457045e-02 6.491382123711637864e-02 1.516863855436647625e-02 2.537989451332824803e-02 6.223892571760086811e-02
9.031573613061835010e-03 2.970725321504028710e-02 8.443628327981952952e-02 3.799879988351152066e-02 1.910719932044791999e-02 3.062705369300039449e-02 3.523206782323074632e-02 8.163380927446083068e-03 1.695566546820906004e-02 1.049258524528963177e-01
6.613400109997472076e-02 9.408749980917091799e-04 3.808717824630662024e-03 1.029232170209080088e-01 5.499502437215413909e-03 6.783587257264550585e-02 7.003825180042572152e-02 6.358805221912680605e-02 3.371859229678004360e-02 1.046066826680013516e-02
4.418596130918617422e-03 1.179353495661465516e-02 2.926765926247615335e-02 2.994847544267938144e-02 5.532969268725176221e-02 7.959573824154839161e-02 3.757209918425528407e-03 4.509892503023238408e-02 1.326002014962290310e-01 8.435774059804390657e-03
5.705796808678997856e-02 1.384213616531356286e-02 1.659054104003986757e-02 1.080369496549382358e-01 2.435774011111088710e-02 1.532362300565105230e-02 7.813405080616404874e-02 1.479324596092038840e-02 1.800333059058402754e-02 3.057023210394439749e-02
9.101120317262489587e-03 1.437649382037941605e-02 6.721290583224702464e-02 6.381930255089025839e-02 1.117457077109560923e-02 3.660401480986569950e-02 3.969626573926970936e-02 4.557922513485876403e-02 2.001625515493688640e-02 3.588976267775494805e-02
7.523309793327170869e-02 3.113094436375328164e-02 1.170586960474992617e-02 3.266886339522421124e-03 6.123394744151931107e-02 1.315819972462642547e-02 6.738451224867765543e-02 4.212065728076871962e-02 1.581243079052419009e-02 2.920934460006401751e-02
5.836589411899797790e-03 2.007384054618263636e-02 4.704053697759911362e-02 2.990625878402426718e-02 2.641166704643803653e-01 5.247133863306380208e-02 1.740014510200364045e-02 1.275432355486880859e-02 1.907367267898328611e-02 1.333913100696418677e-02
1.857146501101985397e-02 2.362389578668149318e-03 1.120046288901083431e-01 1.737407322125445602e-02 7.071385833541882215e-02 1.383990906781989993e-02 6.287592991513362567e-03 3.329245840559676151e-02 6.738646625128844048e-02 6.531226222304074847e-02
4.489739676004939756e-02 1.171652005179888434e-01 5.607429781076759406e-03 1.477536326458841164e-02 8.253784488310919598e-03 3.513640611169666778e-02 1.505886896419895635e-02 2.208871155271999870e-02 3.253303258893137928e-02 4.835296006430396532e-02
3.276639486253001433e-03 2.005436306310749359e-02 2.091883391965369474e-02 1.344416404103523574e-02 2.369321152010967282e-02 4.768114141034478920e-02 1.113546863913368878e-01 2.112796846296690831e-02 8.208275791691373169e-02 2.958463011523815994e-02
2.249032520878557415e-02 1.298683604824915801e-02 3.912265488505554945e-02 5.197698942498956559e-02 2.190712282867456062e-02 1.722546137286723456e-02 1.268261003359093947e-02 8.003943150744471935e-02 2.127143571355378376e-02 7.202463507968358269e-02
1.596940428728535477e-02 6.376074522807687051e-02 1.056266716786846693e-01 1.986833684901287075e-02 9.903068158611789615e-03 1.814959484571089174e-02 8.542628078794307911e-02 2.464048785965667482e-02 9.498506398139360332e-03 2.053034018207613998e-02
2.613106839349875130e-02 3.003141017418681571e-02 1.743997773155487110e-02 3.805584041175882892e-03 4.775253751038391337e-03 4.243300900812237153e-02 1.279025374480801114e-01 1.055708403800213746e-02 1.083229570990434654e-01 4.532515026852029089e-02
8.466609497747916435e-02 8.139021689702994125e-03 6.944657905117809782e-02 5.555090320800534082e-02 9.036578370026721041e-03 8.414029209243424623e-03 8.350097804381684252e-02 8.480549419055459504e-02 7.070628909213175911e-03 7.401495988490118874e-03
1.450282039672671011e-02 1.833815208499411584e-02 5.137121553325962875e-02 4.799284555269647118e-03 3.888951607640984964e-02 8.520247977984852714e-03 4.435926135360776512e-02 5.858726306121211924e-02 3.192594427618507258e-02 5.670219313834160002e-02
4.661762553898299993e-02 1.284765614014476455e-02 1.344998703093635423e-02 2.967314042489536258e-02 5.481628212979459264e-02 2.087987515479433620e-02 6.067668314595889290e-03 1.542191059275345166e-01 2.207850860746833968e-02 4.300411850786338419e-02
6.818093770879581419e-03 1.799750628089350768e-01 1.850146581384002481e-02 1.791281085758198235e-02 8.837973917383622202e-02 2.085048452933763868e-02 2.387165178127221080e-02 1.550705953533611584e-02 1.612046022408520837e-02 3.933258801827526491e-02
7.590783094337290315e-02 2.593357796080245081e-02 1.458056033203724601e-03 1.261405870859805267e-02 9.433622479790526594e-02 9.590285474920974551e-03 3.569276176801429445e-02 6.635383639917841192e-02 4.193700831592447192e-02 2.822748556774540285e-02
1.741485526999381889e-02 1.362080239733462483e-01 2.229043748468913927e-02 9.669656558739102292e-03 3.002015826200821885e-02 1.088851566894605792e-02 3.145113527520186636e-02 7.575491341004519930e-02 8.382711596548927599e-03 3.234375377651017153e-02
3.855551860046183693e-02 1.797527654993468643e-02 2.218512839017511631e-02 1.447511980665012327e-02 4.265065850678931986e-03 2.468306412885093448e-02 9.271900204870864304e-02 3.520442015219744925e-02 4.178441154786941003e-02 6.792505492010587898e-02
8.523868708716270115e-02 5.469876176209002849e-02 9.200832628096599838e-03 1.324133250193431088e-01 9.706890660934056059e-02 1.674421664197400794e-02 5.416277651251967876e-03 9.288519519835334790e-03 8.788577028245474210e-03 1.167638271345220434e-02
3.610896368562180499e-03 2.230641006215278166e-02 2.923393034361254639e-02 6.531332578798763888e-02 5.318945988047228679e-02 2.998038639310003639e-02 3.263588889086316974e-02 4.103063087890629346e-02 8.749069461411201898e-02 4.534213812939000450e-03
5.556331376944067396e-02 6.526431369184799124e-03 2.011328195180970071e-02 2.979665130087224244e-03 9.361319317031508574e-03 2.392642242650121487e-01 4.250819596375637888e-02 6.010146018113336763e-02 8.997055656626893813e-03 2.522151502520407138e-02
1.233298254551517571e-02 2.734111652353726080e-02 3.793725641470487020e-02 1.340609303898274152e-02 7.755244084656304215e-02 4.471657150295443861e-02 3.749507134662132153e-03 3.258042621049936360e-02 1.184623167352712170e-01 7.953117746926023635e-03
1.521840893110333083e-02 1.018308434356164222e-01 2.465010185147100893e-02 2.155444601389095577e-02 1.355543836599119589e-01 1.467439393644319467e-02 1.157517382114879867e-01 2.099871117521781919e-02 6.810239769534263618e-03 2.949676280338372775e-03
3.034985585894478186e-02 1.424109707528083135e-02 3.357791258363642534e-02 3.487195497691782803e-02 3.535288266887642861e-02 3.069035512485130540e-02 1.518845519590764082e-02 2.742925090039108338e-02 4.785962698051758613e-02 5.302423226448436250e-02
1.553375667812175176e-01 2.934970025106694094e-02 9.450528521168934104e-03 2.443450138112594205e-01 1.607400545750571966e-02 4.036791748215635967e-02 8.202423739730406449e-02 1.445393469170578107e-02 1.861134100564156468e-04 3.200697307632165579e-03
2.403961889662275739e-02 1.573154548247367168e-02 2.680608597079588429e-01 1.440487665779519727e-02 4.063908512147828243e-03 1.260106078046598077e-01 1.461230716753166535e-02 2.354958646171186748e-03 4.883737544353073876e-03 1.507870012711341745e-01
3.967000867895196722e-03 9.043962007746500498e-03 2.132832094619528662e-02 4.628533523072762834e-02 2.332068520099365994e-02 4.192479500902439142e-03 3.004216419732231094e-02 1.212392844459610486e-01 3.814107949267136338e-02 1.240115476554683183e-01
9.791790774815208390e-03 9.398878424008114477e-03 8.329540913798379187e-02 5.049876477299387184e-02 1.607676302834761331e-02 7.627490742967732266e-03 1.240058070652783062e-02 7.865268212476335397e-02 9.070736302871432177e-02 2.249265680631708925e-02
1.758430200955089784e-02 1.042108561772389502e-01 5.651500509881909884e-02 7.250434141501407859e-02 3.084216442095817634e-02 4.185320156011995696e-02 2.028420499208706193e-02 1.036633223206783437e-02 5.833654440910922973e-03 1.120140785242604124e-02
2.594155606256334443e-02 1.999807322016503366e-02 5.140945856277803760e-02 3.297054108127284167e-02 2.060417164669574308e-02 1.056905808500386013e-01 6.729718698778805637e-03 7.281371529942255033e-03 1.153045990971059004e-01 2.278869834720206877e-02
3.941108371933586124e-02 3.755378020878638590e-02 3.438417048850479080e-02 1.080565561604482361e-01 7.054401997714250701e-03 2.215453223108636641e-03 1.946006705141360010e-02 5.884102141153174648e-02 5.704042778104956996e-02 2.450852706638757122e-02
1.516730314323777237e-02 6.289574124306317182e-02 1.619661896136086188e-02 6.055536389978717626e-02 3.076752097528587943e-02 4.724635148532412704e-02 1.307915894844885740e-01 3.401198232657097476e-02 2.084942819643889871e-03 3.162772310839536295e-03
1.259810812227147268e-02 1.831902129399579082e-02 3.103055739285764253e-02 9.517144420418746642e-02 1.420280748624098630e-02 1.228291416159048854e-01 1.454785991153187061e-02 2.852583757679569808e-03 1.865442668226533970e-02 1.184866987212011419e-01
1.176453243743845294e-02 3.529301788154542985e-02 6.431329049898516260e-03 1.044516943708590634e-02 3.409057107389362740e-02 3.949109597107312158e-02 4.484232678032017139e-02 2.877643222805426060e-02 4.078480979764591285e-02 9.637261489254773938e-02
1.697093914425643335e-01 3.392079878490286693e-03 1.621135184666044069e-03 4.338944442954682443e-03 1.135478820550776466e-02 1.860271966790096043e-01 4.445194343147165772e-02 1.404729765698153887e-02 4.630881878495705928e-02 3.496398914790785351e-02
2.647617646411284855e-03 1.762618200026281820e-02 4.605643046799422213e-02 2.554823211391327176e-02 4.825187042050075453e-02 5.345598387842119548e-02 4.517382425112095173e-02 7.325723369606934599e-02 4.758987805487605721e-02 5.872314662576572607e-03
4.285759770047140732e-02 2.187256249779751319e-02 3.452007151171204019e-03 1.214863067815519747e-02 2.149004604061510726e-01 5.292908819704236767e-02 1.894933936027363985e-02 1.536410935373577411e-02 8.067549189135286847e-02 3.353114418138475154e-03
4.505554333062675859e-02 8.346697782333744806e-03 2.043051137029004011e-02 2.490430137765138607e-02 3.717456715762907510e-02 5.888118259541155752e-02 4.969057340556290447e-02 1.454400938026992676e-02 4.290118986357967928e-02 2.484902093679992180e-02
5.761305634083267041e-02 1.117833449989841070e-02 2.284719711202461839e-02 2.632163850237644910e-03 1.464649469144626778e-02 1.786358318826969660e-01 2.970888540639490122e-02 2.422191087221257227e-02 2.239364075517382910e-02 3.922804849193770038e-02
8.395593221157987562e-03 1.308259528774970495e-02 1.331347219942500409e-02 3.779524251562400156e-02 4.713424232650371970e-02 4.015979311813219071e-02 4.923896378563458187e-02 3.851922865959761522e-02 2.666032724378046559e-02 5.393731025443083277e-02
1.697659954968830376e-02 3.930373785856228208e-03 5.860626493502191225e-03 3.877696725848641529e-02 1.547245127022068845e-01 2.179502458485715888e-02 2.431520616213490860e-02 2.090205360411379054e-02 6.845061139083351287e-02 5.691687347260730723e-02
9.357634897048503278e-03 7.162784683638424854e-02 5.811675690386959581e-02 3.846018661141653583e-02 3.834818483300468650e-02 1.975452652282746330e-02 8.241540464963763996e-03 3.364432084764405056e-02 5.245932717451570748e-02 1.714612433301750116e-02
4.324043289856998457e-02 7.022439339929664737e-02 2.118592663227855666e-02 1.028397332965317323e-01 2.921015003396763496e-02 1.629162792453622138e-02 3.596154544263929081e-02 2.804411772142872267e-02 1.233080030161665119e-02 2.996094631444361570e-03
6.934144235819838208e-03 5.540696557456564059e-02 3.107200824922164151e-02 1.936376075514637668e-02 5.048610051779043109e-03 3.521530345614729690e-02 8.179454272360306422e-02 9.428130479725389465e-03 6.911169969468419771e-02 4.048280307319786220e-02
2.426660070965781443e-02 1.047352444408349882e-02 2.910179244643180257e-02 4.239443826694352935e-02 9.221288599027273325e-03 1.930130433043656529e-02 2.533747408150469754e-02 6.199545957504783156e-02 8.793375039910747426e-02 3.330449420094687418e-02
1.745743143109049905e-03 2.836599991535068005e-03 4.482723175537625671e-02 1.116688124313667541e-01 1.753020293049896428e-02 3.993441407532944548e-02 9.632308369539220594e-02 3.959930592343176986e-02 4.602986746434265669e-02 1.090910509225314837e-02
1.800495215605948246e-02 1.137439177176540958e-02 4.426945294098414557e-02 1.380806809229743852e-02 7.984227716770117556e-02 6.081699829837695914e-02 8.418894646784979424e-03 4.531078809075224367e-03 4.361209053220161530e-02 1.001584347503734762e-01
9.060418310951329560e-03 6.445613457370676092e-02 6.131085728510275723e-02 3.052190266781979258e-02 7.116132795946175128e-03 3.137393625158661770e-02 1.706740378654192022e-02 3.130742648213882817e-02 9.148304846386853817e-02 1.545399717069425617e-02
2.171256803952606451e-02 4.124000951139453891e-02 4.183691323005356288e-02 4.220674489462067011e-03 1.751711872334660303e-02 2.639750450846740926e-02 3.677035778786999498e-02 3.953603268195012010e-02 9.537217451770152454e-02 2.146611638582276299e-02
7.410452298143813121e-03 1.171254044853216152e-02 1.089492141774479374e-02 1.353349501368025232e-01 6.746279109391351871e-03 2.640762511827706230e-02 5.286680499824463614e-02 4.245299005303883322e-02 7.064058475200415965e-02 3.243103914410649935e-02
1.631352861065769183e-02 6.072710018590037062e-02 2.386280683328554850e-02 2.240047446445499191e-02 8.228130573304140438e-02 3.118931261542145367e-02 8.473175355676453024e-03 1.402959535252097309e-02 1.168743242024507800e-01 1.528545626234433137e-02
3.075699715880604243e-02 4.972476373462381138e-02 3.826676553791014818e-02 6.831784131963916824e-03 6.686653159906516541e-02 5.852548279849742463e-02 3.538222240682422932e-03 4.643299316195217963e-02 3.119393557444510509e-02 9.676211548519027608e-03
4.515431967031462157e-02 1.668780375089162771e-02 3.323447694809872344e-02 1.824663186473669818e-02 2.202903133752372872e-02 2.221188175740864551e-02 4.386099589005209437e-02 5.372131090731078334e-02 2.719344376420580744e-02 3.675279820720822599e-02
2.327414724460324241e-02 2.353085923033752802e-02 5.494356636218975659e-02 6.779357389979887016e-02 4.021049336516258760e-02 2.464670016735620584e-02 4.693179576612263593e-02 3.085335969750536284e-02 1.256885145614534960e-02 1.036268282912461078e-02
1.269492819725726029e-02 3.435882723023749724e-03 8.606884212080766552e-03 1.289800779589778956e-01 5.033877750750655189e-02 2.026084536983473183e-02 7.319541082951348636e-03 4.190573788619067486e-02 1.083787061720730693e-01 4.029040133497135273e-02
