2.892809281782362518e-01 5.228613090422972176e-01 2.549629825066417332e-01 1.835356871572155768e-01 1.827232778448247275e-01 1.200300006328741398e-01 3.642950134373532656e-01 3.828998481177601776e-01 3.067215927810519327e-01 3.926893603017443946e-01
6.290945949450124641e-02 1.241524536198095607e-01 5.092588013973093908e-01 3.239387365923442341e-01 2.213324260758324780e-01 5.058983292787897490e-01 1.556238780799842347e-01 3.337947599493482076e-01 4.357878864804366481e-01 3.273032690316424187e-01
4.042477709418998977e-01 1.463155631663270728e-01 1.960840920277182320e-01 3.467667534684630848e-01 3.816137337802313900e-01 2.445279866977521921e-01 4.253768216431933480e-01 2.592937083004971943e-01 3.585062996634448274e-01 2.372672703104766190e-01
1.762868350295778708e-01 3.452380663100979574e-01 3.213933574499238111e-01 2.778081852430065446e-01 1.997872114702856916e-01 2.217399410593556275e-01 2.649593252034875279e-01 2.519010381976995450e-01 4.313385515455470109e-01 5.095474884910177193e-01
4.545695449429968393e-01 4.895627734406547693e-02 2.917679752975470553e-01 4.121224092478414924e-01 2.346711595589457133e-01 2.867755823358934530e-01 2.309691878692516631e-01 2.163871558518679905e-01 4.083820979455179412e-01 4.153986096060711120e-01
1.459297724342945302e-01 4.151541888364665978e-01 2.665599884734125569e-01 3.636552688939235223e-01 2.504464894884126380e-01 2.044698696069097987e-01 3.870293432167273284e-01 1.434096760389077518e-01 4.081873178198140995e-01 4.151580851911291226e-01
3.457865711960123045e-01 2.855397654851353773e-01 3.652113320928158102e-01 5.720432159425488106e-01 3.696105976015441330e-01 2.645942589029981473e-01 2.525626812519236042e-01 2.917864897112884548e-01 5.881924156377852514e-02 1.940458462519568106e-01
4.419438762829659972e-01 3.402062124026350998e-01 3.095394980473784030e-01 2.736950445545385247e-01 2.383572538954227271e-01 2.934409330284397099e-01 4.256902300238090131e-01 1.516512890867712515e-01 1.749093285400824538e-01 3.505663341379604558e-01
3.684980272221164976e-01 1.790013867464380348e-01 2.772826889853136079e-01 4.242244224383140416e-01 1.770635140942909691e-01 2.810844251181572329e-01 9.971493028365252531e-02 6.591347207491546900e-01 1.584825241667502937e-01 3.755133601958164369e-01
4.980065679565046644e-01 3.555645330094001633e-01 7.204425059462089831e-02 4.841287921442033459e-01 2.506344526677982687e-01 1.939152364086697555e-01 2.368171367835816554e-01 4.284641315313980070e-01 3.788637708333744691e-01 1.015611280704532826e-01
3.558344478537716071e-01 3.071217354882755379e-01 2.950167986385606178e-01 2.422113316097743996e-01 1.159537295780511262e-01 1.045086252331154514e-01 3.832888640388669166e-01 4.681750687232130170e-01 2.339532888511418052e-01 4.939361099852289660e-01
4.421363575473870600e-01 3.578896927009075912e-01 4.337084312809010300e-01 3.886031798268274051e-01 2.028696773138253806e-01 2.134393337122669487e-01 2.580019756343288617e-01 4.021446414705449612e-01 1.299361098740460796e-01 1.712706006389644320e-01
5.230371118083565474e-01 3.436664525192053565e-01 1.502665996796729853e-01 3.662991492057329213e-01 1.943020193304651755e-01 3.174938480818046971e-01 6.832332899660592540e-02 3.523749379015741479e-01 4.297477769505598788e-01 2.544887755260217821e-01
3.596831084882737839e-01 2.504907020083764202e-01 3.547732905020447580e-01 4.048745480734820545e-01 1.148689131969850424e-01 2.323053887567504971e-01 2.470447980404157917e-01 4.551612080001073979e-01 9.750188032274074990e-02 4.832961626108212005e-01
3.021735889650420948e-01 2.953443175187316361e-01 4.872004612494319487e-01 1.107190184862283655e-01 3.758209417551485743e-01 3.755417426076254062e-01 2.462734131936237247e-01 1.750333575412594267e-01 2.272719128241612319e-01 4.046212458587531979e-01
3.502633400392030638e-01 3.841153139087372104e-01 2.205150340611599091e-01 1.985459365239643781e-01 3.746417232437388445e-01 3.341187579626024862e-01 2.199019910922362375e-01 3.791287604327815419e-01 3.528794750138976033e-01 1.858896677216766991e-01
2.942815970443374285e-01 2.622500545065241662e-01 3.718469408746630789e-01 3.576657691593777000e-01 2.913396514720908437e-01 1.723890016765910194e-01 4.580000730182013924e-01 3.459277315119414498e-01 2.324333777098533116e-01 2.138658030264223853e-01
2.510590410919308901e-01 3.672682066776407073e-01 2.027229210167409423e-01 2.572800210318321179e-01 2.226452018574690550e-01 3.809967775203966234e-01 2.561265084215356147e-01 3.014258407537010465e-01 3.392325212684276226e-01 4.212429603603219941e-01
3.722215953229892071e-01 4.403875238781497781e-01 1.154058502211346704e-01 3.221535504344521517e-01 8.076769746708722941e-02 4.806463920738343054e-01 2.977248480000455055e-01 1.057159169049076142e-01 4.001438146405509877e-01 3.848328110568440819e-01
2.883524679902695897e-01 2.661942772588314909e-01 2.981981675968209400e-01 4.280187786868224764e-01 3.551695115764015864e-01 8.878084406808055273e-02 1.540892835528895333e-01 3.299582743450962252e-01 4.285179765304912847e-01 3.627204183942929205e-01
1.658009468677696663e-01 2.095359485752453788e-01 5.026426095294922458e-01 4.381314887197410024e-01 2.953549311523702148e-01 1.352467144016287204e-01 5.097696941761810097e-01 3.552007478261073325e-01 1.718073306057323335e-01 2.165095881457298199e-01
4.632462630090746214e-01 3.906951187759727384e-01 1.845665537609190443e-01 3.667499933949023294e-01 2.205443798962325730e-01 2.902202950874174237e-01 1.206533979860211769e-01 4.915033875570167243e-01 3.657121906802396905e-01 1.061084198522032201e-01
4.582558724151192253e-01 2.088814739913604224e-01 4.108107150874062974e-01 3.941471755536274379e-01 1.377965473572158595e-01 1.672953848758003403e-01 2.007897508288558064e-01 4.716909397679136529e-01 2.579933320310304756e-01 2.923388080916720089e-01
1.612531894227448581e-01 1.371392111996553587e-01 5.303849526324586616e-01 3.384202916593415100e-01 2.749942048207902889e-01 2.457521769161840064e-01 3.722720031588372391e-01 3.713613726999321907e-01 3.066125755683049015e-01 2.618100219217532332e-01
8.328242228308502249e-02 3.624971188270807443e-01 2.460008707149005658e-01 3.777117446657867750e-01 9.952500134890568395e-02 4.496909704999010327e-01 3.472706443659340780e-01 1.257939927232192556e-01 4.477894626129055311e-01 4.604377719582795070e-01
1.981037032025091682e-01 3.687607465441410382e-01 1.086520618877667432e-01 3.576784273164214101e-01 3.978579292660965327e-01 3.741368286450390546e-01 2.460810182872392726e-01 5.009348078668915960e-01 2.376059525141120954e-01 2.101885244697799249e-01
4.651739920363672787e-01 3.606974677652666217e-01 3.764118237423934032e-01 1.309888051965030220e-01 2.582765471387451495e-01 3.061640099908249923e-01 3.665331164100564809e-01 1.341513707893379481e-01 1.495448169518714954e-01 4.520580499786374107e-01
2.053555525800639381e-01 1.988114297444377454e-01 3.091413299979365314e-01 2.040527409386089230e-01 2.032531010490209733e-01 4.764423132505043457e-01 3.824915310876280117e-01 2.562037317701752470e-01 3.432779315825328359e-01 4.209703379990902272e-01
3.164001097591379041e-01 3.433166570042779364e-01 4.236305756893750107e-01 1.817615770507499118e-01 2.179877608602432404e-01 3.686085501585639745e-01 1.325973640985457225e-01 2.958652819867170214e-01 3.876747569958878814e-01 3.321573663964995093e-01
3.936776152388769545e-01 2.188611285361175274e-01 3.653101862871314109e-01 2.278492458021799394e-01 2.761214305225699883e-01 1.150832556811206553e-01 2.547821113014467898e-01 3.419723504774661027e-01 5.364063714225105750e-01 2.699363047305762264e-01
1.956649316481969825e-01 3.320984820597028264e-01 3.220472181806547374e-01 2.684651380071124693e-01 3.280940324780692308e-01 2.395851725310069180e-01 4.034436210237843934e-01 3.365081972423056289e-01 3.818086851091116452e-01 1.922845217200576662e-01
9.100273758468931107e-02 9.512902529251950068e-02 3.995528952116833565e-01 3.460087884338720610e-01 2.102582160576825787e-01 3.517277379584592412e-01 4.496574704795081034e-01 2.447246772413384508e-01 3.627949478045415788e-01 4.491435039357082881e-01
2.831545795973529067e-01 3.434800001594970897e-01 4.656782656244304874e-01 3.551303079757249792e-01 1.703859263624722953e-01 1.798127637176935301e-01 2.483201212028389726e-01 3.299365515000836080e-01 2.779395045623576088e-01 3.461619792975478282e-01
3.114012383393306438e-01 4.153745975360544906e-01 1.589796793343597192e-01 3.932244397830656490e-01 1.265280195954292530e-01 5.152925282178353328e-01 3.712094420634565184e-01 3.054490990400220984e-01 2.103893572401447642e-01 1.921515988503032513e-01
3.654479004341667503e-01 2.189172857255429760e-01 2.247605673404191040e-01 3.520317428753327316e-01 2.008821634353045171e-01 4.710686825847592574e-01 3.798308742201659260e-01 1.971739639961909429e-01 3.275862696395532847e-01 2.623003456890792284e-01
3.331571734845792387e-01 2.314314083789547061e-01 3.543866323932486351e-01 4.091166064878045683e-01 3.802926862072872893e-01 1.189218436591154837e-01 3.051558142047342548e-01 1.697510218289159656e-01 4.092460467118471112e-01 2.885407666435095830e-01
1.904383398599363009e-01 2.467189753176268763e-01 2.833702673060338739e-01 5.335993949677133585e-01 5.717822570914503355e-02 2.349458624638813831e-01 4.788181807131484669e-01 3.084185238861140155e-01 4.104696624676330008e-01 2.560425673087673437e-01
4.120299547997115508e-01 2.359146373448118561e-01 2.494595012110900067e-01 3.725177010870155958e-01 2.074801672954654785e-01 2.805084143579459344e-01 3.707475337715046004e-01 2.946300296188283374e-01 2.719016455670911769e-01 3.048104149465323820e-01
3.399159306946701320e-01 3.859780679015512028e-01 2.070716270265547942e-01 3.341452793287335021e-01 2.186489511587698664e-01 1.884607959853541737e-01 3.490256315107665430e-01 2.330498344644812980e-01 3.549805754187712603e-01 3.887233065103490315e-01
1.544896632150225269e-01 2.047066398860918346e-01 3.102387373446710561e-01 4.018048409461802972e-01 2.436454992374977868e-01 2.426612534960235212e-01 3.634013058975842370e-01 2.968353649601127020e-01 2.831499567681637353e-01 4.990667382486507764e-01
9.984573135840384139e-02 2.321763885492433011e-01 5.386978497399097510e-01 1.472575545759899074e-01 1.654822234378576506e-01 4.042562312718493978e-01 4.305751609638819866e-01 2.875479480014928590e-01 4.177277423707579374e-01 2.764331697306126046e-01
1.123561348752799005e-01 4.962599258856512652e-01 3.675136177068749621e-01 8.684553577528190960e-02 7.880558155700563561e-02 3.269669937070406318e-01 4.333906223254290202e-01 2.123961482043729976e-01 4.412991708387724032e-01 4.441662691242984629e-01
1.396008274085122347e-01 2.477361778139993975e-01 2.194888190062848632e-01 4.183428994533133771e-01 3.154215634481467578e-01 3.420535174027343750e-01 4.074040112732393304e-01 2.179544045424928744e-01 2.772005018926678721e-01 4.147972777586066973e-01
1.578045469215882401e-01 3.191858839011304516e-01 4.317709433596942370e-01 3.318577561552182309e-01 2.490741065240324459e-01 2.914186706170497909e-01 3.347317058230830922e-01 1.716434030644299336e-01 2.367280391555169061e-01 4.757849444782534243e-01
4.738141716433965644e-01 4.779099856766728938e-02 1.040076299779115199e-01 4.995535556148793521e-01 1.131215224474406977e-01 4.365661226711133880e-01 4.201512942968889663e-01 4.053639822301458584e-01 3.336006972108540580e-01 1.660300253397010151e-01
1.730422684569826730e-01 1.955210217967281450e-01 3.054953854336688868e-01 2.925854970875683136e-01 3.936079796014301801e-01 4.588796781132614133e-01 9.553151245565508209e-02 4.063549000669083311e-01 5.091752339753655709e-01 1.698065230124344294e-01
3.867589521742893499e-01 2.143907057310417141e-01 2.305027508842744932e-01 4.697927321509672294e-01 2.828393500455845810e-01 2.134180725367884335e-01 4.386401907899807329e-01 2.042006603608560455e-01 2.691521958128484382e-01 2.903043895133686214e-01
1.695870347889304741e-01 2.229418275862670717e-01 4.102749419816193455e-01 4.140229687086745547e-01 1.779555010019431838e-01 3.419518980432271205e-01 3.205026868748027669e-01 3.629565797429390450e-01 2.327301172492278192e-01 3.470764440223729208e-01
4.216449263033290595e-01 2.911493221898280304e-01 2.677519532304303285e-01 8.340673765827089081e-02 4.567193387544699057e-01 1.823186958101051247e-01 4.171340084970356910e-01 3.532038425170438978e-01 2.178519259655362639e-01 3.088192490739520846e-01
1.427755315028095551e-01 2.646708496684451739e-01 3.509284939918705382e-01 3.038489967486081023e-01 6.030942664837972700e-01 3.903024273761238616e-01 2.420627926071005631e-01 2.115489918446402107e-01 2.499291715089847210e-01 2.408384782676209201e-01
2.837667120079351291e-01 7.211208196017614147e-02 5.063320129909115730e-01 2.208354299111332519e-01 4.214880140743622050e-01 2.161451463830951214e-01 1.451202699535222851e-01 3.383310318735603950e-01 4.023983566987507920e-01 3.934709441465510937e-01
3.655117684649010767e-01 4.992052382705143287e-01 1.155681077799542988e-01 3.524610663572179114e-01 1.351653304728830940e-01 3.842469928454615435e-01 2.004504920393419820e-01 2.914502882172618214e-01 2.919845189240020678e-01 3.639561966284655670e-01
9.799438716758383794e-02 3.118839332268211195e-01 2.413507001553912290e-01 2.229018227640149896e-01 2.771791936842423754e-01 3.688692365955503205e-01 4.813622062187536965e-01 2.433109361563776107e-01 4.281625733262605094e-01 3.269850107050080168e-01
2.655630079772470786e-01 2.063890658971645198e-01 3.401735123270533956e-01 3.684349009482221771e-01 2.510378210621334594e-01 2.771923174276725854e-01 1.842807280690700877e-01 4.481949552515779311e-01 2.408786426380185586e-01 4.178550484018431210e-01
2.064500686147074382e-01 4.195451174682711670e-01 4.748719637963789708e-01 2.530803144007481853e-01 2.122747352686113198e-01 2.337392069122323224e-01 4.364279367669453014e-01 2.879974324658071128e-01 1.695290306570592098e-01 3.060841936492401660e-01
2.842325078283688966e-01 2.922379439126144840e-01 2.506394460559391857e-01 1.432952631072576533e-01 1.329982372920451572e-01 3.795297077001154595e-01 5.050138124830279018e-01 1.664821215208610039e-01 4.791517150423909577e-01 3.664192450573779958e-01
4.697746941880226457e-01 1.418975551071377517e-01 4.331784695945044561e-01 3.908270968729286587e-01 1.776862306013903825e-01 1.727435857539436070e-01 4.495524458375638188e-01 4.530580243718335121e-01 1.666385765787236628e-01 1.446433210939543357e-01
2.184471923835772933e-01 2.341822755268692657e-01 4.227174903374097958e-01 9.869462671475436044e-02 4.329321800407409659e-01 1.420702930829522148e-01 3.775926623721709285e-01 3.889045825313857119e-01 2.907644941010559259e-01 3.936942029090869655e-01
3.573474413808068739e-01 2.010849692854066173e-01 2.325658777104345765e-01 2.941497961248596971e-01 3.684000901607670242e-01 2.816578503928757193e-01 1.296165320512169261e-01 5.267481587363089801e-01 2.607313176139344768e-01 3.476979665433901356e-01
1.312807555451920849e-01 5.467246961829288487e-01 2.574634132569218470e-01 2.362799553952916187e-01 4.493480944021269186e-01 2.457377492378022277e-01 2.884711179034635253e-01 2.446184684686690536e-01 2.074449658152122677e-01 3.926307837923939115e-01
4.130748572522302542e-01 3.112573295909065174e-01 7.590757785655699585e-02 2.085388775517823534e-01 4.616166133709002084e-01 1.613390664704961452e-01 3.427212005005626505e-01 3.969332980312195169e-01 3.440626617043886504e-01 2.845485176709567354e-01
2.139355857192254406e-01 5.015683668644719262e-01 2.873138615673603291e-01 1.643402757611655551e-01 3.688956664013103293e-01 1.724876710189348350e-01 3.243929375823466077e-01 4.397028314860512710e-01 1.417021621186490832e-01 3.856606414804870098e-01
3.346901077751879283e-01 2.351158247115124889e-01 2.660622626351527575e-01 2.468689486513939713e-01 1.206554611540992666e-01 2.946722784902983117e-01 4.449096086941204953e-01 3.135246969900649106e-01 3.394736385760497854e-01 4.040271723221190991e-01
4.513617545003819620e-01 4.046301654539921078e-01 1.560638387654289527e-01 5.128936849395779873e-01 4.670777912000918519e-01 2.624794944170242839e-01 1.426260485064975991e-01 1.937742003785378753e-01 2.189630739106212531e-01 1.901299479278476812e-01
1.220371432032291287e-01 3.043142932632768582e-01 2.761767314236293069e-01 4.045025174376354338e-01 3.771381480657274299e-01 2.881303343257599070e-01 3.127649185478644789e-01 3.427474849796527390e-01 4.556501574128847265e-01 1.165382713403370907e-01
4.114333257490667695e-01 1.204081009438356248e-01 3.839443398277868624e-01 9.775679202671097578e-02 1.859397055211865490e-01 5.838157155390197861e-01 3.458093210528701000e-01 4.239163238274500367e-01 1.590190325518979209e-01 2.879573429601754442e-01
2.566282079772664870e-01 2.643595528969189257e-01 3.614024487387512696e-01 1.943996178342616843e-01 4.338939414200795319e-01 3.884166385998697457e-01 1.059355544548411243e-01 3.534986769370674908e-01 4.888080697110295247e-01 1.526572914299130501e-01
2.285279903522711986e-01 4.587934989605434444e-01 2.776925619846992710e-01 2.629315403704318710e-01 5.039200787396462822e-01 2.008175115009162015e-01 4.889962911298255666e-01 2.563374976758349688e-01 2.014671573493833079e-01 1.205158719364478048e-01
3.092554894987857850e-01 2.045401659596395305e-01 3.252574639148388957e-01 3.086347696036456090e-01 3.132123364855202152e-01 3.106813988718483133e-01 2.137001129419991985e-01 2.953501696029595669e-01 3.526989138398191059e-01 3.666691792809429473e-01
5.234713771378475267e-01 3.378221507587624295e-01 1.696208579696959484e-01 5.864745720606229229e-01 2.308596030367432161e-01 3.546537943387921832e-01 4.163059273518048276e-01 2.525771554475035874e-01 2.708829558664365908e-02 1.011262663115798099e-01
2.952415003090209655e-01 2.282117325457004298e-01 6.009727883692648209e-01 2.484877970588299512e-01 1.050582243755143613e-01 5.046458252734373762e-01 2.273554664736585906e-01 1.483483347702817534e-01 1.215381482389500944e-01 5.201401825853436689e-01
9.976282690750802595e-02 2.332573951903509080e-01 2.537069600924132806e-01 3.481058349171415323e-01 2.905269911628195478e-01 1.220784113294433593e-01 3.212043189208658167e-01 4.895339689655738846e-01 3.372206952943674341e-01 5.046025972195090636e-01
2.225183485751895673e-01 1.635693904539615717e-01 4.472305888691141540e-01 3.783843544322508246e-01 2.265572336945669285e-01 2.043448171403517144e-01 1.914697892614120600e-01 4.446047510240548895e-01 4.572725454953390223e-01 2.640481810537604890e-01
2.237997873574866514e-01 4.737115630617021456e-01 3.901377321630458694e-01 4.206031519460357027e-01 2.867242019051554625e-01 3.506123583417033451e-01 2.457104756023567316e-01 2.200047683498763118e-01 1.406099960833198659e-01 2.480859651893185802e-01
3.111745492733705709e-01 2.354870485028767724e-01 3.719414965598737965e-01 3.153943824302970489e-01 2.468006187908116100e-01 4.777778847336295875e-01 1.444117114854125417e-01 1.551273601912777356e-01 4.842811050824353258e-01 2.576038429500157045e-01
3.279921450890160850e-01 3.269856896946495284e-01 3.177363099314931549e-01 4.745316742659797526e-01 1.497061741066721963e-01 1.018101512344551374e-01 2.697017855049547719e-01 3.787315346551053952e-01 3.864360156958044357e-01 2.663685198218725958e-01
2.198646703578852057e-01 4.080833867850345298e-01 2.096660206320412889e-01 4.093707614346698831e-01 2.820473545574480045e-01 3.712531711537130352e-01 5.007025273624966522e-01 3.616688586331382460e-01 8.620380556137691164e-02 1.511394435221933841e-01
1.937261869498791145e-01 2.742570071862557857e-01 2.950144886535090438e-01 4.650377788287470837e-01 1.973170287257044186e-01 4.893406578765769899e-01 2.268624886399665808e-01 1.170227897122710498e-01 2.597400179041760016e-01 4.816815555229166934e-01
1.703006752248516498e-01 3.913530718443056222e-01 1.287797015063381623e-01 2.174830163572294417e-01 3.145083766654339641e-01 3.293363071059676184e-01 3.508701239810764760e-01 2.850142385777312826e-01 3.462979847998919891e-01 4.660565039371750151e-01
5.404246799010635760e-01 9.558808734262203011e-02 1.050291368405242010e-01 2.193396133198728948e-01 1.969779781300103338e-01 5.513419970784999569e-01 3.843579770669133255e-01 1.927284288466591944e-01 3.857412665090136916e-01 3.284708349648213233e-01
1.074771879023504600e-01 2.544789651037079881e-01 3.483666221676423591e-01 2.712431537549299110e-01 3.639634857524033373e-01 3.640786400615530494e-01 3.490203063814815154e-01 4.193796782044809657e-01 3.716000370630698213e-01 1.502522729776321064e-01
3.958688752768891872e-01 2.528856279288096975e-01 1.330052505239262550e-01 2.171426427386264901e-01 5.694248205168259691e-01 3.903465612793093342e-01 2.714243194349639232e-01 2.094699294051509120e-01 4.745658715920385573e-01 8.586610130345800895e-02
3.871324226100854582e-01 1.501335311681224194e-01 2.909358781709586728e-01 2.622633982325808244e-01 3.277738916465799401e-01 3.865397837990171004e-01 3.731484311176349600e-01 1.996191138264649667e-01 3.719215589697970614e-01 2.505319904587572921e-01
4.094066721367534134e-01 1.613402715289212752e-01 3.815330362344452886e-01 8.398154059143772554e-02 2.430948084227999018e-01 5.357675908688954713e-01 2.978026478468253080e-01 3.001130540754564091e-01 2.503196388766015801e-01 3.366407394178680401e-01
1.476802707389869018e-01 2.740556626602802526e-01 1.953533703846727088e-01 3.393463797660812298e-01 3.498816744318640759e-01 3.276491291739234701e-01 3.617272771440860901e-01 3.311602471742127740e-01 2.688375566011672602e-01 4.043084319247285952e-01
2.413523859218578427e-01 1.425523420316364975e-01 1.459866618617403633e-01 3.605489515849703563e-01 5.224166467984419082e-01 2.588855175536838304e-01 2.884673450730099731e-01 2.439919050789813026e-01 4.122903779835048743e-01 3.835078661121735233e-01
1.673498818022132739e-01 4.248354836359244935e-01 3.903796912981444267e-01 3.291362382288102184e-01 3.166115303370384271e-01 2.691461067659242090e-01 1.645141824694111576e-01 3.279395018286102026e-01 3.601225765779365040e-01 2.499648070559823687e-01
3.792081583066310158e-01 4.134746667794306774e-01 2.432721237728278918e-01 4.670826624109807312e-01 3.053522043052289692e-01 2.251522543910104701e-01 3.406551044602075806e-01 2.701081455317472790e-01 2.620203306088365047e-01 9.367434943309728423e-02
1.411865785230360382e-01 4.156746972196129208e-01 2.791727530927502476e-01 2.999642801886118204e-01 1.290337677885065593e-01 3.428009066755784429e-01 4.473366528436558687e-01 1.587560197516683369e-01 4.264942449866963026e-01 3.595800989298845174e-01
2.908493339924932419e-01 1.854351337955093271e-01 2.959839995586203143e-01 3.603550636959839681e-01 1.609914567217529124e-01 2.886037908744142344e-01 2.616828982547483307e-01 4.046743362445901493e-01 4.477660986274301091e-01 3.036578882344591612e-01
9.878687093055180113e-02 1.025052693095736267e-01 3.888046006611901029e-01 4.843529655833405112e-01 2.309602217103082222e-01 3.425427528869067206e-01 4.602794128039169319e-01 3.352939382918992961e-01 3.464293634137380895e-01 2.100446044085740871e-01
2.562153242715554669e-01 1.786001766986349271e-01 3.842231186029827494e-01 1.916586715010136777e-01 4.454799094367596357e-01 4.057732834720663151e-01 1.708815548713529808e-01 1.336269658088202750e-01 3.700912526457945662e-01 4.634497426910177964e-01
1.752172807344079819e-01 4.082022359676226175e-01 3.896557455995312558e-01 3.331500811947006868e-01 1.338081365586080151e-01 3.562615309090368942e-01 2.181764192023128157e-01 3.152382823994515637e-01 4.469666577481878345e-01 2.233236296861386694e-01
2.705386297073192337e-01 3.256031095616147564e-01 3.738829720767366527e-01 1.080921615338065467e-01 2.891176044475898266e-01 2.620778655979134619e-01 3.342495267191019082e-01 3.312931162579288991e-01 4.509966740465575774e-01 2.541483400514309987e-01
1.522299050412575516e-01 2.757723378823966343e-01 1.771769633135163446e-01 5.174449376764833630e-01 1.365653262610479202e-01 3.083177802749696994e-01 3.628423252250395636e-01 3.372223755275319812e-01 4.101003457941120867e-01 3.223277030036488799e-01
2.296629166196285099e-01 3.941519064673095762e-01 2.656440040891265286e-01 2.640070520221374228e-01 4.324798981747475235e-01 3.089736704616246055e-01 1.898527741245596145e-01 2.113565564188171486e-01 4.821097024615245141e-01 2.217615191605227798e-01
3.166846144912897065e-01 3.471919994859716252e-01 3.637480389535933112e-01 1.378477257025071956e-01 4.290672627028915276e-01 4.264375136851749071e-01 9.500876758204296335e-02 3.992818117319505422e-01 2.947588556880600397e-01 1.899734099765165718e-01
3.609334892650006843e-01 2.137315982259463121e-01 3.417788201466198661e-01 2.223121101485299456e-01 2.862367513254404638e-01 2.536763816172320496e-01 3.470456412576316541e-01 3.764299551904179975e-01 2.775802533117556203e-01 3.202749995114250181e-01
2.931917050742050002e-01 2.537278303680621239e-01 3.832006673526886509e-01 4.069006987857738955e-01 3.372040361504285433e-01 2.643154675294810962e-01 3.594366128329090082e-01 2.977534139492473697e-01 2.202277484785588879e-01 1.840418194786451189e-01
2.199623850434407890e-01 1.259444373529323702e-01 1.704030419337866920e-01 4.974345703782124817e-01 3.712154370295741579e-01 2.829476064623348552e-01 1.431879250266327730e-01 3.715164771269487964e-01 4.736966746842735110e-01 3.436914449618631018e-01
