-3.821382074264595641e+00
-4.205807785691123790e+00
-3.981157266466791800e+00
-4.133750558034710032e+00
-4.101475112487994679e+00
-4.352581990798772615e+00
-3.812820932436010501e+00
-4.079461654890497613e+00
-3.822359253216865316e+00
-4.170522989045910123e+00
-4.153986783843834019e+00
-4.191899703259823973e+00
-3.906767712173823348e+00
-3.961680859783442088e+00
-4.009216862075993149e+00
-4.198176700129214289e+00
-4.035488294587313618e+00
-3.963338461444117833e+00
-4.008318413530860269e+00
-4.048274179313046339e+00
-3.966938332880243223e+00
-4.285267062031846486e+00
-3.939493988827612370e+00
-4.438200250985802064e+00
-4.499849023010117577e+00
-3.872776601227747140e+00
-4.198761109469365316e+00
-3.952223882243959263e+00
-3.981697297407252201e+00
-4.267723022803396660e+00
-4.145565194146143995e+00
-3.957501742904915965e+00
-3.733088524145822262e+00
-4.064966581747959218e+00
-4.014512973808303187e+00
-4.050054705493812079e+00
-4.144680080966326230e+00
-3.810406732214071557e+00
-4.037650563612252164e+00
-3.979946269878013698e+00
-3.772059198907857791e+00
-4.388086292934133326e+00
-4.261008649059584208e+00
-4.077926685179372512e+00
-3.901542606946571290e+00
-3.776038953175567148e+00
-4.192660068613543345e+00
-3.965200857967950743e+00
-4.045625750277557664e+00
-4.187026577181514497e+00
-3.927885159300844364e+00
-3.816047527912145299e+00
-4.105997165414205341e+00
-3.914190119423097247e+00
-4.206893769828949026e+00
-4.210476916478543608e+00
-4.198014097941681122e+00
-3.960238313156211554e+00
-4.193674203658691368e+00
-4.286822430631782588e+00
-4.319476387225368086e+00
-4.030244176852493254e+00
-4.064012034709424626e+00
-4.514822307137269064e+00
-3.691136716749209956e+00
-4.234492836190346665e+00
-4.301557636316901245e+00
-4.261026098523296390e+00
-3.960475213385889148e+00
-4.055386691458860327e+00
-3.958182150987661796e+00
-4.142773703517130812e+00
-4.046056449176602676e+00
-4.108178121765516444e+00
-4.306152002457765526e+00
-4.029051774878675829e+00
-3.995686271032040437e+00
-3.631988197273141594e+00
-4.092126680760201474e+00
-4.142677574487244385e+00
-4.105996326193862345e+00
-3.912972943760734346e+00
-3.897743234219567476e+00
-4.043162308238339442e+00
-4.253987837499477287e+00
-4.148338032079383453e+00
-3.888905647808488908e+00
-4.260677521852771044e+00
-3.967990254783132720e+00
-4.108192383973285011e+00
-4.067071311751069729e+00
-3.989793065329445554e+00
-3.842992326694906424e+00
-4.450356799704864308e+00
-3.658409361745651456e+00
-3.998532980475625553e+00
-4.607614250405878131e+00
-4.468334519743704547e+00
-3.781193113674875761e+00
-4.036806187473817253e+00
