4.733572145574784992e-03 1.184171556469459409e-02 3.205809151398863067e-03 9.435144122482617924e-04 4.886956442432182713e-04 3.934992328859232276e-04 1.100675387347943828e-03 1.949672540291912289e-03 2.013269242079607484e-03 1.992345828554044351e-03 8.860656675895397551e-04 1.597813661406182004e-03
7.262615326076966686e-03 4.064325841772836907e-03 2.763468682763634519e-03 4.263642701188628641e-03 1.499778674903220988e-03 2.226826025104585837e-03 2.937457375498114896e-03 2.053939500068972194e-03 1.740591045853026987e-03 7.886272712798858943e-04 1.138792524178538264e-03 3.133769907960234132e-03
5.178514742136655462e-03 9.048095979597119490e-03 1.756008778945027105e-02 1.037135597223328397e-02 7.176710850587218055e-03 2.156742475028138473e-03 7.360870742538908659e-04 5.765103169540682646e-04 4.097886561939992171e-04 3.493393248510735013e-04 4.128499812729110891e-04 1.112509489079801205e-03
7.876592454348242808e-04 4.491802706207938083e-03 2.812594279179280246e-02 5.387618096838672765e-02 1.621110701524303838e-02 8.430461173788891252e-04 4.409187874184625146e-04 2.622651514976906645e-04 8.901816507411730583e-05 6.504275085469790759e-05 7.302717918909532849e-05 1.793567421164046869e-04
1.323254080976859516e-02 8.557951763093343128e-03 2.851814127469017371e-03 2.904734529781669017e-03 1.309527247609018575e-03 8.978904028837870251e-04 4.326692480497106009e-04 3.824701424443073148e-04 8.424481157409281079e-04 1.168020781299567009e-03 4.987530081958757057e-03 1.070083121403130402e-02
1.140125525965266211e-03 4.506582303579111798e-03 2.293982552642192391e-02 7.068819218825446449e-02 1.756239079267440592e-02 2.089719178063514319e-03 2.467727196759709183e-04 3.968295523846696401e-05 6.379249548927694630e-06 1.504918627058261998e-05 8.550838486912575422e-05 2.762592170533252362e-04
5.287712489373267571e-03 2.057021539659490295e-03 1.051130755045671548e-03 8.192166106616303100e-04 8.687563556312744711e-04 4.252828549684336407e-04 6.479067202056789081e-04 2.089950916389433661e-03 4.749602123260584369e-03 5.293026411421794357e-03 9.482076417901479787e-03 1.359335489724190077e-02
1.636848426199926201e-04 9.583968698801764935e-04 3.540506486424273378e-03 5.010798094499926969e-02 1.416090597302828435e-02 1.146764256908183038e-02 5.289844167221733132e-03 7.382428819412937149e-04 8.370451951820884477e-05 9.958593144249351789e-05 4.076899263992706288e-05 4.911591385588512328e-05
1.463612746093767569e-02 1.414236330434740299e-02 5.509454159613230186e-03 9.609375093647754343e-04 7.646240501710295382e-04 3.839176342576318792e-04 1.987312682757130919e-04 1.443379358286845889e-04 1.912163950731621937e-04 7.492863594612928120e-04 6.361663569569490570e-03 2.017827757447885131e-02
1.565968797714009479e-03 1.165957801220625367e-02 2.121684594051055292e-02 1.874103909838533560e-02 1.480871976908613129e-02 4.703784191496742859e-03 7.582055475457918784e-04 1.846123065175387951e-04 8.839081340536153843e-05 9.428231178811124190e-05 7.459368587360085665e-05 2.413016221468898049e-04
2.986958204991324584e-02 6.947907738707694535e-03 1.015982897184678890e-03 3.241128455484879869e-04 7.288133578928167040e-05 4.917048038506577709e-05 4.383356853110856273e-05 3.692438356640274531e-04 1.871199716031895490e-03 4.182316546254950286e-03 1.131166677237242096e-02 1.884636671462267335e-02
1.186099937315535221e-03 1.040652241027799916e-03 4.616942009914090780e-04 7.260980180190300609e-04 1.489516328357567889e-03 4.671723535645318920e-03 3.556243587595813316e-03 1.169717228828989070e-02 7.147816554317017179e-03 4.851429488341846112e-03 4.791063404410987256e-03 1.052572327889226937e-03
7.049075911853948384e-03 7.646765882254312821e-03 4.365615698526894087e-03 2.485510392578832526e-03 2.452251901472801265e-03 3.476554780878592880e-03 2.017714420376986572e-03 1.254422792536617542e-03 6.302040006386977391e-04 6.380295825735499745e-04 1.545920753606182989e-03 3.089058180955521395e-03
1.374015132272263153e-03 8.777548840753251124e-04 5.330501491088516499e-04 3.783748069605564340e-04 7.977505095333213081e-04 1.751799655992230002e-03 4.615149585858923688e-03 6.250972225639555256e-03 5.687858962711290524e-03 5.030533554196678359e-03 9.778407614391686209e-03 4.622026253979946882e-03
3.136816446565804037e-03 1.304412076540971714e-03 1.057134080758289751e-03 1.063528727488980948e-03 6.497441866978355277e-04 8.318964806764328392e-04 1.339481464762186423e-03 3.376339108171332037e-03 4.291218444767957128e-03 7.049140210335118860e-03 9.686795478332088996e-03 9.850218991263027385e-03
6.142267699717400206e-03 5.408332051288865586e-03 1.165398693886878726e-03 9.667842223279267313e-04 5.435060540361858145e-04 2.074488146924226891e-03 1.559897608161559717e-03 1.295063636242043802e-03 4.380471675885222287e-03 5.588155148738125147e-03 3.096274276302547670e-03 3.044573228878332156e-03
9.354430662495444304e-03 5.704113571255227388e-03 1.482371928849047496e-03 2.309477261146812501e-04 1.766771234475679258e-04 3.737540219016414296e-04 8.861865993755570691e-04 1.017744026091503638e-03 8.368115432263729773e-04 2.566918235085821100e-03 1.547498262141939682e-02 1.701502098554344075e-02
5.142812650242664261e-04 4.506350319391141794e-04 1.830082510241748828e-03 1.448117821282510166e-03 1.164433058413139868e-03 2.605150814433191114e-03 1.210001570585984669e-02 1.160556603320117564e-02 5.616605633109069719e-03 3.999729898744018922e-03 1.507243414234267454e-03 9.227638434808017528e-04
3.349631136549629726e-03 1.127999606116205679e-02 7.212223075046129278e-03 3.232982367642179850e-03 4.960598099297822659e-03 2.460926910122758406e-03 2.329016011074486105e-03 1.180247088961967504e-03 3.570330638060381255e-04 3.314801321522254057e-04 6.822764912605291075e-04 3.029338260920415825e-03
3.414961722368103697e-04 3.827802004873689934e-04 5.633342839127927684e-04 1.901876717647370393e-03 1.424961112694555707e-02 1.004146627209803744e-02 5.582020830425866997e-03 3.482574038660542215e-03 3.560609131050347393e-03 2.415530313144891462e-03 1.016314329087876674e-03 4.617521878696216131e-04
9.438231033503081220e-04 1.197389543435276905e-03 8.580371445869220499e-04 9.332958115408370283e-04 5.070407035817077034e-04 1.500398308388025629e-03 1.871123726035441763e-03 2.688178858650706361e-03 1.143348366204974091e-02 1.470139427281338257e-02 5.518288763285774529e-03 3.451491501266472448e-03
1.734142557895533196e-04 1.011916819257342162e-03 3.297089197972056726e-03 5.989626159704741250e-03 6.671420917705112377e-03 1.266747535395217582e-02 4.705097175759520751e-03 2.989837347884408743e-03 4.034537187989431679e-03 1.510280845586427396e-03 5.188852400235681494e-04 1.429413395054191654e-04
8.469165083946211814e-03 6.810736630087723710e-03 4.933926673293414014e-03 1.796995268334090640e-03 1.454370932540617395e-03 2.294764179934964416e-03 7.557502060348290831e-04 4.414309003329017992e-04 5.908871388852233184e-04 8.508236657737010440e-04 2.502386730154755774e-03 1.073957504280608800e-02
3.658856596494274049e-04 4.098977107848410283e-04 1.066364994235779844e-03 3.848774696519702276e-03 1.033899937450673268e-02 1.654531000450278067e-02 1.649552732698916432e-02 4.516399812576358565e-03 1.954520908285591226e-03 1.224494077301270870e-03 3.810059404612376561e-04 3.989717927956264827e-04
1.614881775554995180e-02 8.285244882428547536e-03 2.493749188821480119e-03 4.258159454161012693e-04 1.516676943799247310e-04 4.750383261441417781e-05 4.274983712676236650e-05 7.288252429439103528e-05 6.187411900846034570e-04 4.799095887994981983e-03 2.309212749998800288e-02 1.412599174723170627e-02
2.361390807552070294e-04 8.044814803000184100e-04 1.865533869342143576e-03 3.316339478459367357e-03 6.171057128015014145e-03 8.191536932438384447e-03 1.492300477597111215e-02 1.018210800445743143e-02 4.764391044322572287e-03 8.355958422001958253e-04 1.840278389840646948e-04 1.134080977787343779e-04
2.232438797911809325e-03 1.192417614798125473e-03 8.510602996307806362e-04 1.378944267487753304e-03 2.448697989335818677e-03 2.101463438157441348e-03 2.982394864488431985e-03 4.565651452605123083e-03 3.462737366946331413e-03 4.708697802463454596e-03 6.749344412060188057e-03 3.705341560357635310e-03
1.629379533793153369e-03 6.616538647214791026e-04 6.050905638467022609e-04 9.122726134904025723e-04 1.297380567729674574e-03 2.361514840479315806e-03 3.469335001036727168e-03 5.376725646249206660e-03 3.406910690132639811e-03 5.345623784910023997e-03 3.610025952523140871e-03 7.966435160587762715e-03
4.221151159638861401e-03 1.727352700005869816e-03 5.839764173369417456e-04 3.563869911900092329e-04 4.735391294229258615e-04 4.306216344569673330e-04 7.710241326338235571e-04 2.425994966169154558e-03 5.180217832671901897e-03 1.847682903908902038e-02 1.376465105619177620e-02 5.694732262555404594e-03
1.006189503151709097e-03 1.121560513006770923e-03 2.584788174772871278e-03 3.912700876604813770e-03 8.829540252074869963e-03 1.111972300334926854e-02 5.877994329175615686e-03 1.380511546374882685e-03 1.164494989032171341e-03 8.525340573588382261e-04 1.623504105585195541e-03 1.244503880719482255e-03
5.419569433435212583e-04 7.854186638643309874e-04 1.460417527689411793e-03 3.907591867696501645e-03 1.006281449348887889e-03 2.544239234965031161e-03 8.031222015448435253e-03 6.859712356181763351e-03 6.229282439304329073e-03 2.887873687071760599e-03 2.405686356888838556e-03 9.174891742810414863e-04
1.306028051639056839e-03 2.451252372403540849e-03 2.543349367410286527e-03 4.479759017093764596e-03 7.309276405044565564e-03 6.366178053137111145e-03 5.078199600599992737e-03 3.874890392319360784e-03 2.495149516290250027e-03 1.627011433517245578e-03 7.344795454526024774e-04 9.131963977456055651e-04
7.618464841879541045e-04 6.283156064021108754e-04 1.148622372790775864e-03 1.495287506086068760e-03 3.159973453516644326e-03 4.295656704011753535e-03 2.744517711304096490e-03 3.755116588718115239e-03 6.214500735763067198e-03 7.731316167469372801e-03 3.488491887291993165e-03 1.552337905473243898e-03
3.735476197845701354e-03 2.660001297410598698e-03 2.317409321974535450e-03 3.044211034967340013e-03 8.352890700420756735e-04 1.062144853411829811e-03 2.776290689805960884e-03 1.128194881692527697e-03 1.602796062699112477e-03 4.593918471765905641e-03 7.130011371812634835e-03 4.764676636529488647e-03
1.202049629438367399e-02 3.795427370427511236e-03 1.356120010893886859e-03 1.750474387912177767e-03 5.005706737399592083e-04 1.115375171734542080e-04 9.498711817288238565e-05 4.108413496627635929e-04 1.822558563646222742e-03 3.859244469002016432e-03 1.309597101065876866e-02 1.837028322919969855e-02
2.823204793172482394e-04 6.490456786432728751e-04 1.740637085197094995e-03 7.034486451489571808e-03 1.001625730224835371e-02 1.163828257357612563e-02 9.987895790324829992e-03 3.694802376555885500e-03 2.117406145818099411e-03 1.553653242572453118e-03 4.929240490807344300e-04 4.301974674204440399e-04
9.522100959477612300e-03 5.799719741410423561e-03 2.570406719929664401e-03 1.532423961370124989e-03 1.102845589145328743e-03 6.613089862939407161e-04 9.561748381823275376e-04 2.446058803638336086e-03 1.666562289500840956e-03 3.512871571592543463e-04 8.067040890493349563e-04 6.079354850173940283e-03
4.002517921303752613e-03 1.306812215355051925e-02 1.441117390787392295e-02 7.682167116837014184e-03 1.870819691146354035e-03 2.823349430385935829e-04 1.026123656917886042e-04 1.017177620447326297e-04 2.803901493428125210e-04 9.364731291118585238e-04 3.080072170790535031e-03 6.081402524284014281e-03
4.656283586556051010e-04 1.746889587080151371e-03 3.833856327130669411e-03 1.882250546599026917e-03 3.081117745032029096e-03 2.613872765911905236e-03 3.669692564825450740e-03 7.733497324120965077e-03 4.028410959809615964e-03 2.281916641252302279e-03 2.362128345337892628e-03 7.966609066654478308e-04
1.180921636074695009e-03 1.010570339469854051e-03 8.805131850748225235e-04 2.027122866011697375e-03 6.142839023455032819e-03 7.753591080492145717e-03 3.946472034286639848e-03 4.435515813044555410e-03 3.839330063869344882e-03 3.230030970332992829e-03 1.640151463106850243e-03 1.504705636460408743e-03
3.359277749974715933e-03 2.304689806103811262e-03 1.560375091373731411e-03 1.061682666993862909e-03 4.385588492118149342e-03 3.610460408698877490e-03 6.272732476266504147e-03 4.268414945212051746e-03 2.150885943416276039e-03 1.657161435380434707e-03 1.116644751365425577e-03 1.879515517122667392e-03
4.714784109532632606e-03 1.453228043192988060e-02 5.808088909502034936e-02 1.378440392254765869e-02 1.349912959600753663e-03 1.478951321272048945e-04 3.527366916461790151e-05 2.009912382362169349e-05 3.485340033133110723e-05 7.689026633784922665e-05 1.210726543799433945e-03 1.705801235496006655e-03
7.131331927486532106e-04 6.390406060649793515e-04 1.118871284214390752e-03 5.216745888581013520e-03 1.501605520956069209e-02 1.820923880705466180e-02 1.084623923037541203e-02 6.566932473219961632e-03 6.916858131406505589e-04 3.093255016737161294e-04 1.375925849429460428e-04 3.377492027435168346e-04
2.102186914913549681e-03 8.913315190274001413e-04 4.320017309896656619e-04 2.662065038342628902e-04 1.104085546365495013e-04 2.581767698694680782e-04 5.283909551018653276e-04 1.550794236992704411e-03 6.396625582333704228e-03 1.994538830868688647e-02 3.253846814291184303e-02 8.778933290586665023e-03
2.130518823870331674e-02 8.944448117112598073e-03 2.158172729067046186e-03 7.393486447189929513e-04 5.410362409471080247e-04 4.121540632133800851e-04 2.836056273110839168e-04 3.720546818460232995e-04 7.208291071589375187e-04 3.659606350425339931e-03 5.608634930929359136e-03 1.521096012491480326e-02
4.218579915726511191e-03 1.463513143111173052e-02 1.867732242177719618e-02 5.206533982847872701e-03 1.815596928149490691e-03 1.127045452145566560e-03 1.197998028066079006e-03 5.292511218166388127e-04 3.161956187834593854e-04 5.835510069329605774e-04 1.284992315396487998e-03 2.335031632592882156e-03
1.810827069462020433e-04 1.174271849859266138e-04 3.067604180140035626e-04 2.114510315795815713e-03 7.993414506691567945e-03 5.744659436660909738e-03 1.239266239443616822e-02 9.121491639867218906e-03 7.103506673611498928e-03 1.690831550516879323e-03 1.558806373428081246e-03 6.471673370884174336e-04
1.655155542008698508e-03 5.711167099791318938e-03 2.637630698241683752e-02 2.435708729308889986e-02 3.896418825096781714e-03 7.692692941737620067e-04 3.867057596702614211e-04 3.122424694046507386e-04 4.284446436494830429e-04 2.428039019117871837e-04 7.948492792020931189e-04 7.045231791374793493e-04
1.789837143480231541e-02 1.628118703253605970e-02 8.562537134137352540e-03 4.547863982903667390e-03 1.154059169191335669e-03 2.336630066485078912e-04 1.212499054044038660e-04 1.433800686178623952e-04 2.813693564283118419e-04 5.282317735715458956e-04 1.400993016762737582e-03 1.376436373383506905e-02
4.824319590539991021e-04 1.045323117832283339e-03 2.519847247004354876e-03 1.701072857268158198e-02 9.077168072140763891e-03 7.217422334636129817e-03 7.941867734692010378e-03 2.498279329640520560e-03 1.111891715550120292e-03 4.799679886552689605e-04 3.338670758996763080e-04 5.470126334168258671e-04
8.677899913259701573e-03 1.610498068555772308e-03 2.057251024411384168e-04 1.703528120268281551e-04 3.213395935600380014e-04 2.536751007742791934e-04 8.349977312888082377e-04 2.172376728703754190e-03 3.627528828991938986e-03 5.160120629957692592e-03 8.897955575126728286e-03 2.240006925121886677e-02
8.005646173512789582e-04 6.992091099127588057e-04 1.407486224218854748e-03 1.615456804769773965e-03 4.016635382992536293e-03 8.155621862982504952e-03 4.984388800824128551e-03 8.592009611880011347e-03 6.311787807150012752e-03 2.714775284823526310e-03 1.502939128073356619e-03 9.759137451126790415e-04
3.777494517392074335e-04 1.129481138399940484e-03 3.614414762348503590e-03 4.415255453565486259e-03 5.651538085012147716e-03 6.722248790883979079e-03 4.821240516346272237e-03 2.517474186097453867e-03 1.312734793649969391e-03 3.214336181557338103e-03 1.984940730230957007e-03 5.273135208830935592e-04
9.252542504348406456e-05 1.909650614430530232e-05 1.340550294548027425e-05 3.295666801900915563e-05 2.074575518202085894e-04 1.835817646498736928e-03 7.818380105671682984e-03 2.538383174242280632e-02 2.646467406560742627e-02 1.314504490908106546e-02 5.654801180314485663e-03 1.328644271986688082e-03
4.720041035239938912e-04 9.856963409991939323e-05 9.592897630488789347e-05 6.621366382771055848e-05 2.524004494579029255e-04 5.628224588069605629e-04 4.827992251808798339e-03 4.566201394288185722e-02 2.519425147992221739e-02 1.023802437933084460e-02 1.596127008768440970e-03 7.113664258084452042e-04
2.214366462879159645e-03 1.668835797969381567e-03 2.042130719687017953e-03 1.902115833814192834e-03 3.405607968474636156e-03 2.756167341633588511e-03 1.490835780090995957e-03 3.332557413268980116e-03 6.002545385604483863e-03 2.444240336169958925e-03 2.452956574172577599e-03 4.228879844161174614e-03
1.683184282988971344e-03 7.013055175455617726e-03 2.942613514183676018e-02 1.892137634512769742e-02 2.267936402715239885e-02 3.974050464642167428e-03 6.279129495214530021e-04 8.904087086271738976e-05 2.923255156613766671e-05 1.927099770681798370e-05 5.741730284453074631e-05 2.664672636381056991e-04
4.494179048205634418e-04 2.473149510343195987e-04 2.078004558104286630e-04 5.006790718008342347e-04 1.693829662359775095e-03 5.054309161561256446e-03 1.294722322750373189e-02 7.316998484929117599e-03 4.900137361511579942e-03 1.033787142496979741e-02 2.305786513420629135e-03 1.151691602863052491e-03
3.315538153204738021e-05 1.120432475797932292e-05 7.320318246338882149e-06 8.393317248945460186e-05 1.520519932873716550e-03 1.159949591140884903e-02 6.468392832647555657e-02 1.654718267414607286e-02 3.911939767852000427e-03 3.559202024843152734e-03 4.604160186797733359e-04 8.409362500381070541e-05
4.452382252410858228e-03 3.454521042643133710e-03 3.309928745141177560e-04 1.515919706737420877e-04 1.147001370488639799e-04 1.720724838871149492e-04 2.674247424326486639e-04 5.139169785435985854e-04 3.565101275303687606e-03 1.773912107460820856e-02 1.912723346423570933e-02 2.111126703004540667e-02
1.052336360897507695e-03 8.056424211835868905e-04 1.791295235906661216e-03 1.462702913689343989e-03 8.725876233671313233e-04 8.989324626383352664e-04 1.997584103958307839e-03 8.756896532631137237e-03 1.143114762088957327e-02 4.247605683810788159e-03 2.134380436661884994e-03 2.685206936555258137e-03
1.885401054796538578e-02 2.228840009813671391e-02 9.740362292464535901e-03 3.962882978595121640e-03 9.032090778654444305e-04 2.493606019299007370e-04 1.041683821103824074e-04 1.486544981927544553e-04 3.192046319540365880e-04 7.070617528242357152e-04 2.800266837630138901e-03 7.354794924293987270e-03
3.236755836614889793e-04 4.583300137789349813e-04 2.086164868333541028e-04 3.917158082733520025e-04 2.169827381354752071e-03 2.820112825801037414e-03 6.794895869194162406e-03 1.179941742862874489e-02 1.397231156354371978e-02 1.320839027601678796e-02 2.031274918616467196e-03 4.690388133841191364e-04
2.621194111650067098e-03 1.329814616562314785e-03 6.310962884960710437e-04 2.284893225366407203e-04 1.750229543696064742e-04 4.262265051498839263e-04 7.127409549415368801e-04 2.739577006992860268e-03 5.201705273329875270e-03 1.434812541849408637e-02 2.450132310241712186e-02 9.003360428884591218e-03
8.858730018186784750e-04 9.736513475331987988e-04 1.051584534994455360e-03 2.331025207631804135e-03 4.919548506760443654e-03 1.146103709454945885e-02 6.199316633336584420e-03 7.311996191794224026e-03 1.844236855556241053e-03 7.434263945779989030e-04 9.983346639724451944e-04 1.886925485750815673e-03
4.213301693938404594e-04 1.582090125289272256e-04 3.381864269581338504e-05 3.648305203104118094e-05 1.048972771536352966e-04 3.642827800289255178e-04 1.282521721060614437e-03 3.660089199174199753e-03 1.220781265325287385e-02 3.659260468762283447e-02 3.695473904982809338e-02 2.674649996869488296e-03
1.360235459790307935e-04 9.893444300647180698e-04 7.338047991677518200e-03 6.065387899149272954e-02 3.118745083656167955e-02 6.893146647509807226e-03 2.820288205212113583e-03 5.501456907658887558e-04 5.848933024077675679e-05 2.640110912248607177e-05 3.041791640672471226e-05 4.915634705642388431e-05
1.073052956258962846e-02 7.577568560944329852e-03 4.866164559076323511e-03 2.666500930183681849e-03 7.415219577031667477e-04 1.397696267350643552e-04 8.299515001124634550e-05 5.898267748152340135e-05 1.220591959329455863e-04 1.193739538054759035e-03 1.370056085413500976e-02 1.326117982227891998e-02
1.011400279140520350e-03 4.507867929061193466e-04 5.866845794094612421e-04 2.068887251183768982e-04 6.811108218906943533e-04 7.929115029223709425e-04 2.311368596215980075e-03 5.311846066018732423e-03 1.247476691614110046e-02 1.811021293841981461e-02 1.146843620062923744e-02 2.997467623322427280e-03
2.815895604991272040e-03 1.532673156510722372e-03 1.158792226676213242e-03 4.616715297299326401e-04 5.911805383340455961e-04 4.788305729945803533e-04 2.284709144447998053e-03 1.156554307473367342e-02 6.815846253926794059e-03 4.004305033563221317e-03 2.634970527029943058e-03 2.733177987841524988e-03
9.293576119918687075e-05 2.515799786291772998e-04 6.831563785676403192e-04 3.069116605588986281e-03 8.082629426845984802e-03 1.267830744698534434e-02 1.421404071296433584e-02 9.863506979271513889e-03 4.728067820393699015e-03 2.459077569357831766e-03 4.229420983219603727e-04 1.034898019977675382e-04
1.936298789794218883e-03 2.390290952980017158e-03 3.119436170054280724e-03 7.807585620178424156e-04 3.837122606897272665e-04 3.819439742568894497e-04 9.717121829478340836e-04 1.686935950120225852e-03 2.930431277503467956e-03 1.008031155401926948e-02 1.145554401391014887e-02 6.140702965608645612e-03
1.259973690743645177e-03 1.335134962067123206e-03 1.553224579731488694e-03 3.661366401095844138e-03 5.651682645981165147e-03 5.034776115014578078e-03 4.897983192041220450e-03 4.688268085910276065e-03 3.095623784239866227e-03 3.609678851154334792e-03 1.538493158471789446e-03 9.638049256926181163e-04
5.182534263419173769e-04 1.662861258478335377e-04 1.029659269812466737e-04 1.067811628584622503e-04 6.886225112345635340e-04 5.165132697118848121e-03 7.234653368976656264e-03 8.331247701717862594e-03 5.375220498684852959e-03 8.023112523318243552e-03 7.890278376794013226e-03 1.699335951094590623e-03
1.196836423583466473e-02 4.358947642530623494e-03 1.055923167505509524e-03 2.485880806199906629e-04 1.573847326235027399e-04 1.585944861111438170e-04 1.611369584583900033e-04 5.733027136620397635e-04 2.185271515286937166e-03 1.000781703357905665e-02 2.026000613391161151e-02 1.398358271046283748e-02
5.719372600099020056e-05 3.367020016797478963e-04 3.828993633171314578e-03 1.443417249207622731e-02 1.079003853871749602e-02 1.224261013824804074e-02 1.336430303929168721e-02 4.411791736863502483e-03 1.105621411027337591e-03 1.951820153494773747e-04 6.771095460297412902e-05 3.417875284857620146e-05
3.203870384488611243e-03 2.662016211377494189e-03 5.326064282294873387e-03 3.621216218878937996e-03 1.277879525075500218e-03 9.254846726822957888e-04 2.139450850005868415e-03 3.466986056802014073e-03 1.737676008451260372e-03 2.973197752389929345e-03 3.264864424915318777e-03 2.944735447866696828e-03
3.760382860587157031e-04 1.395840463000689625e-03 2.824642607506720315e-03 7.907396692246167202e-03 1.584189070182891873e-02 8.416909793951278182e-03 6.087303630839723846e-03 4.091839809353145160e-03 2.107454644700580606e-03 4.655824793092188632e-04 4.013306632755095295e-04 3.403335786794514260e-04
2.182735884701982997e-03 1.351090887912332738e-03 1.122730028350994681e-03 4.772486552757082556e-04 4.386592195364537295e-04 1.037760539111124867e-03 2.208799978059349661e-03 1.018786020721341133e-02 4.284901034733295047e-03 5.615827631009048283e-03 6.409668051647672560e-03 4.759680713460174260e-03
5.461878826989167122e-03 3.554254364871939267e-03 2.219803136680155269e-03 2.488770215102824833e-03 1.774075416551789764e-03 1.973731992074722122e-03 2.962106708598154919e-03 1.887393552399914453e-03 1.327353102840633011e-03 1.881299324965311727e-03 5.372593169224496555e-03 3.758829732635941053e-03
3.167829149816195951e-03 5.913843047967383762e-03 7.348320608874552538e-03 4.919914021162288993e-03 8.346104578054194811e-03 5.696511236339118003e-03 1.391333005147665520e-03 1.556616157985473911e-03 8.733191121594623867e-04 5.760218529508910352e-04 7.942771803680602483e-04 1.030625691506582755e-03
3.326369116143924366e-03 1.726994466727737546e-03 1.666709667255227576e-03 1.855628548058642314e-03 2.860660600659927725e-03 3.460251127677567862e-03 2.630679598406236372e-03 2.338531445943137048e-03 1.972565117441674783e-03 2.264022345838003717e-03 4.290457030476139098e-03 5.055641913983131841e-03
5.396363375219678619e-03 1.987290452876021470e-03 9.150230350302817868e-04 2.950027119665934745e-04 1.074157158082695109e-04 7.973323840566688887e-05 1.583379206539873576e-04 4.557172701694716613e-04 3.054773837748162718e-03 2.419802923733731931e-02 2.234308050586646111e-02 1.095385631727363585e-02
7.673394046904271314e-04 3.145325024019275748e-03 7.992676461219800840e-03 5.428826384530166700e-03 3.360556253353869354e-03 2.745108071423682083e-03 1.656539995203427105e-03 1.971131205193578373e-03 1.934372703766177237e-03 2.578454942137458749e-03 1.536989967758582362e-03 6.277588058125531476e-04
5.335088083945313357e-03 1.255314484160707095e-02 1.450307736852313699e-02 3.357019269780161033e-03 2.157498447659173500e-03 9.124668222628291294e-04 6.735316268015086993e-04 3.207589947337921165e-04 4.833183262125600533e-04 1.402363756143736604e-03 2.283649755392995993e-03 4.292020534467791762e-03
3.809147407269309021e-04 2.901265045545786529e-04 2.661732140497880135e-04 3.598787300923313170e-04 5.245270564518947007e-04 4.446760750948783314e-03 1.466088833980400997e-02 3.071942896783698418e-02 1.127037417838847901e-02 3.025467770376136147e-03 1.580227639362449506e-03 5.164460814476319996e-04
2.109831027347770695e-03 4.127041228278282149e-04 1.022455922411490879e-04 3.422560658146720961e-05 2.003932375027131111e-05 5.316339599664214014e-05 1.894310858452757625e-04 1.211594470877666585e-03 6.993683351029440429e-03 3.196890930500650985e-02 4.382218483981068641e-02 1.785300258668154338e-02
1.140407155375803118e-03 1.621328121483105482e-03 1.741591698499448618e-03 1.922882126849307424e-03 4.055509092292257714e-03 5.542005382868251014e-03 1.773750004727866038e-03 8.586189822743298117e-04 1.775961503749610331e-03 3.437877770084285176e-03 2.777348998822980718e-03 4.363666808463738216e-03
1.098698883924573329e-02 9.302141745222191130e-03 2.929024222565245004e-03 6.266953685703047314e-04 4.599846634725459791e-04 3.355968695056363456e-04 2.682593306161851123e-04 3.572375798856114752e-04 1.683317752810961068e-03 3.064092411983699357e-03 8.534158193795188252e-03 1.812663387019443698e-02
1.062288730806121642e-02 2.300632381168958226e-02 1.753019749269051075e-02 5.857355638483153354e-03 1.057516307311370243e-03 5.727081835223687490e-04 1.804713796703198963e-04 1.246171063234526087e-04 2.507017023250093855e-04 7.454389245447592873e-04 1.994473298119612409e-03 3.258935827869434594e-03
1.359984168326752122e-03 2.916070558572313176e-03 5.728296147053610517e-03 2.884540970039144170e-03 2.086715912569806885e-03 2.541642704940240936e-03 2.897826632006269415e-03 2.467056374690525158e-03 3.126639210073504233e-03 3.491097540040876464e-03 2.131358299395354292e-03 1.522342861132983810e-03
2.752929558871749106e-03 2.717838907405743191e-03 5.932416753977596754e-03 6.053387563010183964e-03 2.155607235923878012e-03 5.757674999066902943e-04 1.215431281184495066e-03 8.463680463281401207e-04 1.462903113481533622e-03 4.518044399761595060e-03 2.297351640894210525e-03 2.543268182639366742e-03
7.456475772191233434e-03 5.340742659943949200e-03 1.136750886479212909e-03 4.162823294236578636e-04 1.361340966477319941e-04 7.670462733322379616e-05 2.077098950854533335e-04 5.972605650820023062e-04 1.597859746976146821e-03 1.399283606210187207e-02 1.131110804427024226e-02 1.996903220002060539e-02
9.950490333921449722e-04 6.457220727084020222e-03 1.413503500182368249e-02 4.864718556417639908e-03 4.741413656422942789e-03 2.454934607323438697e-03 2.052324175042577990e-03 1.697563910222706692e-03 8.594243818620940457e-04 7.551679885278377675e-04 1.125938613784185091e-03 6.866400349097100770e-04
1.240385089969661854e-02 6.768161718905316322e-03 3.743659713255928587e-03 1.044263928291360582e-03 4.085770648888168962e-04 2.424847568722050242e-04 2.945593253801542539e-04 5.940262434106180446e-04 1.631072522699261599e-03 1.994039362339202013e-03 8.078676279154435591e-03 1.882762590247947718e-02
7.316879485563833156e-03 6.497662265366118371e-03 4.054874061540412501e-03 5.470980348403070570e-03 9.219866211881326892e-03 3.617111866815640210e-03 8.183666883841150689e-04 4.604138399620149929e-04 6.408766890067512517e-04 6.460958006174008939e-04 4.938799731192747419e-04 1.405354034564071592e-03
2.201585306182647639e-02 8.546315909549849488e-02 1.807234577145417145e-02 1.852646313396077429e-03 4.268681856778612765e-04 6.737792082679575686e-05 2.651601651336179231e-05 2.163359177256682605e-05 4.148213563746808147e-05 1.206673642509628087e-04 5.721619527001498484e-04 3.936093995440528501e-03
1.192554113059149899e-03 1.175230584512430192e-03 5.476540611435585983e-04 1.031200320825192062e-03 1.108094441636699656e-03 6.815708652787731605e-04 1.872782156530224899e-03 1.181422061708567971e-02 1.377411112495127189e-02 7.703343481279065728e-03 2.306010924494522000e-03 7.085856107029806644e-04
6.329931886172073452e-04 5.103044718069097829e-04 5.081195656002452602e-04 6.331173163996423698e-04 8.398803500700003201e-04 2.358030904900423799e-03 2.074095783886857960e-03 3.766091856598854839e-03 1.056562143865825455e-02 2.142081926659290814e-02 4.680453188523973559e-03 1.081485902213832808e-03
1.129919000856638011e-04 2.742259693991488351e-05 1.594724708540306654e-05 1.100283491296218574e-04 8.480887837054250887e-04 2.398329134246896845e-03 1.296247545899859195e-02 1.979276338191110832e-02 2.515642667270808625e-02 1.110069974893970225e-02 3.570327458332320757e-03 5.666136281226987013e-04
