-7.134194311716628434e+00
-1.003175000504796088e+01
-1.018019432286423864e+01
-8.064857653380268943e+00
-8.242646360565682784e+00
-8.666456247418855341e+00
-1.008576376501912186e+01
-5.468913164120492887e+00
-1.060850622615443761e+01
-5.674121205914356203e+00
-6.818654970283438033e+00
-8.787872297248799924e+00
-8.646915768002822134e+00
-1.211944093216851748e+01
-9.592467852314918275e+00
-4.342571491768214997e+00
-8.597780355204747593e+00
-9.479407947512534349e+00
-1.282763323433621672e+01
-7.202457387616505002e+00
-6.501749954152926669e+00
-9.824112206552486626e+00
-8.082852041576675362e+00
-9.155145828382732276e+00
-8.241435777580454314e+00
-1.114242074960782780e+01
-1.018923430713850742e+01
-8.115745908713861922e+00
-1.631741774494302533e+01
-1.211797291737473259e+01
-7.763534258578568270e+00
-8.480578791777190872e+00
-7.591239813625973554e+00
-9.362850604829876744e+00
-8.287757023287893432e+00
-1.291724331925559177e+01
-1.061892908300102611e+01
-9.388063184959763774e+00
-5.328761747876543886e+00
-7.859206475542947601e+00
-8.909045586214954682e+00
-7.519282497630077167e+00
-9.450397481715436143e+00
-1.027053167785528132e+01
-6.855217171438253487e+00
-5.501777224897657526e+00
-9.525403683102085850e+00
-8.365551868281384529e+00
-6.664885792583476132e+00
-9.453812289183016304e+00
-1.282694125469520863e+01
-8.604656431157822638e+00
-1.032011138367414382e+01
-5.125293003045437779e+00
-5.000812425681227857e+00
-8.535339948195758808e+00
-1.032473372813492318e+01
-8.687106493121076412e+00
-6.216776179182873285e+00
-1.175868959902991762e+01
-5.454654180228107663e+00
-8.101235877003594155e+00
-8.185277583639104293e+00
-4.303201117698605138e+00
-9.341139038602204181e+00
-1.011068686180569287e+01
-1.105140105657410565e+01
-1.244984659723151132e+01
-3.701615056282351102e+00
-6.695454838914750795e+00
-1.255840743127989434e+01
-1.112441926293564265e+01
-1.224385903582091473e+01
-9.534273119048531697e+00
-7.452534639787965709e+00
-1.120217221917845940e+01
-1.345076158823086843e+01
-5.046471928235951587e+00
-8.516035643966134216e+00
-1.343027248608625968e+01
-8.896566294980674527e+00
-7.503872955038024983e+00
-9.953773815292997540e+00
-8.622925072938164348e+00
-8.549146992222034669e+00
-6.409860346658494024e+00
-1.125525861877027722e+01
-6.376348349073650112e+00
-1.299211034148440014e+01
-1.065891153308420947e+01
-8.286239953878498099e+00
-7.873040550045574903e+00
-5.290909865498220732e+00
-5.093763015055972510e+00
-1.125710558949028517e+01
-9.898241687614223849e+00
-1.085796572841273644e+01
-6.953640206588284300e+00
-5.784473397373853132e+00
-8.572756975821331338e+00
