-4.827935734164399584e+00
-5.180582871253495370e+00
-4.751388255476262756e+00
-5.560565206202400468e+00
-4.723648190990085816e+00
-4.365840776505503840e+00
-6.892901560402076910e+00
-3.838143031428534080e+00
-6.764815562014667272e+00
-3.853637394689381601e+00
-4.777931551446702230e+00
-4.931357942407493589e+00
-5.441255465565522975e+00
-5.537279593092056196e+00
-4.814692166945842899e+00
-3.136697252328322527e+00
-4.529983069759834002e+00
-4.662594592350730593e+00
-5.855601829882649767e+00
-4.250132753452127155e+00
-4.916849103574050694e+00
-5.029770974192921962e+00
-4.483284503630597939e+00
-5.325381635486465370e+00
-4.569207383309040971e+00
-5.584627620021819006e+00
-5.726388937965357862e+00
-4.814443875362961478e+00
-6.425979269611880262e+00
-6.526002301633350378e+00
-4.179031209777836153e+00
-4.614084550435637588e+00
-4.661197096412092122e+00
-5.368270623145396492e+00
-4.702031011210890732e+00
-5.563979395727078447e+00
-5.571007578586889331e+00
-4.439432776258148472e+00
-3.719405227475577114e+00
-4.439744187247642415e+00
-4.967314595103216490e+00
-4.656096917135465141e+00
-4.699155870573570759e+00
-5.009395049879623585e+00
-4.312139735202875634e+00
-4.507601286209172109e+00
-4.698294370289147537e+00
-4.418872448213221560e+00
-3.935035259834605448e+00
-7.183247010125656473e+00
-5.826310491747942244e+00
-5.003149922685279805e+00
-5.516147461149317088e+00
-3.540618488882876225e+00
-4.163254976326942192e+00
-5.306736272999927451e+00
-5.293745560588284604e+00
-4.360580334991425389e+00
-4.323171100858273164e+00
-5.902211484545626163e+00
-3.683233185682226463e+00
-4.661012810597071621e+00
-4.628155446722544752e+00
-4.794911367757612730e+00
-4.758651221264311282e+00
-6.437967784212418110e+00
-5.248945479192236085e+00
-5.921537369716545207e+00
-3.011733218333666695e+00
-4.861212954694703825e+00
-6.784860989170871548e+00
-5.880302932865307142e+00
-5.888401344589275332e+00
-5.429292633738809215e+00
-4.291350819848950948e+00
-5.214959799270105556e+00
-6.519256934319236585e+00
-3.825354530410735698e+00
-4.623956883399749529e+00
-6.917177521550970987e+00
-4.814717006768301388e+00
-5.847494300646546961e+00
-4.684777249637764207e+00
-5.231219946600603521e+00
-4.365694259450821235e+00
-4.776270067812363074e+00
-5.207829560396343815e+00
-4.157862766666293730e+00
-5.454225092343739867e+00
-5.463653006827425607e+00
-4.997113525977920467e+00
-4.583123626895714509e+00
-3.706244445912621810e+00
-3.733194283151962001e+00
-5.525264162568059412e+00
-4.831337340737345443e+00
-4.938158718002093828e+00
-3.848577186714702059e+00
-3.896761596748284706e+00
-5.116184525824788665e+00
