1.922266341944951079e-02 2.515010274206053165e-01 4.395066486810869817e-03 4.346729234050518599e-05 9.248094188451918026e-07 1.669414151647888660e-07 4.673283989319272181e-06 6.416083682298153736e-05 3.756452207155132209e-04 4.475283793420831678e-03
8.142013393502679240e-06 2.212029119171424532e-04 2.477737955526184213e-02 6.772349652601728290e-03 3.376817015615578114e-03 1.670133636120823759e-02 3.308573949081379767e-04 3.081194648551734334e-04 3.243399343397906356e-04 5.100565036260526556e-05
7.628484860041427444e-04 5.810934298248554781e-05 1.428561523933615635e-04 2.152083100022586949e-03 1.101411595069171773e-02 1.097737884493386364e-02 4.372808001478769441e-02 7.684031762773923038e-03 5.431032577798378287e-03 7.809951804265483077e-04
2.224165511556263231e-03 8.644702542665123001e-05 2.251501053472149154e-06 6.080491193484087146e-08 8.190376597282405788e-09 1.176304430572153889e-07 1.110410182402404977e-05 9.575341211117060700e-04 7.189248541218104527e-02 2.635115002213148094e-01
5.064960056220556978e-02 8.757847817127066667e-05 1.835240353373043107e-05 1.149875266114393804e-05 1.838876870804673082e-06 4.367808335082238623e-06 2.985062858070354391e-05 9.094671977606303120e-04 4.575199506744809935e-02 1.003719226714728380e-01
4.237822627389896575e-03 1.865309360138342129e-02 3.677426053778396365e-03 2.193050123357151091e-03 2.355898482024889554e-04 9.871324749829724901e-05 5.450330158985807350e-04 5.366010627105810256e-04 1.257519510134996743e-02 2.287326679843578597e-02
1.625142879840104344e-06 1.257012986456369828e-04 1.367097413272598191e-02 4.384729585452847855e-01 1.324364209636456034e-02 9.132556488477904617e-05 5.138351153570527251e-07 5.085933558920683333e-09 8.918659492798258949e-11 8.284196820830836226e-09
1.369591555336245603e-01 3.229830949795359230e-02 2.870886148879921423e-03 1.988025917413187987e-04 3.072140395629843073e-05 2.789368189724584468e-05 1.084074824386869210e-04 4.120224470337249719e-05 4.414827477097084786e-04 1.797146385110386796e-02
1.727812398616328570e-06 1.140139460287851479e-08 1.429245249693009842e-09 1.068880876742539013e-08 8.523795770952867737e-08 1.365993066605033952e-05 1.035717401982765885e-03 7.591304641316494184e-01 2.651965813273178020e-03 8.545027884415707785e-05
8.102467170338663663e-03 1.253851500322686330e-03 2.045314740803781824e-04 5.828763203086987157e-03 5.076072153325074474e-04 2.559871364572081096e-04 9.922739743736816789e-04 7.962897548299343459e-03 4.830590905504850846e-03 6.334646855110188587e-04
6.493512482056321838e-03 2.244075462648975280e-04 5.472296551070834806e-06 2.324649502893878152e-07 1.734448970600254126e-07 9.606354518631513481e-06 1.906384581539027337e-03 2.781824037317230311e-02 1.498432672063706138e-02 7.785511018672584826e-02
1.836927472731610111e-02 4.095900721187262228e-02 8.598557279372293083e-02 1.393891403646871710e-02 2.670464602933847378e-04 7.914856168332918304e-06 1.300147255904432824e-06 3.359981729048551631e-06 4.232473945131280324e-06 2.198737657896814371e-04
2.877860102367181261e-01 1.220357359715311570e-02 1.123622638579421475e-04 5.989940910162435919e-06 9.315977579547630117e-08 4.794477035516120230e-08 2.439396878241690684e-07 1.003053343519881492e-04 3.210305440772259940e-03 1.626053145803197514e-02
1.901063064291191873e-02 2.351059953251168500e-03 6.226605031974982414e-04 1.756245003989954174e-04 6.414447359995040418e-06 1.673335126181707495e-05 2.137257087913010196e-04 7.659429187402696376e-03 3.149466229798522730e-03 1.044214201905979550e-01
5.357409288822292948e-03 1.589391903198744335e-02 1.075301335435046995e-01 2.003203125488114533e-03 2.070639517338063000e-03 6.077887931380964890e-04 5.099904864221023866e-05 1.268451939756297813e-05 8.040748614746961575e-05 2.203424564974360966e-03
7.332660778043471189e-03 8.216413926184709324e-03 1.419982820629564707e-03 8.455354589502235433e-04 3.654788634415110683e-03 3.731975098568347284e-03 2.666857970756298605e-03 8.909806035638694402e-03 6.835009452330570098e-03 2.370737856866063711e-03
6.096508703436973866e-05 1.430356385063244343e-04 1.270313084350214441e-03 2.340189004797722447e-03 2.296974493785730858e-03 3.510639248000707504e-03 6.342917090187470686e-02 1.172502333051438778e-02 6.388126403532771265e-04 6.566912489932593246e-05
9.710692938180016248e-03 2.817329956800370197e-03 1.146485064421434074e-04 3.313721508506160948e-05 4.247618993175610480e-05 4.479839794671345112e-04 8.224177014900262064e-04 5.621580904788234072e-03 2.928893749123603896e-02 8.639116476132266409e-02
5.824431477720258543e-02 3.202385076489733251e-02 1.980605941067140584e-04 2.475784671568925834e-05 2.407483974183917030e-06 8.839349513284733924e-05 3.944276550702671783e-05 8.584665037132369503e-05 8.903563788888948713e-03 4.082954162267135589e-02
1.946007963118909310e-03 9.221374808336591953e-04 1.541899078356698304e-03 3.228525164337757263e-03 5.538249521550741477e-04 2.840787806889540277e-05 7.700318550115417245e-05 1.549067310691542047e-03 1.565172391631948490e-02 9.534008953753777410e-03
4.182907742414204756e-06 4.187238072782224286e-04 4.778400624130155205e-02 2.018663391364596688e-02 1.085547772513687208e-03 1.855347375903543023e-04 1.310549545179393429e-03 5.653110057625156229e-05 1.374739337580716277e-06 7.382251173848822773e-07
1.609666940108262639e-02 3.631490312270455392e-03 1.751177686116601822e-04 6.520120456526366912e-05 1.332610155692662134e-05 3.380059831129584056e-05 1.877287391881790255e-04 1.589831712242293152e-02 5.732348511875449970e-03 1.491838622131229884e-03
2.483141876992998875e-02 3.456294365993203572e-03 4.690676962052587294e-03 1.080997728656405820e-03 3.530683711446221850e-05 2.483169449293983781e-05 2.182893570511762059e-04 1.062860357854857746e-02 4.103305757522721434e-03 5.808973491400231531e-03
2.539406224480626815e-05 2.261718552033738835e-03 3.780300255398534870e-01 2.808897787119527326e-02 9.616927091424305350e-04 3.662002801868459982e-05 1.073025746500211818e-05 2.972116404903314150e-06 8.961919630905941511e-07 1.713702228011101672e-06
1.267281763994239059e-03 7.494078035672969073e-04 1.014541594426351554e-04 6.791064833774626086e-05 6.901244187759315463e-06 1.432088445941734367e-04 2.471651027048428766e-04 1.249775784661064050e-03 9.160993378185161573e-02 1.129166850736377931e-01
1.828078148555846367e-06 2.062028460891369849e-06 2.968622912982174028e-06 3.700179098602910505e-04 4.338224776007833412e-03 1.258099620841133040e-02 1.321244453116003290e-02 9.688364938222604472e-02 1.961053950871732409e-03 3.727803218438108712e-05
1.774921209756425977e-01 1.213476165250036883e-02 5.623555262130575626e-04 2.900054282982216812e-06 1.718683187759358633e-07 8.834775671069946700e-08 5.564713182074545907e-07 4.540039801701844308e-06 5.293109032951914253e-04 7.260794120163346910e-02
1.139213933353410087e-05 1.096147968946259806e-06 3.635703214044552864e-06 3.589550932113863714e-05 2.119840727182838690e-03 1.331198177156752982e-01 4.704465444123413775e-02 4.544120153901522186e-03 1.346340019046151498e-03 5.204892200007482607e-04
1.779231091027388620e-02 2.234412304108935460e-02 2.122442904303043637e-02 4.738329362558467081e-04 4.273286984290144643e-05 3.909725222999873683e-05 1.838498173961091667e-05 5.612529244979859097e-04 7.068370085564178174e-03 1.259953193939580308e-02
7.073715508677939131e-04 8.697371150333084379e-06 5.147208605249874097e-07 1.811031129538753470e-08 3.443663140713806995e-08 7.908251280686632471e-07 2.275353343532820767e-04 1.689076388772694365e-02 3.893208876735186896e-01 9.383588875867163517e-03
6.908842524278113273e-05 1.068589855722250408e-04 1.718619393221466896e-04 3.441252775918087273e-04 1.736683032789186013e-03 5.366484916123301710e-03 6.064840787285070284e-02 3.828726562745612266e-02 1.599680801406226996e-02 5.173016001026779038e-04
7.432397369552211895e-05 4.907180089083419495e-06 3.165118902938202392e-05 7.631525181468012768e-05 3.487604495789404157e-04 7.161527741823668462e-03 5.200068773344258821e-02 1.498032851301017015e-02 1.274104939240684568e-02 9.296524749241918961e-03
2.133446766184563925e-03 3.206016319508023238e-02 1.913436281383809334e-01 1.817908078524319362e-02 2.163485358880683999e-04 4.549645488881229650e-06 9.318780396478643571e-07 2.899341821156664999e-06 1.844467258308620503e-05 2.820355131181240867e-04
4.038525048198853666e-07 2.799319830316954403e-06 6.593900565304996999e-06 3.796101725491443581e-04 2.551872101386960193e-03 3.251656550764507880e-01 3.547910696838210698e-02 1.234449089004464048e-03 1.618349938849443181e-05 5.248848763409516508e-07
8.423924969993301331e-06 2.898251491843004205e-06 1.884739184721752307e-05 6.337657933024818660e-04 5.815117711417267833e-03 2.087270021749401405e-01 4.725164537368836681e-02 1.426590789527816322e-03 1.865519388250165306e-04 1.707462439500887484e-05
1.861693014564384623e-03 2.660957362818374989e-03 2.337113512959831940e-02 5.095610081686885451e-02 1.208541108334119756e-02 1.723861800969541812e-04 8.395560640304759997e-05 5.499069670845235086e-05 8.965615433127228657e-04 8.712851594148377388e-04
6.350032133657183820e-06 5.150972339954296321e-05 9.102212626799651395e-04 3.159675417592010260e-02 3.059482788325789391e-04 4.530740443209356266e-04 1.518129121486129756e-03 1.764377768968482230e-04 6.217896250864342529e-05 7.643851573770647702e-06
2.928083543942711434e-02 3.111817941554650448e-03 8.931143904218441336e-04 1.054230604296066062e-03 3.205329280570734106e-04 9.856029383372871301e-04 4.359236811064798496e-03 4.269480250273660280e-03 5.916719517680243262e-03 1.272340519813341432e-02
3.904554542261382682e-02 1.661932643427847800e-02 5.729759522276823202e-04 1.026473438926703302e-04 9.539061976590942695e-06 9.232384538194351214e-06 1.593386718668126983e-04 8.147614591369523084e-04 1.499434031250126108e-02 5.947674222829992668e-02
2.509626363100328928e-03 2.733979207376429060e-04 1.672826154230190663e-04 1.808448235959162842e-04 4.125916028756243081e-05 6.623727393625285513e-05 6.828402242408257656e-04 2.902014548703533633e-03 1.645388058565077499e-02 1.664097980765902596e-01
1.557811748333951280e-05 2.058531007875149534e-04 9.026735038127070218e-03 4.567527395393068484e-04 4.113577828079375566e-04 1.929598903481191370e-03 2.468608880377995939e-03 3.808714567206232548e-04 2.074252739265930923e-04 3.600481640620423321e-05
3.566884761643765184e-03 2.803057920058139862e-02 1.534681275173289516e-03 1.269930525228798665e-05 1.105676217420279405e-06 1.105969279567843907e-05 2.102384576044751072e-04 6.958286962058191300e-04 1.440164373473312547e-02 2.306865750721625100e-02
1.533061055078008660e-05 6.867245776539126253e-05 7.405199504891819655e-04 2.248839284986789075e-02 2.582019052708128121e-02 2.817864160829990430e-02 2.051722582119685015e-02 1.070576568912305669e-03 2.266519799197918173e-04 1.920684334233138863e-04
2.200298621037755781e-03 1.053919271669002435e-02 3.444986453354249856e-02 6.521543989270752427e-03 4.225849196877493963e-04 7.257768797789049720e-05 4.050457623015878698e-05 2.556201570365883928e-05 3.416971499998379272e-04 1.111762428523513022e-02
1.382472585990598155e-04 5.768083125641725262e-06 1.216736874890926443e-04 1.573341906301596593e-02 1.640873447151762823e-03 1.871999257492265936e-02 1.713957931985731278e-02 4.905342220618500067e-03 3.653195984268321934e-04 2.743372297846046124e-05
1.658848948458626035e-05 5.271237446635703227e-07 5.188012192132680614e-07 4.245990915931315117e-06 9.024487101262657909e-05 7.639393203027793544e-04 5.456562256121419733e-04 4.150510820363929182e-02 2.270536609848266829e-01 2.085183658429785956e-03
6.232889744773586690e-04 5.909075999313444022e-04 4.044629108542509288e-03 7.519771988387655148e-02 1.155691149233294308e-02 2.685584692564343956e-03 4.853454150418002808e-03 2.244442091383580203e-04 1.030995331185982546e-04 1.509348637359397339e-04
1.036913523759316229e-04 2.173616335012855741e-03 5.176909695335919770e-02 6.362323294982273614e-02 3.626743019746605807e-03 2.267863249039362220e-03 8.969833603270350965e-04 4.826161148484159357e-04 6.795676362367065559e-05 9.469860373334095601e-05
4.838945717278228878e-03 9.556040985844333488e-04 3.036554653105624389e-04 1.629400574322229401e-04 1.103886786900070728e-02 3.075500467072324069e-03 1.307183834517266011e-02 4.538591277445469183e-03 1.116985632023620098e-03 1.846802784944836812e-03
6.756603332024512929e-10 2.554715078463470205e-07 5.319096197855800691e-05 5.027735210022157841e-03 5.267085881603437159e-01 1.475021247042908150e-02 6.756189596299852116e-05 2.128453098891100305e-07 1.145752938897683570e-09 5.299947595664041930e-11
7.745285991284463125e-04 3.480059587672306733e-04 2.474141317843283824e-02 1.214490271539856716e-03 7.609235930064794711e-04 4.044175800570786508e-05 1.473509552821437265e-05 1.452025886171844906e-04 1.154207985643888532e-03 1.808881006628053605e-03
4.745298149279645467e-02 1.945140344748189087e-01 1.196032978178042556e-03 8.895209816494933897e-05 1.400924461966580117e-06 1.277334053423186556e-06 9.220139062361442789e-07 1.660681231592427289e-05 3.694665302161381283e-04 8.363586145018645640e-03
9.383451970358738860e-07 3.168576411972943672e-07 6.227525032329129525e-07 1.476560305830735396e-05 9.234602981162826074e-04 2.514896929388779623e-02 1.843113339053650268e-01 1.320301026253519090e-02 4.624848710911618616e-03 1.638945954344132145e-04
1.734250814129592849e-03 2.579767415342211641e-04 3.441730559000298032e-04 3.853235549007501563e-04 1.893109910976610685e-04 3.960968176224946894e-04 1.630553238408410282e-03 5.595587434271642041e-02 1.679902142111856095e-02 2.436653505537619835e-02
1.182094779877130826e-03 7.841711124069707106e-02 2.005705232490670731e-01 4.704372235673209314e-03 9.608373125695354429e-05 8.170158622384634454e-06 7.798184038519377788e-06 1.094265085465497891e-06 1.210518386783336372e-06 4.373685436830678359e-05
2.743422039316921815e-05 8.076722298093916149e-07 1.281587321441135076e-07 5.671680737049322254e-07 5.820001590647776640e-05 8.786098221474743925e-03 1.218111674379773607e-01 7.931984656306437578e-03 1.556091880380343698e-02 1.028445522956780971e-03
1.101433851776155844e-04 8.300370396897906538e-06 7.181757291142631472e-05 8.818017199243232632e-05 8.664178535130877842e-05 1.612972562509305471e-03 1.064215591578985959e-01 1.120437686743763622e-01 1.337719244072166141e-03 4.543634465577049307e-05
5.041855213522904253e-04 2.253451138239155756e-04 8.050873557868745830e-04 1.638387509780789839e-04 4.410691884370127915e-03 1.426189895849199309e-03 1.430600030605385514e-02 2.954577327351401439e-02 1.242069929590425975e-02 7.871318319022772153e-03
2.636428897184463997e-04 6.234560788959122561e-06 1.329994834861893583e-06 4.509103682629778492e-06 4.738536928165508109e-05 2.298272684525279417e-04 2.294951410071045632e-03 3.088171334104761190e-01 1.643127987379321142e-02 2.964456451828744420e-03
2.424034704653612628e-03 3.076093107867150511e-01 9.191553954144393579e-03 1.016603749350200418e-03 7.540807736251376554e-04 1.833978434030352969e-05 1.787855625615232145e-06 8.536007768087302526e-07 6.458006671613642333e-06 3.698288817067250977e-04
7.162854007939013778e-03 5.904702096567903584e-04 1.592111335017099420e-05 7.911000085406391007e-05 1.820475398788411799e-03 6.461944427765631358e-04 7.746969808704593126e-03 2.777514425227365150e-02 2.112561247523848246e-02 8.802427314148030327e-03
1.170162893929900874e-02 2.096628242397425290e-01 7.856065167852817333e-03 1.660886022268751657e-04 4.292616396793850591e-05 4.997379184569758072e-06 2.096625929891026720e-05 2.032280787184959547e-04 1.412752326008904309e-04 3.804605766369228460e-03
1.857300984964725546e-03 5.996359124186997181e-05 5.686941124315857973e-06 3.319327381985972437e-06 1.516773073397276064e-05 1.525468593412272972e-03 3.425060907165944357e-02 2.262286314045635488e-02 1.958402839116639080e-02 1.550710071360633310e-02
2.912128873211618281e-05 2.173234067259082218e-04 1.721171011071497524e-03 2.238310839078942738e-01 8.874869628179336833e-02 7.385049395322228162e-04 2.135298631725986777e-06 2.122380033882555462e-08 6.463728314989008437e-09 2.011586932668920146e-07
1.934741755441240550e-05 9.668005560856502377e-05 6.393219128005247142e-04 8.312211605752822807e-03 9.134720240605558733e-03 3.751765741261486008e-03 4.401015738442392612e-03 5.760139202019159271e-03 8.181184687105210601e-03 1.070380843562362711e-04
7.646373366655895574e-09 2.074859820744824890e-09 2.216064452991202675e-07 6.372410774317913150e-06 2.383208048284638815e-03 4.429199613409717795e-01 2.248315066346539756e-02 1.261527519484120785e-03 4.570378595017516502e-06 7.206768675032695052e-08
1.448084308480677399e-04 6.130720141287173352e-05 1.214600330511792311e-04 1.589865510566705760e-04 2.030947833358797295e-03 2.008557807268097645e-03 6.445484882380365845e-04 7.951544032559093936e-03 4.301326690590637908e-02 9.618081451778281782e-04
6.615220282389681196e-06 2.482808301830041840e-04 3.448754191943762806e-04 2.244974510306949750e-03 6.212266822314804066e-02 1.120799070443470602e-02 3.892714214180147819e-02 7.001058692221477295e-04 1.494608268316889234e-05 1.101774612161449985e-06
8.257177377553529332e-03 1.104496587920218969e-03 1.181161298083182936e-03 9.108506801661477373e-04 8.229373158216380865e-04 7.728858525197295718e-04 7.711207873922388970e-04 5.283819848709433824e-03 2.749606383496992074e-02 3.479878488998492531e-02
3.274944182975066641e-03 1.848893252670859386e-03 2.761532272767050836e-03 9.971672836723613487e-02 1.578792485742657988e-03 2.276116155340252121e-04 3.342517981549559549e-05 1.228067398166046670e-06 1.126477088469427550e-07 1.498708047741694546e-05
4.047412072171440714e-04 7.074705961921325288e-03 4.420860171758478341e-01 4.566544688879308270e-03 2.287895533617733695e-05 1.032045815520117843e-05 9.457437373975054686e-08 2.551969701059813802e-08 1.024530725440260898e-06 2.954547759200416043e-04
1.531686650925265659e-04 3.827377648056353316e-06 2.415178380375507710e-07 2.224536328557406608e-07 7.530957728781794631e-07 1.077264654761584501e-05 1.974318656336414117e-03 7.088259173562150295e-02 3.586460443579177204e-02 5.223042897082963432e-02
1.135161923171209842e-04 2.139697666189134824e-05 1.035067495077176034e-04 3.714101908694601533e-05 1.108984306539881863e-05 3.184528362896385252e-05 1.049713978361696857e-03 8.291671439022066381e-02 1.234668325954514367e-01 3.467142259251928833e-03
1.275816091933118165e-03 9.036658657725510357e-02 6.325877994586369402e-02 2.516556825703935088e-02 1.151749724542498353e-03 7.783376203693059868e-05 1.596164297133020850e-06 1.268183891110215077e-07 2.731629772914613818e-07 2.215308352177487036e-05
4.117666040100982725e-04 1.249606679050669158e-04 2.948706166981713444e-04 3.630018208072863456e-04 6.907365647467034577e-04 8.705836155394925877e-03 8.409261228738111474e-04 1.182418337290027256e-03 1.791698594902188871e-02 1.314778701790010607e-03
1.644551854505870315e-03 3.713236072476147880e-03 7.864460227756355643e-03 2.388797272926593968e-02 4.270504807152136740e-04 4.461470399157789300e-05 1.604542092703080923e-04 1.032347123251741361e-03 2.230938214258814268e-03 9.743211032904648293e-04
8.561947812786145716e-08 1.013908867131798139e-06 5.973385750382714510e-06 3.224107813456669573e-04 1.787562661163251670e-03 3.967641731445616105e-02 2.292160892961642438e-01 1.038284888824281445e-02 3.064247843721926775e-05 4.090372501122203699e-07
2.261686495843917089e-04 6.391795500057665443e-04 3.337402294345753230e-03 4.065810473528796987e-02 6.466299560032077141e-03 1.871043455994923430e-02 4.147650635991409723e-04 3.060738068012469132e-05 9.745213703607222906e-05 1.238381719927866224e-03
3.265255672262699829e-03 8.427216251206203585e-04 1.267393362765893320e-05 5.821023530555191406e-06 3.447919140618842471e-05 2.566227826733279193e-04 1.688290875937453490e-03 5.640320903692598933e-03 3.245867881522785520e-02 1.259977764902251163e-01
1.412001161859910479e-04 1.310109491308952491e-06 7.717837275067296387e-07 6.088644165009112002e-06 3.551733746274509372e-04 5.275933847236121549e-02 4.334401459839863982e-03 1.325522151010701216e-04 9.407790310304905003e-05 5.108717166078680246e-05
2.023580557693741664e-06 3.159327046390288681e-06 3.556493370370874440e-05 2.782510195087909343e-04 4.391141746128478761e-03 1.802613214723253546e-02 4.246476488150532913e-02 5.580001844194919236e-02 7.279953884084272402e-03 8.814976567940404804e-05
5.604943272407563944e-09 7.111863064334710411e-08 7.507643831417955900e-06 2.946202126900207986e-03 4.523186598083435705e-01 2.795957188829776424e-02 2.801138873133213083e-04 2.238812641681899288e-06 4.400357302583735671e-07 1.756188408611659090e-09
8.678922508886288733e-04 6.818648672889401983e-05 1.896089027638937416e-04 8.540532237352910531e-04 9.079160177431789061e-03 3.827822458424393753e-02 2.718759772574751848e-02 3.595585063584071268e-03 4.631903888136728806e-03 9.868601400051856074e-04
1.307378218638228466e-06 2.314567995325708453e-07 3.518813345077436287e-06 2.387839639063648489e-05 6.280141987374609526e-03 3.945260206442056106e-01 2.060429188103325704e-02 7.533805713814427027e-04 2.414067553797022759e-05 3.448209314171235741e-06
6.502484780662513527e-05 5.113054300562518519e-05 1.104924036182315276e-04 2.169841627281223536e-03 1.196654130301951641e-02 2.284202177740404793e-02 2.769762085942267804e-02 1.284816698615759423e-02 3.284656239332601427e-03 2.234965552810888427e-03
3.000942277357539574e-07 1.428635070570130383e-06 1.403209491571026440e-04 2.193470868043957342e-02 3.771874703950134355e-01 8.511633153576414826e-03 2.448734786370784290e-04 1.231805110269288452e-05 6.897483368343943070e-06 1.309484284273061690e-06
1.555504687168855977e-03 6.428981864169931726e-02 7.874820009595627501e-02 1.756323857090584528e-02 1.720650074230474632e-03 1.075510458187637144e-04 1.111979859361779376e-05 3.415252683185921243e-05 1.173528260844993598e-04 2.312440980303308931e-04
1.788133560705345128e-03 1.593314772171655971e-02 2.110642444821892935e-02 1.045076420950353940e-01 7.004067426685248003e-03 3.671407721460399356e-04 5.629951536164779088e-05 5.845437327529840664e-06 3.656923300089466490e-06 1.279291432407016802e-05
1.016605008243941623e-03 6.895400597015231836e-03 1.553138642590701701e-03 7.572112226582804152e-04 2.235586519544989351e-04 2.122538122082303236e-03 1.296243619128339963e-02 2.610654615894444832e-03 1.037775794550669858e-02 3.959744571730691720e-03
4.326733972317542811e-04 7.645684385277899567e-06 1.167453973552671264e-06 1.087254323872153148e-06 1.873662071968203239e-06 9.315611904877546328e-05 2.324861823800528776e-03 6.679328548121224451e-02 1.601439303836814931e-01 1.009081297121727089e-02
8.812675167820687412e-07 3.390743957067295089e-05 5.630483302071912118e-03 5.510550111345248470e-02 6.295799974160293591e-03 4.794721417655775468e-03 7.574838157837006022e-03 5.317950208804708007e-04 2.883880964904859479e-05 1.232619479060999394e-06
2.660732478333240926e-04 5.500276859453788101e-05 2.018476251244050743e-04 2.686724637315855940e-04 5.028533748268085475e-03 2.820924761738547934e-03 2.667177357517489964e-04 1.500589539353603156e-04 1.175604446782334018e-03 3.547242137091040273e-03
1.518634472962780094e-03 1.417736829986032503e-02 1.052214036326003417e-02 1.499212117119748779e-03 5.722370827427900671e-05 1.143394147504192478e-04 1.238708027929593248e-04 1.137475302589986909e-03 8.292858637934465843e-03 1.701953786624286298e-03
1.108064628241696480e-03 2.437671322583562976e-04 6.444430992592084604e-05 3.207841060652445647e-06 2.432451355626803367e-05 2.497070329203371917e-04 5.245064911031258915e-03 3.622336640290554910e-02 1.326762398280749433e-01 8.803612660991817426e-03
1.726360762259207697e-05 9.348121183533594281e-05 6.966395946406321810e-04 4.882533933285729266e-02 1.143807206433282517e-03 7.478456970430924283e-04 6.402829166542483219e-04 4.062240208020419523e-04 2.851257160902909106e-04 5.280369284941715738e-05
4.218445605391222750e-04 8.376368222347497974e-04 3.922271149471161537e-04 8.536164615089129751e-04 4.881819197320035227e-03 1.549921907382512338e-03 6.148153761467227115e-04 1.296099022351581732e-03 1.653894030985866501e-02 1.134390391404054010e-03
1.369967923025255767e-03 4.882837174978353102e-03 8.489066622561226502e-03 3.391157509700643349e-03 2.940900670249882790e-02 1.785804178298543154e-02 3.613014789601668992e-04 5.752607166233205446e-04 1.585845173181669261e-04 1.271333288554045817e-04
4.698456011835334088e-03 5.319353439861708010e-04 3.856429342488557456e-04 1.382467758788802044e-04 4.230311320647429127e-04 1.875707806808420966e-03 1.526435415896460618e-02 3.581423453064214169e-02 1.471179014474850374e-02 8.965213387528585265e-03
1.338443235927816270e-04 1.982260061676868919e-03 4.125551834060291190e-02 8.724269612198369550e-02 2.147808038974706804e-02 2.482135301732973139e-03 7.000335638844112484e-04 6.417505405683547950e-05 6.718829433957605779e-06 7.217902598593012280e-06
1.854101628987152843e-05 1.036073610978415110e-05 6.968076414778488108e-05 3.899632495096058867e-03 1.089019675425121313e-03 1.902167992074474780e-04 6.095596962448214089e-05 3.580310230779851352e-04 1.267976154915815288e-03 1.465615982782302019e-04
