2.077570035282848282e-02 5.130689218813848373e-02 4.011548350728076119e-03 2.780868752187709721e-04 5.053790802063799634e-05 3.608431933676901199e-05 3.423311184030581092e-04 1.730292073203458080e-03 4.372041980879124573e-03 1.353051671040611872e-02
1.915530364510480046e-04 7.436414260269137971e-04 1.058314932161308689e-02 7.178949144103584541e-03 5.833599831921423319e-03 1.518893891179657479e-02 2.526333936092759695e-03 3.544135369086599298e-03 3.620364511773898480e-03 9.809099231499463206e-04
1.907211566384662280e-03 4.722093014701637926e-04 7.523178106162659116e-04 3.257085528170358853e-03 8.665121464176750443e-03 9.371888464151064899e-03 1.910217810532583577e-02 7.939050867496175168e-03 6.362014957872723017e-03 2.167326003250069719e-03
7.318552102754505295e-03 1.458879267262131862e-03 2.167082991726231706e-04 3.476564422177729998e-05 1.164206158423745497e-05 3.098971851951382278e-05 3.151930663265464306e-04 4.192986187998281114e-03 5.601296536421501715e-02 1.092708207871533194e-01
2.072625227105078308e-02 5.599007767944304314e-04 5.732547700536761359e-04 6.794075800305357906e-04 3.131658192994906244e-04 4.367687820623750139e-04 7.978742183375355087e-04 3.484639755626504822e-03 2.868752363402890873e-02 4.322466391564911553e-02
5.310379472009909944e-03 1.229891789578777157e-02 5.734457398250714620e-03 4.370730658109839815e-03 1.348917350070073231e-03 8.226274268695671832e-04 1.850114268930309371e-03 1.634077922530892445e-03 8.313240995107037956e-03 1.225150745689690575e-02
1.151210664130175256e-04 1.612742219293770334e-03 2.645006510257825322e-02 1.833106342140135847e-01 2.394739786225815945e-02 1.075511760246686483e-03 4.534361915684539170e-05 3.205562139556290419e-06 3.547252166442265891e-07 4.495852077354189505e-06
3.711826143075665219e-02 1.889656124457203545e-02 5.592022017426007997e-03 1.585503598569938449e-03 7.182134135785081270e-04 7.134156643712856460e-04 1.249604778207651827e-03 5.911110866899542187e-04 1.582900156158845986e-03 1.122383247697302661e-02
8.785130347078257346e-04 1.131680094844170203e-04 7.952008484306185426e-05 1.623221830431592248e-04 1.440511595117147299e-04 7.345093079174360665e-04 3.387800237370404421e-03 1.507417425452431958e-01 1.038147904152527529e-02 4.071434062066600634e-03
8.001900426464063007e-03 2.329748789284056491e-03 6.067737102044306512e-04 4.040229941569059915e-03 1.510317263700883999e-03 1.471354653350245888e-03 4.217816758875785228e-03 1.451216460318092115e-02 1.042568694056757693e-02 2.605819236935727652e-03
1.028917352212834271e-02 1.317593788245233774e-03 1.445666745708347088e-04 2.391107819199444278e-05 1.605254040936167755e-05 1.218186437140747789e-04 3.496355854785156321e-03 2.256185798114791752e-02 1.987805211136965330e-02 4.512886230422850226e-02
1.526669925514508031e-02 3.161730203380092724e-02 4.640158170040780544e-02 1.429324734425546119e-02 1.364388975181436920e-03 2.252507672423884912e-04 1.048073557612666388e-04 1.687883672706902167e-04 1.456081503919475178e-04 1.028381298133472206e-03
9.615067188123044284e-02 1.428469301208858989e-02 9.232916469738437684e-04 1.924734274927920592e-04 2.232089768210877501e-05 1.776173839892108001e-05 2.860246494323683946e-05 1.034210420570170303e-03 9.876563183706795965e-03 2.485761291323896824e-02
1.694321287264569792e-02 7.046484329555996635e-03 3.837780884375200947e-03 1.738231167509941052e-03 2.482313453287007636e-04 3.172302531488098540e-04 8.787413164272558658e-04 5.662554443500471789e-03 3.941623836794653536e-03 3.127259029924737282e-02
7.908144690037997859e-03 1.215982649907241565e-02 2.656950587297834260e-02 3.367070649715439654e-03 4.418336898511935999e-03 2.580968158464651014e-03 7.763028149721472575e-04 3.906467329103898486e-04 8.787266642964434039e-04 4.844312777844456304e-03
5.998168404733530447e-03 6.142044532089714452e-03 2.501288811451767707e-03 1.988447723758255542e-03 4.463213078182225180e-03 4.785534913232736970e-03 4.071899370482134038e-03 7.417238309020407830e-03 6.290920087994473879e-03 3.467873019299063872e-03
8.173742441655915516e-04 1.470575882243884943e-03 4.710801154151495959e-03 6.257896338241765097e-03 5.252918057117531708e-03 5.024580768556496935e-03 1.911107444030706384e-02 7.596525969928850583e-03 1.723719823473274671e-03 6.533702580685456056e-04
8.314643962283320769e-03 3.946608778016849617e-03 7.559426457129877520e-04 4.793629252723250085e-04 5.830726084308760111e-04 2.022524006961230140e-03 2.870286363708366480e-03 7.585408550444760166e-03 1.721133100909725058e-02 2.767609110005867651e-02
3.563882926500938630e-02 1.787021565263876080e-02 8.175380282455517629e-04 2.789098905024704647e-04 7.272465538436670776e-05 5.934889486052359001e-04 4.860081418384106585e-04 7.345318419588673904e-04 1.084507499459174545e-02 3.095513383975285332e-02
5.238507759725382316e-03 3.451082198327115429e-03 4.276245964608025099e-03 5.388145821246535620e-03 1.669059814179238432e-03 2.607329747272677141e-04 4.832370965209208894e-04 2.970575071822305954e-03 1.263332884842131160e-02 1.144593707582370994e-02
1.238671370126324933e-04 1.681351686706976855e-03 3.242232145410386263e-02 2.622033589632729103e-02 5.174911021771383228e-03 1.548757176457019784e-03 4.267322386609543466e-03 7.074239155757546362e-04 8.053180676182813795e-05 4.975091813645017146e-05
1.799115350154520745e-02 9.465437043873954973e-03 2.142414617031394766e-03 1.304473573022338784e-03 4.565142161870869362e-04 5.832695914214233116e-04 1.003218712039740269e-03 1.073969666615178821e-02 7.591310505696165917e-03 4.019535297418926588e-03
1.913236044221424542e-02 7.257320218319426169e-03 7.939219354725735728e-03 2.902630016893701075e-03 3.642048779718948638e-04 2.520204206459139237e-04 6.953882343112318927e-04 6.341205404007761205e-03 5.338761685440332125e-03 8.104567694214930354e-03
4.034717081123426067e-04 2.493947448765158979e-03 4.882405034321802423e-02 1.839779346652871406e-02 4.962057156625739908e-03 1.763803555494654384e-03 1.675445445654616958e-03 1.057852142770478133e-03 4.250609353127207733e-04 2.707597752006175927e-04
3.020928962298929758e-03 3.652027277288648170e-03 1.668056704063387678e-03 1.464711028082127386e-03 3.874375704761701795e-04 1.660671066384835628e-03 1.838358628991062149e-03 2.804947485514981860e-03 2.424599739853245534e-02 2.725693833624739937e-02
8.342508183463445497e-05 1.157998009198026680e-04 1.365350268937931208e-04 2.213358315498978410e-03 1.089039677019947722e-02 2.006622405490888703e-02 1.651692466659098607e-02 3.191211013588874518e-02 2.900641269703432140e-03 3.231033610583971963e-04
8.728638899418383890e-02 2.007952710062623630e-02 3.008349346036339779e-03 1.464208211826494921e-04 4.966279018691953866e-05 4.168682663799850398e-05 8.730507132454288892e-05 1.686323518786114750e-04 2.003670300085113806e-03 4.298194183540024471e-02
3.406187083058720682e-04 8.859272431206267429e-05 1.294658352768465986e-04 3.153069638465323243e-04 2.738578960819183956e-03 3.504458355549860266e-02 2.883172399727409324e-02 1.074138579609371438e-02 6.251309370430641922e-03 3.193121986053165055e-03
1.657258452578493427e-02 1.606006865978490752e-02 1.139349528941971217e-02 1.243345120548139913e-03 3.865903749796205662e-04 3.966132541110091230e-04 2.619531912955282908e-04 1.739917369583598647e-03 8.375539235339669181e-03 1.362097925871913300e-02
5.194785720050573360e-03 4.850857643939536870e-04 1.233019906235450580e-04 2.094794236303668610e-05 1.997908472309463520e-05 5.552940988756045352e-05 1.369417957763637223e-03 1.985756320067004824e-02 1.237096371352673502e-01 1.919313384979620327e-02
6.789548301933840410e-04 1.072656882231328747e-03 1.496506614572624440e-03 2.060557195995111820e-03 4.313425239878076675e-03 6.773185554265334293e-03 2.167436519664183575e-02 1.632873741218943478e-02 8.876300346354434878e-03 1.462264954926159643e-03
3.813412139922564168e-04 1.252013823647765288e-04 4.704148522164803810e-04 8.897724969767361767e-04 1.957651098229306989e-03 9.694026180470636384e-03 2.912136721520579632e-02 1.524822152544942980e-02 1.166160809210975077e-02 6.556704954435738780e-03
7.178354450597427064e-03 2.598357088925754704e-02 5.561187495096922562e-02 1.211352077169347737e-02 8.863341265834368899e-04 1.516693120080112522e-04 1.120749997113240024e-04 2.635203750255032170e-04 6.909484560441052966e-04 2.741046514127553485e-03
1.941651876740881251e-04 4.956576671055579024e-04 5.041733203997689032e-04 3.062356984193363111e-03 5.934558157403871555e-03 7.736750978841418214e-02 2.688741359137918410e-02 4.343640774221962757e-03 4.913453099413652358e-04 1.440741125236293335e-04
6.016337746692399608e-04 2.851629223586000248e-04 4.974987106711178464e-04 2.529073514969499073e-03 7.322422322130461500e-03 4.970296882736507937e-02 2.495835195666432429e-02 4.553388635745177215e-03 2.097001180491177806e-03 7.729034167402923632e-04
4.993007171842076854e-03 5.528823402140203500e-03 1.487958108901208006e-02 1.892282204441990065e-02 6.803246473952142929e-03 6.573396238503397167e-04 5.656589162226923579e-04 5.252786015606495003e-04 2.704469960163469276e-03 3.213388633925240608e-03
3.561315037988103233e-04 7.523494463639401972e-04 2.356850195341043432e-03 1.255163463662133452e-02 1.120238067986594616e-03 2.804003354951059655e-03 1.073977956953394569e-02 5.352987741623745944e-03 3.335302918386017900e-03 7.111158173846054325e-04
1.214424264610246794e-02 3.771254026570738157e-03 2.129575272965883708e-03 2.450465282993359410e-03 1.403830636012985559e-03 2.594919351627532431e-03 5.694520489082066303e-03 5.719839427016713655e-03 6.486537739608176471e-03 8.832116203877183463e-03
2.341612141779884221e-02 1.255673500508402984e-02 1.885100149520028533e-03 7.722312661526444790e-04 2.320365102005635181e-04 2.251395903509297491e-04 9.970630885553200505e-04 2.497431348515908017e-03 1.272970860574902836e-02 2.933332359663365710e-02
3.009365386724274956e-03 1.477404177576600863e-03 1.743415718201523756e-03 2.413572014586522641e-03 1.245549686756549290e-03 1.362064975437692494e-03 3.594658637810446960e-03 5.944210623453714121e-03 1.065468024472924179e-02 2.663842952838934089e-02
2.367972918720963327e-04 6.818607793790626512e-04 4.984763725921533516e-03 1.313048904358351697e-03 2.292410494196569452e-03 1.130651188186404012e-02 1.949046326175505467e-02 8.246407513112244403e-03 4.586254991297014638e-03 8.710856977773278470e-04
6.142787319806546076e-03 1.343996413496487130e-02 2.090101522739635457e-03 1.365671022697196658e-04 5.327534664316663888e-05 3.014311434717276161e-04 1.966215636866203327e-03 4.104335265775293888e-03 2.000301315182930958e-02 2.304713143904388306e-02
2.565949881135608799e-04 5.289347158729941316e-04 1.763778356461390487e-03 1.260939762496158557e-02 1.721523239625527557e-02 1.928350068168246251e-02 1.487780110963192286e-02 2.996065556350034197e-03 1.339731952527276494e-03 1.085269378575077354e-03
3.810509573879698221e-03 1.183864149937152201e-02 2.553918230735179734e-02 1.106308857195077190e-02 2.704552465159007057e-03 1.085514883475691139e-03 6.804645940769750954e-04 3.887672255899971355e-04 1.127775759289212365e-03 7.151693785735464305e-03
7.567306437926071697e-04 6.950607809655803750e-05 2.834342711097119342e-04 5.103197025113794146e-03 2.686750073743600104e-03 2.054271763985519861e-02 2.887691517331822041e-02 1.586028793677232360e-02 3.396031392626391344e-03 5.680846206216284746e-04
1.893278280612666759e-04 6.264258918559638975e-05 1.219019389147901110e-04 4.700169387019343466e-04 2.396912418327284446e-03 6.481748755963381153e-03 3.383513512249441968e-03 2.318216351702567443e-02 4.144084237239123447e-02 2.311439826179977931e-03
3.009927294891202951e-03 2.431969608594975168e-03 5.205204176461923800e-03 2.182965768998568548e-02 8.779226556802244286e-03 4.297065830913542051e-03 6.025509435401497915e-03 1.441507847354520176e-03 1.249087361106407867e-03 1.594437432707351051e-03
7.075243250585903530e-04 2.740270438805571251e-03 1.547757631917312353e-02 1.969620734427867531e-02 5.442495338910981195e-03 5.518644851301846357e-03 3.893491887109508040e-03 2.846027831968649027e-03 9.622193947114467388e-04 9.407860755388778749e-04
7.871841421612846279e-03 2.799963608505054002e-03 1.090301586809377899e-03 5.197856460248566953e-04 4.982856552012167664e-03 3.552569824406719753e-03 1.015034575912842664e-02 7.201931192485739111e-03 3.894216961052561574e-03 5.248509682307959424e-03
1.270363299974795272e-06 3.917737211812407613e-05 1.071008366174062889e-03 1.577310116267745255e-02 2.268130841876746795e-01 3.026382836282277139e-02 1.026559739422845891e-03 2.935423848311792820e-05 1.713365073855680323e-06 4.361705811346284331e-07
3.274141677316479322e-03 1.155490442093653255e-03 1.081489070063094450e-02 2.841893042652759646e-03 2.775903740798219780e-03 6.835751144679212124e-04 5.195846204251033463e-04 2.560220797000232942e-03 8.344079951737007686e-03 8.634638374706717079e-03
3.633741050288615687e-02 5.217021325484177963e-02 2.533007812410745761e-03 7.272517487578475468e-04 1.115333786612201952e-04 1.805370778162628561e-04 1.716697213011975618e-04 6.868574722531862369e-04 3.263363990108066309e-03 1.661380834737384918e-02
5.627405179858024670e-05 4.310548791689537804e-05 5.714838929307824457e-05 2.646329287426060382e-04 2.834738991196933400e-03 2.132113631644415308e-02 6.882163506869436176e-02 1.812729753658192874e-02 8.997045357340515206e-03 1.054088175810986979e-03
3.648009126081786305e-03 1.782429035830344422e-03 2.502407704961103277e-03 2.683782345997298528e-03 1.605902108147750501e-03 1.806073120679323575e-03 2.672133706502186762e-03 1.551148462742443432e-02 9.565621686701549636e-03 1.246955096012272030e-02
3.393673912240334749e-03 3.470986143176175293e-02 5.883103937616711299e-02 7.791362392802263399e-03 1.341409244011784957e-03 6.111795164107316656e-04 7.699406567325224127e-04 2.661972302535358824e-04 1.806681238186452635e-04 7.436927504433593714e-04
5.758095229246685621e-04 7.906517586141572403e-05 2.377724335336358635e-05 3.295853141038548878e-05 3.580819040022506093e-04 8.378182555641990395e-03 4.742568851451539613e-02 1.416688494593672937e-02 2.236243901490346173e-02 4.760837492333102640e-03
1.434472581139860196e-03 4.986033312125280224e-04 1.885400448064854066e-03 1.939509873512227462e-03 1.268763683091893388e-03 3.358580950277259558e-03 2.630786969239420903e-02 2.483669785286862081e-02 2.279564217427000865e-03 5.906664083553944200e-04
1.818420045495375975e-03 1.054190193224771024e-03 1.684019568273023614e-03 6.086564240805139320e-04 3.541264219480986467e-03 2.462153332123488345e-03 1.061548066484172513e-02 1.834107728468250056e-02 1.219773603196863156e-02 8.589697848932591195e-03
2.640855307037830602e-03 4.717875538852255414e-04 3.016400837584415806e-04 5.221383766678176037e-04 1.338188167255698145e-03 2.065033305368179934e-03 3.949462985662883716e-03 5.210112838177951428e-02 1.535483337116023972e-02 8.303034313920190992e-03
3.755590603647750332e-03 5.273940227469094133e-02 1.202036993443696307e-02 5.854671539076865272e-03 6.027891984168949092e-03 9.347206791620917953e-04 3.261800770752572797e-04 1.709074344577126532e-04 2.833863524536081829e-04 1.804348933087183363e-03
7.215716865601321146e-03 1.361182921668849808e-03 1.487705995976798567e-04 3.376778661316442564e-04 1.990497569834283852e-03 1.546355649203543913e-03 7.826896685666169529e-03 1.903704766544932550e-02 1.787939899390119172e-02 1.046010906976687152e-02
1.174123223626343665e-02 4.234402744758411496e-02 6.881624297988764988e-03 1.077157759546819131e-03 7.529914878901097699e-04 3.122923859008760713e-04 7.657330911889530852e-04 2.366517111152828100e-03 1.603582557570206249e-03 7.814189732504467703e-03
4.262337315343344910e-03 5.684039181627639032e-04 1.530291851829264761e-04 9.720462000384656200e-05 1.634451065850646857e-04 2.238276018499408149e-03 1.738778633274128474e-02 1.950017541176451291e-02 2.038342595033713900e-02 1.640404467236813296e-02
1.106262702083260236e-03 3.613572565533628399e-03 7.408099079630196988e-03 9.012624745576368335e-02 4.735106000108716545e-02 2.091441644528082688e-03 5.667562038503933588e-05 7.288165556926337194e-06 7.098854704661683431e-06 5.291029191925552589e-05
1.984728757765210662e-04 6.537084683100830105e-04 2.285889591164726696e-03 1.068390935622670797e-02 1.290392467588862696e-02 8.040750674005234591e-03 7.629419000089042620e-03 6.749473418514654113e-03 5.375465049383177513e-03 4.236252267634558967e-04
1.669805968667557308e-05 5.025866798553223128e-06 3.863492329295491130e-05 1.686982196480422979e-04 5.516599487635437740e-03 1.516475712176886814e-01 4.192892512543162226e-02 8.439580548229356355e-03 3.043914499012370808e-04 4.394954258609251298e-05
1.174788345100712724e-03 9.999385583326820832e-04 1.836177610658682510e-03 2.154723679196211307e-03 7.137092076738915832e-03 5.800202670043823339e-03 2.255595187778213547e-03 7.525226575547372225e-03 1.599917984339150126e-02 2.285780346996534648e-03
2.713252746509158832e-04 2.308625179065677130e-03 3.056078709832713708e-03 6.782252371477956801e-03 3.327600484806097353e-02 1.195622900245237909e-02 1.772125790681431876e-02 1.639234737039030982e-03 2.286170561346477080e-04 7.945005696943798997e-05
6.442335998429846167e-03 2.499619995740354119e-03 2.931734457309050513e-03 2.767340977707332273e-03 2.640127866931951499e-03 2.384380925753249413e-03 2.096215467400562062e-03 5.112752048131340848e-03 1.178769025919276098e-02 1.335703275247272261e-02
5.288452585163960600e-03 5.241082883267548717e-03 6.996923769341563924e-03 5.067896043952142132e-02 7.142658206660029881e-03 3.727116402394475749e-03 1.337903195156950158e-03 1.591078194726478813e-04 1.982507586011274795e-05 1.971603067169043326e-04
4.643648484086272156e-03 1.489803687524615672e-02 1.001332563481698162e-01 6.949763575784018849e-03 4.435115019452846017e-04 3.951295791110865361e-04 3.512264236871531526e-05 2.063035523821200252e-05 1.208254445073752941e-04 3.603201366355920747e-03
8.249037380600805942e-04 1.524042601561895595e-04 5.664211926111676736e-05 6.990668378342758935e-05 1.117585422196046204e-04 3.008361190917254314e-04 5.686888079992418257e-03 5.180418256663169019e-02 3.839194879126958670e-02 3.120620445635861884e-02
1.099341947533887280e-03 6.488867143667453310e-04 1.970215158161326904e-03 1.199980505147948658e-03 4.847142950657254553e-04 5.295761568598900126e-04 2.110981381382608709e-03 2.241553964542430250e-02 3.000782634986213712e-02 4.788808313876168413e-03
2.550932824613983112e-03 3.899505121614302294e-02 4.534819793336000021e-02 2.831666314912685556e-02 4.841202942331642584e-03 9.408134089942095726e-04 9.478823268024052758e-05 2.169647674554754703e-05 2.242868930427585855e-05 2.161716585445553685e-04
3.042833407429655114e-03 1.968146079157563361e-03 3.477850511325355533e-03 3.602769827749046413e-03 3.607399929290777425e-03 9.115963710790131111e-03 1.933737537999139422e-03 2.241774242611788062e-03 1.148097832463783503e-02 4.047887108712166018e-03
5.473847560907532661e-03 7.010258838848464763e-03 7.769574231578946569e-03 9.411494554261734882e-03 9.107595935653089092e-04 3.132950742609989900e-04 9.774709294685533702e-04 3.777859802052689186e-03 6.786969875023274659e-03 4.531134648181492884e-03
2.696978603592981174e-05 1.411131316331004182e-04 3.701666613655224666e-04 3.294790117314961263e-03 8.085208300855163677e-03 3.599203033644433891e-02 7.097499200107600104e-02 8.688824331885667759e-03 2.218196061482494304e-04 3.198469618746228388e-05
1.510810243225109992e-03 2.970334065014031306e-03 6.929578217330932370e-03 2.313134005957997660e-02 7.798042061979650399e-03 1.082942400359865331e-02 1.239206595803903467e-03 3.250959906503521867e-04 7.366522093295994108e-04 3.229900804359266218e-03
3.827777306013469862e-03 1.695250935806285686e-03 2.047938972281788679e-04 2.159052813495900426e-04 7.063273446813922354e-04 2.228075906894391549e-03 6.046527765255742780e-03 1.028995993054869496e-02 2.070776166233040394e-02 3.147123800767728102e-02
1.667057176899012149e-03 7.497264941439877564e-05 4.071929087150754506e-05 1.708371124619713669e-04 1.875158713804522684e-03 4.014682263717250787e-02 1.410395108213968220e-02 2.359196684263029954e-03 1.996778644484353740e-03 1.285591096381322618e-03
5.996159202600462648e-05 1.074106921711553427e-04 4.718186448952090537e-04 1.629604504617129107e-03 8.078684716097102661e-03 1.885492232647939526e-02 2.797997832593743933e-02 2.536513043747594398e-02 5.761422462651874694e-03 3.774024930693483065e-04
1.130038790470319447e-05 2.369235428257235744e-05 1.920980829274103842e-04 7.021624020452031309e-03 1.663231531330303381e-01 4.440164560741542005e-02 3.451392081410477927e-03 3.049520290220182855e-04 1.463016005999308398e-04 6.362959143339627624e-06
2.161293531518838386e-03 5.487930065521391503e-04 9.636751648867253588e-04 2.106248560495498339e-03 7.518949880376830930e-03 1.721808708799501750e-02 1.485612464259638242e-02 5.293420642693800159e-03 5.979043293098884430e-03 2.572635060015635022e-03
5.448251744519789878e-04 1.441980188742994528e-04 3.110374780485536069e-04 3.628427974517882989e-04 6.118628862132271910e-03 7.309178552682410457e-02 2.061348635416565891e-02 5.072331430432456406e-03 1.372855987096290205e-03 8.096848392483026570e-04
4.119006956501139937e-04 4.037903599735262559e-04 6.161531617038633335e-04 3.250631452074553493e-03 9.719822326769914436e-03 1.562588395870210048e-02 1.770642143808016586e-02 1.101966484437891941e-02 4.604068024982036628e-03 2.887783215873017915e-03
1.546034016199074801e-04 1.302933020121099491e-04 7.231469932283063817e-04 1.219762966598830940e-02 6.528562199469858940e-02 1.075383508504149099e-02 2.765385137474550819e-03 1.111287343557126406e-03 1.263876142024084048e-03 5.455989016572323873e-04
3.325350097419688990e-03 2.346155519669847200e-02 2.952410249509026738e-02 1.352317087194928637e-02 3.877340153950942659e-03 9.696411974570659249e-04 3.608484753032209741e-04 7.195061550088635658e-04 1.312591858431365159e-03 1.599155650766247638e-03
3.353623128828737195e-03 1.446684317974359681e-02 1.886902657155175439e-02 4.035450230665526411e-02 9.168038682250424440e-03 2.006220513429410497e-03 7.951348345250760716e-04 2.458867933298895304e-04 1.691536283028047065e-04 2.175021895763190312e-04
2.593861028694217832e-03 7.037842291838154220e-03 3.376726401086671721e-03 2.200353308111345843e-03 1.031568676576278144e-03 3.335795204652512291e-03 8.832992608676861965e-03 4.120644759958809987e-03 9.071856289859783415e-03 5.585082357130372911e-03
2.196333572727937524e-03 2.791753977839003245e-04 1.447023375713076020e-04 1.481522089167163110e-04 1.451328555978026143e-04 9.548672230401166264e-04 5.613918254262633377e-03 3.852126493905564525e-02 6.309883482504455299e-02 1.323775573378480584e-02
3.528507065430198757e-05 2.087921685514097434e-04 4.959302277195182240e-03 2.485332439056461146e-02 1.075238276733723498e-02 1.119914382621054090e-02 1.379589366542992301e-02 2.883431264390625380e-03 4.788536547280316147e-04 6.337334933387533519e-05
1.799265039217550844e-03 7.228406400775424937e-04 1.721605814209586655e-03 2.232640644931034070e-03 1.085935817613309373e-02 7.681344866472869688e-03 1.740493807201913459e-03 1.119272426262369084e-03 3.997593678093303536e-03 7.389482129751007849e-03
3.666771709078296172e-03 1.277401756362254309e-02 1.096480285415736555e-02 3.514535782635945255e-03 5.938406428446275660e-04 9.433921949754273334e-04 1.015404478793995903e-03 3.157823700723687982e-03 8.765325427763107080e-03 3.825132167590035784e-03
3.763556031834233099e-03 1.746022534212032318e-03 7.858125155321849659e-04 1.479158833725414393e-04 4.001395548068911148e-04 1.274538895247102118e-03 6.726393804454108144e-03 2.041601507447510233e-02 3.994706496472049534e-02 1.004741879302769106e-02
4.500616633441690087e-04 7.180647820614865628e-04 1.404698225487330861e-03 1.276974563151936880e-02 2.584008833101828027e-03 3.907030959911433898e-03 6.280985927844683243e-03 7.153458563183351208e-03 6.139004938431787128e-03 1.713270362696522366e-03
2.096655843450483288e-03 3.848779523012996282e-03 3.030101996569467895e-03 4.602540383779822608e-03 1.002872551975874348e-02 4.450042361108111702e-03 1.993810713017797089e-03 2.507046458113638358e-03 9.219279757383049001e-03 2.692615179960569649e-03
3.997297807976242685e-03 7.942793359297865841e-03 9.715302156034121700e-03 4.965217881269878321e-03 1.295760745045752144e-02 8.428100282106748553e-03 1.087071105991878903e-03 1.799275496711423214e-03 1.117841032119215334e-03 1.107222651909367788e-03
5.536714299376054201e-03 1.784194959394238547e-03 1.533362532419958301e-03 8.832017799193046109e-04 1.499993714476403200e-03 3.119467011133813823e-03 9.526208550117692270e-03 1.593770600061563195e-02 1.063886309302420827e-02 8.217844062176496781e-03
7.609800879684353470e-04 3.309137185414505120e-03 1.961679019530256432e-02 3.432050145569199434e-02 1.759739225201170654e-02 5.824561577813671710e-03 2.839774782517594329e-03 7.398101462970232490e-04 2.155835549617595565e-04 1.887506450906334518e-04
4.489452985640835772e-04 2.336788523823332220e-04 7.878057106591707624e-04 8.717475975707576069e-03 5.389092730735322787e-03 1.963819103974682925e-03 9.712342461020876750e-04 3.600036773997161536e-03 7.940609886215818994e-03 2.183428121552093322e-03
