1.732727143006743131e-02 5.115501349162747402e-02 1.340863438018136122e-02 1.247716844442507862e-02 7.935212951082227378e-03 4.384726148250095608e-03 2.505925383815219704e-02 3.074189354787837739e-02 2.313957455037790947e-02 3.120048535768153025e-02 3.400632406306952280e-03 6.022360607872997637e-03
3.916946110616652960e-02 1.207839779236342254e-02 9.336471223937367614e-03 2.555306420745056400e-02 3.298177309214397803e-03 1.910894480156631603e-02 3.095403917344542732e-02 1.696673763248614242e-02 2.927308635181496282e-02 6.150544678961587450e-03 6.944610215542657873e-03 1.873068740979899616e-02
2.863934350937708331e-02 1.718311473660272953e-02 3.720799356171625161e-02 1.597432205324684357e-02 2.934882279722771103e-02 1.442447099717695212e-02 7.751420682037912444e-03 1.848633834994607358e-02 1.869875235983078920e-02 1.358129731541919509e-02 7.144981157247044280e-03 9.627376470416278836e-03
8.583694032527816598e-03 1.368409992024135699e-02 2.702582140941971536e-02 4.302861876414462022e-02 2.131383038411915551e-02 6.227255990931419285e-04 1.432858547661593901e-02 3.362452401636524535e-02 9.191746517896733082e-03 1.440387303536316138e-02 1.294726537173705727e-02 8.115090970348144001e-03
2.977936566380751798e-02 2.578800803727909416e-02 5.071605619043076212e-03 1.938609621557546570e-02 1.299065570836414364e-02 2.036481684986165067e-02 9.798367783063002129e-03 8.552921969321437140e-03 1.502759891674183314e-02 5.042971107410672629e-03 2.535777144500412153e-02 2.834224141707626307e-02
1.639480512565080067e-02 1.578770728021384670e-02 2.083222176900722394e-02 6.009360475422743236e-02 2.244020140995444876e-02 1.237741787444666605e-02 1.471612799349293101e-02 1.089864321782660350e-02 9.550370272752876574e-04 6.293066880861184278e-03 3.069416062464096900e-02 1.580660348868060186e-02
1.593879646442555517e-02 1.471155808633491449e-02 1.184345683930706529e-02 1.499721571900470424e-02 2.961113950245119336e-02 6.410875313956132700e-03 6.890587416709843815e-03 2.143920923981209800e-02 2.753746955282031922e-02 1.047813028908091935e-02 1.995010964586133723e-02 3.673968244099448666e-02
1.518454838046886211e-02 2.354945787539567195e-02 2.750249296663863363e-03 7.190836263939227868e-02 7.321970862653121373e-03 2.335497385706001780e-02 4.071703825656827758e-02 1.354639753375814701e-02 1.587833937049146259e-03 3.418702116284148135e-02 1.331429710622840899e-02 8.752869824831739295e-03
1.241930179504041609e-02 3.293657466112070997e-02 2.124566753175182940e-02 2.860550751781932612e-03 2.343764748080230664e-02 2.238245091743979592e-02 1.579899626572722413e-02 1.405619421882930639e-02 6.247189066393959121e-03 4.623113531810598038e-03 2.246786147459653438e-02 4.077580767686932173e-02
1.047599689281920182e-02 3.467103298934792743e-02 3.105593716086279057e-02 2.331529452283940054e-02 3.372978882070473000e-02 2.425650039537294300e-02 9.601840728080133017e-03 7.990199059084516706e-03 1.198712287088049729e-02 2.150458655847548722e-02 4.798997954857662715e-03 4.578325739574608429e-03
4.702228873804592535e-02 1.743820252465020162e-02 5.039051661976544014e-03 1.057520899708122748e-02 8.047672108841929031e-03 5.213364055888013680e-03 1.266400908723590074e-03 1.742386562547307630e-02 3.223613076525073950e-02 1.344173340801173636e-02 3.057893266249271311e-02 2.094967896664570728e-02
2.075538879696306460e-02 2.954623817802718919e-02 5.163344609113250556e-03 1.193205384779902171e-02 1.546161961543307192e-02 3.293841443673467539e-02 4.017716826855337840e-03 4.017107046539357407e-02 1.718398659215288407e-02 1.517336755675075151e-02 3.314016105528053147e-02 2.779264756550833305e-03
2.699868229708293418e-02 2.794904157921847959e-02 1.681654094213094405e-02 9.769209978718027682e-03 1.322070231798593530e-02 3.092719683307332962e-02 1.744513333760918869e-02 2.058919328651753408e-02 8.828233706355808480e-03 6.910058728928660660e-03 1.755706814525100426e-02 1.611239902487253406e-02
6.724429837122901030e-03 1.965152255763921371e-02 1.705561725526672651e-02 5.530149557066458763e-03 1.273620866427046042e-02 1.640297297458669090e-02 2.471145162745034055e-02 2.546704454827678626e-02 1.825427430154361735e-02 6.611171296569978532e-03 3.539272018299791100e-02 2.040783428041659589e-02
1.256834174002620201e-02 8.562247739547019371e-03 1.559288585676231638e-02 2.531185549333454798e-02 9.610894975419483066e-03 1.231287750758349418e-02 1.247262163555126584e-02 2.455050917794529206e-02 1.469650843276397098e-02 1.995836571998020961e-02 2.201826179444261317e-02 3.411244867517681384e-02
2.819451053202591539e-02 2.850785830068352025e-02 3.380535578719702419e-03 3.532049146309936168e-03 1.250421424778926267e-03 3.604392469353466522e-02 1.684043994168434727e-02 2.752391292070919399e-03 2.631418695506883287e-02 3.067220933122775939e-02 1.010198134655540536e-02 9.743877338941659208e-03
1.667888667936512012e-02 3.283734607229553404e-02 1.800942335149986057e-02 2.334220657026594287e-03 4.877382493539607171e-03 1.770297863182733814e-02 3.169493117995124398e-02 2.218207983315714088e-02 4.950150298078001901e-03 6.609981488952424572e-03 4.179557517698795355e-02 2.811181128869418011e-02
1.274150178797109866e-02 3.112408028015836280e-03 3.784171486884011643e-02 1.804719478285196632e-02 4.772455667843435168e-03 7.265545287740615178e-03 4.190086670778082195e-02 2.539075779602072494e-02 1.494004923530189641e-02 2.699110034739877692e-02 1.168158950508528006e-02 2.344117374989236613e-02
4.836904653983046913e-03 4.038366021611231038e-02 1.984992152484841080e-02 4.901939909779978038e-03 3.782034538842209831e-02 1.465259298333630548e-02 2.966329041170966477e-02 2.803072737750767623e-02 6.039301456662283032e-03 5.459256167786042009e-03 1.004288830233911536e-02 3.299958850532769966e-02
1.403342747888869715e-02 1.581719646740681329e-02 6.265595917295463217e-03 4.826764567166906203e-03 4.919074154739831728e-02 2.089176575478074796e-02 1.539937373281949351e-02 1.342802224425887828e-02 2.408168551547173672e-02 2.641669177120098064e-02 1.841351637983152864e-02 1.246332033726117207e-02
4.466919062312853413e-03 2.203243032676047153e-02 1.928482521299235489e-02 2.488727213090148258e-02 2.571363748387124528e-03 2.785981975755700418e-02 1.815604366189606245e-02 3.707384400198559388e-03 2.667929366690454523e-02 3.157082503903535509e-02 9.307733882732581801e-03 2.124367804935042500e-02
1.873092061928742329e-03 1.960078472745421102e-02 2.867626068415877680e-02 2.379405377254985646e-02 1.141414091497936628e-02 4.122950996648307165e-02 1.079990573347459556e-02 9.401418431560656930e-03 3.713841498039087419e-02 2.226717834290562956e-02 2.032177208021293535e-02 2.298583353138023908e-03
1.732179671197712351e-02 2.058034013366883894e-02 2.752188721220600112e-02 7.624669481577877987e-03 9.959112141125924314e-03 4.263826701073687026e-02 1.046905046094672581e-02 9.443680186968906806e-03 1.681202322105034355e-02 9.596281474491031444e-03 1.037979434588131439e-02 4.437311673610742219e-02
1.854677975319664329e-02 6.620061902871394836e-03 9.662644879817163315e-03 2.198827203486378515e-02 2.332905039459937449e-02 2.542825710758098157e-02 3.464835196712712923e-02 8.593978067749384608e-03 1.450397950725403236e-02 2.319668468490315022e-02 4.723211653173452554e-03 1.943305402617013372e-02
3.130284691806081016e-02 2.776733767567996294e-02 2.199274018990800619e-02 8.893392112839614352e-03 1.592161909501447342e-02 9.680245921382857680e-03 8.167309201087918219e-03 3.483018355121576728e-03 1.076707374233587533e-02 2.058235198699033541e-02 5.340022996246660686e-02 1.171634334463142989e-02
1.117511386873090186e-02 2.399072539501685003e-02 2.123788000553862576e-02 1.856233905325484213e-02 2.301407082001759308e-02 1.404318092294445756e-02 3.385935512727524660e-02 2.419997631049914874e-02 2.943082075840963360e-02 1.163244838776318624e-02 4.149447003295512852e-03 4.107897167609156699e-03
2.076514579040066380e-02 1.292955784066431545e-02 6.902100175883101908e-03 1.653670324379663548e-02 2.852252831432282310e-02 9.917321573576767454e-03 1.695451394841166262e-02 2.648692747696438157e-02 8.855539854051247203e-03 1.657431857799700203e-02 3.145344146656508383e-02 1.473018785729251351e-02
9.091349109078956242e-03 7.322484127807176064e-03 1.326847654789978237e-02 2.222167542371575322e-02 1.705441924054373892e-02 2.329054153855759923e-02 2.097969003081843337e-02 3.039722883255205690e-02 9.037704547989511977e-03 2.065972332846815335e-02 5.515043779240569495e-03 5.181477351519919727e-02
2.703244955122839979e-02 2.023089096025277797e-02 9.302368501836461370e-03 1.190039949777548130e-02 2.490593692399781928e-02 9.743217826232653672e-03 1.141390249802180269e-02 2.229353843632828069e-02 8.735742392332507961e-03 3.682820676979466079e-02 2.286513866662036668e-02 8.338170828721184341e-03
1.354137210979741886e-02 9.938482466692722880e-03 2.031524886253028434e-02 1.236679749979644090e-02 2.350271407587729844e-02 3.183439903419486849e-02 2.215860181005978660e-02 4.301091011901612450e-03 8.642525729572957463e-03 6.896145257045887406e-03 2.924124583381165071e-02 1.979711004749106287e-02
7.556461541400289611e-03 1.177024299566611400e-02 1.397034175066455032e-02 3.763586274366809148e-02 1.076441740367595603e-03 1.171819294315192689e-02 4.424901101945526855e-02 1.848885273289033876e-02 3.083770304545978627e-02 1.229953250538606824e-02 2.784144742452702298e-02 1.357349616845374314e-02
1.511238615954707716e-02 2.368940291992059979e-02 1.066707567354323663e-02 1.764146799815284258e-02 2.694171920366668707e-02 1.855482071360536542e-02 1.878623788579635023e-02 1.953933143538346545e-02 1.820942401248952514e-02 2.045847084197808738e-02 6.899023542054904222e-03 1.228139670527123896e-02
9.566036765578348963e-03 8.887335188175013445e-03 1.974128245724049782e-02 1.142867907167686298e-02 2.297149913080313161e-02 2.716565359412090666e-02 8.261825394082674898e-03 1.423754747064996835e-02 2.295307657840547910e-02 3.206310531692023458e-02 1.738922539529349012e-02 1.549405380857155588e-02
2.285634226996430263e-02 1.489405281263128308e-02 1.486007479599032836e-02 3.587621492854709687e-02 3.101759846312897306e-03 9.374515586763488423e-03 4.890878336225300965e-02 4.659012489097540816e-03 7.271489122065035934e-03 2.789441214800674959e-02 3.095361347583408876e-02 1.771786166038680568e-02
3.247494723609067185e-02 1.882453995734812563e-02 3.835376428899111255e-03 3.487302008185529795e-02 1.775845362905041983e-02 1.510078429127816599e-03 1.181928108321185196e-03 1.502824694946512489e-02 2.872426206810384935e-02 8.855270358682224702e-03 3.202610819835973593e-02 3.131508285379561163e-02
6.446810596807228504e-03 9.589244843233273377e-03 1.061168447267171050e-02 3.414731195729434760e-02 2.219187131929785395e-02 2.441056749536854587e-02 3.143133550341985910e-02 1.042809904597503771e-02 1.570214668423497092e-02 2.714015184212667173e-02 6.311268845052335486e-03 1.347075290438518730e-02
3.215360170040375276e-02 2.217832496087029578e-02 1.857946339073119832e-02 1.638391288673352042e-02 2.098278299529443905e-02 1.177441394084131898e-02 9.705556107524958287e-03 3.704599208689333956e-02 2.265865887946269183e-02 1.600659322890832877e-04 5.410778349223864872e-04 2.972452435422583833e-02
2.151378484266743257e-03 2.922508364314764517e-02 3.122222298071910401e-02 2.899966908808453148e-02 2.263316288273823501e-02 4.666698674707026734e-03 3.657956104497175204e-03 7.558361264325566195e-03 1.547806965389552508e-02 1.456427017204622171e-02 2.483660447076072031e-02 2.752065290201052838e-02
1.521059280769925708e-03 1.933289752055756747e-02 3.723603859803708421e-02 3.341486181387396271e-03 2.219311191834559896e-02 1.408600419041457046e-02 9.453306438652418070e-03 3.954300026579545685e-02 1.726003209933668278e-02 9.386689186934693563e-03 4.345248077205791926e-02 1.096256716226875171e-02
1.803818742275148726e-02 1.595807249530759031e-02 6.705417396252023356e-03 1.112087164379217154e-02 2.923223455198159515e-02 2.718974484691679544e-02 7.855645513148726278e-03 1.963997011629676354e-02 2.013112169943796423e-02 2.366981562475676398e-02 1.127210391557015474e-02 1.857048538809816934e-02
3.446279490918138094e-02 2.113416743948814611e-02 1.360048811438154849e-02 2.719349949823191264e-03 2.617872894853615767e-02 9.396957730939870315e-03 3.056006374548272952e-02 2.203147073734269129e-02 1.280532525386771786e-02 1.756233415068428338e-02 8.458192588493888830e-03 1.639775743842181513e-02
1.713313775070177125e-02 1.496341570983076782e-02 6.625445979556761344e-02 2.400761276878843678e-02 1.250267848324318302e-02 6.678949669294129664e-03 8.115620819195446325e-03 1.326140493813362034e-02 1.370178489095735981e-02 1.495780970907940790e-03 3.674940633158124692e-02 1.275746697440554786e-02
3.382807487741718022e-02 8.849512407097429034e-03 5.689110725133493876e-03 2.050274414009480017e-02 3.218188499472555281e-02 2.914320185485243242e-02 2.060973580419020804e-02 3.190159711070617715e-02 2.878532302276897575e-03 5.114748323658388843e-03 3.282542688723238868e-03 1.768750415271930915e-02
8.413221735935470791e-03 1.272038381277268079e-02 1.730076314636399062e-02 1.823498433972333202e-02 3.525463986097529968e-03 1.738123221812048688e-02 1.532026718022840711e-02 1.145831090781622083e-02 2.032579693059317558e-02 2.690822503945394448e-02 4.410252181682520339e-02 1.546014929200549559e-02
3.632954452739752677e-02 2.317583052247490505e-02 1.224068332104640867e-02 9.068623643534079806e-03 1.858078638578458675e-02 2.233525315317280019e-02 1.232921927523563700e-02 1.032329237763838364e-02 6.667438842645937759e-03 2.558086747447623280e-02 1.017308130281574172e-02 2.419404775101265809e-02
8.753428668601178492e-03 2.729206938363248902e-02 3.779395395439360400e-02 1.218281269687389659e-02 9.208251922178514737e-03 1.111010480619871801e-02 3.287580692668461840e-02 1.437332574170534921e-02 6.440709857614389418e-03 1.510748193403810107e-02 2.263242429299839806e-02 1.695808223119958311e-02
8.441366615065150347e-03 2.301432186999416776e-03 4.428952714793332052e-03 1.958182998015929252e-02 3.785165523918077729e-02 4.992424800174870454e-03 3.333104616186166602e-02 2.290578447552057278e-02 3.020342297408401891e-02 4.151041492533934056e-03 2.679070309378127346e-02 2.436976590591627412e-02
1.256844624883633917e-02 1.442994202945219531e-02 4.061485614082481488e-02 3.952717649198513039e-02 1.136986976004397860e-02 5.882143166231569575e-03 9.806029158390721506e-03 1.531629361607816063e-02 2.653512219368533986e-02 3.380107780987615541e-03 3.218376906079988692e-02 1.024874577713635708e-02
2.451540404565874173e-02 2.570931398893891440e-02 1.850056246646441735e-02 2.734061032984893072e-02 1.711378082899572828e-02 7.264597912604935440e-03 7.780549727979783545e-03 1.333703294494762749e-02 2.276664216040673316e-02 1.127195662142378013e-02 2.837425854261213173e-03 3.640424272073777834e-02
1.025598161866746877e-02 1.020664857336532963e-02 5.013313426540480164e-03 5.515795394528388157e-02 1.303323765970903700e-02 1.438801146298019154e-02 4.028570336558817688e-02 1.416864824245455713e-02 2.024029713470619843e-02 1.498617210178036958e-02 1.049405119214335581e-02 2.636335279685382560e-02
2.687967455541644818e-02 1.390192240408536471e-02 1.503386900622266436e-03 7.955083724914172039e-03 2.897742520386419746e-02 5.093355025560317682e-03 1.881331370655348403e-02 2.754126366774433537e-02 2.097096114555873150e-02 1.653546516136229078e-02 1.307015480252370077e-02 4.469420909854714824e-02
1.576187421265011837e-02 1.026314757666138902e-02 2.022546395581414566e-02 7.006625355279051670e-03 1.847454186356363090e-02 3.098196164770657818e-02 4.656306808681862607e-03 2.720928524428930725e-02 2.548935919267840411e-02 1.283989359608531632e-02 1.793247411711029748e-02 1.702917810931591294e-02
1.840442306008480784e-03 1.548861444692795769e-02 3.292011926402064331e-02 1.776411786248141209e-02 2.345268921564383491e-02 2.622973874715998216e-02 2.745831069727756174e-02 1.780358148815952557e-02 2.601881274309953123e-03 2.950597472143529423e-02 2.453303368977243978e-02 2.748086957004308110e-03
3.087922464564756345e-03 3.917692893641602954e-03 7.377689550844399383e-03 6.759862664445332250e-03 8.963868542904852854e-03 2.473578763114480869e-02 2.259180715481925658e-02 3.669073460016863270e-02 3.313214976094396025e-02 2.173126852272265139e-02 2.878121551145068971e-02 2.468954736979538100e-02
3.511373293709418864e-02 3.089918752002459527e-03 7.613074349575622846e-03 3.983179343523062313e-03 1.013804448179065135e-02 3.881961246962056019e-03 1.061915395780058113e-02 6.564779057451176902e-02 2.622630520108820001e-02 3.107735266273401603e-02 4.558749805857490942e-03 1.534738361512416431e-02
1.060301614191288579e-02 1.371920060167955771e-02 2.057586673372556463e-02 7.573750462528366922e-03 2.981595684603793872e-02 2.044535367945099144e-02 2.675892453706453945e-03 1.781869859189290015e-02 3.836929550654361032e-02 5.193291069599610850e-03 1.227065706044554172e-02 3.617210893600912580e-02
2.051712964190439623e-02 1.755609180933590321e-02 5.324768621061809482e-02 1.285019318491129742e-02 5.335765073456558844e-02 1.603526614198462485e-02 1.333008951708719927e-02 9.494428237424575728e-03 1.002679499911555104e-02 5.629934644511167159e-03 1.070231253136314301e-02 1.423240748930440329e-02
1.726089915470341296e-02 1.367422804152534921e-02 7.102372343776840354e-03 1.339910659996031150e-02 2.112605196089288942e-02 1.904758655166440343e-02 4.351813462345831968e-02 1.414018164502792163e-02 5.408538380164645484e-03 4.261950066241775720e-02 8.321927948520185803e-03 2.021880480247989845e-02
3.495984852576806967e-02 1.443857195899268808e-02 3.014162587019916209e-04 1.859300566330979003e-03 2.700468103121965446e-02 2.213861269365097889e-02 7.377596452440846053e-02 1.464042289952200392e-02 3.384972975377912967e-03 4.711348355448417152e-02 1.303296802676936171e-02 9.025446676613594482e-03
3.174523099425595202e-03 1.605207672754880438e-02 2.833145888467981498e-03 6.779488499638659620e-03 1.213852868414421610e-02 2.417793341255415965e-02 1.541362374114187660e-02 3.888149911411742550e-03 1.870114282983854209e-02 4.392535146419614817e-02 2.260477564088247959e-02 4.550559864538026439e-02
1.118994925158882381e-02 6.352912177005643271e-03 3.089200205652525150e-02 2.297629539568043014e-02 9.830222906063654231e-03 5.852297511361925254e-03 7.815029171015950779e-03 2.923951618167359642e-02 3.608190172517796585e-02 1.267795099911591013e-02 7.570474346704770575e-03 3.337635282342250875e-02
2.823470715026668576e-02 3.353801547318764620e-02 1.834138810931005420e-02 2.376547906000061466e-02 1.368308912570925968e-02 9.087912736600242680e-03 5.849446295167480200e-03 1.404791956912673431e-02 1.791625578888888376e-02 9.790556080343510229e-03 2.058695790508233842e-02 1.795795964488117874e-02
1.153413517250292085e-02 3.610083136248019853e-02 4.525474464498161972e-03 6.130691343646256161e-03 3.890091022366536089e-02 1.126823560591703674e-02 2.391871503703927107e-02 2.790000081026072429e-02 2.256059888588988691e-02 4.741275884888077052e-02 8.583088126517609759e-03 3.959255631381454130e-03
9.652887044632373070e-03 1.959577983308777305e-02 2.273514602251897748e-02 9.003275743142372112e-03 7.735204082856494100e-03 2.077581412597828692e-02 8.252201696449657300e-03 2.111580093644956427e-02 1.328077181448101760e-02 2.067756888497683868e-02 4.138879462118615071e-02 1.781047569245124834e-02
7.651527217069790943e-03 1.629507356822140068e-02 1.210290657805074797e-02 1.593449331437424635e-02 1.824041733007493796e-02 4.057515990605905370e-02 8.173054324697353115e-03 4.462920270984307297e-02 1.125833898924220866e-02 3.955792114992011214e-03 1.409532792881958325e-02 4.214055373415356159e-02
9.484111383870832621e-03 2.654771034882295530e-02 4.114207003743769984e-03 7.380520767615457098e-03 2.040468549784817121e-02 1.904716141204909619e-02 2.006044791258061732e-02 1.910399169738558403e-02 1.785092818650992064e-02 3.118134288424916772e-02 4.443752903442195479e-02 3.372627454511336990e-03
7.498483382671262097e-03 1.535349029983536749e-02 1.105077731761374207e-02 5.833364322913298788e-02 2.332385658872128398e-02 8.001795630078670576e-03 3.032814473966177066e-02 1.969836032822180547e-02 3.480199425220365655e-03 1.203178637222304496e-02 2.453126075775782788e-02 1.370147639603070712e-02
2.262811081203260077e-02 2.409927205172498338e-02 2.164175498582490004e-02 3.105516144010650806e-02 2.050490717996986817e-02 6.531532134031653447e-03 1.573199004906466331e-02 7.503582790249639124e-03 1.548210004266142945e-03 5.955848627064886693e-03 5.457386825404213909e-02 2.156193041419371403e-02
1.018641781644316277e-02 7.659774921709066112e-03 1.903276242942012267e-02 1.591941789471977738e-03 1.712624026733656005e-02 9.216805909959930113e-03 1.941562342792755788e-02 2.008865081882368203e-02 2.686011033699372413e-02 3.171461054807341029e-02 3.045429970667923661e-02 1.309740715328148314e-02
2.985776357404332573e-02 1.622545462002234623e-02 2.231600091414009945e-02 6.558528261106122935e-03 1.062483434397954764e-02 2.441218317473821311e-03 1.139388240230217175e-02 5.476718972979959660e-02 1.678903976925882197e-02 1.743741889299955938e-02 1.262654296521976104e-02 1.849070281599111618e-02
6.215795877212770826e-03 1.562612808343643786e-02 1.068128150605386802e-02 2.220777429542525674e-02 2.727681152673769663e-02 2.376793845427177532e-02 2.757962142306311093e-02 2.395062323653400840e-02 1.671068667746427802e-02 3.227878761094163385e-02 9.778367814449049483e-03 3.213043563547299600e-03
3.812433365305108700e-03 1.499045212244681444e-02 4.248648076287667857e-02 7.127978668393234948e-03 5.153359946805336107e-03 7.096867025306972422e-03 2.170412762057138262e-02 1.743757221597088541e-02 8.463497154049386476e-03 2.946760770960006257e-02 3.179967276402094478e-02 2.107609375442764943e-02
2.141439724229455763e-02 1.778778062521541373e-02 7.787284826994962314e-03 2.171809460349202053e-02 2.636125687985467481e-02 1.407175724398519907e-02 1.892716497820524230e-02 2.096816432738362809e-02 9.301450960331487244e-03 3.180558861411048044e-02 1.288992498911383476e-02 7.843011589272252948e-03
1.584723512951429977e-02 1.262044828053564272e-02 7.674153706717638801e-03 1.967978335563337101e-03 1.078982081490516276e-02 4.390484287826971338e-02 2.379883420387677445e-02 2.917651731409087040e-02 7.891947259219952646e-03 2.154073884525323918e-02 3.907182937644296250e-02 1.016803997288587627e-02
3.086001552514657659e-02 2.279180541123099896e-02 1.375985124154983225e-02 6.887287896354558903e-03 1.503634895079043569e-02 1.920416846213562900e-02 5.549343426164197665e-03 1.068056021006117198e-02 1.277620845674510772e-02 2.543570257715972033e-02 3.387935578083449417e-02 1.602234439638380165e-02
3.145395753112007701e-03 4.537548689919158017e-03 2.283461439048795408e-02 4.097940587652783295e-02 1.209360888794055316e-02 2.097194778832642964e-02 3.787421968928211119e-02 2.326930406444066568e-02 2.229520584190151228e-02 9.906695690774420388e-03 1.337536311086858637e-02 8.269050489947556495e-03
2.219701360323627845e-02 8.212079044596866731e-03 3.039306430340401807e-02 2.747782968353942867e-02 7.189100521983770795e-03 4.092052708897281690e-03 2.124689205096861114e-02 3.176758943679867248e-02 4.403833945868039501e-03 2.310162872009794560e-02 2.309304238639939971e-02 1.622242089017924757e-02
4.832803331071181853e-03 1.683834074915748977e-02 1.316043568744467047e-02 1.794678668924629128e-02 3.521548753198158743e-02 1.352013414114442390e-02 1.676861061972008057e-02 2.354773850345937003e-02 2.341642943698668544e-02 3.943786742137902687e-03 1.937996293007227325e-02 1.753138501267342483e-02
1.489752385936943431e-02 1.642836390020754878e-02 2.783742769515819629e-02 9.415382854005796553e-03 8.171897727052698443e-03 1.581783362493260209e-02 7.616062376175469079e-03 4.009682187101037271e-02 5.711330978119295333e-03 1.850296711574599823e-02 2.756173127108430682e-02 2.592994987938227608e-02
2.836040451786359454e-02 1.862057168147106256e-02 9.330989382893898482e-03 2.300843742091705779e-02 1.399281852094575937e-02 1.261627829353589858e-02 3.240574286202790866e-02 1.724274557648970696e-02 7.502178602195171304e-03 1.003976615476885430e-02 3.771814474497865721e-02 8.332277406751407642e-03
2.030884139460053042e-02 2.634127459022354845e-02 2.579539021861557493e-02 4.737986154377826081e-03 2.708851093966100146e-02 2.458966951971431128e-02 2.115051919170011108e-03 2.254421158546551437e-02 1.788692301399457882e-02 7.732906484085346789e-03 1.244753977616547963e-02 9.318286275927272627e-03
1.890444926001205034e-02 1.006430423584606278e-02 1.301491044829365500e-02 1.291770606987748850e-02 2.066435497795716947e-02 2.400116129876898874e-02 1.524071514894526601e-02 1.812243216699833265e-02 1.278502421174920571e-02 1.049260790089882878e-02 2.314673148366793581e-02 2.699549949302014126e-02
2.416175498278263015e-02 1.516033030152273177e-02 2.351458341804726557e-02 1.805350486028259316e-02 9.906712541619878964e-03 8.675245006964347333e-03 1.232159687679497059e-02 6.590657525716994009e-03 8.410916487167293537e-03 4.777156317873535590e-02 2.610202666749142364e-02 1.920762022707449626e-02
2.506519734701479797e-03 1.933404536798321444e-02 3.782209380867294912e-02 1.728791895894234154e-02 1.684908155255697079e-02 1.975977888167183144e-02 1.062531755827655910e-02 2.405165830914612890e-02 1.599714831545809984e-02 3.099124010756041173e-02 2.257308368527095876e-02 3.267604399988184409e-03
9.342358698087534219e-03 2.466613222906343175e-02 3.511550094448507436e-02 5.011785270732750826e-03 1.765562620534049179e-02 1.344051240076130430e-02 2.162053555322238779e-02 6.810640276565859373e-03 1.097075484761132064e-02 2.673915969991855213e-02 1.858831642235629286e-02 2.502258771501525078e-02
1.558773313178576925e-02 1.664026860774268923e-02 1.617721713034802819e-02 9.791841118418792914e-03 2.063685419960653057e-03 2.440181168507888840e-02 2.692491053712053883e-02 4.433396917451958019e-02 1.847752769115676083e-02 7.760151263664415676e-03 1.522699369169178835e-02 8.831313333025512038e-03
6.800699661465401877e-03 1.113514980268208616e-02 1.623256225861695323e-02 1.121090518294460409e-02 5.645853632458688875e-03 1.378505787109900009e-02 1.085648491077880785e-02 1.451621698917255655e-02 1.958314954816741185e-02 3.510431767952740950e-02 3.632615408328480899e-02 2.858401190631497044e-02
2.568371983858976776e-03 1.874708744867745538e-02 2.088223127604164897e-02 9.431317392535099736e-03 2.177860906580390832e-02 4.189527387691799332e-02 1.016931149732227743e-02 3.706466529449748207e-03 1.707058629434061656e-02 3.330855494668605310e-02 1.075751025040471570e-02 2.882654351600481488e-02
1.258140031885593944e-02 3.377841021062923804e-02 1.853796272508774490e-02 4.103284300154501525e-03 1.743960713730381348e-02 2.202306962313765187e-02 9.960912791386743181e-03 5.331971677900188694e-03 2.763228176276976908e-02 1.232854667302462487e-02 1.931949115753966648e-02 3.906611302692997861e-02
2.244073961798261768e-02 3.404982539466483438e-02 3.143391782054012762e-02 2.259017384660670993e-02 4.570803345083349935e-03 1.743270701073098769e-02 1.020797122845841856e-02 5.260895347400798040e-03 1.028575438795859345e-02 1.965123998133919830e-02 2.113271670227701363e-02 7.627046176623684601e-03
7.091261187215974239e-03 1.613386651469073466e-02 3.796525819070446089e-02 1.211617841944871883e-02 1.067889713778109005e-02 1.908651937109491145e-02 2.208478865660697815e-02 1.253605980870112734e-02 1.955835279995431567e-02 2.626076740987627611e-02 1.545537830639504180e-02 1.206591380297931948e-02
1.856008645055785139e-02 7.639387087241637612e-03 2.509804833718746325e-02 3.706585536902130135e-02 1.613753746048565349e-02 2.073321192638306280e-03 1.650416366673254642e-02 7.555504841511724232e-03 1.001490665144538598e-02 3.886255174345049079e-02 7.332422215781359692e-03 1.828573966999144651e-02
1.254861091329017089e-02 3.072742837827684842e-02 1.071251540222335763e-02 2.338262208621817370e-02 1.217952251000581701e-02 4.230213025295849645e-03 1.979711997434923168e-02 2.072205054365383256e-02 3.742882500226201066e-03 4.187413465877494467e-02 1.179811622999138616e-02 4.461961467945108756e-02
1.993194567555394824e-03 2.239054534906466734e-02 3.867385312449945350e-02 4.761207704216351838e-03 2.561172055418263135e-02 1.456391444245249897e-02 1.814948254880939527e-02 2.996618274775515386e-02 1.338750208538944976e-02 1.261347434814371823e-02 3.856900978503070843e-02 8.219221857833631031e-03
1.788173488341157288e-02 1.849809795954195438e-02 2.468053719038051583e-02 1.201918544713441624e-02 1.344818455762042224e-02 1.055872409115131243e-02 1.109029391029566977e-02 1.539311828382276814e-02 2.410324018927222436e-02 4.299306787646346717e-03 1.941159409947081776e-02 3.727499640969128558e-02
4.365109321962168387e-02 2.046654594786400175e-02 8.876348589855826560e-03 1.425784091331142728e-02 4.031832862924733529e-02 2.149707374992339964e-02 6.636625409494670107e-03 7.031963702362836743e-03 2.528997896890151226e-02 2.226780516822428335e-02 4.569099153950281419e-03 7.789266455687471682e-03
2.045285940497519953e-02 6.697089273966891354e-02 1.663051509621374380e-02 5.372830519109187374e-03 1.448519469811133074e-02 9.164548883148083969e-03 1.157902549048732584e-02 1.432156654099597803e-02 1.848593169789261234e-02 1.206553532487495035e-02 1.101388291654596327e-02 2.003267796157589750e-02
2.302102446784004899e-02 2.864285081356860579e-02 2.804051997892289746e-03 2.442463549052555083e-02 2.373389374458410861e-02 1.312499248373222771e-03 3.370503525396186580e-03 4.280970930706012867e-02 2.835956677066001422e-02 3.289409477016510402e-02 1.840067095421308793e-02 2.086536847431033712e-03
1.249303222024249378e-02 1.686165661359457016e-02 1.808725683579717053e-02 1.805319479862374163e-02 9.533558305287568799e-03 3.187483357470748818e-02 1.036739015629811397e-02 1.096365281419483390e-02 1.994112072222346474e-02 5.226020416477399066e-02 1.181646038773817922e-02 6.935968286534301315e-03
1.362185477565597096e-02 4.504109992625961525e-03 8.661124129128100002e-04 1.131633658354770818e-02 3.384818111042672828e-02 7.946060457954153347e-03 3.585372794701936067e-02 2.501204510659702646e-02 3.595563737428259660e-02 2.482338129421702774e-02 2.368721103847298837e-02 1.234529768643155556e-02
