-8.185118330355701133e+00
-1.013135338984804434e+01
-8.013905971156081165e+00
-9.443524838020687540e+00
-8.900721495721306553e+00
-1.081005378375534853e+01
-7.116642350428154629e+00
-1.080956645542030969e+01
-7.331684805550134243e+00
-9.448621026044158100e+00
-9.550242627546142060e+00
-1.015779751382657636e+01
-7.759864641052111267e+00
-8.215460907721638506e+00
-8.240889947723722742e+00
-1.045986486628149592e+01
-8.991812028763710885e+00
-8.733375161663881059e+00
-8.938825821945512118e+00
-9.296614710676820437e+00
-8.412583110309141077e+00
-1.066860833187731217e+01
-8.503328079263713590e+00
-1.105654827226022618e+01
-1.208200232334509394e+01
-7.406098348713129553e+00
-9.545265926669747714e+00
-8.740481167739829971e+00
-8.185118438096345983e+00
-1.023712479136499098e+01
-1.027827731059967498e+01
-7.703741918442657877e+00
-6.596828427443744758e+00
-9.462350539772968361e+00
-8.795894505718068856e+00
-8.530532092911927933e+00
-1.035793245287060138e+01
-7.406058808478411137e+00
-9.216309389479169667e+00
-8.150912134508175200e+00
-7.154959902785282821e+00
-1.250514842657786296e+01
-1.036248877327054707e+01
-8.802168883759170726e+00
-7.632622516437881366e+00
-7.085712942178673757e+00
-1.011604631229540630e+01
-8.995110776976170897e+00
-8.759066198623788324e+00
-1.035624642911159654e+01
-8.303080386260852208e+00
-7.036605948862050042e+00
-9.497541800596788875e+00
-7.620804034398968696e+00
-1.056281952661571744e+01
-1.008819974411522757e+01
-1.013762819996412645e+01
-8.950805175072474640e+00
-1.113410605624315508e+01
-1.084559301908568862e+01
-1.110109243015068969e+01
-8.135195229919428783e+00
-9.255883804792432556e+00
-1.166025462990889316e+01
-6.855228200233138836e+00
-1.016866991994663394e+01
-1.076479820635344353e+01
-1.069254010417972189e+01
-8.217952508214880325e+00
-9.375806101152909022e+00
-7.869799542810296700e+00
-9.866517190621353350e+00
-8.438657243435066846e+00
-9.694021924190630912e+00
-1.021419081536924445e+01
-9.008383850589742892e+00
-8.582060723498797117e+00
-5.833520869916341667e+00
-9.619617719014410540e+00
-9.387500562832082451e+00
-9.109210128835641740e+00
-7.593929581441902776e+00
-7.851594546973069910e+00
-8.942297447954549838e+00
-1.012292407881147582e+01
-9.342699669201310897e+00
-7.175351772266608918e+00
-1.087763367289548100e+01
-8.030833170364736873e+00
-8.857428130347809514e+00
-8.867769822532267199e+00
-8.973138566037187402e+00
-7.990497912392694246e+00
-1.188348756699152453e+01
-5.943557932189770021e+00
-9.096492815019166400e+00
-1.239868932116592859e+01
-1.207834619393601372e+01
-7.551175276331214548e+00
-8.457819238694700203e+00
