1.597495645268149841e-02 4.519097272144484978e-01 9.444121319229028394e-03 1.126354112912043495e-04 1.444006760131580663e-05 1.433435184466159192e-04 1.551492799044516119e-02 7.624962990398437279e-02 4.631302108689556996e-02 2.071813497384081271e-02 1.615250894437112903e-04 2.204461798613705176e-04
2.077558135153765861e-01 1.399780512810392188e-02 3.270145606750356464e-03 3.339639712271307015e-02 1.835561156528963279e-03 1.000619494096189992e-02 3.784734856999481117e-02 1.393112379502763412e-02 7.770156326084137408e-03 2.460398643978812692e-04 5.859758136362477584e-04 2.009419636538726031e-02
4.430258916584037948e-02 3.345685705126422160e-02 1.190819020510983928e-01 2.786454975854031971e-02 5.461854304598953713e-02 9.712151087111691589e-03 2.560169173644236303e-03 5.769338330052648130e-03 3.586835337365327104e-03 1.427830468987591542e-03 6.359484252304911222e-04 2.491559311839345540e-03
1.436022478491484839e-04 1.476189748517999466e-03 5.310529912285028714e-02 2.525968498636912973e-01 3.831797725592502729e-02 2.633523345244639653e-04 1.262126387848695741e-02 9.295611670672875027e-02 1.795245005952162548e-02 6.041279258550883054e-03 6.896015311246584409e-04 1.314602086095159107e-04
7.801247862668930777e-02 2.795540159997351656e-02 3.775853041436274572e-03 5.348472562619729226e-02 2.308438565578403018e-02 2.238987158836089342e-02 2.278938978667550096e-03 5.064314876494752744e-04 1.494491642330248371e-03 9.212007689439482856e-04 2.215725940930061977e-02 6.837073711292009082e-02
2.258650829702206486e-02 5.857482831521883260e-03 2.151301560403865928e-02 4.528609168744586744e-01 1.837546701582518788e-02 3.137810113870092383e-04 1.658347227422062638e-05 1.114057941659031122e-05 1.327616894742829390e-05 2.028466414247737711e-03 6.240290477954874016e-02 4.112704345134413075e-02
1.777527337848882477e-02 1.822712931352848129e-03 1.193228726957096036e-03 3.559758798997513657e-03 1.406944834542468541e-02 1.344924691031041796e-03 1.597348841718181003e-03 1.297842194338905478e-02 3.105431235486996039e-02 7.057095144046305474e-03 3.161974664102118471e-02 2.005375951519575983e-01
1.693622735363016049e-06 2.586264979331792199e-05 1.122036357993982849e-03 7.900509168684778372e-01 3.713031463158448977e-03 2.216897857485059312e-02 6.407638211157803965e-02 4.905078393575849210e-03 3.050103785436695907e-04 2.609029130583547136e-03 5.730005176123433366e-05 2.326829575939091166e-06
1.959827755444508782e-02 7.521969920926162290e-02 3.918721481079032870e-02 2.162960038649165261e-03 8.826581722190994517e-03 3.501346686611138403e-03 5.748393264904767472e-04 7.317973792733419947e-05 2.828897199333108914e-05 4.677921369214199719e-04 4.651833141629455048e-02 2.348171268847006887e-01
4.526269353137764989e-03 1.807695570919053141e-01 1.016516648001064560e-01 3.434051481285285701e-02 1.593393639916571847e-01 5.905704703679075934e-02 2.206484407479118465e-03 1.526550883129192820e-04 4.353420010394854129e-05 6.952344163208798748e-05 1.286645865445754826e-05 1.075822990050756100e-04
3.565606030040333607e-01 1.867330781942939943e-02 2.875545697325596647e-04 5.981593712714950372e-05 6.165627243403166222e-06 2.099453591331420989e-05 6.683323348011741677e-05 1.218121001846288187e-02 9.699715997722442584e-02 3.625944740510761433e-02 2.938391426211204444e-02 2.716840039761427711e-02
6.621279426767195248e-03 5.855745182897375070e-03 2.901218320282951749e-04 5.504603549375190578e-04 2.618049392281114607e-03 4.212160004314189493e-02 5.761083856898101263e-03 1.197768785821240328e-01 1.338361432608300983e-02 8.753861571201228611e-03 6.617483615607566705e-02 2.424213370237275449e-03
9.690863818384862216e-02 7.901878657222274893e-02 7.732606419613572563e-03 1.269489776644550051e-03 8.837983310592685895e-03 1.286924300767393614e-01 4.216026539339404189e-02 1.049581081479596112e-02 4.450277814014390169e-04 1.279569149078459145e-04 1.552862040841556171e-03 1.050974353284576078e-02
1.733592761538280298e-03 4.954703546828594964e-04 1.520790213314871734e-04 9.604154124812120275e-05 1.613152884248324811e-03 1.248747887354853189e-02 9.787135453353823511e-02 6.330671495068802834e-02 9.474726627418560837e-03 6.358974082509904167e-03 2.337658267719284200e-01 4.998579373893642652e-02
7.822745003392613319e-03 1.318823871523612827e-03 3.730316167356020549e-03 1.290657692505394957e-02 3.375558055746780747e-03 4.317093704148389048e-03 6.493344512898379869e-03 3.020539014157104171e-02 1.098923857193482428e-02 1.616671850795128526e-02 5.384173358834819234e-02 1.395572327328569728e-01
8.849372539465071019e-02 1.571499862959550020e-01 1.528086619704301661e-03 4.646075471093222753e-04 2.520732213622868013e-04 2.552145220356256267e-02 4.735275396991322355e-03 1.133664624065550911e-03 2.048400337633233398e-02 2.094722080619026983e-02 1.449624498574874579e-03 2.210952805901321774e-03
1.417113578772252053e-02 1.932574834102388645e-02 2.235901215999790744e-03 5.669549066558801946e-05 2.178036793087080277e-04 5.650448809545957803e-03 4.669395009034627009e-02 1.455956139969327191e-02 4.124969242094225774e-04 2.172850427582207963e-03 1.878303008177077682e-01 7.393531769588534974e-02
4.085493228702202729e-04 2.986163392119936359e-03 3.004073668014306531e-01 2.596995507578106488e-02 5.449767314133162734e-04 2.087620403490465966e-03 1.684006375674812761e-01 7.226774257067369867e-02 5.336582771528187996e-03 3.003160708702273893e-03 3.461897474431438384e-04 2.768227320833124556e-04
8.099631231674847207e-03 1.657301932189963189e-01 1.846053799833229786e-02 1.546557273840725106e-03 3.668065714390109089e-02 1.538871218507648769e-02 4.602229941960644249e-02 1.335766371486132691e-02 2.365582620308108073e-04 5.211149153523332220e-05 3.381276928634115251e-04 1.750626773469094594e-02
1.598666162893557473e-04 3.142073877230783566e-05 4.467884368861477478e-05 2.648486159034691041e-03 4.257017406433551976e-01 2.996994235261980430e-02 2.440373045987550161e-03 4.029546434692036008e-03 5.852478729480913022e-02 9.295674465359377026e-02 1.729881670786412307e-02 1.493124756169002384e-03
5.761658255080645856e-04 1.207454424736474283e-02 1.404706400551233164e-02 3.334154612949222218e-02 2.509075063721363623e-03 1.253774403882551049e-02 2.391972003073704073e-03 1.528292215694676852e-03 9.431392688832934690e-02 1.515797907163368152e-01 7.026931533459809462e-03 4.245337734208866516e-03
2.964936382787073082e-05 2.742204857199704703e-03 1.833552189384732647e-02 2.408167288045920049e-02 1.430453902600748589e-02 1.335107625081827232e-01 5.273077951742231179e-03 5.775264576089115219e-03 1.609341716201240502e-01 2.876096244353649675e-02 2.797769302347962936e-03 3.310328666523295157e-05
3.027587159686856086e-02 9.185841165979174994e-03 7.042691765226690402e-03 1.214355392686911062e-03 1.043845792704194662e-02 2.804361201380380364e-01 9.695191370236656142e-03 3.528449935663973943e-04 9.970858243501471568e-05 1.685492606015489550e-04 5.181965832193630161e-03 2.231697587026459650e-01
4.572051588648493384e-03 8.949649691019592084e-04 1.615609806814656589e-03 1.077304446862198915e-02 3.865427962773140824e-02 6.942949784819091308e-02 1.274963422426593773e-01 7.143130732239295379e-03 6.688000522458355593e-03 2.817252759402883930e-02 4.627166735180991870e-03 1.161520025769406141e-02
8.293539107512407083e-02 1.003300508787261514e-01 2.657917830248147928e-02 8.974370150141131692e-04 1.574987387601464565e-04 5.126806012244210590e-06 1.154355377661921236e-06 2.464398423911980431e-06 3.875263438272539022e-04 2.243854303994003568e-02 4.277789353739083200e-01 1.255890383780270542e-02
1.094736527939284536e-03 2.271750740598538210e-02 4.917501507623345952e-02 3.018782460398572454e-02 2.038033812622423030e-02 1.038937594444852910e-02 8.528451459132113666e-02 6.749585764029969459e-02 3.839310782390564086e-02 1.081353086709244560e-03 3.140708308284627295e-05 3.433162830870724780e-05
6.926907137615492295e-03 1.097618520381747967e-03 7.555778633508672577e-04 7.817718568513810223e-03 4.708455933371862023e-02 1.289015636582644189e-02 1.464013880463547676e-02 2.569098612655857858e-02 4.738067094613431125e-03 1.768994037642399042e-02 1.240581239794940477e-01 2.717332262070402266e-02
5.512921005726034718e-03 1.189751580737493806e-04 7.940746630777321805e-05 6.393807770086648145e-04 2.836269291685412572e-03 1.679221633258306742e-02 3.370116301115444468e-02 6.900874452089050815e-02 4.261033068185097333e-03 8.081794439598753016e-03 6.693026006589067323e-03 4.949432389535949328e-01
3.594567089402160576e-02 2.122271397295404788e-02 4.344741904060294563e-03 2.650609479891333220e-03 6.380666719730774226e-03 1.121245928528160707e-03 7.788115281932554311e-04 3.532244871079609841e-03 9.081825657759173484e-03 2.373787520231712689e-01 5.236240980361210606e-02 6.910232866188654316e-03
4.911091407459031166e-03 7.576658409917967412e-04 2.262911131572470196e-03 3.722328220977412158e-03 4.633209675081691875e-02 1.249507012143808438e-01 3.301178631401662650e-02 5.465805442561007602e-04 1.340992197706381483e-03 5.175289397222285030e-03 1.313182069247749162e-01 3.926703280861305878e-02
3.855742749006411013e-05 6.497767830260279360e-04 1.671575009600212436e-02 5.006944774305580603e-01 1.010841874083766691e-03 2.266595801533860706e-03 7.885747617113103569e-02 3.177917854973207751e-02 2.343449476690787070e-02 2.341351496306242827e-03 1.905630519561020246e-03 1.222338017950205346e-04
8.410292350693817504e-03 3.041542427440460661e-02 9.083618583948125866e-03 1.979152840445720651e-02 5.901693819779490341e-02 2.847642768418660181e-02 1.954271844233194250e-02 2.441150022358696409e-02 1.984691233890465908e-02 1.367303821637119721e-02 1.577385541640206803e-03 3.443926057039586961e-03
2.124108030392965799e-04 2.500319975846348043e-04 4.044047625303024036e-03 1.005334069466728986e-02 7.252699907222141806e-02 8.052507002150828541e-02 3.291691881538530776e-03 3.482412127376747005e-03 3.817686842119537294e-02 1.610767337472560345e-01 2.095048075164483020e-02 1.937360576360333542e-03
3.769172502050272336e-03 1.696093723550803553e-03 4.355190013659914448e-03 3.602708505883593648e-02 9.261988678010009109e-04 2.666051693201960254e-03 6.633136690315931394e-02 1.194834914641424318e-03 1.117506681004310333e-03 3.621992688585575632e-02 1.014498506380080017e-01 1.552368748832692359e-02
3.455328136440876524e-02 2.835497167869527064e-03 4.123691079888689055e-03 2.743918814295617792e-01 2.782833697808179824e-02 2.632036369259494759e-04 1.189828736708022555e-05 1.340304766928329823e-04 2.157437516937897766e-03 3.924730402503273305e-03 5.917628537754892476e-02 9.734423724862634186e-02
2.112355249990073135e-04 7.015704638833538146e-04 4.610942963386759075e-03 8.362562932886977163e-02 4.591522320899891346e-02 4.111702010064190171e-02 5.641536758360156389e-02 8.820009175170527571e-03 1.476235480029907537e-02 4.728350813348496801e-02 3.601959653155212271e-03 2.518551622936958043e-03
1.291862480666426116e-01 1.479110514516792686e-02 5.417690451973602821e-04 5.231592603510149540e-05 4.077044260561285674e-05 1.175756290301198061e-04 5.326945679916990362e-03 2.381212167713533945e-01 8.013889449802047427e-02 1.044368559489706788e-04 3.198714270630130464e-04 9.638484185861989628e-02
2.167208666301104463e-03 5.129393050976986668e-02 1.055617112914574857e-01 4.959820944726942016e-02 3.493482255159322068e-03 3.975426869803181415e-05 2.914179139057651405e-06 1.292028731049458054e-05 5.862516015151298960e-04 9.854923009610491030e-03 8.619307614466896472e-02 1.294263002024605702e-01
2.011873390050821137e-04 3.045553187787114480e-02 2.298418742805534432e-01 5.696708300562081280e-03 3.838768872169273649e-03 9.575973643373968678e-04 5.626334018764229949e-03 1.173986084907262251e-01 1.753433531673821710e-02 4.006343950247430973e-03 8.333482141693528134e-03 3.842697627779855397e-04
4.537762694483988418e-03 1.373175956219714437e-03 3.877805808967452065e-04 5.098710926750806526e-03 1.103107295079044786e-01 1.124317827542753584e-01 4.855353357830613850e-03 9.662045888467149860e-03 2.144302206051388118e-02 4.202673856071991593e-02 1.050305008303229100e-02 1.166563393493862469e-02
1.533169245884931364e-01 2.916507853281311707e-02 2.860069662597007883e-03 5.675336073351639875e-04 5.493030133970527168e-02 1.407226341445056914e-02 5.634766965280756795e-02 1.420319556088436332e-02 1.354560563926145026e-03 7.000728592166643310e-04 7.704110509414145323e-04 1.713163903123364126e-02
1.301843813675344561e-03 5.596954916212820361e-03 5.309904405739949151e-01 1.529299480753978403e-02 7.495472553682858824e-05 4.115547198202458692e-07 8.819969558936686246e-08 1.805263307334088309e-06 1.153346403261608323e-04 1.541400570868982790e-03 5.160314983714675563e-01 1.430324471138002054e-02
2.085393165656693540e-02 1.925674180889635568e-03 6.654944063687496126e-04 1.256212420429338519e-02 9.059493806039262132e-02 6.830343558078537380e-02 2.769047773363089021e-02 7.367738269557606856e-02 5.159500479996903142e-04 1.817231749720383312e-04 1.173561222032442339e-04 4.332035125253885961e-03
1.540676687508983275e-03 6.697290758200817942e-03 2.110056244452429910e-02 3.874806579776341603e-02 2.500710393404505325e-03 5.047007957873376159e-03 1.776044297349524620e-03 1.336673447896936798e-03 7.006957964173971855e-03 5.284300643760844046e-02 2.711467633556323142e-01 1.150691748424810361e-02
1.829503690414417405e-01 3.171556839672599881e-02 1.731003773112969098e-03 6.419821780266113907e-04 2.482848711550311033e-03 4.485976076826783676e-03 1.919620619129006230e-03 2.039821656350337617e-03 2.743706097699874936e-03 4.338467397096720107e-02 8.766551296113110625e-03 4.806801290423313999e-02
2.574589917452897465e-03 8.371555647499648312e-02 2.090192317712729064e-01 5.755857617335125367e-03 7.833527559931598551e-04 5.331583619676123764e-03 7.423951184466454079e-02 1.298028765923806178e-02 1.512892234930915056e-03 1.714836460073556690e-03 2.171087226987695930e-03 1.818142336446593697e-03
8.535002323083972474e-05 1.088443191808524230e-05 1.931931512116714716e-04 2.059023230407556332e-02 2.122651967928672889e-01 7.504769188756649743e-03 4.239842208812563684e-02 2.646455387978904200e-02 5.411183331495179882e-02 3.600574984840231550e-03 1.524012000707507773e-02 3.410561368251502530e-03
1.720864668882946869e-04 1.895127354585949284e-03 1.471182644223097968e-01 1.564651356627625167e-01 1.528005695848524666e-03 2.565721749038116174e-05 9.779874988996594722e-05 2.142458664332665130e-03 3.856124174782391695e-02 7.015521793025241218e-03 6.108058311946941432e-02 1.231808275166632787e-03
6.060871397595595650e-02 4.036498042289887733e-02 4.187076759507511736e-02 9.484752505395019351e-02 1.446346305786682523e-02 4.630798447756525639e-04 7.031418797302382915e-05 5.787006252917577969e-05 1.428155956011430247e-04 2.469160747046231490e-04 1.748128033534332264e-03 2.750318215134643918e-01
1.005589540439456869e-04 3.057310580215650956e-04 3.702402911003424210e-03 5.447808495304623522e-01 1.246888925223644043e-02 1.021227820010857726e-02 1.449899504316012333e-01 1.700721708710257324e-02 4.381658479364305275e-03 6.045517958827972133e-04 1.864564149343458260e-04 5.037123330689599089e-04
4.054427077291993670e-02 1.082212109626461919e-03 1.655882166512748089e-05 2.103871807437677208e-04 8.004934746276016685e-03 2.508687774020932314e-03 1.970665423618636961e-02 4.254042710307917585e-02 1.531699287046307117e-02 2.685900750780428024e-03 7.569655112050152797e-03 3.132671648269204079e-01
1.777763292224109623e-03 1.271890341681569669e-03 7.951222664524257647e-03 4.660703319826318622e-03 3.239584078182375371e-02 1.183954403083465196e-01 7.128868505150295735e-03 7.655364948294905714e-02 6.845615922959330524e-02 1.041097816323775793e-02 3.459979750688624289e-03 1.919053684086066214e-03
4.943253313682536047e-05 1.366701676255141192e-03 2.722153973402230420e-02 1.836311959366046173e-02 1.897146590826062629e-02 2.299274874620138923e-02 7.505378935828961248e-03 1.355577995159998415e-03 1.729835698917438561e-03 2.102451340621100950e-01 8.574211032265170729e-02 8.658715149288151273e-04
3.124512805487541980e-04 6.840678281027627553e-06 1.008692021433355331e-06 4.064200997239801063e-06 1.443602405106740464e-04 6.517873534018722888e-03 3.265161308170995424e-02 1.616538080873802519e-01 7.585435032574559810e-02 4.011118282673505064e-02 9.674407865052757349e-02 4.517691958156536125e-02
1.313084543249338765e-01 5.347149463133533953e-03 4.613819515615577918e-03 9.789119480797547109e-05 8.389093492871667768e-05 2.870370132358670496e-05 3.039420828132390930e-03 4.844883744153190008e-01 2.662865050926913751e-02 9.198994787749178656e-03 1.253282742266766591e-03 1.353562508676714286e-02
6.271710321834502409e-03 1.853741245417493732e-03 4.236273982320886561e-03 5.476210617402674577e-03 4.437283045770402251e-02 1.585191044659591333e-02 1.060780463795652157e-03 2.040409359093275574e-02 1.616411446618066239e-01 4.730105077120228679e-03 4.465433002426970506e-03 5.210294853360292189e-02
3.121148534537120534e-03 2.657510796303141215e-02 3.674158420248699874e-01 1.790380301079852118e-02 4.263065683606775957e-01 2.021213857600482125e-02 7.808982130404883842e-04 1.332555294579651319e-05 9.827127755476629140e-07 3.270006692628166365e-07 5.222096334073215819e-06 1.081135496198495238e-04
6.210433914685958986e-05 7.438299176407806531e-06 4.773431250112686269e-06 9.863991281254808465e-05 2.784477631160135053e-03 3.417664030458830021e-02 2.666540174862140899e-01 1.058185460910269007e-02 4.535744895257811000e-03 4.828618988917312005e-01 9.372972094224519060e-03 1.239725157944616485e-03
1.434668782841386388e-04 3.166977297940019419e-06 1.553157790798512765e-08 3.041345934467089728e-07 9.416951184955738019e-05 7.558327947084528091e-03 6.045438888979626224e-01 7.420232592449813730e-03 4.089290964359101020e-03 4.485296082901377712e-01 1.299191008776774160e-02 6.102058735935964994e-04
9.008281944317523410e-03 1.702277646726443328e-01 1.035416050306845652e-03 1.144709178191672592e-04 2.657206888951760764e-05 3.077621164250258010e-05 4.088822276338961546e-05 1.332934928832661420e-04 1.086289389994809368e-02 1.988801010633478583e-01 3.914317452118336316e-02 1.273652130940291505e-01
1.845773755108708405e-03 3.034284491416276101e-03 5.636095240007368140e-02 1.681269421425776039e-02 6.454615535685420853e-04 8.648991387888716180e-05 1.399104701765963238e-03 1.126388796795921854e-01 1.631775414520545975e-01 4.754064572421556889e-03 8.716044305496827103e-04 8.192403603624278177e-03
9.082880951119702562e-02 1.235088002801731227e-01 3.675477143996401519e-02 3.236646641535892432e-02 4.424849651034531636e-03 7.497517100751472253e-04 2.168428939663595383e-04 9.246962808186530783e-04 3.389502877525455045e-03 4.510810174184175410e-03 2.355216038102770151e-02 2.911976409041635433e-02
3.768079708685482610e-04 7.156725069392836161e-03 8.702600736363101360e-04 1.618066935695206465e-03 3.452335188211844846e-02 4.217622653727311731e-03 6.015164430665968960e-03 1.318028676206928901e-02 4.475738370633020047e-02 1.913145993294564362e-01 2.600435681788355706e-03 1.105621983773925053e-04
2.765017807212198381e-03 5.869705876944682904e-03 7.071676196342263458e-03 1.546476752566632897e-03 1.138326251817430674e-03 7.810717284314485157e-03 4.323437190199226447e-03 2.061455646343315906e-02 8.135027527025589372e-03 4.146352476215484084e-02 2.473131296196920403e-01 2.097682821536842740e-02
9.489434699744269189e-03 1.848214623299040136e-03 2.513662183818873267e-04 1.284868454758790728e-03 9.598799374758004016e-03 1.086024635323917381e-01 1.392773539528965529e-02 6.004530156235372840e-02 1.713299074105156848e-03 3.349312084050368350e-04 1.079129507503004751e-02 2.138172094060952766e-01
5.387881685326050999e-05 1.183581954936364369e-04 3.389162178066257276e-05 3.880699992102092577e-04 6.490307583546302272e-03 2.770746831138590216e-02 4.829392571445533661e-02 2.026969751216744012e-02 1.507174774850207274e-02 8.475816550411501005e-02 3.543336940913180966e-01 1.350880991778463007e-03
8.359954768910960043e-06 9.731729500120266866e-05 4.334137260722585941e-03 5.057736471677857226e-01 4.114232592658818854e-02 1.267618405513106644e-02 1.393077433725476710e-01 4.719390851361728728e-02 9.110396048565317121e-04 2.454449594862058090e-04 1.485721084365089852e-04 2.774709266366464475e-05
8.145594989684673548e-03 1.522557636209216636e-02 4.813503911789813322e-02 8.251204135479545121e-02 1.302575273217162002e-02 2.272710960175438233e-04 2.257245691359539573e-05 1.232440509471602041e-06 8.268401260263573169e-06 2.646490257919320056e-03 4.053402524648465621e-01 3.260853652923990237e-02
5.987611006553605203e-04 1.797360391403238613e-03 5.595842942654173646e-02 3.169307240473103349e-03 2.403409618991047061e-02 1.809834615647444231e-03 2.480715451271501160e-03 4.759978881959321326e-03 3.172318599880406126e-02 1.092138787680682066e-01 5.437281480825491287e-02 2.368030062923275232e-03
7.088927441235906568e-02 2.839732856402706063e-02 2.187729697700496745e-02 5.868336670303536239e-04 2.203781415145291767e-04 4.498308387601987821e-05 6.777022693070414161e-03 4.155326460128170307e-01 2.120536730263154410e-02 1.326553701091983794e-03 1.033005748175518752e-03 1.229952316470040753e-02
2.143360958211401688e-05 2.435666539076575059e-04 1.475862933385369957e-03 2.634155490804368505e-02 7.039466557929813240e-02 5.161571902605702894e-02 4.479792351546357798e-02 3.686197755756729505e-02 3.678413352987568163e-02 7.620758207254255123e-02 2.520724311994759249e-03 5.467722863811380445e-05
5.868302283794769956e-04 2.209688810222412356e-02 3.607263607747494549e-01 8.169124492061726264e-03 2.576953899251124944e-04 3.208900922891417954e-05 2.030008663223084879e-04 5.692991575638515047e-04 2.928335181467596818e-03 1.055893550757017046e-01 1.001574972455211987e-01 1.284505584009814488e-02
3.367886630794066343e-03 2.948092555853974207e-03 3.645579911188124873e-03 3.754130760373988740e-02 6.949681041280465765e-02 1.964297438217026820e-02 1.234856817775743451e-02 1.817025254285695168e-02 1.573814539639216414e-02 9.284924797643677452e-02 9.500303023171919117e-03 1.811415753686216332e-03
4.258217147242372063e-04 1.139634020764211313e-05 1.972944174274523944e-06 1.072235752231173851e-05 2.719105916107297100e-03 1.832989521327733906e-01 5.431611436422194988e-02 1.452046403833784881e-02 2.127116360516286171e-03 4.651565841781549193e-02 2.547379390201401916e-01 8.000305485736320180e-03
1.289869318513772734e-01 6.083847573864036018e-02 6.966926642370621127e-03 3.689778173313594273e-04 1.811796595632558533e-04 1.688176177703284704e-04 5.965392494850779302e-05 6.122355828371795969e-04 5.728066908009931540e-03 9.292831284615127307e-02 1.542487666800273771e-01 2.304361256494592836e-02
2.532923792264668828e-06 3.122061597189650897e-04 4.810176543505242930e-02 3.002088797004701659e-01 1.118875713275413811e-02 2.015969317958749701e-02 2.010538877022893245e-01 3.743034633370614234e-02 3.618234236378483314e-03 7.783877166458742216e-05 4.229757021586860410e-06 3.640212207564345464e-07
4.074684247906002442e-03 5.980173193255224409e-03 1.429648438177385239e-01 5.752864631635437598e-02 1.367932947690839738e-03 4.539760770239871556e-04 1.867795273437644274e-02 9.753883496105848760e-02 5.386560859087985084e-03 1.001282923326220556e-02 6.484472888553162277e-03 3.026399881308056410e-03
2.063210704384479401e-04 3.149654136458303853e-03 5.361833901796595608e-03 4.240903277630059948e-02 1.865432414401189676e-01 1.362850113734880887e-02 1.717771064588242969e-02 5.872558688395372595e-02 6.782242278065681029e-02 2.068450922453675834e-03 1.476713680243088578e-03 4.687814141088424689e-04
1.036157632663302179e-02 5.577033831042577106e-03 5.638177152420171395e-03 2.305294844286551366e-04 5.092192274168057286e-05 4.927823063220360816e-04 7.094517688400685251e-03 5.242820263204369668e-01 5.313050111855833341e-03 6.246687547448342634e-03 3.226665451229684262e-02 4.231710758257915123e-02
3.663076648021568876e-02 8.715577092726689568e-03 2.346670681370539337e-03 6.312459716034420423e-03 5.045052649399505047e-03 1.671056465677499270e-02 8.435941380584785487e-02 1.132552090229396388e-02 1.015193233389685788e-03 3.034926747371539946e-03 9.482366253936067024e-02 1.581147738237550712e-02
3.093014953599927327e-02 7.026808503361960112e-02 4.356792102071371797e-02 5.238512844096545121e-03 8.745330190597017106e-02 8.595930702721274463e-02 2.691948019786568214e-03 7.885424495915102638e-03 1.767994642917636392e-03 4.422275574938918773e-04 9.892246107415889490e-04 1.706315720295974473e-03
2.437624578697828240e-02 1.673009534956436612e-03 1.424832718420009688e-03 4.882528858000478519e-03 3.810193959414445025e-02 7.415054241133478552e-02 1.945904421626163533e-02 5.829657713357075041e-03 1.614328967204458395e-03 3.496502339684158262e-03 5.143826416133498447e-02 1.019194012754554568e-01
2.781126607925831634e-02 3.051018965908738542e-02 4.617038779565874745e-02 9.343417661938933916e-03 6.076610798274537919e-04 3.811503616317957113e-05 1.567282301738863402e-05 4.905451475758853229e-05 3.831561591769558524e-03 3.322490282486721402e-01 5.680254090305063286e-02 1.286063799790902740e-02
2.063517575822520480e-04 2.125482862415033550e-02 2.140413061170201303e-01 2.787521271055654754e-02 2.591992503188203772e-03 1.350426021580384672e-03 7.083684602555296705e-04 6.644309546455734114e-03 2.272287071452702700e-02 1.242247549367905546e-01 2.539667269187544790e-02 3.419195575477058566e-04
4.903279393017372957e-03 6.767824674468246593e-02 2.189501752532668766e-01 4.211885924624070299e-03 3.347434815734807220e-03 1.232778621669587899e-03 2.750262545642502814e-03 7.596218232307302585e-04 3.235875304590879464e-03 3.607430270555395807e-02 2.464051775804156075e-02 1.931370369157494118e-02
2.530394683316833024e-02 2.310554564695591756e-02 7.788302319631069427e-03 1.996387218228865609e-03 1.781820488389509864e-04 6.714961826785222077e-03 3.896466529439862603e-02 2.605422079818179304e-01 1.758616576345950477e-02 2.126890702453648838e-03 1.008199303539737343e-02 6.759883052636210879e-03
5.743271151463794078e-03 1.551604575350523131e-03 6.095240155425121157e-04 2.033968269655210472e-04 6.276425807845903209e-05 3.161567746992574352e-04 8.493308510826202062e-04 7.303675953316565370e-03 3.837940072025003424e-02 1.759538808991904235e-01 1.743253314140699450e-01 1.352963031306249897e-01
9.858534838785093860e-04 4.073989774099024764e-04 3.824510350658635849e-04 1.841439207487158150e-03 5.424435116471022084e-02 2.336899480247415228e-01 4.769937486140350333e-03 9.899800892105473473e-05 1.277574051098573360e-03 2.028498557215478379e-02 1.892075319702016256e-02 1.472430385297274769e-01
2.315610582154154981e-02 9.429550295707866958e-02 2.003970895380440681e-02 1.011355421203526507e-03 1.682240592749219277e-03 1.508962498267339258e-03 7.928305084323209947e-04 9.058742662493336501e-04 2.127229703548474959e-02 1.047393553996579449e-02 3.463399768460990319e-02 1.423007424051722647e-01
2.456073316362335918e-02 1.272207070973848664e-01 9.301719527984217417e-02 1.834878263341407217e-02 9.875191235867669757e-04 1.988180100959999023e-03 4.117407771146564910e-04 4.860188352747036862e-04 3.983866812024276782e-03 2.572535001247410955e-02 4.769691304508902330e-02 7.455524226447405797e-03
8.428875261119804334e-04 2.494151760976108523e-02 2.464057001339264863e-01 1.374867915611304239e-02 1.641502991791903357e-03 3.343527790331813233e-03 8.500744944360807617e-03 9.062163135839520003e-03 3.291759960621765818e-02 5.767066860001916762e-02 8.269095673215594994e-03 1.171785716425721539e-03
8.470513708750589945e-04 2.043163210106911654e-03 7.417740285647679566e-02 1.495961424936263495e-01 1.008898178252092860e-02 1.327948961477217740e-04 1.291994012552433787e-03 6.417149288716609461e-04 9.090569894912931687e-03 3.082477927490713254e-01 9.018528529963130286e-03 1.517217899265600528e-03
1.981231902845213833e-02 6.474224931861374821e-02 3.114091368106896348e-03 5.484759088314253555e-04 3.063358215402649893e-05 2.925079953556375047e-06 3.019817836570308495e-05 3.489892182108100599e-04 3.316726400882309429e-03 4.488892109276974018e-01 1.496876646747621886e-02 1.207304003598330955e-01
3.017534575319010199e-04 5.384234051451920744e-02 2.981344825079761396e-01 4.199456197571564860e-03 3.712947180993061112e-03 2.010465821200319459e-03 8.662805934290673457e-03 2.363329980079085721e-02 7.080075127513670540e-03 6.210994166341956765e-03 1.400980646669664278e-02 4.537568713834051401e-04
3.353382036565067531e-02 1.882088850768306315e-02 2.791264997171737441e-02 3.463486038405877432e-03 8.769376848890779019e-04 4.793106809477843148e-04 1.051296827708858008e-03 4.323002684698347767e-03 2.132874708653142298e-02 2.990659475264565229e-03 3.333511256548081503e-02 1.877891078663597169e-01
3.159110877936688877e-01 4.108588781545906982e-02 1.474398793878381247e-03 1.102085821220703116e-02 2.708471298079615508e-01 3.980819889314476251e-02 5.598744115784662139e-04 4.323943661929010424e-05 1.003443839324331954e-04 1.149497510617539546e-04 9.747285686162825949e-05 4.623083646605980618e-03
1.858885995752105821e-02 5.389127296908788889e-01 1.626871758750171246e-02 8.898281560278443504e-04 3.361185112401104524e-03 1.794531597710062251e-03 4.822244722872453572e-03 9.108058423957473768e-03 1.370816309770816685e-02 7.064082308216639017e-03 4.085281884120446627e-03 5.969352873199360726e-03
1.266677907067033544e-02 4.021529249951995288e-02 5.239855633436651082e-03 2.012281901004248780e-02 6.822902334800753574e-03 1.127644968492886874e-04 9.426270343480391964e-04 1.347785761413151651e-01 9.050426794618411652e-02 1.432354307327867241e-02 5.481713682793216101e-04 1.390426092044358950e-04
8.554073017698981911e-05 4.536501905375500882e-04 2.537010625285554370e-03 9.429209353801705842e-03 1.534604920722987438e-02 1.141630858970684725e-01 4.252130080328741721e-03 1.094145883028578787e-03 2.330130400844861518e-02 4.258877413752229502e-01 7.427330912882844187e-03 1.050925202672408720e-04
8.958087291818315058e-05 6.292283642035511476e-06 3.355392572896328826e-06 4.554739037093051101e-04 1.486912129019795671e-02 1.313923007098996218e-02 1.336771665291839883e-01 4.504881324883611843e-02 1.257569533822774921e-01 5.778859771291466191e-02 2.377180468900608190e-02 1.180969607920560709e-03
