-6.977529272517530856e+00
-9.439889446219602576e+00
-9.232123468802528876e+00
-7.803300866588005924e+00
-7.860954239387234921e+00
-8.224305254491351747e+00
-9.360482813583784534e+00
-5.700029821434056565e+00
-9.738645652325134350e+00
-6.185608726603534002e+00
-6.871177468685638168e+00
-8.243670611805438142e+00
-8.351248029504457548e+00
-1.097271582199491391e+01
-8.882375624706348560e+00
-4.830590824509141790e+00
-8.038502622926211316e+00
-8.670445623240064847e+00
-1.160052715221097763e+01
-7.053858945700472560e+00
-6.743490002349663115e+00
-9.309680269770630900e+00
-7.812410585413569919e+00
-8.526784089748645101e+00
-8.269015202247953056e+00
-1.007018461464053516e+01
-9.363801993022292436e+00
-7.743608279370804759e+00
-1.380360719845059236e+01
-1.076012946049146279e+01
-7.347375467417533557e+00
-8.147073798871163675e+00
-7.292920293602922044e+00
-8.842770618992204845e+00
-7.865758073779273829e+00
-1.137803296284548971e+01
-9.694598377900788932e+00
-8.565943421944384184e+00
-5.538119690802518313e+00
-7.509702418024664539e+00
-8.394698617575334865e+00
-7.721577138997909984e+00
-8.726239100936677318e+00
-9.337397385533323657e+00
-7.103878092759694951e+00
-6.094440095624475973e+00
-8.772563872823523567e+00
-7.898734891488430776e+00
-6.749043358785179691e+00
-8.803062768768002755e+00
-1.130229317954682955e+01
-8.290931168146963515e+00
-9.382560940023743967e+00
-5.431254574502292876e+00
-5.472159884790841033e+00
-8.232569558891549732e+00
-9.666537370083515768e+00
-8.312033962624079564e+00
-6.279374342586510949e+00
-1.054239022897280798e+01
-5.709707486981753455e+00
-7.821170419358685066e+00
-7.703585468847374607e+00
-5.205416781549053518e+00
-8.641747701677569893e+00
-9.407888338857350874e+00
-1.009000300514735571e+01
-1.105702495192127266e+01
-4.262373565243532170e+00
-6.961916122910851712e+00
-1.141524618176441308e+01
-1.005177163599902990e+01
-1.096223154946538081e+01
-8.809827404837324849e+00
-7.234320146080499114e+00
-1.002231246190027925e+01
-1.189739677029737130e+01
-5.496332883814422310e+00
-8.049621334226936042e+00
-1.201219309680737091e+01
-8.268532879671116831e+00
-7.515422593106244165e+00
-9.070767282465242332e+00
-8.213598651696209174e+00
-7.994389247102844820e+00
-6.536845595556004085e+00
-1.001884291889357215e+01
-6.440685759029953772e+00
-1.150415371893922156e+01
-9.594414392302763162e+00
-8.011529875318922578e+00
-7.685446999099434962e+00
-5.619473028605258769e+00
-5.425906016497753726e+00
-1.015689333150608853e+01
-9.044420242255682751e+00
-9.923207700523157371e+00
-6.740671124482487286e+00
-5.884610581686278152e+00
-8.168568808508457124e+00
