1.307240398654436683e-02 4.390666232082125753e-02 9.649789317127385746e-03 4.728975318939256794e-03 3.311675888136059957e-03 2.802140690560686598e-03 1.608579425297720911e-02 2.224597178808322001e-02 1.468681428468844238e-02 2.106134328276866585e-02
7.129910794688680683e-04 2.288451638617092741e-03 3.442920200748436632e-02 1.383215578445519053e-02 6.422549170954335376e-03 2.370774910122824819e-02 4.472544012011196030e-03 1.626123605570298919e-02 3.309803169873107298e-02 1.584442173222638459e-02
1.844297098659610987e-02 4.094828947131679518e-03 5.538613560935164160e-03 1.779697193090880314e-02 2.073575394800489247e-02 1.017656733897835675e-02 2.472528303460102411e-02 1.119985163962623764e-02 1.578164916717076510e-02 9.709613773871427628e-03
4.801528680807800979e-03 1.439105059513115861e-02 1.603453345529180438e-02 1.006321308156856754e-02 5.334129318779732599e-03 7.292178646411162299e-03 8.982055344575048256e-03 8.741648271894442157e-03 2.608201802180842854e-02 3.701472534022302863e-02
2.177204670770511649e-02 6.324266431855324550e-04 9.351061799238304800e-03 2.685912988838028148e-02 8.246769643475775416e-03 9.238206481745739329e-03 6.947564571673926770e-03 7.392242138706666202e-03 2.295720050002959117e-02 2.683323707848984246e-02
3.825635489258047677e-03 1.585777695158610556e-02 1.174957693606759612e-02 1.798395545579864127e-02 8.417542819055660180e-03 7.833430470530719156e-03 1.251224504438018872e-02 3.814076432895442161e-03 2.166845465117269928e-02 2.280561455876790877e-02
1.550837655901032321e-02 1.219530688252704054e-02 1.786336286822284153e-02 5.840984996251551847e-02 1.895351095309682349e-02 9.903377666248111902e-03 1.033430285001001731e-02 7.651254173083054527e-03 7.613394438402273576e-04 4.538055924337257817e-03
2.981336668039312812e-02 1.707441308004619546e-02 1.464039815294456912e-02 9.880511102190285555e-03 8.110983821638080918e-03 1.280658789150454328e-02 2.292163163690050243e-02 3.862900014223935238e-03 4.079655815748164070e-03 1.728411607316283211e-02
2.077015851668105942e-02 6.132771889301617124e-03 1.534055003357932649e-02 2.805867415916169644e-02 5.246780275090753495e-03 3.604436370059838600e-03 1.589820736175975250e-03 2.528731295387975919e-02 2.912521015225866088e-03 2.182777129954174833e-02
3.574893498632536470e-02 1.558391056852395477e-02 1.078902721122805206e-03 1.925158985028103259e-02 9.009120491073756981e-03 3.497472250417920075e-03 7.966473417985026756e-03 2.947710321840730369e-02 1.701405710575018895e-02 1.908754321830108056e-03
1.889833858238486666e-02 1.262907464747041984e-02 1.301680092551191562e-02 7.620915761563251505e-03 1.647066517650799811e-03 1.967176030993385109e-03 1.837374228350453775e-02 3.279978847015135868e-02 8.395680098257290308e-03 3.779177702582267595e-02
2.952773039489764786e-02 1.936180956967444022e-02 2.869905089360304251e-02 2.201741467401357316e-02 6.586294825015793011e-03 5.057207409379657972e-03 1.037436644762916756e-02 1.744110506278187880e-02 2.961980629366364488e-03 4.643860379974763114e-03
4.299087994818491520e-02 1.523282275600229205e-02 3.943903584567459014e-03 9.073178992388951716e-03 7.532186777202759358e-03 4.361205003662261409e-03 1.004512723050571829e-03 1.351612941664400575e-02 3.022736800937123047e-02 9.387877752389119090e-03
1.849557437299431673e-02 1.028955938649087597e-02 1.946371138967953676e-02 2.070107628280575332e-02 2.423548236683479434e-03 3.304476685271523322e-03 9.606740505224770771e-03 1.647737678835820355e-02 1.677586864134542576e-03 2.911633531212846904e-02
1.351123618457869373e-02 1.245006516526327156e-02 2.479186638064375531e-02 2.361237087214635658e-03 1.669525077706975058e-02 2.241279488459516772e-02 8.964392841122952385e-03 4.008740142226893677e-03 8.394432355151533465e-03 2.127144231311382111e-02
1.604326576048786118e-02 2.207817058139891625e-02 6.979147507870126811e-03 5.891763958359939532e-03 1.986089422103912150e-02 1.516868716840043957e-02 7.764762940943579703e-03 2.020573100361981039e-02 1.683011458186862638e-02 5.813892718521842043e-03
1.113832686505745496e-02 1.050400150026027137e-02 1.966832104419030669e-02 1.987233982978284935e-02 1.084786093731414380e-02 5.161831638175066149e-03 2.889039072276072817e-02 1.744613589598436459e-02 7.645244199737053978e-03 6.415168389605829108e-03
1.036955876658019263e-02 1.495017516207963054e-02 6.918930029613995503e-03 6.687897267796109879e-03 8.126392294540759481e-03 1.816549039729794743e-02 1.062483200874857724e-02 1.325034403218954340e-02 1.767382409037542013e-02 2.604160995677209933e-02
2.046404544543542828e-02 2.014142799404274736e-02 2.937469380290365882e-03 2.822117397751768876e-03 1.396536415923260548e-03 2.789496125346425937e-02 1.282220847587034647e-02 2.195095149702026155e-03 1.663620276109643858e-02 2.238095459083791830e-02
1.220534705569203092e-02 9.251042836582640955e-03 1.293320620773884093e-02 2.872992891158348411e-02 1.515855934691340105e-02 1.468605942741384087e-03 2.703297328716520054e-03 1.488946632070127160e-02 2.736347649091287748e-02 1.880000053025887921e-02
3.235331131013723452e-03 6.163498043412116677e-03 3.823040046727667340e-02 3.006440931588200832e-02 1.082926215756092880e-02 3.407497930009463754e-03 3.605104387146780553e-02 1.647578664203337706e-02 4.755057401172960337e-03 4.087817537673386382e-03
2.606786348617022228e-02 2.058195598764041637e-02 5.472185911377699941e-03 1.061598584371617644e-02 8.777532031421812417e-03 4.709529216218891375e-03 2.463070718867110733e-03 3.448671309093339493e-02 1.654388139126217877e-02 2.218742081580907070e-03
2.572660771634819460e-02 6.856884028265404496e-03 2.389017988241365700e-02 2.034430224529217707e-02 3.610408226557685653e-03 2.489899216377249730e-03 6.858425431250912176e-03 2.729039499253908818e-02 9.784554029547800832e-03 1.241489194354846587e-02
3.215548431002030871e-03 3.310678038064292228e-03 4.179815004407472917e-02 1.694984876517357381e-02 1.029704433474591500e-02 9.273573265417753980e-03 1.995854071906413146e-02 2.063020111112773280e-02 1.397646282444132797e-02 9.376106291038683108e-03
1.299453894921893862e-03 7.143283462188562000e-03 1.097290156996839385e-02 8.563446197979295016e-03 1.709258346950501923e-03 2.683171352430146345e-02 1.660105027246260023e-02 2.960592494497618805e-03 2.562932302216226407e-02 2.661283152915631944e-02
6.534628610602850191e-03 9.684832420476331694e-03 2.573353411755986957e-03 1.599681771685390261e-02 2.639282357250087585e-02 2.085392223352293406e-02 9.797461906417930660e-03 3.395872177838490241e-02 8.169217421267494297e-03 4.194321803996279262e-03
3.386689133388093992e-02 1.876461414223162816e-02 1.783414854458502050e-02 3.173463931328705193e-03 7.284953714954595788e-03 1.476423571807013689e-02 1.634029413537840814e-02 3.050187626301225936e-03 3.924125237623383305e-03 2.868782638489355760e-02
6.203092460883591168e-03 5.371745720346016162e-03 1.188111578336251833e-02 5.810134059629611797e-03 6.130565292119397394e-03 3.395560286844111902e-02 2.099776035556205622e-02 1.011602509105340164e-02 1.732814828286630832e-02 2.491680616924426758e-02
1.471018003839429794e-02 1.817877563840580510e-02 2.460293117708321764e-02 5.270810898315795787e-03 7.457181102662182801e-03 1.364323453329698704e-02 3.340433562086555109e-03 1.075284571809947444e-02 2.353401159593839637e-02 1.670189843697672538e-02
1.987814813589635840e-02 8.341531883235962785e-03 1.457855941927140020e-02 8.928472206464720118e-03 6.835472296228335687e-03 2.603331682348600760e-03 8.005416707019163275e-03 1.810134220581132575e-02 4.899898772370409744e-02 1.172806991295005132e-02
5.632738313338278915e-03 1.485363915309223515e-02 1.500653643388510060e-02 1.116658971850632669e-02 1.318877391049007482e-02 9.518735160750116733e-03 2.232285568252979913e-02 1.776926856034929600e-02 2.014633610511386286e-02 5.712746226560793880e-03
1.382680668897967461e-03 1.346996321322463689e-03 2.026969845094967609e-02 1.725095314510001823e-02 7.149301699059371420e-03 1.763243143730397824e-02 3.091653046111767639e-02 9.468222894907396547e-03 1.852152622548258049e-02 2.491767204702314067e-02
1.243058773772005333e-02 1.662950978039436437e-02 3.413696537210941101e-02 1.694414993859406915e-02 4.552267343768816830e-03 3.796578899739402012e-03 8.608272497173712068e-03 1.420990430752057214e-02 1.160831463234718829e-02 1.519662011801448630e-02
1.415697232543238274e-02 2.093720457689914397e-02 4.701016844717310558e-03 7.572721294102999906e-03 2.975072447870189332e-03 3.548280083248059324e-02 2.026034558410593281e-02 1.379447168069091248e-02 5.716985184232979515e-03 5.762602473113534809e-03
1.658943004408507463e-02 7.191603024166715041e-03 8.298834388040059878e-03 1.378144397844731361e-02 6.571720342965331127e-03 3.161660009686984019e-02 1.947540677396574632e-02 6.505666504123884357e-03 1.108631059778070194e-02 1.150173126159585724e-02
1.359131321680176301e-02 8.302408441141767917e-03 1.806784836459490035e-02 2.692392877576184340e-02 1.752081227485804971e-02 3.014811901281759781e-03 5.287967374060424317e-03 5.220559025631940631e-03 1.764286994853258780e-02 1.290060430634304943e-02
4.915460231955098326e-03 7.885958320350478987e-03 1.139023440291652214e-02 3.026624794882304403e-02 7.425342248484438894e-04 7.779018650743534970e-03 4.063184894137838316e-02 1.479104699540333828e-02 2.344653871074145468e-02 1.096889907064060692e-02
2.363209707939314952e-02 8.569807441099313791e-03 9.513577944157362160e-03 1.698680723478949647e-02 6.973654325320994239e-03 1.082219148668761913e-02 2.029039475794008895e-02 1.284338711591512597e-02 1.037117183620810471e-02 1.417270041203049988e-02
1.803715583086917471e-02 1.920861427265942861e-02 7.343127857578182587e-03 1.314546422701964867e-02 7.190285091809058005e-03 5.816772205992162131e-03 1.364026703987444682e-02 9.032675026854194641e-03 1.731005042049306789e-02 2.293611137411463372e-02
4.121266642295661267e-03 5.008232099156339004e-03 1.460376776867378969e-02 2.293826286765141345e-02 9.468717935370022515e-03 9.389919747427283303e-03 1.776802050483668530e-02 1.318333839073719538e-02 1.200346976119500211e-02 3.257670680063744217e-02
1.838424256851281307e-03 7.599081272713078400e-03 4.344873837075287348e-02 3.824626769314329496e-03 4.691274625262170650e-03 2.389706102100932344e-02 2.769992436269430938e-02 1.322796818212758005e-02 2.777231195540635911e-02 1.010678752128717911e-02
2.187440407509758707e-03 3.255719229759811845e-02 1.647765270226796142e-02 1.031106217911266889e-03 8.058935935032513365e-04 1.357035135642542523e-02 2.782865705613754223e-02 6.736693116607806939e-03 2.652771631270522956e-02 2.405320703370798091e-02
3.624398391497623412e-03 4.721583470357405485e-03 8.081055389581835724e-03 2.211400167623817775e-02 1.510893083938179282e-02 1.786790231383922345e-02 2.185072715075168232e-02 7.675571473884717014e-03 1.191693033088154011e-02 1.977464809420859462e-02
4.464083386448289802e-03 1.367325179283174555e-02 2.998494183082157927e-02 1.636565954748124552e-02 9.131299936497928524e-03 1.244252117736501309e-02 1.387601712067847159e-02 4.590226564411822169e-03 8.273951604754088696e-03 2.690209493910985378e-02
1.362388038757752530e-02 3.557900755783438562e-04 1.068805342634728244e-03 1.217904844113701021e-02 2.220287097629362969e-03 2.687178884917671567e-02 3.063376840601984841e-02 2.880997238419949133e-02 1.910864907089357412e-02 5.296021862146920410e-03
2.508298522620839351e-03 6.056018322079127943e-03 1.001276420109510103e-02 1.175711174807726050e-02 2.211893649498247738e-02 2.383250118321534466e-02 1.765419284997494847e-03 1.904163150401988122e-02 3.935959673145229820e-02 4.313057672624024536e-03
2.030420100838340250e-02 7.511081788197335705e-03 8.489758326896995611e-03 3.224370260239258629e-02 1.178295319147419293e-02 7.602429616053094780e-03 2.181199334972076798e-02 6.846955786502555846e-03 8.262232095217890426e-03 1.297061900340694234e-02
4.874411213545843703e-03 7.467409901373770267e-03 2.539693827965644121e-02 2.350006899410944997e-02 5.514035655743626529e-03 1.389568107609472428e-02 1.620830375920075811e-02 1.691522087821793405e-02 8.789817976127253796e-03 1.342245586014256288e-02
2.657012989798308508e-02 1.362771148126963941e-02 5.226179009505458987e-03 1.632434830409346853e-03 1.232520976092672457e-02 5.511147228139650495e-03 2.377594424681498883e-02 1.759132223445313697e-02 8.274080806041295838e-03 1.372719215483745106e-02
3.234319575871931994e-03 8.601724512751532034e-03 1.933591464635307094e-02 1.280799245296806999e-02 6.386639049750292285e-02 2.063888151227567455e-02 7.980238560711432755e-03 5.845194579175797336e-03 9.338508573161839743e-03 6.275218755736203594e-03
9.585350503131188915e-03 1.209798979344903994e-03 1.948747722928342863e-02 7.219268876882832878e-03 2.354989195336822799e-02 7.522213182682837423e-03 4.116707226331824641e-03 1.514824790712881661e-02 2.613749839532520866e-02 2.645954214328592388e-02
2.025921232490885196e-02 3.190520223109755832e-02 2.601541718383351687e-03 4.799372130663015663e-03 3.903039628223356223e-03 1.081533467850148526e-02 7.169164499676791702e-03 1.011446894669949630e-02 1.380799968992867457e-02 1.987504439864130890e-02
1.931539549925695171e-03 7.933503249127230733e-03 9.501164504582560941e-03 6.045509842689056682e-03 1.071382815935014235e-02 1.996030678863226077e-02 3.393609093570926216e-02 9.155950384425758093e-03 2.877497478061608049e-02 1.304294527750175445e-02
1.054546420220016725e-02 7.031498341166517521e-03 1.640879898117058450e-02 2.037205628082316283e-02 1.025865874881173694e-02 7.904160433827557564e-03 5.989673168553250396e-03 2.197135369426490153e-02 9.360731692114578062e-03 2.457928340285639099e-02
6.980543695580572819e-03 2.313876454183425024e-02 3.344960550319779624e-02 8.963174996511332621e-03 4.827628615583938465e-03 8.294288472648453717e-03 2.782505582466900454e-02 1.149274889032940623e-02 5.145341562332044968e-03 7.728845606644160933e-03
1.120285271643590465e-02 1.196400454876787693e-02 8.838809678870369196e-03 2.319735550795702303e-03 3.006381148977822076e-03 1.855256355867254681e-02 3.688804571722872905e-02 4.333163357015189232e-03 3.196455932477031830e-02 1.946089066628534786e-02
1.823679765817838236e-02 3.515660344036045191e-03 2.391790100369120542e-02 2.199332101198392397e-02 5.533330710739388716e-03 5.344211948167750664e-03 3.059508683831061240e-02 3.076489272683059426e-02 4.275515997364318435e-03 3.774885035464178862e-03
7.693939875017492824e-03 9.442039675495311757e-03 1.587564976836934247e-02 2.202805077950900896e-03 8.986995014253588987e-03 3.935015722063997176e-03 1.703954022383761396e-02 2.272290924740810736e-02 1.358485316947670787e-02 2.001918633082302307e-02
1.695354725405740295e-02 6.976541901090062975e-03 7.305090807413750637e-03 1.332583373105274832e-02 2.173208283347790107e-02 1.059752811847970537e-02 3.079907442196265933e-03 3.094664808434481953e-02 9.857734088996737004e-03 1.757291418551040416e-02
2.934864240354387570e-03 3.496810019888425825e-02 9.352804092089481158e-03 9.304771124538533875e-03 2.588026521087966048e-02 1.020450417357535167e-02 1.235180276309877020e-02 8.593208521410395512e-03 8.160488101845561962e-03 1.323536130664134877e-02
2.705225448404371610e-02 1.224959753562848003e-02 1.016057611774868075e-03 5.897608163201966194e-03 2.420201370439195587e-02 4.640922596724278079e-03 1.542540089564504308e-02 2.532988351539007532e-02 1.816217698235261108e-02 1.303458449183261120e-02
7.444673802213688449e-03 3.815873374629934200e-02 1.140833925947589214e-02 5.546429314898102675e-03 1.093145790872781034e-02 5.686903920042402603e-03 1.474419992979406763e-02 2.520199528582479226e-02 3.782071352075132634e-03 9.700873032018728429e-03
1.577437085316843804e-02 7.951664116110934016e-03 9.235185112587657869e-03 6.478778993302588760e-03 2.541473602483767125e-03 1.149335219979078643e-02 3.094733019598026186e-02 1.504199020312863705e-02 1.705277667445521256e-02 2.454705779198208121e-02
2.834451354028005854e-02 2.095552456674698236e-02 3.492895079079200854e-03 3.448484431237871378e-02 3.138585313710415270e-02 7.783957125036320909e-03 2.939415117452983447e-03 5.482800437479272773e-03 4.409012902240294976e-03 5.279844002824777421e-03
2.189108404066873216e-03 9.823814979400050801e-03 1.244428349548282534e-02 2.396162230576382585e-02 2.099184888164001145e-02 1.304894806414192560e-02 1.427171723141240287e-02 1.784480910982402802e-02 2.749367766646607786e-02 2.490497015724642878e-03
2.015915744626227413e-02 3.163752212892269929e-03 7.190840809813376505e-03 2.051360597129090867e-03 5.182317796839669422e-03 6.117900128569979390e-02 1.987231222256961166e-02 2.133649733522403197e-02 4.787163661420769378e-03 1.255962767892079661e-02
5.300058598970024473e-03 1.141056769198118929e-02 1.243570797503101150e-02 6.010709430972605190e-03 2.787726678435686889e-02 1.809688333609747388e-02 2.327889063428932766e-03 1.566133503469595289e-02 3.641744106519145124e-02 3.798542934734272861e-03
8.899203102366602669e-03 3.160082517329326768e-02 1.157407168720663883e-02 1.056267209081487857e-02 3.375202665818485132e-02 6.341012979478482733e-03 3.176715924596376639e-02 1.031721240083675016e-02 4.953577127176222485e-03 2.610302940244882929e-03
1.269539207546082661e-02 6.800725597322973721e-03 1.324673801145852606e-02 1.438540620763986699e-02 1.447934310044041162e-02 1.247117573229154786e-02 7.169480529278762088e-03 1.160874949942639067e-02 1.881180961640697286e-02 2.043366003338019030e-02
3.950058998696603235e-02 1.446810501585903651e-02 4.031299247936581329e-03 4.264942008782762056e-02 8.957224277418875807e-03 1.870443679326297751e-02 3.272531806329594117e-02 1.205112169291258292e-02 2.183652896232709639e-04 1.626477175589722537e-03
1.233841279498821240e-02 7.771670184829827278e-03 6.530044443605646787e-02 1.043288505058747456e-02 2.175104928936960093e-03 2.405246451673292984e-02 7.601225479286443515e-03 1.544224687485235264e-03 2.650121550145737200e-03 3.420739583781944732e-02
2.151335862492735097e-03 4.815188341816078674e-03 1.030127672619425040e-02 1.802669051144347584e-02 1.117572169991012249e-02 2.742518256155235257e-03 1.269966595779093571e-02 3.894185021842126726e-02 1.680813341112983791e-02 3.006502077357820629e-02
4.055614730670839725e-03 4.516087881850669970e-03 2.693798090151849206e-02 2.012393756535040684e-02 7.954607125045649874e-03 3.637767458843603387e-03 5.922074919400978354e-03 2.635593931849875352e-02 3.010230352474446702e-02 9.646067501187278667e-03
7.977350043225799048e-03 3.224220035715897464e-02 2.344961984510616007e-02 2.589498975827301402e-02 1.294413168059481076e-02 1.504397223073788981e-02 8.980065821332306603e-03 4.761958586891316958e-03 3.398708608194435203e-03 5.137487544414618898e-03
1.177699163132430414e-02 9.450596544470515892e-03 1.963440056196417982e-02 1.486447434080240097e-02 9.616053050495777105e-03 2.872868437773028541e-02 4.084376306802869373e-03 4.546470261473263552e-03 3.359153138510163894e-02 1.080259200346565113e-02
1.481818081771473297e-02 1.538492555619334554e-02 1.500040212534942824e-02 3.060255278782880381e-02 3.823113774711141537e-03 1.574750306306226021e-03 1.013138600953527105e-02 2.263339441239613226e-02 2.198720262269081988e-02 1.117230731328250348e-02
7.877984742642162377e-03 1.914974963302759625e-02 6.563148765553441372e-03 1.766144901813950299e-02 1.240829203422226523e-02 1.814488119558790857e-02 4.186220073279076082e-02 1.573966584848821709e-02 1.593586636168870755e-03 1.944580372679059711e-03
6.760329876506957977e-03 1.004266755806879421e-02 1.440164527299731857e-02 2.981600061294855525e-02 6.647136508535036667e-03 3.320684861123851528e-02 7.749493853627213713e-03 2.249255318456330668e-03 9.915462956022164098e-03 3.526099541703367479e-02
5.129103380049668259e-03 1.047198312283246190e-02 3.433695989243521797e-03 5.397695172320564165e-03 1.505966970086225487e-02 1.653410504955643567e-02 1.772542753279755107e-02 1.299395331146711852e-02 1.745092140574978565e-02 2.861498039773880189e-02
4.296050017116490732e-02 1.778210231979546153e-03 1.284172353803884285e-03 2.867514796406479653e-03 5.435780533856739496e-03 4.807222466765363744e-02 1.905507602796588373e-02 6.769092327117232598e-03 2.005581501846415496e-02 1.797098433547974355e-02
1.696430140823971264e-03 8.385928066631662819e-03 1.717128722074875644e-02 1.092959655031331204e-02 1.846328796917334064e-02 2.052857720486347959e-02 1.826452466694636345e-02 2.676232022071920597e-02 1.877438166458350599e-02 3.350258270600476977e-03
1.240980353817137255e-02 9.859639320895327574e-03 1.987474547852878873e-03 6.132657000590569819e-03 5.564095967735877696e-02 2.318346770742137769e-02 1.023170076999341607e-02 7.954075958108406535e-03 1.925861296849697146e-02 1.429747885081770987e-03
1.429390741860976990e-02 4.125346086467834850e-03 8.871921884183644330e-03 1.146924192345540050e-02 1.578598314886122539e-02 2.317454601347725129e-02 1.973506261972462691e-02 6.769648438566264539e-03 1.443605805082786089e-02 1.054351335985842172e-02
1.946562426522397207e-02 5.111022001737574282e-03 7.645904082277518374e-03 1.822294122697016953e-03 8.527654594493429274e-03 5.148987317570997979e-02 1.341534034655963124e-02 1.059898383181315934e-02 9.802765870752707528e-03 1.625135958415605680e-02
4.166815414807170312e-03 5.760063608988098827e-03 6.637854770560423084e-03 1.472294461786851846e-02 1.877448382830294860e-02 1.664536725720888038e-02 1.878940533169790733e-02 1.575812720137018813e-02 1.155796353368483687e-02 1.661335108908342656e-02
8.678666461856930983e-03 2.349960176169170294e-03 3.566338978230504473e-03 1.673353685984430364e-02 4.407812455234740717e-02 9.346023893836817240e-03 9.365892918463311276e-03 9.112230839749661110e-03 2.440610664509966499e-02 2.157772347786808889e-02
4.782724847348200636e-03 2.473170355230775580e-02 2.297226814760604946e-02 1.570687139285461761e-02 1.513550853404768345e-02 8.924614273758964267e-03 4.427726681280191867e-03 1.343294537757797752e-02 1.990903215351195327e-02 7.972501568685437176e-03
1.671222243888671397e-02 2.585478141831947657e-02 9.149349166704411757e-03 3.039511832566293287e-02 1.353367181256351706e-02 7.931119314029169351e-03 1.310863796214879751e-02 1.236885879823888985e-02 5.621762065587749407e-03 1.792461628991381950e-03
3.471970011413829521e-03 1.667120754221240730e-02 1.319343391499177773e-02 7.809543847209150444e-03 2.858503627924459910e-03 1.589322047742238592e-02 2.685527531343103597e-02 4.290308270472796559e-03 2.427409347840792098e-02 1.736744272824811142e-02
9.993521938346724975e-03 5.295833336764687975e-03 1.268452531136950515e-02 1.571851949044531654e-02 4.565285704764937905e-03 7.731559301219157951e-03 1.094570921808413373e-02 2.276399480302023631e-02 2.988321030927741997e-02 1.389591073176889985e-02
1.125270087651972315e-03 1.833195792959553625e-03 1.895095395304358110e-02 3.524251984914944513e-02 7.958351205652797536e-03 1.652231171152758471e-02 3.123156707389247028e-02 1.560821099212364449e-02 1.739128693588580521e-02 5.639282011838660930e-03
9.276748325325502240e-03 5.957134305183079542e-03 1.352974971410957593e-02 5.733948754016600022e-03 2.646492516771185161e-02 2.267660859084699027e-02 4.204731023379788303e-03 2.624459933818916717e-03 1.847876914008391575e-02 3.368712495548201180e-02
4.853861824341425095e-03 2.320848071804495691e-02 2.409363761012222813e-02 1.282146130473148064e-02 3.545280937280788618e-03 1.064515482871889948e-02 8.049314230421166644e-03 1.373959977546146058e-02 2.936078464241492075e-02 7.557324767866667632e-03
9.900961081367582600e-03 1.674561142417603163e-02 1.516873327223938403e-02 2.374738388803807661e-03 7.528400250316590568e-03 1.139862214540476523e-02 1.467503078901653650e-02 1.699470680197536984e-02 3.149050286377499952e-02 9.935775433643254106e-03
4.272510479230206062e-03 5.256528219027640537e-03 5.106088419553358147e-03 2.341733605251496500e-02 3.045586243049539996e-03 1.189419694703256966e-02 2.130580061003333608e-02 1.754946867449641568e-02 2.700132080518251321e-02 1.463269170599782593e-02
8.294078482789988410e-03 2.058872411299482105e-02 1.088213802773999907e-02 1.086201485271909642e-02 2.775666637337866754e-02 1.382763012334876918e-02 4.860021976692997271e-03 6.877274505660063361e-03 3.181078174174906820e-02 7.834688300292659904e-03
1.232949036341921337e-02 1.981002268333249133e-02 1.436212329090560610e-02 3.391634157454005705e-03 2.490446775222317222e-02 2.204436230656431350e-02 1.792556748117524364e-03 1.526919390852684091e-02 1.358754831359839169e-02 4.853252349057600272e-03
1.698391202692747098e-02 7.643702538497820602e-03 1.214127063714049402e-02 8.239833502869961177e-03 9.238936917675338173e-03 1.003601827488641643e-02 1.764348627651422807e-02 2.031302349460724702e-02 1.203360526047621455e-02 1.521191204052139978e-02
9.347669213394641657e-03 1.020203621544731737e-02 2.094225565898684763e-02 2.522085332962557130e-02 1.653073732455027922e-02 1.092064667181841080e-02 1.731519923613993733e-02 1.292301405706082831e-02 5.992975555840680986e-03 5.191638736205684244e-03
6.727324425236064914e-03 2.168407378179448928e-03 4.572505510213207766e-03 3.681054536012497852e-02 2.056399447134454883e-02 8.832612253681398906e-03 3.576878434795486422e-03 1.702421085750236915e-02 3.605582934568200837e-02 1.644480701266074971e-02
