-6.700353300030887027e+00
-6.817527404194384744e+00
-6.868590876326151395e+00
-6.756565493468256633e+00
-6.725167430174802341e+00
-6.784327560313172079e+00
-6.822750741727708679e+00
-6.635600039572201680e+00
-6.820375258630694049e+00
-6.592207076034235058e+00
-6.684953742611018157e+00
-6.791634272527623750e+00
-6.757046223511185445e+00
-6.941723305895707519e+00
-6.824689380552742435e+00
-6.587808356565788337e+00
-6.794777408851435219e+00
-6.842443121595861655e+00
-6.947639241029841095e+00
-6.713403706324609033e+00
-6.655249078936698481e+00
-6.831838600929375005e+00
-6.754558001055917416e+00
-6.808321261401206748e+00
-6.735620499449655796e+00
-6.896539939658817175e+00
-6.853519860065683922e+00
-6.762372464303062713e+00
-7.170060722552232590e+00
-6.948399459034781955e+00
-6.756817505454473682e+00
-6.770206243909093757e+00
-6.743905770232556662e+00
-6.808045989110275364e+00
-6.775765720665977376e+00
-6.999123964696583045e+00
-6.839446685306159068e+00
-6.841081175059849251e+00
-6.630751476472196870e+00
-6.750900552785624953e+00
-6.778021396663122644e+00
-6.707123468114394527e+00
-6.831069723717379638e+00
-6.867794717086897371e+00
-6.614658622136113664e+00
-6.609125893536488938e+00
-6.836162946430519582e+00
-6.780727416202680935e+00
-6.668614600216445254e+00
-6.805834696674216922e+00
-6.947992878317982957e+00
-6.771419586958552728e+00
-6.859845961171644468e+00
-6.617335293513490591e+00
-6.605733470275864327e+00
-6.769982116900242097e+00
-6.844213098698588738e+00
-6.769269558870097292e+00
-6.656097555004014232e+00
-6.922887367465671460e+00
-6.604913152867943005e+00
-6.745718320921852751e+00
-6.766936611992695916e+00
-6.543369101287188627e+00
-6.820449011076487267e+00
-6.816459927893700588e+00
-6.901698626448222740e+00
-6.961467625738511522e+00
-6.558750499022697689e+00
-6.620267092841052303e+00
-6.929613023703584673e+00
-6.884103048655793700e+00
-6.963737875037720571e+00
-6.831109388614858169e+00
-6.717357840333373353e+00
-6.912966725280132785e+00
-7.010525415922963965e+00
-6.589958292699521714e+00
-6.778924683126734685e+00
-6.984211523791538312e+00
-6.802334096950144016e+00
-6.674988634905811402e+00
-6.860267319952801479e+00
-6.765499705817606291e+00
-6.791282713416327610e+00
-6.670247375280689894e+00
-6.927900950788025369e+00
-6.669828424244702347e+00
-6.997897458937887727e+00
-6.892712070169194405e+00
-6.758287862417279968e+00
-6.741000215291081510e+00
-6.616426919592428568e+00
-6.612334141772790552e+00
-6.899851908061060968e+00
-6.854492622196717733e+00
-6.886832921235316540e+00
-6.721491372437749412e+00
-6.659098984215424011e+00
-6.766234334103783610e+00
