-1.036242464673232178e+01
-1.176316248848752544e+01
-1.192141857740533517e+01
-1.085179570777888358e+01
-1.078107084975160923e+01
-1.117302628554133115e+01
-1.174142620093402911e+01
-9.543019723767580231e+00
-1.211494642755489792e+01
-9.592380300001062565e+00
-1.017871711206951346e+01
-1.118560980515495018e+01
-1.104747105405857077e+01
-1.284575666793582904e+01
-1.159329781856171415e+01
-9.007121331692459876e+00
-1.112491592881799107e+01
-1.157628170097431841e+01
-1.310949456206096819e+01
-1.035620438619112349e+01
-1.002950184228608244e+01
-1.171614018457561635e+01
-1.086407357856536038e+01
-1.140312709762025811e+01
-1.088097193701799981e+01
-1.233281218959768921e+01
-1.183716869053349008e+01
-1.087024505744863845e+01
-1.494996988937492155e+01
-1.285041896888088253e+01
-1.071631513202538066e+01
-1.101765943507789380e+01
-1.060352505121680977e+01
-1.150676477132551945e+01
-1.098905063323586262e+01
-1.323889691890681775e+01
-1.208931500978916773e+01
-1.154340662028022457e+01
-9.490207745287559504e+00
-1.076772065060453976e+01
-1.121845325461669951e+01
-1.051579343168035230e+01
-1.153864191111506088e+01
-1.196123020873101872e+01
-1.020113071994229337e+01
-9.510543611744600057e+00
-1.161455137119510361e+01
-1.099815513225701835e+01
-1.010763368604844459e+01
-1.151518978344054744e+01
-1.314803201449116976e+01
-1.109749533356084861e+01
-1.192791296037537663e+01
-9.410989376565444431e+00
-9.308683748591290552e+00
-1.107498863837882297e+01
-1.195429302957798257e+01
-1.116161374202534162e+01
-9.940192372916467178e+00
-1.276047843961703165e+01
-9.442854475387793656e+00
-1.089641285704500184e+01
-1.086686520437720205e+01
-8.903755059442820752e+00
-1.146997448527509000e+01
-1.187776045961207849e+01
-1.232126484346924578e+01
-1.307927751113518333e+01
-8.683048245441325363e+00
-1.002945226377825172e+01
-1.308143736125527923e+01
-1.232189228225472810e+01
-1.290744825268648022e+01
-1.155840867060646282e+01
-1.059250838048383514e+01
-1.239441495582678421e+01
-1.346492964525698710e+01
-9.350240632825389753e+00
-1.108103272622371804e+01
-1.352479136538215698e+01
-1.121758228161069226e+01
-1.048456866130477749e+01
-1.180030978209355652e+01
-1.110743740876872998e+01
-1.108866609511509438e+01
-9.997144530166938381e+00
-1.243480533070240135e+01
-9.972458971374113190e+00
-1.332410047237771522e+01
-1.212594620395186062e+01
-1.089889416438478520e+01
-1.071686919754695744e+01
-9.435437065691063552e+00
-9.338638069427089405e+00
-1.244816321866114173e+01
-1.179521133105235009e+01
-1.221263545850604970e+01
-1.032306460761775035e+01
-9.714363310495759407e+00
-1.102557259483832830e+01
