-7.251339847729743937e+00
-1.107557874302541912e+01
-9.012410810793275218e+00
-9.213133275271635725e+00
-1.014220975216170828e+01
-1.026381342568362776e+01
-7.724186952928246086e+00
-8.586144437070011293e+00
-7.256644773343339239e+00
-9.872895834032414442e+00
-9.629771648716719312e+00
-1.095912833405803610e+01
-8.564179399945611948e+00
-8.960574706345433071e+00
-9.482362804922555455e+00
-1.089782429645793371e+01
-9.053780014662244469e+00
-8.826515591951027417e+00
-9.226942343850423001e+00
-9.372573908171512258e+00
-9.005367519618982186e+00
-1.127313146023107926e+01
-8.639060289103332124e+00
-1.279167804950936294e+01
-1.238860068858540231e+01
-7.806233823820935669e+00
-1.117323033752059125e+01
-8.894557701844853170e+00
-9.019263939215377945e+00
-1.153965957018719202e+01
-1.045762215584175614e+01
-9.193585326345207420e+00
-7.155181245648779331e+00
-9.899542529277457703e+00
-8.826360613783981179e+00
-9.648737787715635505e+00
-9.992637425892555214e+00
-7.091807027190637491e+00
-9.574584489468126236e+00
-9.284132830023692051e+00
-7.528722188866751708e+00
-1.076251664893824689e+01
-1.101578425401144656e+01
-9.436548067878025137e+00
-8.232729516090273592e+00
-7.233507485641870183e+00
-1.043491964253854576e+01
-8.327169975394474122e+00
-9.166070820380946671e+00
-1.064215565532886210e+01
-8.149152445671862921e+00
-7.935673873065947959e+00
-1.003991031062393624e+01
-7.040818891873072083e+00
-9.924589505283334390e+00
-1.122479210424359408e+01
-9.599421033831005090e+00
-8.646268125383381076e+00
-8.607938717265648521e+00
-1.107360621868803108e+01
-1.177659467651355385e+01
-9.112757773601392941e+00
-9.452836144572001942e+00
-1.330727213602528458e+01
-6.640327626137015216e+00
-9.976500622203293034e+00
-1.020436963470178782e+01
-1.047182417579456803e+01
-8.836419832671193575e+00
-9.532091070231757612e+00
-8.463328450285226623e+00
-1.028500296382385493e+01
-9.936853838957699026e+00
-9.491772763156355097e+00
-1.138455751901035740e+01
-8.414491369000247190e+00
-9.395394779151761355e+00
-6.145884240592653036e+00
-1.001152144577615566e+01
-1.071368582530901392e+01
-1.029041452136436163e+01
-8.817272698813960474e+00
-7.663737053905419927e+00
-9.579129129191231939e+00
-1.137070331197162787e+01
-1.010200009713182823e+01
-7.001799098073743011e+00
-1.142322885383904563e+01
-8.842999647132565144e+00
-9.792112753212899534e+00
-1.004351834113368191e+01
-9.176038978987245187e+00
-7.449737428413280682e+00
-1.292384325494313657e+01
-6.277315435499933649e+00
-9.005093643244359569e+00
-1.261444361767086164e+01
-1.286855791864023146e+01
-7.160467562321395363e+00
-8.397981247657574144e+00
