7.149021034942934505e-02 1.443747094186248470e-01 6.369811723257368108e-02 5.816593182011520202e-02 6.756879816438610131e-02 4.017746821874890878e-02 8.770816941681719436e-02 9.015664568818633484e-02 7.480029291595059748e-02 9.976546957483158062e-02 3.463942926050431192e-02 6.087741658506742176e-02
1.162737210216479022e-01 6.617498812897751326e-02 4.935373776124548501e-02 1.324454808238385572e-01 3.443770225776027899e-02 7.669228729128364785e-02 9.225704165978779181e-02 6.665782630329065983e-02 9.694437950650990066e-02 4.086851768856008399e-02 5.914366398956311804e-02 7.282816833623298458e-02
1.002844662561644951e-01 6.490440950666902242e-02 1.114444991874238566e-01 6.476510711194997938e-02 9.635072111188471011e-02 6.439875959609105138e-02 5.068268753021071965e-02 8.108633935566836315e-02 6.912915334194871808e-02 6.951969334545318735e-02 5.317477037021351577e-02 5.229865088216684166e-02
6.465678326287360722e-02 6.472279548478236666e-02 1.040234759327485353e-01 1.170664135906929054e-01 9.337430435151282404e-02 1.474188815436627137e-02 7.016292765834110379e-02 9.536505367444705894e-02 6.151094904677537750e-02 8.224540151516497588e-02 6.004725445939659151e-02 6.663417575432571682e-02
8.729368760436094499e-02 8.976746381963693344e-02 4.123160634072935149e-02 1.058797971484328887e-01 5.835354930375321464e-02 8.883364793608568288e-02 5.978529011861954262e-02 4.950164503825110057e-02 9.672546493232904441e-02 4.068162905395049378e-02 8.878721580900168775e-02 8.394566452720791938e-02
8.039777753851908015e-02 6.522645317516426178e-02 8.192345592919225705e-02 1.551216658037992968e-01 8.522050789729837539e-02 6.394304895256378019e-02 6.047815803831988607e-02 7.475818904535105891e-02 2.153265997836633153e-02 5.390828912655437621e-02 9.610009974129812838e-02 6.602808663696871361e-02
6.678035418464156603e-02 6.645436420541839251e-02 6.299884297744084982e-02 6.440674677497271183e-02 9.985884339613014526e-02 4.490646076734773617e-02 5.380021965915973009e-02 7.892340963449367974e-02 9.315289861819375794e-02 6.115704140541214362e-02 7.620300619816831877e-02 1.108471769653369687e-01
6.249084260810059549e-02 9.129471351306885085e-02 3.052134800575169796e-02 2.434039838406888423e-01 4.547138611839095929e-02 9.504737105680925724e-02 1.048725156889735999e-01 6.623916977645734339e-02 2.508306277665811601e-02 1.277901740664117991e-01 5.750193578549567253e-02 5.442049157643923801e-02
6.492549370571532030e-02 9.837175849659601790e-02 8.813169970591358537e-02 3.336374096179006710e-02 9.288171110148253640e-02 7.409752966903555838e-02 7.016011238994541988e-02 6.556089978077493663e-02 4.689266833276441865e-02 4.704816103122264753e-02 8.687904244186832325e-02 1.176830176763907221e-01
5.711547967080826682e-02 1.055323884312433375e-01 9.355120971663247187e-02 7.684038213932142813e-02 9.945400541161229790e-02 8.287281462509003827e-02 5.721228449210982725e-02 5.775143496036277274e-02 5.770324362428026765e-02 9.141423921924042573e-02 4.206208661908997920e-02 5.328523027792644862e-02
1.352171222309998533e-01 7.079874364769668527e-02 5.069619533418204260e-02 8.574480236617243456e-02 4.888136519250183692e-02 7.866415703710076535e-02 2.474871861641246909e-02 7.412296750550058377e-02 9.558263634991628899e-02 6.707806809979460771e-02 9.456123486034341552e-02 7.184867924897762881e-02
8.396875594195546411e-02 9.328037037483848104e-02 4.583440867827080073e-02 7.628734240415659118e-02 5.784147581333505539e-02 1.313030007057618409e-01 3.598001438549826292e-02 1.306426511606773588e-01 6.669444700223094158e-02 5.961142469747884171e-02 1.271976735186841345e-01 3.043263214326099794e-02
9.243978068669281289e-02 8.755465571335295516e-02 7.126667233897714115e-02 5.844095483938940155e-02 6.051561486491822961e-02 1.005630783813466073e-01 6.817492543564036833e-02 8.103665686516577094e-02 5.474901235574073516e-02 4.932379425742852014e-02 7.951427831629702403e-02 6.597174104380870707e-02
5.155243685191008424e-02 7.812198439547107798e-02 6.960312755956914177e-02 4.741125136464137413e-02 7.434077725588079943e-02 6.595968250907353891e-02 9.045344007219534299e-02 8.247325224617067796e-02 7.519435166878266075e-02 5.096767600815665933e-02 1.143991275369583976e-01 7.962195527961489494e-02
6.105957169710207744e-02 5.434714335789699730e-02 6.765439365766895419e-02 8.824496204959282608e-02 5.525180582446814065e-02 7.021968774648526534e-02 5.913944047353062589e-02 9.320781286952610489e-02 6.464038840899732907e-02 7.777856105015305832e-02 7.829237177091298572e-02 1.030312556044050976e-01
9.556184516290140707e-02 1.116152609005010427e-01 4.013431176164856951e-02 1.005922342337559616e-01 2.848449456515191741e-02 1.262618949012068725e-01 6.902185263794446968e-02 3.853179440592045812e-02 1.074755972565396150e-01 9.486384510210714438e-02 6.416278854489965155e-02 5.595822079746026745e-02
7.224351466410053324e-02 9.612056577184824313e-02 7.890734222863508840e-02 3.293687748061641107e-02 5.226205555224703453e-02 7.349316903387800859e-02 9.360171663335714598e-02 8.457908211397090203e-02 3.895092879161306254e-02 4.787067090093560101e-02 1.196767877492523890e-01 9.288662162661118216e-02
6.510730648842846802e-02 3.574121738447460367e-02 1.280156595352683335e-01 6.886869476215984331e-02 4.866063287658267678e-02 4.985187136622051818e-02 1.159305670084179452e-01 9.085753092868684155e-02 6.260000774817249536e-02 9.776939629984642000e-02 5.912713427560646606e-02 8.128938284170453277e-02
4.346348528476742107e-02 1.246766445086422564e-01 7.731988495104784309e-02 4.028243698601026435e-02 1.197276486168125514e-01 5.401270247643433914e-02 9.494073631601539220e-02 8.521540545196150396e-02 4.744044016343872822e-02 5.986473609113661387e-02 4.883397784831278177e-02 1.257749371050379539e-01
6.469079547184672374e-02 7.058091086382514701e-02 5.201390146408817888e-02 4.180453356069151888e-02 1.460346877499031637e-01 7.303704006142873462e-02 7.260039072678248218e-02 6.081628641399893648e-02 8.594654695007436507e-02 8.689630964385230971e-02 7.193270615800104184e-02 6.597422864858001890e-02
3.550901512540240862e-02 9.802559010617303836e-02 6.334308003815634913e-02 1.034010524874822978e-01 3.518919808634712182e-02 1.002760149492701175e-01 7.176553473433346098e-02 4.183432117487751595e-02 1.052192165643511534e-01 1.029129790094615582e-01 5.849529971566558295e-02 1.010131898926969196e-01
3.396072270292040812e-02 8.541983316591587883e-02 8.530256796775333161e-02 9.232724577081864725e-02 5.824152044077279128e-02 1.315406340248438111e-01 5.557303669388446998e-02 5.287061564568898420e-02 1.171288482441091988e-01 7.008963330642285772e-02 8.224325479368073399e-02 3.695877991703273163e-02
7.064691649986645783e-02 7.637989444577891751e-02 9.377151421943263898e-02 5.182286288241305661e-02 5.382617654396225360e-02 1.258971293566003291e-01 5.603340687700029271e-02 5.457499649034308620e-02 7.652688545914432261e-02 5.496776875625963149e-02 5.662643447872880986e-02 1.244988747558707226e-01
7.053540572980657175e-02 5.219896067891046515e-02 6.355650250741115559e-02 7.520879182858933309e-02 8.617011502065163864e-02 8.155130741009597450e-02 1.105314531651192117e-01 5.583514358247607806e-02 6.151054357442473086e-02 9.719660181417351386e-02 4.249958591307428230e-02 8.287209388493949058e-02
1.020321771915016495e-01 8.572292677982414066e-02 8.456216234367641693e-02 5.271951854068217258e-02 8.210018903290121350e-02 5.361658874217883897e-02 6.345355896177672095e-02 3.521276430671235053e-02 6.326761551465395761e-02 7.155456924022267351e-02 1.414425182640393630e-01 5.795935694933981169e-02
5.975919943484743480e-02 8.301468589052157787e-02 7.973662951143953292e-02 7.118533371197009740e-02 8.549423945425405069e-02 6.304071661294292916e-02 1.038359742621349502e-01 7.855210194479488039e-02 9.556785866592730494e-02 5.821466452441272782e-02 4.652521372212276712e-02 4.689208316074042898e-02
7.640239450049839121e-02 6.499059025276361645e-02 5.243437498562335264e-02 6.862438520211332216e-02 9.486313598005891023e-02 5.940646990508469116e-02 6.930298005492899205e-02 9.442982387335262240e-02 5.602082923867568454e-02 6.937076582232196142e-02 1.001292693002538148e-01 6.719783079111914248e-02
4.696912743003876095e-02 5.151281226132530672e-02 6.494864776853592758e-02 7.475671217001542135e-02 7.051504799607423435e-02 8.066349264495187299e-02 7.143749502610101387e-02 1.030532873433682439e-01 4.863711755546874793e-02 1.081008924358880935e-01 4.038829170742320313e-02 1.570657941061031071e-01
9.127803606214417165e-02 7.477695530539986424e-02 5.984643268400832716e-02 5.507464361758186017e-02 9.068474122050634856e-02 5.669692013188785268e-02 5.638777003228263168e-02 8.608112772765802445e-02 5.344453530792548507e-02 1.181614559762335231e-01 8.407772294322209128e-02 5.711048972057179707e-02
6.548287036545911988e-02 5.503729316391383491e-02 8.538284413718452703e-02 6.209366314737883863e-02 8.694756960402549861e-02 9.339632331685442101e-02 8.860926043177386191e-02 3.883147579042642294e-02 8.267872148921992514e-02 4.891398281585609270e-02 1.013623312688467920e-01 7.231786076617796599e-02
5.667872908616382321e-02 7.241086371332990101e-02 5.743005173453235440e-02 1.596118135660595516e-01 1.826415720880199961e-02 5.775473095475270463e-02 1.138994179503221571e-01 6.995256137333588642e-02 1.015697654156124119e-01 5.646486630570089760e-02 1.066622243269113729e-01 5.888757191486305304e-02
6.373044522330884032e-02 9.057136495551727784e-02 5.808309477595727244e-02 7.175568517721822581e-02 9.010926392572575494e-02 7.204995622067085492e-02 7.446910275985262062e-02 7.598938548751917044e-02 7.080130363411325789e-02 8.307107352996181970e-02 4.669011653390783834e-02 7.170203165941993473e-02
6.085070330668836819e-02 5.132939462472861647e-02 8.725083490513051154e-02 5.938834689303575803e-02 8.295539742890406520e-02 9.384211822160848371e-02 5.091526154306375701e-02 6.862676910819634490e-02 7.676099745664756446e-02 1.013074809176788965e-01 6.917159175935096160e-02 7.019272838117485147e-02
7.941520274243225874e-02 7.299417526418597313e-02 5.960244201648331325e-02 1.318157507493546710e-01 3.372895324763940800e-02 4.929156592800979647e-02 1.398660919216557774e-01 3.865405535782900220e-02 5.655119124097436611e-02 8.861172722074561747e-02 9.954948360599499835e-02 7.034320370331802186e-02
9.326176546996101102e-02 6.789295342144352485e-02 4.032777622228814196e-02 1.231830581251013162e-01 7.261569452319802109e-02 4.279854275441283967e-02 3.754632574271316720e-02 6.672652187428716741e-02 9.699282216992290151e-02 5.964027727610420049e-02 1.009431785007536830e-01 9.281949019242063947e-02
4.291380425165998436e-02 7.068332587818544621e-02 5.793462868886642414e-02 9.904530604815330042e-02 7.756086364185096893e-02 7.805117561886405764e-02 9.818093047358181225e-02 5.726012473971230782e-02 6.620949497534807382e-02 9.806138660947538721e-02 4.753566715726040975e-02 8.928382170998307166e-02
9.787936160370450112e-02 8.684603739582835713e-02 6.852949603276030366e-02 7.467666343101093951e-02 8.390802677806533105e-02 5.713650985453438969e-02 6.088459519831521810e-02 1.101884918258075191e-01 9.616816727631735673e-02 1.632828773467438072e-02 3.360689877234789708e-02 1.180386310817019835e-01
3.240596734959135666e-02 1.057552449024972557e-01 8.869061633757750751e-02 9.170142414769043293e-02 7.832290995285963453e-02 4.723848207812874483e-02 5.630804204341533642e-02 5.090044219784700674e-02 7.234171052979404548e-02 7.375470860999114309e-02 8.177715519133416100e-02 1.111868091907932121e-01
2.806391772834655740e-02 7.877055017172375495e-02 1.189184860267483435e-01 4.272698452696172683e-02 1.016974317494956370e-01 6.042612382624784617e-02 6.187935909662012346e-02 1.196537874443370092e-01 7.222713588524580508e-02 6.058872080942034194e-02 1.103366981023707477e-01 5.605912626404370436e-02
7.138831379546509148e-02 7.337364647786470684e-02 4.905741312723362751e-02 6.067468536455451755e-02 9.248648235395537376e-02 9.592150460241732901e-02 5.146794707688435999e-02 8.216157010645670777e-02 7.186097230380511514e-02 8.853510371964062875e-02 5.794927895320626382e-02 7.963042150740540226e-02
9.956592644481170040e-02 7.308941508623868766e-02 7.482632546779720284e-02 2.636735646356307486e-02 1.333647506530311888e-01 5.102085953494873288e-02 1.007997058091986559e-01 7.995881553224601368e-02 5.928127105340395137e-02 8.485387822055741325e-02 4.665964294479943431e-02 7.193046004851010033e-02
7.918105733798812274e-02 6.714983369697802296e-02 1.703702972815840933e-01 8.155261272812097673e-02 5.638151141160118590e-02 5.509354619581483675e-02 5.413088289677889936e-02 5.777323270938868743e-02 8.328107106042546837e-02 2.437506409560938336e-02 1.636328984649732254e-01 5.629102266317864006e-02
1.035792778004811787e-01 5.411617398465412565e-02 4.933246571483088788e-02 8.013133745007040842e-02 9.557668253903735256e-02 9.351936135798047389e-02 7.005783152004595171e-02 1.223258411683783714e-01 3.266300605322147721e-02 8.603834595097853422e-02 3.721059093959575015e-02 7.530558960042868510e-02
5.785946023199557003e-02 7.119071386746041175e-02 6.731590126731493151e-02 9.211687860782187542e-02 3.553439824086019466e-02 8.323755574483143738e-02 6.440024866997644259e-02 6.046423283614994065e-02 7.895299112271708664e-02 8.311818053862231326e-02 1.264204581836538555e-01 6.571155587207508364e-02
1.038898413958134898e-01 8.062668769976416572e-02 6.095904945681383802e-02 5.154273090060286500e-02 7.623419295446771937e-02 7.836604753640055709e-02 6.112564045829931708e-02 6.877368982932523245e-02 4.364717651408815680e-02 1.118445717256355554e-01 5.528085984727113683e-02 8.823368497935629717e-02
5.431069853977377876e-02 9.635390638109955774e-02 1.127823792350106241e-01 6.099997551791494499e-02 5.923078544271766915e-02 5.788287146753827439e-02 1.018134037770256073e-01 6.537208875794099650e-02 4.870291514972358710e-02 7.155035617397277614e-02 7.785142854397726631e-02 7.593479705878375396e-02
5.198515589189580538e-02 4.666127057532770683e-02 4.387565292986976562e-02 7.691859411886049769e-02 1.259626824591377203e-01 4.626773772524345185e-02 1.167013840115694867e-01 6.879149149822216813e-02 1.171960215846034326e-01 3.927355831168260342e-02 1.000120252860513537e-01 8.228904946802538534e-02
6.467944720341983755e-02 6.299603175445291081e-02 1.128398187542601905e-01 1.189369689202088159e-01 5.514441989981034437e-02 5.132714401613088645e-02 6.359406171973318311e-02 6.238761989991634810e-02 1.132507215765275743e-01 3.540495350555003529e-02 1.305116604281071901e-01 4.840505220824715960e-02
7.704936357630652599e-02 9.267490693210653219e-02 7.299443806829590542e-02 9.213519500215514024e-02 7.402667550252396700e-02 4.781713391199787777e-02 6.168738879141871106e-02 6.346846757048364707e-02 7.820738084119487066e-02 6.610247026790723457e-02 3.135278475697969580e-02 1.301381005574550054e-01
5.146876822332886736e-02 7.735502078327481656e-02 3.928300853373221935e-02 1.597776732509919029e-01 5.730072675938476662e-02 6.247803694493641452e-02 1.149483083014887080e-01 5.833205599805432739e-02 8.023724568032451765e-02 6.203693036192950427e-02 5.551406763337705247e-02 9.910856965701075882e-02
8.206303435912565281e-02 7.402215025044064922e-02 2.574742302796385884e-02 5.000261093612665825e-02 1.110002596561962263e-01 3.973072254311243307e-02 8.459289370075516457e-02 8.487351547602051127e-02 8.251844390716485400e-02 7.278190511366776361e-02 6.155247380140865809e-02 1.350055718335094468e-01
7.656475581130364749e-02 5.075669277475774316e-02 9.555063445476576212e-02 5.175608721402573387e-02 7.198124925391799489e-02 1.106959343209847901e-01 4.354452349522899141e-02 9.962512586796569425e-02 8.261269714618144078e-02 6.611805040439092118e-02 7.052655324922198210e-02 6.754084833594983794e-02
3.969541036676185047e-02 6.568183205612007636e-02 1.029992438114911563e-01 7.299912743963600514e-02 7.955941992754289593e-02 8.954572079156794540e-02 8.179578332709577793e-02 7.443202179513437600e-02 3.413959658545068221e-02 1.122921863974914863e-01 8.978620082433880212e-02 4.550509986422671821e-02
3.565929489826378390e-02 4.907734631076508119e-02 5.292336542484796236e-02 5.078044186682884042e-02 5.573819580301877380e-02 8.613624973128627960e-02 7.658576902743897963e-02 1.083428250885766359e-01 9.774845670696076516e-02 7.998786829673631971e-02 8.763516213061949001e-02 9.379577740855581103e-02
1.158575873786531207e-01 4.202255732568440511e-02 1.090132437822418227e-01 3.673881039378693730e-02 1.039595143931156540e-01 3.945614117305902557e-02 4.862453085976223971e-02 1.718712385381955254e-01 7.325350765119703622e-02 1.060283253329811076e-01 4.247659290257009557e-02 6.596124889480317610e-02
6.231139178630354380e-02 6.226199404232577589e-02 8.662902162116889460e-02 5.631524553609139339e-02 9.674510365341018603e-02 8.334006547680451737e-02 3.815822876905499567e-02 7.419283491456123147e-02 1.187993421391727450e-01 4.909757845567101070e-02 5.852726252695707870e-02 1.123848366784912095e-01
8.176740165324776488e-02 6.549686349095130977e-02 1.404109387472550763e-01 5.597875172998834081e-02 1.392808505811365116e-01 6.339041303492122525e-02 6.961246780576975379e-02 5.213133758119794375e-02 6.254510885192364478e-02 4.663081952013021364e-02 6.437201459732556919e-02 6.143402870071749261e-02
6.612952242822264792e-02 6.637544606597953201e-02 5.223352666283147955e-02 6.260177696911771450e-02 7.797412880521584211e-02 7.126869563609074254e-02 1.202267782261447759e-01 6.452683363147410089e-02 4.071316521887570483e-02 1.588153093668694671e-01 4.635965772493437498e-02 8.517080884361469262e-02
9.469634198210412357e-02 6.479247700065350613e-02 1.673501179357907154e-02 4.335131675296959031e-02 8.876674464858722025e-02 6.944570156612363265e-02 1.902883250445681074e-01 7.013678697550627950e-02 4.515084350349829467e-02 1.525545500482527461e-01 6.015651517230714840e-02 6.104679855562630125e-02
3.848684926224951730e-02 1.575179272437654265e-01 2.944537392586742477e-02 6.992600074776862684e-02 6.628830978680250174e-02 7.626772753626670509e-02 7.811664814534091672e-02 3.611182402489161031e-02 6.892749567177304526e-02 1.154720074093902454e-01 6.944042085189840174e-02 1.290431321123254038e-01
5.452847059098487464e-02 4.746289958309142520e-02 1.077981956743284120e-01 8.038773988908753942e-02 6.155736252059999108e-02 5.392300029224827290e-02 5.165543438520177333e-02 1.030665699734140406e-01 1.070121263622334090e-01 6.426535857145401764e-02 4.931061729303664459e-02 1.164497101394839779e-01
9.191136709085651058e-02 9.957977376958725146e-02 7.124193990477981075e-02 8.649203086344822711e-02 6.157263622099492378e-02 6.442829575633922390e-02 4.594227608873892310e-02 6.579803413036496018e-02 7.562894886481537349e-02 5.398077336561877410e-02 8.341787455707710963e-02 6.908988308225808006e-02
5.459912789534124289e-02 1.175630988514551473e-01 4.068820259462421068e-02 4.178239053654112661e-02 1.250837956835877118e-01 5.538800388953114134e-02 8.573594588672384109e-02 8.608214185991541756e-02 7.712671263584348902e-02 1.256204906458919524e-01 5.214322094284791487e-02 4.868309638613448065e-02
5.870489554274191391e-02 7.342305964973273869e-02 8.268129266515183984e-02 5.535203555158095534e-02 4.755101438452092460e-02 9.123709687921460754e-02 4.891377272393149234e-02 9.518164121974805048e-02 6.109302690484987031e-02 8.084532407804520537e-02 1.164483788953235843e-01 7.241708105170838183e-02
5.274695256396255000e-02 7.975779965222011547e-02 5.559029677861909713e-02 7.678602533764408711e-02 6.682512836073059570e-02 1.227986545300664145e-01 5.150102164727263232e-02 1.228188768165810046e-01 5.453653414160847257e-02 4.155352210490633608e-02 6.272764449770569517e-02 1.179785823487491253e-01
4.852266358456420320e-02 9.745470877527773190e-02 3.750750701672870419e-02 5.937806349184362315e-02 7.532621272602769980e-02 7.350048386458231386e-02 8.368117950049713816e-02 6.984484248115205296e-02 7.844116232946653222e-02 9.882351783127341083e-02 1.526889730651145027e-01 3.648409116187859014e-02
4.891010898800231266e-02 6.667090926495594649e-02 5.531997458781848231e-02 1.622378517482978566e-01 9.341912945932386025e-02 5.863066727871754646e-02 9.611422467810898373e-02 8.037794280683098480e-02 3.844861884048897394e-02 6.083433363046146514e-02 7.801423645014453345e-02 6.555349893720575916e-02
8.334970294361786214e-02 8.095470935478016328e-02 8.165352997379402011e-02 9.228014314041260713e-02 8.192083369405377125e-02 4.623295070340687624e-02 7.758612811434888179e-02 5.080485534389352076e-02 3.176577869167408058e-02 4.651623640075410598e-02 1.456331166806358601e-01 7.722415145455359398e-02
6.404663497909895975e-02 4.676391050829117879e-02 1.243645280540851827e-01 2.487183138084017933e-02 1.149451147346647883e-01 4.997500816316700900e-02 7.875747182497865040e-02 7.368445011613859730e-02 8.267272138923874303e-02 9.685103382821795559e-02 9.107301502568865281e-02 6.487726446285742299e-02
9.390982638430442342e-02 6.619689275382445448e-02 9.907839288625581997e-02 4.486505635632960509e-02 9.831587247283114783e-02 2.991185686597159707e-02 5.505765930892353444e-02 1.395408701334235335e-01 6.699906972156850771e-02 7.509189012151251674e-02 6.000421848497029115e-02 7.567521345688084378e-02
4.870060927110064081e-02 7.550350867533733856e-02 5.637774506895884552e-02 8.359374553719847722e-02 8.553509440819648257e-02 8.236277244660425434e-02 8.741356203843896056e-02 8.421028512021501433e-02 6.897800927061070730e-02 1.010990545217753112e-01 5.624218906344639196e-02 4.220256478015279450e-02
3.723936777763455636e-02 6.693335700292039891e-02 1.237284240484156500e-01 5.254376958803330666e-02 6.281052227262709509e-02 5.016214136104975296e-02 8.691674496131658600e-02 7.593370379054593944e-02 5.442926593061501311e-02 1.079704296590268675e-01 8.886777957249437920e-02 8.799769488841778509e-02
8.105118615029385798e-02 7.003331046061596343e-02 5.454311607993619915e-02 8.218049798359947089e-02 8.710743288607458723e-02 6.937056251122568351e-02 7.236755912773561172e-02 8.459858934189347368e-02 5.540337064007989226e-02 1.041796784773916518e-01 5.985461360826229565e-02 5.379561967113843934e-02
7.567748544966836077e-02 5.922414046557544082e-02 6.703803928983574634e-02 3.057284795806360783e-02 5.350777782791023979e-02 1.206109249737928046e-01 7.499233313399956968e-02 9.760154346444975537e-02 5.244519775566601483e-02 8.588919897110584845e-02 1.172828959028283935e-01 6.048711439925155697e-02
9.971263181222328464e-02 7.644130633304806188e-02 7.096901787337314693e-02 4.748824997770066669e-02 6.520665952780135832e-02 7.979416722287557828e-02 4.230076847551982738e-02 7.190521267818225648e-02 6.132605859107020246e-02 8.848685693071856040e-02 1.044151108970287622e-01 6.619530652634948720e-02
4.363539005076847582e-02 4.579368532253271645e-02 8.699280837810670353e-02 1.236710508366094668e-01 6.451215954171761469e-02 7.808406600753692306e-02 1.116549445294206799e-01 7.590134704618356487e-02 8.042239734507332372e-02 5.438618793504884641e-02 7.075142649260679484e-02 4.967105193046957717e-02
8.612307321299414453e-02 4.968259417778817660e-02 1.064903701388347362e-01 8.607266789594099354e-02 5.435322903644263653e-02 4.422514517032481718e-02 7.739902187954464385e-02 1.109477147586793166e-01 4.175675069877104323e-02 8.994287592567788703e-02 7.823654729912028760e-02 6.847294454309231504e-02
4.052735173831541887e-02 9.439624226967789633e-02 6.051768636607409574e-02 7.745676414387323017e-02 1.125003992881089265e-01 6.394861622818272251e-02 7.888104472732948569e-02 7.657138444555251777e-02 9.785857857379597069e-02 3.771333777380277835e-02 7.825063745506213864e-02 6.959564392251030296e-02
6.841694163240848170e-02 6.438268703366441248e-02 9.996359121387174418e-02 5.101994239693312394e-02 5.146568314148110279e-02 8.014952289171602129e-02 4.538276268179264328e-02 1.630284385321389973e-01 4.034027466385978200e-02 7.876053973334352920e-02 8.505225173213228074e-02 8.680951100099160156e-02
9.786080257157493689e-02 7.228353112046381757e-02 5.586552571709081649e-02 9.094192598340999911e-02 6.007051244872370355e-02 6.592726263909449991e-02 9.779252817725661573e-02 6.958213705018626016e-02 5.630096826240733876e-02 4.986773604714109243e-02 1.209901848754611625e-01 5.114849696355844993e-02
8.866203401974406817e-02 8.056384889058314236e-02 9.584544760236532457e-02 4.955348933385356203e-02 9.577858676776454527e-02 9.794665474598171495e-02 3.305619323487950234e-02 9.963008483549730399e-02 6.696762701114984673e-02 5.625017945826434052e-02 8.265624068265835234e-02 4.942357265616372647e-02
7.747229673532228522e-02 5.505559576375990832e-02 7.031552650233260926e-02 6.336223018470496515e-02 7.792523211776798686e-02 8.593726282839896091e-02 6.688179773051858290e-02 7.532052545163954449e-02 6.371544859613301193e-02 5.831677894101908177e-02 8.408255744734595416e-02 8.575180134953971911e-02
8.263340740280154806e-02 6.719063442328283842e-02 8.483625362408286907e-02 7.153324935639934767e-02 6.120892874481724533e-02 5.332557328901595811e-02 6.759337605139909000e-02 4.849064002964690451e-02 5.185743360882473507e-02 1.335690765280773684e-01 8.617031898598478956e-02 7.410273407952688851e-02
4.076496737821141969e-02 7.732074475905947875e-02 1.093424710866616190e-01 7.365734411807810245e-02 6.630616141003822794e-02 8.524406007833784660e-02 5.461515523678266149e-02 8.339984233130336155e-02 6.562024023894723335e-02 9.615329227545035828e-02 8.109144982330118712e-02 4.252476134456410067e-02
5.477040927793985770e-02 8.753265028966766836e-02 1.174148944377079173e-01 4.341803967195321384e-02 9.167105815416887182e-02 5.663634995856635379e-02 9.225733348012352120e-02 4.681671148985798447e-02 5.517433226532071633e-02 9.348837207132353055e-02 6.553115766346746807e-02 9.035450966975969167e-02
8.211936445450865318e-02 7.346251078785870359e-02 6.774684498318093995e-02 7.806232287130597525e-02 2.561076529784611991e-02 8.998057526705295628e-02 7.657881503212993213e-02 1.229678901849589612e-01 7.399059081703321383e-02 5.245359756519580446e-02 9.524956591719578591e-02 4.986770183389815925e-02
5.099811825332069976e-02 6.530891028468713277e-02 6.824579491211378579e-02 6.660132437163940322e-02 4.632513651067102917e-02 7.261360724895614405e-02 5.600576207402908208e-02 6.971682235024273533e-02 7.214370316607006395e-02 1.044875918481396743e-01 1.039920871957866894e-01 9.957995970450098100e-02
3.025208314666143553e-02 8.718995368656602685e-02 7.534678057479161917e-02 5.947404235126405730e-02 8.882676394444809220e-02 1.139352364986293276e-01 5.964506626141277690e-02 3.404300536890816214e-02 7.202024507202658965e-02 9.968367163777878959e-02 5.362520807212812352e-02 1.415292883854649963e-01
6.117745116587599424e-02 1.023615355188689235e-01 7.412261669224887162e-02 4.211864213914884997e-02 7.693339214841697637e-02 7.431077239963529424e-02 6.457255571602849020e-02 4.046727375685178069e-02 1.028622771095472899e-01 5.995342912942899782e-02 7.538097587415022727e-02 1.129411621716336495e-01
8.134805448330915956e-02 1.002027947608353092e-01 9.080687992413971621e-02 8.328889750534992920e-02 4.117094236323917689e-02 9.541745073436988522e-02 5.333396734215902629e-02 5.152622469891871698e-02 6.795388149593770133e-02 7.216665857270379569e-02 9.135051367237380371e-02 5.304784797205567420e-02
4.944248824065530790e-02 6.959164301882390935e-02 1.121029196474564310e-01 6.007634750647123517e-02 6.058452080789319266e-02 7.416280198853618388e-02 8.250546520364222813e-02 6.287976249728313705e-02 7.640107249038263770e-02 9.030563131193980464e-02 6.665667986567838654e-02 6.880499379616626665e-02
7.696453271008120434e-02 5.558953658206942233e-02 9.733155054865137712e-02 9.977964077317949543e-02 7.490737706500656679e-02 2.362281380099851696e-02 1.184158335003783757e-01 5.054046871009462011e-02 5.294326479541779096e-02 1.406893930429309880e-01 4.939309814577209218e-02 8.105723103495623971e-02
5.384583579428896261e-02 1.170747338658265219e-01 5.593501671071173659e-02 7.839504562291613188e-02 6.694154116113459896e-02 3.599112234355771739e-02 7.587333213360362982e-02 7.550645900994240600e-02 3.535773181313642960e-02 1.639054734824033355e-01 4.921897896655269555e-02 1.360755687739156061e-01
3.244457454263673102e-02 8.982693196665124391e-02 1.270340769937507164e-01 4.538127786243943695e-02 9.937527673415752494e-02 6.064826231792922601e-02 7.634745434506089168e-02 9.197332414229897335e-02 6.344390661414657517e-02 6.344232643792882542e-02 1.046206625817599767e-01 5.072789574244220695e-02
7.601300332251802183e-02 7.263969319007940184e-02 9.023478912217906822e-02 6.184581255600267446e-02 6.349316695248080622e-02 6.024340740289388374e-02 6.324012169709415654e-02 6.288024361313999944e-02 1.003773330627508176e-01 4.048972057635967514e-02 8.068776081734804762e-02 1.069073974154322176e-01
1.259161348037519668e-01 8.144281530705289873e-02 5.645523871053508003e-02 6.726248269243119415e-02 1.170621644342144385e-01 8.174470819001006250e-02 5.031003499075966529e-02 5.359639051190782238e-02 8.496613907473536675e-02 8.521122480077947259e-02 4.280933111501895871e-02 5.131152596503957969e-02
7.263363578824791333e-02 1.688929531374452897e-01 7.446710169361744902e-02 4.608154840017274212e-02 8.727521244407340784e-02 5.004189553549689279e-02 6.770509952412584465e-02 6.573151789837643200e-02 7.167570034319117878e-02 6.456684858514812053e-02 5.824788952981337087e-02 7.470503350567145318e-02
8.980534262002652646e-02 1.013920717299941626e-01 4.480266375804693030e-02 9.734582621744811148e-02 9.107085246278255608e-02 3.748678776291432951e-02 4.423200024122453389e-02 1.199150930275691002e-01 8.877132148503449893e-02 8.898262847081378490e-02 6.920654122350673731e-02 3.199664305696506977e-02
6.934309304648085537e-02 6.944454455809333238e-02 7.273666631762516765e-02 7.864023476363861398e-02 5.343126845755332560e-02 1.159046660760120334e-01 5.242289459801028478e-02 6.220068801890484000e-02 7.619523205154814238e-02 1.387277645676413540e-01 6.010694956034608877e-02 4.646998662942542629e-02
6.949412109361950696e-02 5.710378370594025588e-02 2.093087264850816004e-02 5.816248066005798995e-02 1.014380089164651777e-01 5.171225133960942466e-02 1.171647593099351403e-01 7.665864504278781244e-02 1.112086473040818646e-01 7.813041442214019305e-02 9.286823494109333610e-02 5.972871379068000336e-02
