4.285079092442303228e-01 5.200135870146089800e-01 4.161947754944319011e-01 3.887351023079085865e-01 3.974018204981777380e-01 3.309506963569938121e-01 4.535222438937228651e-01 4.617196822025604330e-01 4.371022626529224020e-01 4.672862103023088798e-01 3.057777999035898864e-01 3.927879101285531305e-01
4.900402002665652512e-01 4.192022780383068969e-01 3.680483660022985659e-01 4.963002532030965086e-01 3.096431539746754558e-01 4.337146522886872191e-01 4.600652970189075819e-01 4.184358378935770229e-01 4.601643655703390179e-01 3.310724499969515122e-01 3.857679463937329079e-01 4.275451993528218142e-01
4.654344064495115063e-01 4.137720302792018412e-01 4.846485238543801199e-01 4.137451723983956997e-01 4.609562210908626501e-01 4.019213032624651682e-01 3.629228850395571637e-01 4.328099558940187164e-01 4.145465207222871484e-01 4.110748211805814734e-01 3.676328947388277646e-01 3.705352650898937061e-01
4.032483987778620049e-01 4.183928865088872850e-01 4.840670471040428025e-01 4.984130906369622083e-01 4.737475546822121908e-01 1.974315455981967560e-01 4.285793198699930362e-01 4.651849937304676219e-01 4.079019754327076197e-01 4.367979012713062992e-01 3.882609803217698663e-01 3.979743060655592801e-01
4.551649488628462525e-01 4.546049884281886944e-01 3.366443320737758649e-01 4.675305230636344622e-01 3.916068472847238358e-01 4.484229840943141920e-01 3.937138603784209878e-01 3.626906066018829033e-01 4.515693087366464131e-01 3.344472181128483323e-01 4.532584777125158726e-01 4.503459046502322205e-01
4.334143607601186332e-01 4.105423941250767594e-01 4.494420076070848591e-01 5.303302098372461026e-01 4.528388433346349773e-01 4.092667038756598319e-01 3.928637131080430223e-01 4.222997434595577859e-01 2.429445929911629998e-01 3.871521092147525711e-01 4.594496152323050975e-01 4.094557064543424274e-01
4.120930277902273842e-01 4.025682509719392677e-01 3.956867270960651162e-01 4.047183283127909759e-01 4.626267405210694461e-01 3.476168835240779909e-01 3.718090649199600195e-01 4.319148753307062716e-01 4.560997245092640595e-01 4.007928710812149742e-01 4.327065475137404915e-01 4.813669584289606562e-01
3.952896701944350610e-01 4.499034113824298964e-01 3.014415264053612598e-01 5.891741680513391533e-01 3.652996214807261444e-01 4.712636900088408298e-01 4.786934927332956446e-01 4.210316792171029943e-01 2.602165356364657400e-01 4.951295689084858065e-01 3.893933269379075690e-01 3.831633090436317168e-01
4.235816088026329584e-01 4.695987149088858836e-01 4.521811040225237610e-01 3.008284988551915839e-01 4.524578661906760169e-01 4.271273761166225480e-01 4.204166009475439614e-01 4.027498507878052858e-01 3.466425214124521648e-01 3.555810896660059339e-01 4.539647349692866873e-01 4.948700333203474022e-01
3.894694528056502625e-01 4.796614055794723441e-01 4.679738654646128926e-01 4.443019157038866629e-01 4.727490093915542313e-01 4.444819395317052280e-01 3.811618129073434669e-01 3.785183699520872080e-01 3.873167764253167555e-01 4.515749992621028719e-01 3.377913879136309472e-01 3.649990650626527278e-01
5.103724355534905444e-01 4.254076424881643725e-01 3.646782588431177752e-01 4.381433961004376210e-01 3.628921539228106008e-01 4.297528186875019252e-01 2.580750870948039788e-01 4.299189435035056239e-01 4.631827375039573869e-01 4.203431849706934509e-01 4.649178122779972222e-01 4.323155290535556361e-01
4.429358917792101669e-01 4.570758775784629080e-01 3.532925341373918116e-01 4.226623028717543251e-01 3.895351849374774078e-01 4.988552895760280936e-01 3.241693235318176547e-01 5.026032436225020827e-01 4.194851042865487267e-01 4.012419567042491142e-01 4.945490590396183217e-01 2.935942319349699181e-01
4.605517170108547886e-01 4.520315226905541883e-01 4.177781320153624023e-01 3.820611287661094257e-01 3.934697014280286176e-01 4.667900090158636495e-01 4.177791004864728208e-01 4.359563632306277525e-01 3.747694338997045183e-01 3.563494084979754728e-01 4.299219289251932086e-01 4.125415540332164066e-01
3.715944007420502460e-01 4.266035953687826177e-01 4.108521034355749335e-01 3.515064285903384267e-01 4.191782275083795750e-01 4.090807539563336426e-01 4.552053517526983839e-01 4.414871662752961612e-01 4.252459000818198387e-01 3.703385051847929432e-01 4.830004518707807781e-01 4.359071152331793764e-01
3.955374494455581313e-01 3.723783205069639002e-01 4.077994377641461776e-01 4.463874107212181253e-01 3.792840237640839329e-01 4.099858166689388517e-01 3.881382959941479527e-01 4.532257408676297339e-01 4.054498586187382791e-01 4.338335473777462648e-01 4.368153780502457284e-01 4.711647202206051821e-01
4.642161627009447344e-01 4.852793769592321782e-01 3.384613779650688103e-01 4.576988497492052721e-01 2.845764827409197339e-01 4.971411854602417191e-01 4.194935482455760534e-01 3.319064330660838613e-01 4.740182893245856732e-01 4.591952937790783618e-01 4.021077858642528868e-01 3.859052141448181539e-01
4.378473264532927178e-01 4.680292013140703311e-01 4.387495892644516782e-01 2.963401754013876288e-01 3.714690370635024830e-01 4.299350937264486694e-01 4.634840528578095253e-01 4.460251540910398216e-01 3.222317071328844595e-01 3.648528287274728221e-01 4.944857435880886110e-01 4.665500903795524734e-01
4.008097061161018937e-01 3.195707045998082974e-01 4.974783943577368306e-01 4.166445613690192840e-01 3.559636286130526406e-01 3.662589569706695136e-01 4.877851672545768236e-01 4.591653590414579433e-01 4.080794373199911895e-01 4.624868173314294895e-01 3.932886775619162112e-01 4.324685894642509854e-01
3.566066943689271129e-01 4.970791291159704639e-01 4.361111162128583074e-01 3.354940887847235320e-01 4.846594404922421884e-01 3.840551734329620825e-01 4.626644071940347880e-01 4.470017304528102198e-01 3.558113791595629571e-01 3.823033880908833781e-01 3.641482557342986537e-01 4.940651969607217087e-01
4.008417205707275888e-01 4.097774028398075141e-01 3.658234629136414839e-01 3.458489914596181158e-01 5.166730027081984922e-01 4.279119734152228016e-01 4.214527925961480959e-01 3.937934709991845472e-01 4.453533702359228075e-01 4.478434554730503780e-01 4.203791085286734397e-01 4.043012482598045132e-01
3.112967499205834265e-01 4.613915334394539380e-01 4.059848687132124878e-01 4.697279103935913525e-01 3.135677633919016216e-01 4.622300512004507422e-01 4.165910422334301311e-01 3.449624153142952232e-01 4.759559490964629380e-01 4.762400880756038068e-01 3.982653594597123092e-01 4.637862687613020229e-01
3.070836822494830143e-01 4.476099971001445410e-01 4.507979960406389153e-01 4.617988419592626292e-01 3.973000439219356306e-01 5.009892495804841861e-01 3.846096933077167712e-01 3.781480079440409092e-01 4.876289824003449125e-01 4.236015686624501342e-01 4.397347823683195323e-01 3.206971544651618378e-01
4.266093507890936776e-01 4.333990570538261422e-01 4.548262529371841500e-01 3.681664652297538809e-01 3.788463132979503767e-01 4.943448148931806618e-01 3.876186598643727166e-01 3.759454060633843353e-01 4.191799241878427784e-01 3.743512990336544943e-01 3.898818741275217326e-01 4.968305730853434521e-01
4.149307905099257621e-01 3.663421742051672370e-01 3.951901467910441390e-01 4.272390047522939271e-01 4.515145960937239633e-01 4.467145178681074524e-01 4.822894521684273350e-01 3.878435247002434139e-01 3.942839148828889417e-01 4.550946555209182121e-01 3.409842862353821280e-01 4.375729362718612792e-01
4.757137262978988757e-01 4.512003913989358073e-01 4.445267145041511547e-01 3.702078977818289984e-01 4.324104849029704600e-01 3.738613303427317236e-01 3.993375857400627282e-01 3.034950390964479272e-01 4.011355659374935545e-01 4.273358544028030837e-01 5.166537205382382147e-01 4.041216890564489073e-01
3.922302609670085816e-01 4.402256908177980543e-01 4.360610622950147341e-01 4.187422714499385856e-01 4.428311288102680932e-01 4.052232499317697245e-01 4.748682924341661171e-01 4.409796805731690528e-01 4.630614637927114030e-01 3.903266968531919900e-01 3.475392816636094784e-01 3.479109204113310927e-01
4.264167248820483480e-01 3.988298417651371386e-01 3.665899618368956281e-01 4.120686782249062263e-01 4.570349291812605408e-01 3.938194135956741837e-01 4.133729927264045978e-01 4.536640827408997545e-01 3.816411282756714263e-01 4.157134815840983766e-01 4.665095482439129415e-01 4.143392169431034944e-01
3.632150269340168602e-01 3.668679467686808970e-01 3.970012099913972081e-01 4.229905501453092853e-01 4.172783261695954815e-01 4.386301598972027205e-01 4.232819569955747485e-01 4.706015383421162657e-01 3.641477664170643669e-01 4.717967964721705987e-01 3.399258300413381395e-01 5.242628918255934911e-01
4.512372215305403556e-01 4.230074498730118648e-01 3.876722884555207638e-01 3.779121923898368651e-01 4.478511124830165668e-01 3.833133560682618901e-01 3.794452489607123002e-01 4.393532672372129078e-01 3.818959574377035482e-01 4.905396565770472894e-01 4.469272776757405863e-01 3.908449713113554269e-01
4.039966267950106382e-01 3.727200070699431267e-01 4.387928354771746253e-01 4.018600943709456086e-01 4.542190338465301735e-01 4.631167587981083189e-01 4.542391244861130883e-01 3.238374514453155051e-01 4.296696030622327855e-01 3.643606038507136713e-01 4.695587424264337506e-01 4.236291183714987474e-01
3.791249859030392244e-01 4.224789104416859509e-01 3.964293950055426397e-01 5.274507748119126038e-01 2.271562595806812801e-01 4.051081508169718792e-01 4.887195588240808575e-01 4.295880382374323014e-01 4.731004583793561036e-01 3.908964526438344911e-01 4.710535945824674831e-01 3.888934207729769499e-01
4.013711798444475898e-01 4.495759647406541992e-01 3.874538356283865337e-01 4.188443602694689738e-01 4.506780419574800689e-01 4.216697429958685128e-01 4.245521469875566112e-01 4.279055934391164939e-01 4.175354154235291770e-01 4.364606621774972939e-01 3.503308303148732761e-01 4.136222262211199929e-01
3.875245450609361431e-01 3.649612843479829727e-01 4.424732109770430633e-01 3.955320013841039373e-01 4.425406291308191520e-01 4.562833988759488202e-01 3.653007657196520874e-01 4.088220272513330422e-01 4.321191490710802885e-01 4.710402860749650089e-01 4.196447711021846771e-01 4.137579310039373182e-01
4.348643692205056421e-01 4.226467329191817002e-01 3.950842742247567263e-01 4.980818266857384713e-01 3.110786315374218791e-01 3.732808698438087047e-01 5.069343191844357666e-01 3.296509862930586676e-01 3.832671262907773047e-01 4.513245898807153322e-01 4.696579150521578150e-01 4.241283588674729099e-01
4.611355297245305351e-01 4.122751544553079905e-01 3.341405537530623970e-01 4.925996861215845568e-01 4.253421356321198665e-01 3.442784704913351979e-01 3.144104542892723897e-01 4.102111758884533499e-01 4.625649330474926324e-01 4.034541964331770925e-01 4.743292159139161912e-01 4.652584942497003384e-01
3.379738655667515190e-01 4.101509399287871505e-01 3.888314298670148550e-01 4.668798005709561272e-01 4.375342292841574166e-01 4.375561742347774397e-01 4.633280355722306787e-01 3.872827019653185543e-01 4.061227522260421052e-01 4.602157956974982089e-01 3.597089655669595265e-01 4.444153095195209069e-01
4.753908203813845823e-01 4.576593999153459880e-01 4.191880381309975867e-01 4.228350657423851633e-01 4.351029465201202706e-01 3.805879649511298979e-01 4.054958827458916004e-01 4.856026654262566855e-01 4.730701152259053632e-01 2.166397605200635901e-01 3.336051380489599705e-01 4.948222023916133416e-01
3.020316798477561404e-01 4.766724428339341735e-01 4.585001583194792119e-01 4.634415028020665295e-01 4.377572706027940685e-01 3.556622442900854164e-01 3.705219027613371185e-01 3.649398924333900895e-01 4.204142937310896277e-01 4.285897068833413037e-01 4.423197699923962500e-01 4.791491355023295151e-01
2.778141505376037212e-01 4.393774004551009305e-01 4.908517307013527398e-01 3.500740029779778606e-01 4.623839645705787316e-01 3.925482747834587727e-01 4.027510755834212697e-01 4.906689216907169082e-01 4.266208976259113217e-01 4.022449356915508423e-01 4.780817956787139500e-01 3.865828497036281619e-01
4.176492829791735861e-01 4.178817677369536243e-01 3.547108096500325991e-01 3.958182540006322525e-01 4.573284531551555787e-01 4.623979474446198168e-01 3.717264680422771583e-01 4.351212127462452672e-01 4.190483517160341620e-01 4.472249253143557590e-01 3.879205706492235839e-01 4.331719565653319171e-01
4.711364850214292965e-01 4.300951944858019127e-01 4.280434203113911984e-01 2.697681450861896257e-01 5.006003673938073106e-01 3.805725003786269989e-01 4.739927592146941926e-01 4.424766874663773053e-01 3.939151692436516639e-01 4.334300917561475508e-01 3.514072550474205969e-01 4.245619245944620701e-01
4.431540602849798338e-01 4.236312484966008318e-01 5.432777317639442272e-01 4.499015303753797212e-01 3.880691674650158518e-01 3.666694799328943932e-01 3.747338877940700752e-01 3.887570484887146183e-01 4.406551262064745123e-01 2.620345753951878187e-01 5.289888485363216653e-01 3.901272952604162292e-01
4.709164879412359728e-01 3.788706307002580598e-01 3.557674946036830099e-01 4.387493026819309083e-01 4.684049500445961467e-01 4.696775734369347810e-01 4.299533244899908513e-01 4.961854220852969788e-01 3.036624040558125182e-01 4.335032029150129862e-01 3.208822479370397884e-01 4.334269591081907902e-01
3.829180970249655980e-01 4.135163503229464244e-01 4.104572859229552728e-01 4.520248080620860032e-01 3.128000967888432404e-01 4.341549632989571972e-01 3.996802396519860134e-01 3.937863270150429029e-01 4.362573148974511206e-01 4.492251010468041872e-01 5.016018811698486068e-01 4.135775347980967243e-01
4.778928492573969455e-01 4.417692203211845969e-01 3.920699409084227871e-01 3.635617337508885161e-01 4.249357140848772918e-01 4.327914789788485095e-01 3.954081583162359359e-01 4.063689850399408998e-01 3.422755355162218072e-01 4.766267839487763891e-01 3.885476144482499228e-01 4.577519854289528456e-01
3.823543320263925183e-01 4.651942310403842651e-01 4.854302536029020398e-01 3.989161801743414948e-01 3.839168655965619070e-01 3.868862686019068353e-01 4.664510100280130356e-01 4.069338415535557196e-01 3.570525801702904012e-01 4.136830458575161962e-01 4.283120205690069682e-01 4.248693707791207919e-01
3.749477307585377117e-01 3.418026609487495038e-01 3.471914580822079710e-01 4.357294715311481048e-01 4.995862059741563721e-01 3.658451316558939403e-01 4.881207589384184975e-01 4.195201078612299517e-01 4.856192120091066267e-01 3.325421147626238527e-01 4.672500322678951323e-01 4.418451152100557611e-01
4.020977272484499987e-01 4.076518856541556102e-01 4.894826068597527557e-01 4.951531621364934632e-01 3.895724517161708866e-01 3.588198971814684501e-01 3.967978444644680858e-01 4.028568867850750301e-01 4.826450576836883721e-01 3.192612094924223154e-01 4.957314282252159865e-01 3.599298425526133993e-01
4.394447337002123088e-01 4.651111684527357570e-01 4.328207213044940049e-01 4.591347517725334892e-01 4.245041566291632984e-01 3.522107215074242181e-01 3.886617248877124453e-01 4.028897793453138920e-01 4.311730976953652705e-01 4.051016417093314947e-01 2.967762594005928234e-01 5.021712435951386500e-01
3.698426363190847610e-01 4.228177263516817441e-01 3.328830863105588511e-01 5.271562834881369231e-01 3.951823546628976946e-01 4.075205321715857365e-01 4.842954972885314957e-01 3.929789917626630436e-01 4.296767165131901711e-01 3.942363136705157034e-01 3.815524326799276666e-01 4.618574287812292067e-01
4.480650633794282522e-01 4.281671066959788496e-01 2.642498874457325231e-01 3.761110016409543455e-01 4.769733858846524344e-01 3.335823622395371890e-01 4.407964370741662696e-01 4.444024645642541960e-01 4.413260758038489717e-01 4.253260466216106095e-01 4.093171635303077815e-01 5.116830051195171425e-01
4.239653896805127831e-01 3.665172454734864083e-01 4.533912132331968103e-01 3.720524554791131422e-01 4.222418766759133968e-01 4.774900380148952017e-01 3.492619327518527994e-01 4.646958964674328674e-01 4.411233576410579227e-01 4.080067154335286772e-01 4.137355828435175242e-01 4.075182963054866936e-01
3.197585841443436050e-01 4.096871999273540288e-01 4.729131726625894205e-01 4.319944715446403238e-01 4.423465828704048475e-01 4.567795532119295343e-01 4.403272164720977155e-01 4.210843724558758217e-01 3.084857433973223761e-01 4.837601141161275153e-01 4.554967012205369814e-01 3.573662879767993683e-01
3.112220564109736687e-01 3.593165117725622970e-01 3.703296570660319920e-01 3.606504661325425909e-01 3.770361760778020432e-01 4.473831970069067632e-01 4.415946134101665921e-01 4.886192138672006413e-01 4.762929704536007502e-01 4.514501218349997735e-01 4.564310670451485752e-01 4.596739489220606489e-01
4.843695562900526275e-01 3.452810473169267702e-01 4.729465044929268003e-01 3.207755600112255912e-01 4.628219679791181207e-01 3.297878056796836321e-01 3.794309570012024957e-01 5.414394249258781544e-01 4.348874189736187112e-01 4.750015346541175409e-01 3.440578386331577532e-01 4.092003840421473138e-01
4.004577871095991726e-01 3.965217781372983863e-01 4.417540829457148321e-01 3.878645304017259710e-01 4.615979654992212744e-01 4.401001331572875208e-01 3.226530291095239811e-01 4.257965556159105658e-01 4.871554841359292398e-01 3.667964053575279992e-01 3.905322694897559455e-01 4.787699790404770783e-01
4.384132973897252317e-01 4.159254138515053878e-01 5.154700482325107469e-01 3.998725224930531619e-01 5.135675066151099699e-01 4.086673852004634733e-01 4.115597222590351989e-01 3.641134132041581317e-01 3.940631865108062959e-01 3.487839550279029366e-01 3.971984795438161520e-01 3.923650696719153119e-01
4.074820282065997334e-01 4.042109911088733742e-01 3.627028315845636230e-01 3.954563472856977846e-01 4.319578857599134514e-01 4.274364544506736863e-01 4.932157216991447379e-01 4.128774481645379746e-01 3.388605354701512695e-01 5.233554276292481378e-01 3.588614552771962618e-01 4.435828733634223364e-01
4.599568896514566463e-01 4.191537568089169774e-01 2.132355556446687561e-01 3.607056534182249141e-01 4.548373326832454433e-01 4.310830569656801670e-01 5.572527740374166871e-01 4.301890470060462102e-01 3.587589461352371778e-01 5.191660638738790912e-01 3.950034911911207702e-01 4.006574325840691619e-01
3.390732893001755510e-01 5.213435271712740793e-01 2.882674619520287917e-01 4.159828039257199572e-01 4.109599811880152442e-01 4.303740944314646821e-01 4.254934217654486872e-01 3.125781148217607330e-01 4.233113999567525432e-01 4.928469717041967790e-01 4.327666022039458049e-01 5.070023315791702956e-01
3.774660183559969129e-01 3.621105624477051754e-01 4.765858719230878227e-01 4.398623301831485199e-01 3.946298175009511078e-01 3.669773780231564975e-01 3.733134285230899074e-01 4.746664364174385531e-01 4.795986166104518333e-01 4.107217516035788218e-01 3.640044504699896377e-01 4.800633379414190882e-01
4.615014993394049858e-01 4.721660233436337228e-01 4.268128884393806999e-01 4.467807876123335853e-01 3.945791916255161347e-01 3.946704382851514703e-01 3.478123119739105484e-01 4.038847813976962908e-01 4.222107629271724671e-01 3.738695244321403877e-01 4.370804478430153628e-01 4.186313427806646059e-01
3.819640291114381192e-01 4.846988146723525404e-01 3.405762769229387921e-01 3.402790703270945349e-01 4.910097553625958344e-01 3.870719899018362220e-01 4.508319288561113969e-01 4.539223916044836660e-01 4.421484665688942273e-01 4.994596472894852202e-01 3.761830684159795934e-01 3.518545609667710905e-01
3.876366261373677680e-01 4.194874605273836154e-01 4.354315807712307307e-01 3.795946850357098112e-01 3.546579953213207514e-01 4.462785102347200938e-01 3.617019186829219524e-01 4.556562180967851927e-01 4.000481516718833452e-01 4.441866692254775040e-01 4.899251348614495072e-01 4.253950494337734312e-01
3.788679133328059501e-01 4.288305384483618310e-01 3.755568305649636951e-01 4.267822993531378284e-01 4.147214344023537613e-01 4.959340483379021669e-01 3.826606011096039262e-01 4.927434879381641375e-01 3.807364174759236830e-01 3.323684267356960542e-01 4.026305798511579659e-01 4.881674224499642500e-01
3.607815680294079730e-01 4.552111569042953110e-01 3.220747731198708164e-01 3.871533638205010286e-01 4.230627979261725180e-01 4.233794904444303508e-01 4.418535887158274722e-01 4.196969940377500152e-01 4.409747224138082511e-01 4.715009543299099604e-01 5.246229700753588521e-01 3.296876201826719477e-01
3.526309191652474695e-01 4.023920580224433219e-01 3.931247379008021570e-01 5.354263729061331523e-01 4.657062811590249041e-01 4.043975180664408642e-01 4.620728909421678576e-01 4.356010086663449909e-01 3.183627707559444353e-01 3.938750772525750898e-01 4.305346142590733560e-01 4.058757509038241063e-01
4.500230069606323546e-01 4.438246168416017934e-01 4.449453818329943688e-01 4.576023802826555409e-01 4.378874793055380632e-01 3.506645522365324785e-01 4.253570091699191424e-01 3.677333051542233666e-01 2.936741943008653322e-01 3.681178008621955877e-01 5.187969370199195795e-01 4.413733360329563093e-01
3.993658218204707566e-01 3.580969561192318684e-01 4.915208127178514741e-01 2.651069227265006600e-01 4.800042964280225588e-01 3.677727618512921515e-01 4.335912011038870473e-01 4.266079719869644293e-01 4.474414701942305284e-01 4.681985263391714724e-01 4.581644668368215489e-01 4.041287918755731567e-01
4.594634925112853763e-01 4.144219927299694906e-01 4.659676901219688139e-01 3.523221148080345477e-01 4.546697628392200596e-01 2.860943254603415808e-01 3.960814638235043428e-01 5.125784995900166674e-01 4.181432460668771389e-01 4.234726754482804889e-01 3.896419107237752977e-01 4.271428258767338559e-01
3.572244503795949933e-01 4.207088262631299980e-01 3.822402553354507515e-01 4.417058737010953751e-01 4.481558385210101525e-01 4.459341961143816757e-01 4.529108860237022194e-01 4.473792102173030916e-01 4.195232413093675228e-01 4.666160134383512403e-01 3.833077006846093981e-01 3.342935080119939228e-01
3.177529006006171164e-01 4.144722997250598340e-01 4.944852636729159534e-01 3.786784300751209753e-01 3.914844825630907632e-01 3.614458529164731315e-01 4.434458861644752226e-01 4.278355396150531620e-01 3.861629485634614500e-01 4.800236495182248486e-01 4.556115547980843505e-01 4.486011917874042076e-01
4.314190703980840258e-01 4.120698306017135382e-01 3.764987621835840792e-01 4.379004523682542005e-01 4.473670639907874613e-01 4.167993044933949731e-01 4.198880212121143263e-01 4.404192908412801755e-01 3.831600149701598346e-01 4.681247614099812715e-01 3.921987580395982498e-01 3.741546694910536930e-01
4.248678621429646807e-01 3.892911820599689876e-01 4.042245280201955948e-01 2.865706426452080402e-01 3.875034071920803735e-01 4.942138427588301797e-01 4.357892749297692103e-01 4.645166205938847104e-01 3.774933282505267274e-01 4.482298038802289830e-01 4.886910925205545375e-01 3.986084150057483955e-01
4.698470012876221347e-01 4.313786684091522883e-01 4.128228116877676879e-01 3.516857191415843631e-01 4.035322461217373258e-01 4.315297389874870881e-01 3.365311334794645060e-01 4.107066354347397863e-01 3.978473438515665039e-01 4.558258752492294619e-01 4.782443252746141349e-01 4.200485010750502068e-01
3.381282130615941850e-01 3.513414544786461202e-01 4.521629378273258060e-01 4.986028551412516330e-01 4.171045609379336883e-01 4.410432738748515935e-01 4.861193598918638337e-01 4.342099289928386119e-01 4.346126062639449339e-01 3.739510431178432182e-01 4.110806231888648465e-01 3.616431432230467480e-01
4.417642684356645200e-01 3.691102702019687376e-01 4.756371622642289188e-01 4.474135544070771964e-01 3.756863954101886671e-01 3.418668867131985922e-01 4.319123755730212011e-01 4.788231319498543193e-01 3.427746735587888227e-01 4.490628906414940724e-01 4.325294191763646712e-01 4.134189716681886950e-01
3.321392640207025404e-01 4.512468896993893086e-01 3.970504937329090156e-01 4.371997611896658587e-01 4.846998196350288390e-01 4.090924657982607515e-01 4.352270126373171122e-01 4.303100730497352866e-01 4.600345262487279263e-01 3.220547758154785889e-01 4.283190424818218989e-01 4.126258756909813030e-01
4.146487986601528619e-01 4.049915354244750243e-01 4.615323196825447671e-01 3.687491913986005176e-01 3.649711060270222074e-01 4.309407551444727202e-01 3.571977005379531889e-01 5.280876254076832810e-01 3.383404681794665025e-01 4.348355595518635930e-01 4.464302522537241247e-01 4.492746877320161758e-01
4.633908522088744375e-01 4.218400801465999050e-01 3.816673607303983085e-01 4.463330753067417112e-01 3.917811370566468554e-01 4.095148283369626774e-01 4.629983577327210775e-01 4.148684841862201322e-01 3.780630972899837738e-01 3.650075550654719447e-01 4.880940573612728706e-01 3.764411145781367818e-01
4.495147116112093721e-01 4.397398098418859314e-01 4.610047108465683552e-01 3.709853560542598627e-01 4.612340738608783353e-01 4.635594770537670994e-01 3.045478056940065237e-01 4.610632393812312269e-01 4.110905589218585288e-01 3.831325544923829818e-01 4.319989773258076093e-01 3.621287249161390109e-01
4.317531646198460304e-01 3.759160831741000797e-01 4.080674206073165999e-01 3.987150984431437895e-01 4.328591243930868249e-01 4.466975180446558502e-01 4.109772842654303426e-01 4.214944239583041097e-01 3.952680584067310154e-01 3.864895317492656468e-01 4.436409551360232517e-01 4.481213372020468877e-01
4.406763848466361821e-01 4.105444195156074949e-01 4.409834713087689706e-01 4.162653076516341089e-01 3.921216192670466949e-01 3.708195674082990223e-01 4.019722739928502930e-01 3.536251373543651821e-01 3.794605447838917955e-01 5.076720471079998465e-01 4.544098241727572707e-01 4.314494025901557395e-01
3.294460141958119870e-01 4.364939539500291010e-01 4.830963845651156108e-01 4.329158049934921371e-01 4.097363085733719545e-01 4.382794723676937121e-01 3.744075944474318796e-01 4.376536497829833783e-01 4.127508936814264784e-01 4.656439775920204749e-01 4.406619397902240554e-01 3.389140060604063920e-01
3.838244940117061521e-01 4.515258153859250667e-01 4.886376637463387684e-01 3.478849490466655592e-01 4.487675315039969526e-01 3.851309300133428648e-01 4.501329862495863643e-01 3.527242328591727594e-01 3.794976566573929899e-01 4.537192109126413353e-01 4.086579466110582537e-01 4.494965830021665498e-01
4.374624240503043326e-01 4.276483418055234131e-01 4.156089127028016472e-01 4.288045639183094004e-01 2.633438008734153568e-01 4.568970454688490168e-01 4.425529878383089866e-01 5.022591942102436757e-01 4.369162235109994019e-01 3.758782720650568621e-01 4.501452976616652224e-01 3.624829358945771407e-01
3.713552916161038664e-01 3.979102728493322250e-01 4.059246224879360376e-01 4.055045312129624824e-01 3.503033185265241878e-01 4.125931430635791930e-01 3.757507464049680279e-01 4.144496575650937764e-01 4.291593607440332692e-01 4.822743105649670015e-01 4.822251841648197979e-01 4.725495607996816894e-01
2.922570058148871164e-01 4.435489567176089665e-01 4.264606435053997502e-01 4.009999964173917020e-01 4.559032859156441631e-01 4.867704614189909407e-01 3.967920785887327773e-01 3.023533485535477849e-01 4.240274526390523935e-01 4.706384601671912971e-01 3.897030221519873772e-01 5.105452881095179363e-01
4.083823027757492730e-01 4.703451752458878143e-01 4.247331573241098224e-01 3.334681978590291473e-01 4.264658231591517690e-01 4.236421620140530253e-01 4.028077381537456536e-01 3.291968377924306410e-01 4.637724474930613461e-01 3.964372752556269419e-01 4.345466824179455845e-01 4.862022005092117016e-01
4.430221136219569811e-01 4.735631724058707581e-01 4.604640009607164908e-01 4.447783614718340828e-01 3.352710325002822289e-01 4.516422694465824783e-01 3.734450940576502509e-01 3.659701993832993328e-01 4.066990589817443547e-01 4.191010129634803461e-01 4.497522396350269736e-01 3.762914445715246359e-01
3.586314152810360367e-01 4.182646642997610575e-01 4.815016669842147046e-01 3.965100721158578700e-01 3.900940732269573830e-01 4.198050877412600745e-01 4.360488656419429510e-01 4.009505433119942563e-01 4.304899430574240515e-01 4.531546603368302728e-01 4.090537835736499650e-01 4.054952244290819241e-01
4.263013087952702285e-01 3.880242148358635790e-01 4.688304214062065656e-01 4.724512586027899141e-01 4.361746895120411915e-01 2.545081692327366141e-01 4.827850839783408565e-01 3.741566480123056371e-01 3.855404362369100335e-01 5.097682714227901313e-01 3.692140271695958931e-01 4.322454707952019248e-01
3.875295626068873123e-01 4.883505570012968144e-01 3.893567016851394169e-01 4.308521185700661671e-01 4.034048698473023942e-01 3.154429297719407721e-01 4.246871121882199729e-01 4.277053831601489442e-01 3.204767429201768603e-01 5.297436384170114421e-01 3.737991132856224308e-01 5.086512705461742057e-01
3.009454665535862272e-01 4.561008470932839121e-01 5.001405617634933076e-01 3.605721811154311007e-01 4.610033692228776014e-01 3.945949997534601295e-01 4.287094130303967798e-01 4.528945975154555215e-01 4.031925793660738888e-01 4.041927625382719658e-01 4.694751641032425260e-01 3.681780579443942325e-01
4.361104544873022348e-01 4.262036161883743235e-01 4.514561979658659463e-01 3.952755452121301527e-01 3.945896123376367859e-01 3.863682012903583707e-01 3.988150223755221324e-01 3.998998712899943242e-01 4.608890697677590076e-01 3.320173121111614778e-01 4.400171780214732209e-01 4.783579189523650133e-01
4.966816491211154538e-01 4.403697729953363615e-01 3.859576108304764164e-01 4.140462543336025369e-01 4.889243893548163022e-01 4.410370309591173377e-01 3.625808240730651333e-01 3.728826010045533379e-01 4.428413035114403540e-01 4.424083069943029467e-01 3.387425334340479210e-01 3.735277233880556214e-01
4.334142834334596128e-01 5.407846936575393393e-01 4.367740721242140967e-01 3.553152853646792120e-01 4.372208078916722251e-01 3.608332525958739545e-01 4.075134657646112268e-01 4.049772224937587817e-01 4.156565262667061278e-01 3.964473660934555443e-01 3.834672983700625482e-01 4.275957259439966407e-01
4.518379486100987386e-01 4.680641788374081957e-01 3.611876885302177098e-01 4.631621059131588725e-01 4.533552183882064712e-01 3.162179385549950261e-01 3.567242718537466106e-01 4.957045204489149981e-01 4.633729941288645682e-01 4.589478633366294025e-01 4.184997647917277908e-01 2.929255066060059698e-01
4.058047312250983030e-01 4.133101872148505773e-01 4.217599998648691173e-01 4.322738677523353390e-01 3.777792083727139483e-01 4.806896492535952525e-01 3.708681505317088511e-01 3.991803079632830764e-01 4.344334220515682632e-01 5.123845699908369244e-01 4.021616475051974504e-01 3.493542582739284641e-01
4.109139028198760535e-01 3.865065188536765950e-01 2.424354158469947396e-01 3.963017300966173995e-01 4.672769347832659848e-01 3.811575753549293344e-01 4.916411830129040483e-01 4.415301776470632045e-01 4.888003232977478629e-01 4.416038274686530096e-01 4.583898928703440401e-01 3.934425179479179580e-01
