-8.338903177594028548e+00
-8.955911206523673229e+00
-8.645144206350465765e+00
-8.629134960408688215e+00
-8.816987975437969638e+00
-8.807717054866945006e+00
-8.439553332858100276e+00
-8.502401139044884815e+00
-8.346155412999976875e+00
-8.771832454301966564e+00
-8.714468854075656523e+00
-8.922226132329477366e+00
-8.577302992058360331e+00
-8.638350802447641641e+00
-8.726856271280965416e+00
-8.909014992166090607e+00
-8.625039235720898034e+00
-8.597926457500371100e+00
-8.653623077829402988e+00
-8.696598358302113141e+00
-8.617183149593138580e+00
-8.980254116750527871e+00
-8.577824895519182036e+00
-9.248939814207925991e+00
-9.165272369821996890e+00
-8.448748104166162065e+00
-8.998600848591502555e+00
-8.608468923273038698e+00
-8.646848122130089465e+00
-9.044127104937551564e+00
-8.831762887846730692e+00
-8.684057046381349565e+00
-8.352535151132475022e+00
-8.763492437921065914e+00
-8.590896683067608564e+00
-8.744267776594595531e+00
-8.746034028213498956e+00
-8.318664181474657582e+00
-8.709916069822110529e+00
-8.693368143769149015e+00
-8.385163971022834062e+00
-8.873391342651611780e+00
-8.936850025813914300e+00
-8.705417715234526455e+00
-8.516585920986909031e+00
-8.358559989310455407e+00
-8.842852552549256728e+00
-8.506351975507532970e+00
-8.655321882596991756e+00
-8.888717900100974845e+00
-8.477327943442078961e+00
-8.473429309975891499e+00
-8.789407983187127016e+00
-8.308550549779683436e+00
-8.742279955231254007e+00
-8.990906287543733555e+00
-8.721005472614235643e+00
-8.570375005234616594e+00
-8.503290338648017865e+00
-8.931037431673106042e+00
-9.074277650982537580e+00
-8.663836643454500219e+00
-8.690542567628511961e+00
-9.330131332817549250e+00
-8.250015496661818659e+00
-8.774880875901907018e+00
-8.812913549523697654e+00
-8.853434177816259520e+00
-8.588769078740163820e+00
-8.706401066563344671e+00
-8.554152307732318050e+00
-8.834893820738409786e+00
-8.801259226922070411e+00
-8.700200595901973699e+00
-9.022165567652441709e+00
-8.533249228010577170e+00
-8.697361755038027553e+00
-8.180516119766950922e+00
-8.789305923221668593e+00
-8.916412092820188207e+00
-8.840037619317724804e+00
-8.625363790652096796e+00
-8.423936243992381279e+00
-8.727556831629867062e+00
-9.015134394559975561e+00
-8.798769244263176859e+00
-8.315326125468303076e+00
-9.000679183866271416e+00
-8.610054640686646721e+00
-8.764644621170045724e+00
-8.816206470140997453e+00
-8.639131999648256510e+00
-8.360454926865740433e+00
-9.252355913387775743e+00
-8.207370451610533024e+00
-8.629899783661272750e+00
-9.206012182489271112e+00
-9.228684705139150068e+00
-8.340683755219906459e+00
-8.513394479489054589e+00
