3.365009220488857089e-01 3.581090885618819497e-01 3.299502367561814031e-01 3.266557080511161559e-01 3.294009985237529858e-01 3.166425868873085081e-01 3.407106589815023234e-01 3.421623989611144445e-01 3.351445846868335021e-01 3.442512044960304718e-01 3.155458785812571554e-01 3.249257334641280637e-01
3.512649365339757246e-01 3.291630562719289332e-01 3.240240459134389184e-01 3.514079185122044313e-01 3.130802931084197827e-01 3.356826399889031864e-01 3.433708814870469750e-01 3.307389025550345751e-01 3.414842190540907652e-01 3.206514019842261476e-01 3.233703970838014419e-01 3.357613075069176278e-01
3.427973722109191046e-01 3.323073688935531678e-01 3.463212103531702613e-01 3.315260225050490894e-01 3.423970548013361981e-01 3.308828598593172021e-01 3.230285593894229312e-01 3.364213858354413444e-01 3.335922589832436280e-01 3.314527178572082566e-01 3.240470426078040367e-01 3.252261467035302278e-01
3.302532204121540471e-01 3.291126335204523912e-01 3.439907511961948217e-01 3.579321248640745523e-01 3.488953099838270067e-01 2.932147411452275532e-01 3.366982575997645721e-01 3.441197138354779028e-01 3.257278213076379991e-01 3.349355928923692938e-01 3.289542141740930403e-01 3.261656190687256540e-01
3.413961028869030301e-01 3.402003869347989817e-01 3.190055114295817784e-01 3.427592345722624279e-01 3.292405964088669923e-01 3.386626618288761104e-01 3.273508143767420719e-01 3.235705003371597277e-01 3.399608978358825695e-01 3.182151839299020013e-01 3.394857734271802263e-01 3.401523360318597367e-01
3.356686732676297247e-01 3.301200867102747627e-01 3.382993105298503500e-01 3.634979768521482968e-01 3.409658919173966796e-01 3.262660357540109746e-01 3.287620130155581855e-01 3.346524387295449765e-01 3.005899321808168656e-01 3.281944112781159939e-01 3.426331353896784337e-01 3.303500943749760888e-01
3.314237735241848948e-01 3.301436549791408326e-01 3.288957972775938265e-01 3.303445981433962286e-01 3.442372037447148370e-01 3.207868666147685177e-01 3.229005279216894397e-01 3.380386219792171909e-01 3.421851199390734122e-01 3.260413144921910922e-01 3.364775002501321777e-01 3.485250211339201432e-01
3.317287033542168917e-01 3.379428310697611959e-01 3.086942634440498212e-01 3.731461214613823740e-01 3.216923043598635124e-01 3.388594474527238942e-01 3.516970610839071920e-01 3.323790238072292791e-01 3.014254324970649379e-01 3.538467299704975977e-01 3.271076308166550595e-01 3.214804506826403618e-01
3.280349753700828597e-01 3.460158874434364207e-01 3.424273493945142466e-01 3.106359081635024499e-01 3.418137074844022072e-01 3.366487237475809802e-01 3.300230572160721687e-01 3.305666225380349266e-01 3.221437868368042801e-01 3.177017945507611407e-01 3.429826953684858015e-01 3.510054918863251827e-01
3.267299805098819454e-01 3.477613724852115507e-01 3.431036243383726037e-01 3.353080731066795384e-01 3.447763836695874051e-01 3.394494137613545126e-01 3.257825980988308112e-01 3.262280846909442200e-01 3.278055133379628727e-01 3.407469092469622707e-01 3.190011175790880005e-01 3.233069291751182739e-01
3.553558930016355033e-01 3.357389715019184484e-01 3.216975678990797727e-01 3.375480270428818375e-01 3.226251150266356005e-01 3.350327327965207935e-01 3.049157630747145742e-01 3.365434564988838417e-01 3.434002644821189110e-01 3.315346147219199180e-01 3.395462482256837999e-01 3.360613457280220429e-01
3.376757413327804436e-01 3.452950284013776017e-01 3.179623322017085529e-01 3.301568135630769119e-01 3.314564160784431168e-01 3.481628007442617578e-01 3.132307102143671584e-01 3.534187226144802074e-01 3.320032126502597825e-01 3.287281760867036828e-01 3.516117797715052617e-01 3.102982663410359665e-01
3.411875860473203015e-01 3.416397839028264549e-01 3.332902675979112495e-01 3.257683005348598893e-01 3.298064220263615121e-01 3.439857021263569292e-01 3.326322072294820575e-01 3.367213937297043325e-01 3.254495356245520332e-01 3.223174190423183649e-01 3.359406337406876109e-01 3.312607483976154343e-01
3.214150419320496166e-01 3.364515596333854108e-01 3.331488709608856902e-01 3.195560502881964471e-01 3.343794264247529346e-01 3.310797993211208601e-01 3.394751923725308207e-01 3.401454557891915309e-01 3.336361748413851913e-01 3.218114962958350533e-01 3.505036889220003449e-01 3.383972432186631574e-01
3.287796927591198903e-01 3.243403055816393432e-01 3.323932951584007145e-01 3.401259444574319946e-01 3.253503867252849346e-01 3.314676487993274967e-01 3.281527457389629698e-01 3.408125902781805605e-01 3.307682292108217181e-01 3.345519709846255241e-01 3.370474275401162401e-01 3.462097627660878363e-01
3.464017525511398632e-01 3.472091482707032606e-01 3.160950547256665688e-01 3.400104536392523080e-01 3.061877272641936876e-01 3.525534420077776621e-01 3.363758271086927376e-01 3.126363184750574065e-01 3.460122973930823687e-01 3.467652501515923191e-01 3.250619266939942520e-01 3.246908017188808171e-01
3.307957477287097325e-01 3.446257598086604479e-01 3.375216843924622734e-01 3.111307993582491660e-01 3.242632510528506984e-01 3.338277041939846645e-01 3.429407293038070903e-01 3.406473065169569603e-01 3.165327752023285313e-01 3.216575597969021372e-01 3.533983537902640748e-01 3.426583288548328277e-01
3.307386452393242249e-01 3.123126805092967806e-01 3.524947656979509625e-01 3.365702685175664954e-01 3.183743193294649165e-01 3.231504208179924453e-01 3.519185030956362148e-01 3.405618570134061329e-01 3.288270259604390011e-01 3.420307277266271262e-01 3.265219252974972397e-01 3.364988607948010135e-01
3.173146795651446972e-01 3.532756382118912852e-01 3.386264632576340139e-01 3.159842945945469106e-01 3.481689706741966095e-01 3.266201000575708058e-01 3.403530741411898153e-01 3.415430804090427985e-01 3.206428604554213968e-01 3.232792217938584844e-01 3.257517538196332829e-01 3.484398630198841662e-01
3.298542691488443035e-01 3.330172401545705707e-01 3.228436430657859457e-01 3.186690275355836821e-01 3.578348976166731421e-01 3.370719176150362428e-01 3.306439240783608513e-01 3.286760384791078127e-01 3.391059416625837875e-01 3.393934412596633088e-01 3.338424408158449097e-01 3.290472185679433892e-01
3.142685985691691108e-01 3.391936739703009795e-01 3.332404604794393377e-01 3.429545966065860041e-01 3.103689676803984554e-01 3.455851170963247232e-01 3.339268834967983879e-01 3.157339739867682793e-01 3.483233337288516585e-01 3.478680361091261442e-01 3.252070689026226313e-01 3.433292893736032414e-01
3.119580407056916638e-01 3.386421302211681250e-01 3.422576448301406504e-01 3.385008109633338425e-01 3.276762062222572935e-01 3.536306629526078105e-01 3.264302455510689205e-01 3.242354602657357976e-01 3.498190285206110861e-01 3.340855016755845397e-01 3.357263472542080240e-01 3.170379208375786462e-01
3.324376849118010346e-01 3.340245427725269667e-01 3.440349024123046107e-01 3.218499585103970495e-01 3.251279059208154742e-01 3.536023780080910228e-01 3.259498248831289580e-01 3.232667370138571639e-01 3.364919708905613205e-01 3.234835887167881729e-01 3.261611641277435969e-01 3.535693418319955650e-01
3.349292502153273787e-01 3.224959938810977866e-01 3.287434697486917301e-01 3.367086090894623185e-01 3.372914853104008737e-01 3.395244008847796979e-01 3.485831895901555511e-01 3.246327603539602702e-01 3.294120601618102384e-01 3.428364857531803755e-01 3.174745538855560101e-01 3.373677411255994185e-01
3.438012654500954279e-01 3.421228423285589404e-01 3.375023523561441197e-01 3.239088121670022913e-01 3.374122389538294908e-01 3.240475406112918733e-01 3.300046386376646601e-01 3.139898007788908818e-01 3.279926954105245596e-01 3.362692202728662094e-01 3.564688018255605106e-01 3.264797912075869113e-01
3.283927141489666468e-01 3.383317384753690149e-01 3.367505261687571139e-01 3.335981763889422358e-01 3.380386300863491567e-01 3.301996038453428595e-01 3.449686403469184315e-01 3.385138215429912001e-01 3.423496490521144020e-01 3.277494476570063098e-01 3.209337979731752277e-01 3.201732543140693998e-01
3.346399471680820970e-01 3.315647181270207633e-01 3.220886957825647157e-01 3.329300830947119483e-01 3.435687316895842947e-01 3.259673634356657912e-01 3.326237470626252635e-01 3.431495006633544786e-01 3.245874294629568779e-01 3.326105309105116259e-01 3.455434325477405588e-01 3.307258200551717042e-01
3.240697018043050548e-01 3.224624557577066009e-01 3.298803592512036253e-01 3.355643178284511419e-01 3.312051445751591494e-01 3.369334129524533816e-01 3.344275171688836368e-01 3.431747757435406054e-01 3.238502394167931397e-01 3.426064777914716863e-01 3.178550442119256747e-01 3.579705534981196813e-01
3.409607844401945087e-01 3.366688921108149657e-01 3.248375623752304264e-01 3.265501185464228517e-01 3.410864649519939062e-01 3.250601951401193013e-01 3.270777612895778286e-01 3.380305772858086533e-01 3.238688737903872572e-01 3.509256040946477917e-01 3.412540953398029431e-01 3.236790706350007873e-01
3.294900207735845798e-01 3.248207216656427976e-01 3.393205911054601454e-01 3.278724353854585161e-01 3.390978905307165947e-01 3.452940515817488065e-01 3.405362863398914697e-01 3.156616265965339063e-01 3.362503047132977541e-01 3.218809604407276703e-01 3.440811094666105241e-01 3.356940014003379491e-01
3.251985640461004801e-01 3.300545307058932454e-01 3.308903653218553398e-01 3.595347583188064355e-01 2.990142800128212097e-01 3.300786786699502207e-01 3.505505014811463593e-01 3.329151465713341418e-01 3.413883711594484227e-01 3.286712505036087917e-01 3.425175644240622264e-01 3.291859887849742372e-01
3.309971688332991047e-01 3.404733618391313499e-01 3.264251536826446864e-01 3.338210179640192510e-01 3.410648429045153307e-01 3.339330097796895380e-01 3.338475223898491606e-01 3.352878851890437328e-01 3.332962991869303226e-01 3.376670584845948286e-01 3.214142590478410444e-01 3.317724206984430935e-01
3.270367540417051244e-01 3.240788052670168229e-01 3.388917506946507174e-01 3.271579150659208457e-01 3.384410519421922059e-01 3.434251795588557088e-01 3.232072197428163540e-01 3.302435459172881060e-01 3.379402626571684776e-01 3.443605452125981792e-01 3.324563522613808164e-01 3.327606176384073078e-01
3.376074532588893007e-01 3.301983792409635132e-01 3.289720482438957538e-01 3.532694317563666031e-01 3.118359464108308998e-01 3.244711711900333806e-01 3.568106999845255256e-01 3.165260934491763711e-01 3.231759941878097897e-01 3.433879394485622738e-01 3.427867775467464684e-01 3.309580652822034508e-01
3.429354840306754193e-01 3.316095364822218006e-01 3.166151715398306532e-01 3.514553637059600333e-01 3.370984528011269354e-01 3.171343037609384297e-01 3.142838334532459532e-01 3.329412242691959234e-01 3.413522908968671388e-01 3.272011937731446052e-01 3.438489148364258230e-01 3.435242304503746125e-01
3.202765171633412677e-01 3.304580536382850653e-01 3.273294315239188013e-01 3.447743738403063474e-01 3.352287094302491832e-01 3.373079988593998824e-01 3.440084007797017396e-01 3.263408328940551884e-01 3.313009374138082830e-01 3.437396636851407505e-01 3.209481672029000920e-01 3.382869135688716944e-01
3.450118992203037305e-01 3.383160598898460880e-01 3.316970644474612762e-01 3.321227059050115837e-01 3.385191487952329270e-01 3.251360899241673708e-01 3.259232121445236330e-01 3.519680986115240606e-01 3.488144446435659796e-01 2.955172724755871227e-01 3.156920603215814247e-01 3.512819436211878088e-01
3.107787414491605671e-01 3.466609595403136179e-01 3.444237193790140594e-01 3.405071828026101644e-01 3.364763873443864517e-01 3.217946665574576981e-01 3.222912593296596850e-01 3.241122145184788250e-01 3.326953441124454458e-01 3.317331559837644606e-01 3.409995858375635125e-01 3.475267831451053224e-01
3.049635172655740245e-01 3.425942280528056494e-01 3.515899306271319524e-01 3.152233153637845620e-01 3.437847048029938346e-01 3.288425276314664303e-01 3.259699346721118829e-01 3.521632328570197257e-01 3.333585190003798271e-01 3.238516178488560771e-01 3.494673481898550871e-01 3.281911236880042937e-01
3.333253953354139987e-01 3.342838204314506068e-01 3.214440737375744428e-01 3.280509330411328639e-01 3.437914161792927636e-01 3.437157929787685862e-01 3.224105462512834586e-01 3.365893439812499000e-01 3.348560704247143249e-01 3.387380808607983740e-01 3.268904339929753489e-01 3.359040927853194081e-01
3.451725853227286533e-01 3.357077690315507512e-01 3.326646911807249474e-01 3.089580316128407445e-01 3.509515372404536926e-01 3.244738566605453456e-01 3.440581556566389421e-01 3.382359428108338006e-01 3.279807607970313121e-01 3.360875396521874059e-01 3.230193133994531118e-01 3.326898166350226171e-01
3.306813662872998272e-01 3.321602175675783530e-01 3.659106913685307161e-01 3.401719425076516479e-01 3.254812939474001077e-01 3.241718984238567414e-01 3.245335155851978293e-01 3.272050375724147586e-01 3.377015114276299412e-01 3.035403039233435796e-01 3.580602703958776223e-01 3.303819509932170995e-01
3.472722100613603313e-01 3.269142328792399299e-01 3.195065949917054171e-01 3.390924777771602283e-01 3.446860996856855874e-01 3.407761779217703402e-01 3.355189044669129594e-01 3.500623635393518285e-01 3.107665865355431212e-01 3.358408988926109839e-01 3.136290459045146806e-01 3.359344073441427048e-01
3.252609344786975276e-01 3.319855783848305042e-01 3.329625749923301736e-01 3.402152703253814581e-01 3.134857218549058633e-01 3.368973667809339601e-01 3.304885308454169612e-01 3.274380512033581159e-01 3.347397117805246958e-01 3.409325220930488620e-01 3.530184581695094970e-01 3.325752790910663226e-01
3.482583293513691336e-01 3.381879307981329186e-01 3.268145090379235840e-01 3.248936209905919359e-01 3.347639892058300592e-01 3.363456197902777722e-01 3.288626993743538618e-01 3.299127598009812812e-01 3.201721766526272051e-01 3.462502497045463756e-01 3.257446869996180050e-01 3.397934282937475348e-01
3.234065033656471910e-01 3.446310433977185506e-01 3.503857387192980122e-01 3.285793973433973059e-01 3.255682294405511934e-01 3.277267681213177908e-01 3.446125339048985436e-01 3.314830798407590873e-01 3.207907084399314046e-01 3.321868480904570653e-01 3.369828573029409746e-01 3.336462920330853232e-01
3.237011564013648202e-01 3.190867842423675826e-01 3.188467741067876893e-01 3.381616366409039842e-01 3.526730150064902314e-01 3.195339115510787975e-01 3.455162221058321048e-01 3.368228496258107163e-01 3.461854699477038277e-01 3.155298734758708035e-01 3.447125986744242754e-01 3.392297082213612258e-01
3.273206542043159972e-01 3.280965893530923272e-01 3.520178213923882415e-01 3.522249284053107221e-01 3.265098936819622599e-01 3.217764857354702412e-01 3.285329732689015736e-01 3.307553148541954036e-01 3.465377158441279581e-01 3.127628439934287963e-01 3.493320028555684242e-01 3.241327764112550414e-01
3.399524238478857097e-01 3.388673234400344514e-01 3.343065328309564044e-01 3.419622351372806901e-01 3.335968223577319147e-01 3.224637868137811281e-01 3.269698220817028878e-01 3.293472815250136354e-01 3.371438684757982474e-01 3.306467408959712362e-01 3.112302514458135105e-01 3.535129111480401765e-01
3.257640459596098936e-01 3.310291283877163093e-01 3.175445865586351557e-01 3.600343318182464003e-01 3.280477493197658800e-01 3.289154722346368520e-01 3.491493021671069341e-01 3.281020022048223850e-01 3.341283006720439652e-01 3.305193832067847559e-01 3.246184117424559812e-01 3.421472857281951940e-01
3.409591847046795632e-01 3.341251069232232807e-01 3.063572980749441621e-01 3.263810569510965931e-01 3.473032975546102019e-01 3.163987250990467626e-01 3.366129711454143858e-01 3.409531271480540915e-01 3.360766176006348416e-01 3.316931257717133374e-01 3.296387890775497320e-01 3.535006999490084012e-01
3.324012485688979668e-01 3.243216761684769578e-01 3.416703347148578596e-01 3.221461137963461119e-01 3.355827761108149399e-01 3.480769093402660275e-01 3.179983201887132127e-01 3.431678475337925360e-01 3.411874407119180885e-01 3.283775202669409476e-01 3.318418977510498857e-01 3.332279148479330155e-01
3.152910991329170853e-01 3.327201271691128670e-01 3.443400757632749665e-01 3.337824171779528171e-01 3.353442114771130744e-01 3.396197368490045942e-01 3.389029732077982193e-01 3.339765869326681846e-01 3.118130010952963049e-01 3.499732591252205927e-01 3.446543598197356340e-01 3.195821522499131540e-01
3.135136536893279313e-01 3.229565479001748618e-01 3.251261388802065833e-01 3.225379749853130029e-01 3.261813903167005146e-01 3.394860729806180588e-01 3.354029448617800169e-01 3.486756101553791787e-01 3.456374882588291175e-01 3.352586609487382407e-01 3.415935675888367440e-01 3.436299494341044092e-01
3.480276596226064001e-01 3.177707825701407418e-01 3.416351417795408518e-01 3.147956405845856453e-01 3.417777255234256684e-01 3.148253750682336594e-01 3.252100347755971232e-01 3.630803809766336432e-01 3.390989337207424015e-01 3.429604131216822394e-01 3.192588773818258452e-01 3.315590348749812288e-01
3.271807975214681696e-01 3.283866851664812292e-01 3.393430063843948519e-01 3.234362524043050691e-01 3.437641658737904393e-01 3.409532656933373929e-01 3.116892114435803052e-01 3.367068068916732604e-01 3.526316461977513916e-01 3.191627732368457204e-01 3.272053603338213601e-01 3.495400288525589705e-01
3.349505748292115892e-01 3.334570692449143614e-01 3.548672139953424898e-01 3.272137794555173285e-01 3.544911006105299633e-01 3.327347128361939355e-01 3.299374841335274144e-01 3.239312176289773637e-01 3.299775800563710115e-01 3.190465987151936966e-01 3.301988751920363896e-01 3.291937933021806262e-01
3.330516333780643157e-01 3.298776934975041208e-01 3.214645181917920036e-01 3.314460222631809283e-01 3.333704183009935651e-01 3.336793674531367548e-01 3.528271072038978162e-01 3.305365608120775511e-01 3.177176539977030201e-01 3.584730312621987047e-01 3.221722298876638080e-01 3.353837637518048420e-01
3.450376049541407086e-01 3.337448953990197476e-01 2.932340627445453873e-01 3.236307543513445850e-01 3.369553866546318166e-01 3.328014075046568654e-01 3.705594465222303846e-01 3.361687114336325277e-01 3.153035476283346794e-01 3.594938392645943837e-01 3.293880501557699958e-01 3.236822933871133512e-01
3.169978668809332323e-01 3.538976756088285103e-01 3.110983190117286856e-01 3.302767040240012220e-01 3.299019913600230169e-01 3.365957500633980359e-01 3.342662660387579754e-01 3.158165682541398400e-01 3.343420553719654853e-01 3.503258083015773350e-01 3.358134245802089080e-01 3.506675705044486890e-01
3.252532614311345882e-01 3.197475674698405101e-01 3.479083074830313094e-01 3.381224512235196933e-01 3.265263851176269938e-01 3.254955445533309066e-01 3.222435527329056137e-01 3.460570267171314551e-01 3.500293025057742979e-01 3.277706105733800279e-01 3.215310705004882363e-01 3.493149196918496902e-01
3.422463921884774662e-01 3.455130651573713463e-01 3.334569424160450102e-01 3.381277266089077749e-01 3.300145865164683112e-01 3.286436658207927408e-01 3.203802763298088108e-01 3.316846837238687229e-01 3.344059459394455591e-01 3.254411742400504237e-01 3.373097807124613157e-01 3.327757603463309399e-01
3.278294743664544320e-01 3.502353884707360421e-01 3.161167596719611783e-01 3.198576551004105872e-01 3.507589954566042167e-01 3.250951943430460678e-01 3.376191867828703952e-01 3.399335061410677650e-01 3.357256737104729050e-01 3.524551649779387730e-01 3.266911349449939661e-01 3.176818660334541633e-01
3.242863613033946102e-01 3.355512003906704899e-01 3.380139634204092358e-01 3.246093504530750407e-01 3.223246446125922482e-01 3.393322790565717062e-01 3.221197388346273005e-01 3.412513602517044387e-01 3.284737568266888896e-01 3.372734289698923194e-01 3.517097340477085554e-01 3.350541818326497889e-01
3.225399010381558851e-01 3.352653550303343888e-01 3.268943886219712325e-01 3.318914694750706995e-01 3.337599272051164911e-01 3.500231916823142719e-01 3.222988285054755875e-01 3.506497466045309097e-01 3.283250979499227062e-01 3.156269784829366376e-01 3.318604370332862707e-01 3.508646783708890826e-01
3.228043537031677346e-01 3.433151324097409862e-01 3.140238733417624051e-01 3.265188910190990890e-01 3.353673650845658827e-01 3.323507139935141241e-01 3.369459538666243481e-01 3.333837866110082593e-01 3.321519187275238094e-01 3.485767569180066028e-01 3.611974655444878946e-01 3.133637887804978650e-01
3.226929985227455777e-01 3.295580545766814695e-01 3.249493340804789909e-01 3.642042560885004887e-01 3.450294757251928801e-01 3.226409976327587747e-01 3.438571778059807960e-01 3.389238195362666017e-01 3.129010385782230452e-01 3.295368462868789039e-01 3.367347755036357859e-01 3.289712256626604603e-01
3.363784368427320537e-01 3.376069425591474715e-01 3.358396082065647770e-01 3.426679413086863302e-01 3.380347404829402436e-01 3.192079193420046535e-01 3.354829478079111027e-01 3.252519310608178449e-01 3.103354717533701734e-01 3.238267532866968001e-01 3.589221140775294416e-01 3.364451932716117089e-01
3.284229364066842960e-01 3.232159375939617774e-01 3.494990170008739350e-01 3.041049402396149848e-01 3.462977836149311317e-01 3.242717279813156495e-01 3.345275545256534144e-01 3.340929469889412085e-01 3.391917633918466457e-01 3.431861490771073164e-01 3.433128377235672990e-01 3.298764054555181069e-01
3.413963488905165100e-01 3.324807702168328660e-01 3.409682414168353493e-01 3.198688098727296980e-01 3.411273946402279544e-01 3.087143407405422146e-01 3.290312342708697768e-01 3.575968569017752841e-01 3.332744629281629845e-01 3.314676410460955513e-01 3.296372696311327122e-01 3.344366294442875365e-01
3.231403061594912418e-01 3.347402691904486360e-01 3.254230957369538269e-01 3.385989631974148928e-01 3.400495406270704901e-01 3.372643778460325259e-01 3.408032127613291329e-01 3.382550595762346402e-01 3.317605336327724697e-01 3.450672431843619936e-01 3.274253790293075728e-01 3.174720190585708646e-01
3.139128956434706352e-01 3.340143817317750008e-01 3.523858834956459241e-01 3.243330867740968348e-01 3.262287005371247717e-01 3.232932073878345136e-01 3.385701291926194179e-01 3.346363538495703005e-01 3.241206039084491564e-01 3.451665679727878300e-01 3.440249877970898984e-01 3.393132017095483732e-01
3.380227862095249725e-01 3.334034708731803964e-01 3.229263657144824107e-01 3.389670636292288486e-01 3.404389278542822028e-01 3.306542121329799078e-01 3.348155920034799893e-01 3.378266290521577675e-01 3.250636567777421271e-01 3.456405835129036097e-01 3.291255102632766327e-01 3.231152019767742911e-01
3.323079085590032178e-01 3.285403553667369247e-01 3.302331093305353460e-01 3.093438985758421023e-01 3.278373266378221684e-01 3.507209421227055479e-01 3.370648152424988164e-01 3.417175835178647425e-01 3.235314239161536931e-01 3.395964281302925603e-01 3.514096786875708922e-01 3.276965299129856457e-01
3.427754616884133299e-01 3.378703419134845287e-01 3.315506852493893541e-01 3.211852542749501493e-01 3.318069973439731202e-01 3.364035026711569287e-01 3.188040737135711122e-01 3.321698398881924308e-01 3.284814671681079989e-01 3.413364345232904884e-01 3.467429514295068405e-01 3.308729901359589443e-01
3.200028232129399353e-01 3.185186481441065198e-01 3.424132430317762266e-01 3.533172288802329808e-01 3.286433142666051466e-01 3.358348854856353372e-01 3.493804867478397247e-01 3.358627695059240303e-01 3.355436077870289080e-01 3.260422768554983586e-01 3.314239801337991453e-01 3.230167359486251777e-01
3.379386844010778823e-01 3.221018510638842813e-01 3.451273907656288165e-01 3.425819831927135461e-01 3.238223694413636666e-01 3.171952259839848631e-01 3.396378749466111846e-01 3.472794518278928266e-01 3.164878349103129596e-01 3.400315833158114032e-01 3.367874141194507898e-01 3.310083360312674472e-01
3.168185492260884861e-01 3.413294616024634687e-01 3.287827374360872135e-01 3.352265927730303519e-01 3.499428775781251999e-01 3.298041991957393337e-01 3.325177328507004648e-01 3.389974140567093008e-01 3.422046667524292207e-01 3.142002290793133867e-01 3.373736523988188352e-01 3.328018870504773075e-01
3.289959025828760319e-01 3.321361529662409939e-01 3.429725881703407087e-01 3.237677692160305654e-01 3.238055427193753943e-01 3.346115927267829804e-01 3.216664766946070730e-01 3.584435674494971802e-01 3.189942894983422983e-01 3.337428355688411563e-01 3.410765071229611145e-01 3.397867752841102762e-01
3.432888135077193370e-01 3.348369896900594833e-01 3.248276541939344453e-01 3.403097520703138312e-01 3.290279983617429016e-01 3.287570879028683946e-01 3.447561295879836285e-01 3.336729063647408955e-01 3.228828333788718030e-01 3.255864377796319764e-01 3.491086476456176091e-01 3.229447495165131965e-01
3.366488081143893529e-01 3.406940376482451294e-01 3.410548957691798000e-01 3.191021888892249248e-01 3.461026162967881237e-01 3.451208893308403414e-01 3.103256940843423517e-01 3.437242750759345045e-01 3.334173405579051730e-01 3.236893101498662384e-01 3.368299127040464414e-01 3.232900313792332891e-01
3.352107243343716569e-01 3.256559272006022132e-01 3.322585927148357099e-01 3.291593818466701515e-01 3.365008080154877068e-01 3.394553847544345970e-01 3.311265196200701144e-01 3.344091827022686036e-01 3.302004447791700992e-01 3.263374621009217935e-01 3.387944902147214110e-01 3.408910817164530482e-01
3.381891033596930995e-01 3.307965055826634915e-01 3.376147456576700234e-01 3.344016688001275606e-01 3.271169817425305659e-01 3.239356019448181856e-01 3.321208469837744204e-01 3.204378301048476652e-01 3.247249823492820986e-01 3.564931430688070280e-01 3.414348520478397986e-01 3.327337383579361818e-01
3.158775584158960426e-01 3.382934562692707647e-01 3.489346754670166195e-01 3.337288379317461251e-01 3.308630078249806816e-01 3.378094890651287541e-01 3.253837421413256492e-01 3.367720682514457886e-01 3.309423428806898548e-01 3.430925753538140999e-01 3.390168195281463848e-01 3.192854268705458409e-01
3.242276620414660804e-01 3.421909378385838973e-01 3.510021094595087154e-01 3.184196154237148857e-01 3.379523357878160272e-01 3.284206466659116419e-01 3.391974083557044439e-01 3.207209829954092983e-01 3.266021841609961784e-01 3.400827290237300460e-01 3.324295597285559234e-01 3.387538285186141307e-01
3.355856790523903954e-01 3.343107953565199741e-01 3.318886737856097113e-01 3.346228773632000109e-01 3.080844141699712324e-01 3.401639742210614270e-01 3.387364710121935074e-01 3.527481274855772675e-01 3.355824123069070519e-01 3.244674749638353783e-01 3.394537515724353471e-01 3.243553487103243427e-01
3.224527789474893602e-01 3.296229755007248352e-01 3.322538774893283864e-01 3.303919422318183363e-01 3.198357451633109250e-01 3.329790804932650228e-01 3.254452307241301190e-01 3.312500837071217230e-01 3.340176370560264951e-01 3.468061188878525658e-01 3.493514761316285355e-01 3.455930536673043063e-01
3.098105389309368518e-01 3.371897348621095691e-01 3.370726679120639169e-01 3.240350490049863641e-01 3.389593888563293689e-01 3.525216910722464569e-01 3.269968191679949454e-01 3.129928831771222608e-01 3.371087280711341783e-01 3.429451285496514790e-01 3.260780197585710360e-01 3.542893506368612888e-01
3.277772096576677119e-01 3.446162152704427273e-01 3.375768339181093869e-01 3.155585267986451559e-01 3.356094398820613223e-01 3.369246192410753071e-01 3.279253905517823808e-01 3.177032277506542379e-01 3.447701865854106984e-01 3.264538845009977153e-01 3.360369656963331786e-01 3.490475001468071881e-01
3.373285821225776027e-01 3.456769364296687908e-01 3.434210228221366012e-01 3.377272735761701061e-01 3.176712519251900790e-01 3.407322381100320596e-01 3.258640414862917778e-01 3.224449844535275944e-01 3.303197198525469336e-01 3.351063188032548101e-01 3.392836680677381311e-01 3.244239623508760051e-01
3.216644534834852687e-01 3.335415737705794692e-01 3.495654976704708483e-01 3.284840474584069803e-01 3.260677396470790246e-01 3.357517402881385893e-01 3.372736890118261943e-01 3.280616402919611652e-01 3.360436650520813862e-01 3.406583140287081646e-01 3.312317265805143074e-01 3.316559127167725274e-01
3.381656608134205877e-01 3.223564995560709856e-01 3.417072482324441940e-01 3.494943965903449801e-01 3.346364859781169598e-01 3.039952221779613772e-01 3.493902769027700250e-01 3.223430274110773430e-01 3.251900794106800108e-01 3.558810187450297535e-01 3.232161013866228227e-01 3.336239827954431414e-01
3.280704978201264277e-01 3.467228964817902770e-01 3.250875970764819378e-01 3.367754256701547266e-01 3.302619660940993018e-01 3.146336675177190956e-01 3.362400155452681672e-01 3.353743491721998815e-01 3.137589828930759106e-01 3.576926157773459014e-01 3.261753405849456833e-01 3.492066453667873605e-01
3.088897348206880444e-01 3.464587153935480002e-01 3.541044181677177605e-01 3.172052224532527775e-01 3.425461104248457289e-01 3.287777751692209094e-01 3.327148238698885985e-01 3.426035572357703507e-01 3.281624600674217795e-01 3.269497661999473670e-01 3.473750911208867143e-01 3.242123250767964815e-01
3.340416096405530166e-01 3.328633473095222173e-01 3.418267788954158504e-01 3.275211681961136545e-01 3.291766024456316830e-01 3.285247598161142313e-01 3.275986077217963310e-01 3.306764923289254865e-01 3.442084465705090857e-01 3.157001344104385931e-01 3.382289154355377914e-01 3.496331372294351758e-01
3.534169673397443145e-01 3.387072520580793888e-01 3.224923269361683609e-01 3.314856281330303411e-01 3.505905416106606109e-01 3.385228248312943111e-01 3.215776145177539624e-01 3.234932975381661358e-01 3.393575138476074837e-01 3.396484272570919893e-01 3.171389022787068912e-01 3.235687036517005399e-01
3.355023927318344645e-01 3.661841434552889352e-01 3.378961475651340862e-01 3.178402556193760664e-01 3.384606133634006087e-01 3.229753902357514472e-01 3.289483724441022439e-01 3.312883661985808192e-01 3.325124632843974859e-01 3.280089249440177324e-01 3.284849879883138812e-01 3.318979421697991206e-01
3.430136337510563127e-01 3.463373447772193914e-01 3.141276868933407518e-01 3.431612497604302758e-01 3.444869476189480473e-01 3.112317891204744447e-01 3.213330809189546833e-01 3.528223389714910119e-01 3.405568861004433789e-01 3.410685415974962220e-01 3.339820732803658876e-01 3.078784272097910835e-01
3.316815164542175620e-01 3.317603280634142671e-01 3.336572710081632254e-01 3.351875758610872169e-01 3.243114708191007778e-01 3.474403699253326150e-01 3.260965845245591410e-01 3.254034999904085734e-01 3.375147356859514725e-01 3.576851585417193391e-01 3.287186004845819576e-01 3.205428886414598555e-01
3.322895303260293698e-01 3.279309768730760410e-01 3.016055314135558385e-01 3.307438182847717290e-01 3.445334764711854847e-01 3.227300435276455604e-01 3.481579049087361044e-01 3.395194641663236146e-01 3.457754406512035805e-01 3.389917767269923221e-01 3.408869125856754390e-01 3.268351240648087463e-01
