-7.792220874729789415e+00
-1.381334024806256622e+01
-1.003687697893823128e+01
-1.127613883251119375e+01
-1.202007607428448566e+01
-1.283189837649341314e+01
-8.068019227590975007e+00
-1.123016736392100867e+01
-7.728288017976934654e+00
-1.168452958045171108e+01
-1.166563762624407374e+01
-1.405602728044138239e+01
-9.233397106413189448e+00
-1.005976490566042969e+01
-1.068699418993770145e+01
-1.421467381820757403e+01
-1.074586434371319399e+01
-1.033337210512683590e+01
-1.115631617415651711e+01
-1.084917198310054509e+01
-1.078045158856861718e+01
-1.431757483446644841e+01
-9.807249345008298036e+00
-1.619536641193074544e+01
-1.590528038862063376e+01
-8.207780745432586400e+00
-1.343510832112324671e+01
-1.028615496023008369e+01
-1.016556128745195231e+01
-1.425759285468057769e+01
-1.314993166873076547e+01
-1.011767004690625704e+01
-7.002347143070752011e+00
-1.220234573705671188e+01
-1.054183454044986590e+01
-1.116687559991309264e+01
-1.293832560493856754e+01
-7.527487025286125899e+00
-1.184763023449383468e+01
-1.043149692998772693e+01
-8.019301872458520108e+00
-1.398321023489934056e+01
-1.392615070094436014e+01
-1.091366583917430688e+01
-8.889616767430952748e+00
-7.359117040904905593e+00
-1.316530631403533746e+01
-9.687434201964016722e+00
-1.060144346591990860e+01
-1.312691374356225182e+01
-9.274170614998684670e+00
-8.427451758611539390e+00
-1.229538283246706420e+01
-7.339231388571931802e+00
-1.272902514245870087e+01
-1.410836152089254725e+01
-1.141600984041556721e+01
-9.908895926762150808e+00
-1.128490253245595554e+01
-1.422847092765761268e+01
-1.494803391899152167e+01
-1.013181592693307032e+01
-1.150519135954730920e+01
-1.703109365650441731e+01
-6.770598219149936980e+00
-1.225015309032743538e+01
-1.260578418524045041e+01
-1.303192150901460167e+01
-1.029282981884968606e+01
-1.135471926889539418e+01
-9.267319842406925190e+00
-1.254891879317188419e+01
-1.144399057236736184e+01
-1.136270092680969412e+01
-1.388383471497591692e+01
-9.525826768798625110e+00
-1.106285297101348775e+01
-5.637895634067388251e+00
-1.200282982768510820e+01
-1.289847243871185967e+01
-1.250524967591762859e+01
-9.478188673681664511e+00
-8.072766250262006338e+00
-1.121726638598827641e+01
-1.404382705107189722e+01
-1.211452193753522444e+01
-7.060264832186865291e+00
-1.464483199782807432e+01
-1.007569494398989285e+01
-1.147682252572580630e+01
-1.162427074908020330e+01
-1.103983541655867739e+01
-8.243370506410222731e+00
-1.700701231175218808e+01
-5.751579324067157550e+00
-1.057995469527664589e+01
-1.625429982339177215e+01
-1.739090378351092880e+01
-7.349294017788493782e+00
-9.689456592932376822e+00
