3.989485243450586333e-02 1.888766774921025460e-01 3.094502872669566834e-02 2.680266849517297378e-02 1.814250565774945187e-02 8.334418082259495777e-03 6.742103718519537603e-02 8.014204709141348193e-02 5.379370052727562579e-02 9.276035707255726737e-02 6.308922529403418467e-03 1.154416336947037755e-02
1.252243623222544788e-01 2.533773038693148613e-02 1.958171405046346680e-02 1.188973881189739346e-01 7.227784530372350323e-03 4.564397504227159230e-02 8.561723433857638954e-02 3.787816252925987892e-02 8.186566128761336991e-02 1.145626328538898106e-02 1.140438733329992085e-02 3.957018191960376408e-02
8.526949915118588186e-02 3.752308687635463186e-02 1.144005378440126758e-01 3.560744545824848922e-02 8.409670070375693807e-02 3.255115141113686106e-02 1.487068746246457580e-02 4.675578092926809676e-02 4.511923481555881604e-02 3.008762236879387528e-02 1.328135594743372165e-02 2.009456879167067014e-02
1.939623143156552626e-02 3.109395526861888706e-02 8.473120961720263800e-02 1.325967989117906587e-01 5.999644482130017664e-02 1.050193859445537354e-03 3.138726427005402581e-02 9.544733701457230879e-02 2.140750879491306116e-02 3.761979159795436622e-02 3.020665436956817759e-02 1.830683780397230134e-02
7.407923221654627577e-02 6.730487222143206882e-02 1.088066140389241758e-02 6.520301410799522746e-02 2.998261844357055436e-02 5.542996756086898680e-02 2.097346887713673683e-02 1.743743829405988710e-02 4.670103162920295065e-02 1.057781837548942006e-02 6.505226809396195964e-02 6.846070517334763850e-02
4.234589944104132087e-02 3.777762465289523364e-02 5.473796373445837665e-02 2.314189665749657454e-01 5.471027806860168791e-02 2.675048153773655971e-02 3.204921423684130299e-02 2.455030218221609245e-02 1.421949912055797249e-03 1.314900089456811152e-02 8.774209420285664085e-02 3.633837014808369986e-02
3.755315070764741331e-02 3.518803991049702234e-02 2.655205151088949750e-02 3.422839220634789348e-02 9.166808118197594668e-02 1.164053560417595626e-02 1.188990401791551951e-02 5.226396795845504595e-02 7.614034684131869291e-02 2.234890290653874026e-02 4.873595692904239551e-02 1.129283285986777269e-01
3.081133573263399386e-02 5.374824221016718390e-02 5.422626649017731754e-03 5.134214391597420324e-01 1.172054393852753167e-02 5.651567580683158204e-02 1.019348011050588282e-01 1.770033500269550461e-02 3.038413696030239745e-03 1.282655358088835851e-01 2.105376547472618057e-02 1.196678816165776954e-02
2.838021223744672042e-02 9.355958514700077333e-02 5.709682014788652199e-02 5.986135946085294375e-03 6.758084238219562445e-02 5.332524885718189361e-02 3.776734970679823666e-02 3.150474566659070691e-02 1.118048411736711524e-02 8.138447828539691759e-03 5.728544310122091893e-02 1.269950754765873380e-01
2.272233186079124223e-02 1.076985357630906720e-01 8.143715321570277332e-02 5.518065683938829652e-02 9.253744553121873162e-02 6.411217931052222430e-02 2.093347154052926581e-02 1.636941449617629676e-02 2.670474312873416523e-02 6.860783572419014431e-02 9.420946534840476949e-03 8.742141179338578857e-03
1.614796980061095344e-01 3.923915375003157041e-02 1.069821051954384684e-02 3.557693805066738241e-02 1.814476686311551276e-02 1.493706102301530121e-02 2.203638612595722364e-03 4.083331941323791597e-02 8.964555813260484396e-02 3.162138943481487829e-02 8.082966880405755006e-02 4.758584038349276263e-02
4.806544915496579334e-02 8.254635955200557984e-02 7.383399168834762702e-03 1.474471878915501952e-02 2.770851067548548916e-02 9.726454782107209207e-02 7.406552274613998482e-03 1.630099542447265570e-01 3.765946388734347366e-02 3.324516173405835107e-02 1.431400576096669985e-01 5.408174867433462700e-03
7.219990724758437728e-02 7.413133823215936613e-02 3.894117303085109505e-02 1.965940515181453102e-02 2.918940941677489881e-02 9.106111146537548828e-02 4.068889934651218759e-02 5.438470534376257243e-02 1.840021235364760685e-02 1.345569733464949992e-02 4.578213514062597078e-02 3.795579349444953843e-02
1.394757693885593369e-02 5.146811218439718838e-02 3.998315177304504614e-02 1.105135073912636573e-02 3.343523682116773116e-02 3.910867484212341566e-02 6.640670021681160939e-02 6.570935579144077110e-02 4.217947303789253144e-02 1.393268196374341031e-02 1.153536902936279918e-01 4.798975638497397778e-02
2.655612892554025731e-02 1.616333728767204228e-02 3.570728388486935079e-02 7.018194561685563160e-02 2.028890357937527394e-02 2.892102520505568722e-02 2.832750350512533780e-02 7.044910335518733691e-02 3.375149544432830967e-02 4.929829216701118316e-02 5.318977652093485886e-02 1.018317765035882810e-01
7.882277893136094282e-02 9.356960233676540895e-02 8.331678727186632438e-03 1.752620512323535204e-02 3.129534538286841104e-03 1.332677720148661427e-01 3.486432246273234170e-02 5.064673312340671127e-03 7.527403950785117870e-02 8.213387337494137963e-02 1.921464407676857014e-02 1.867650569310881636e-02
3.938213997588738136e-02 9.278106474906742951e-02 4.507242524601020456e-02 4.208986813266724428e-03 1.017719717926526130e-02 4.239411648710858516e-02 8.884341392109407209e-02 5.809296672264808309e-02 7.922382187484909924e-03 1.181681337686197979e-02 1.388024341632305425e-01 7.427791572925546149e-02
2.960707957135991913e-02 5.912195881330636373e-03 1.319452043868059310e-01 3.744240369656592904e-02 6.191694835724795114e-03 1.163423909864858517e-02 1.350770097179036788e-01 6.543193908751072929e-02 3.431954613620222250e-02 8.228385846745406296e-02 2.630569174967264251e-02 6.310020248799591558e-02
1.031335152501513565e-02 1.389468349991312413e-01 4.528526546043218359e-02 1.003162384289730050e-02 1.324704113876972178e-01 2.751350992695394959e-02 7.490058683014123864e-02 7.124427397629987113e-02 8.845336498815022791e-03 7.202570711305793932e-03 1.869446424954571140e-02 1.206908250198479582e-01
3.437206903712647366e-02 3.786892991036543837e-02 1.139594354048142737e-02 9.310406086987254443e-03 1.939132088044064339e-01 4.618846819964475547e-02 3.515496855142823812e-02 3.006358823378223882e-02 6.206145868234803215e-02 7.010104086086632602e-02 4.337190439852346008e-02 2.772801825469214942e-02
8.304134020613610986e-03 5.386051414874398757e-02 3.824112373844570228e-02 6.502778940628360649e-02 5.301166773225904696e-03 8.602540152253206063e-02 3.959076923923935537e-02 7.117408483306371901e-03 7.876124800940211002e-02 9.117028950912063612e-02 2.240158045391805672e-02 7.345654725553225906e-02
3.115991072656202916e-03 4.855804940144783227e-02 7.431434255011293288e-02 6.298715727448299384e-02 2.525993765066657931e-02 1.579947760859065631e-01 2.149207650611842726e-02 1.846789776904559852e-02 1.236634813713019254e-01 4.872258677156185436e-02 4.499106218966137521e-02 4.120027567102706005e-03
3.864967095763333083e-02 4.890418735098155112e-02 8.270180421084831479e-02 1.313961403488660834e-02 1.863288440684161482e-02 1.569403034728346635e-01 1.992755295062049320e-02 1.821988701328720872e-02 4.835026255227729136e-02 1.970545599637566966e-02 1.961437548883005963e-02 1.558016098542863437e-01
4.541651134151009073e-02 1.308948566363273697e-02 1.993698185871009554e-02 5.459120624523110948e-02 5.967361236589159568e-02 5.998551294277264245e-02 1.084555122883347350e-01 1.790184498854341388e-02 3.180072055413189075e-02 7.419697917978906876e-02 1.016931132064491893e-02 5.143946911935191879e-02
9.061074766843502104e-02 7.049478095884498252e-02 5.779947711042950076e-02 1.939566812194439341e-02 4.581060358723204606e-02 2.123230470546278240e-02 1.790727712936137153e-02 5.652401204508290117e-03 1.957335916474110815e-02 4.474761502035008026e-02 1.911322039398309358e-01 2.569565393397526751e-02
2.403482515437921005e-02 6.454232233014924047e-02 5.288488078484696042e-02 4.534286093088144010e-02 6.235221036192394733e-02 3.198926824766271798e-02 1.020464645264118481e-01 5.772473369844556557e-02 8.535312779074903655e-02 2.514684967583371428e-02 6.829050451426707351e-03 6.623592528557663978e-03
5.212757221152766046e-02 3.105251214881741759e-02 1.310836830017351323e-02 3.645738092779234052e-02 8.425184183385876768e-02 2.111450248709253324e-02 3.820360924882242049e-02 7.955659281501463453e-02 1.861525822246152054e-02 3.720795580952838966e-02 9.509623567277825096e-02 3.369196073130868024e-02
1.537890040841437787e-02 1.045323558421352994e-02 2.685523394421141657e-02 5.249390126615018082e-02 3.621288830721457880e-02 5.395504858247846675e-02 4.629620826921986704e-02 8.479987684485289223e-02 1.875611226742617335e-02 6.598120564213270922e-02 1.164330550278758723e-02 2.311071624826746829e-01
7.271744469112843834e-02 4.748508537933397722e-02 1.732379126434788891e-02 2.362591799933379602e-02 7.287856640652561058e-02 2.067559094529596367e-02 2.388051950408015198e-02 6.374227391661135833e-02 2.054997571414007851e-02 1.197304925557788752e-01 5.814776060667481428e-02 1.775033233281779824e-02
2.783516017444021690e-02 2.030739522252429652e-02 5.741231521473499910e-02 2.821469041511607059e-02 6.108643634147312845e-02 8.478806069128357048e-02 5.967276522615157924e-02 9.118939811226509096e-03 2.720187677000216603e-02 1.542838597975508021e-02 8.831783301438035638e-02 4.536129833307971787e-02
1.534621966698510205e-02 2.428087803485880908e-02 2.871371421491513906e-02 1.889183834827949937e-01 1.948053453344750349e-03 1.967515643298360997e-02 1.345504665209020234e-01 4.014613335822780210e-02 8.019986480133302342e-02 2.657104221450819204e-02 8.210886149814523860e-02 2.868389472983500291e-02
3.437234738436423936e-02 6.724936381464455271e-02 2.258913819298201744e-02 4.157843506758848034e-02 7.302812907252052843e-02 4.326733739259811667e-02 4.533840560248257601e-02 4.803467269892990749e-02 4.255900729855618958e-02 5.437367300405577392e-02 1.396973236663126040e-02 2.799434666803580357e-02
2.030256260158515985e-02 1.849200909629303280e-02 5.922581818760373068e-02 2.604917829664089163e-02 5.847089746745623429e-02 7.846742822838830012e-02 1.625842962991270318e-02 2.996128825543828769e-02 5.628522198058813486e-02 9.056018111173914920e-02 4.117970919642658517e-02 3.786847976169797209e-02
6.197452126704447450e-02 3.281981374881431240e-02 3.126017735551304966e-02 1.453353229774415334e-01 5.072553240909071816e-03 1.519052121559692249e-02 1.967087481887658806e-01 8.055347022863734371e-03 1.042552527860410132e-02 7.094694022032742298e-02 8.225062708431066238e-02 3.832255024964327517e-02
9.147319826399889775e-02 4.061726733842858234e-02 7.480503686879772136e-03 1.215555074222760268e-01 3.865148148809532253e-02 2.393428462229239655e-03 1.951782825936955327e-03 3.405116747924016862e-02 8.682615894359921316e-02 2.144954950680688643e-02 9.449395246938843695e-02 8.241863526512953342e-02
1.359529599741159112e-02 2.172697116713121282e-02 2.182752176154163087e-02 9.691331777304776351e-02 4.980554995950374486e-02 5.607441222990790231e-02 8.821777927955147536e-02 2.134067786461537122e-02 3.485948884383944374e-02 8.432798982386388587e-02 1.382777130732926012e-02 4.160851704211158963e-02
8.525998468844646350e-02 5.934599126459997459e-02 4.296667072292625206e-02 3.886761389336328143e-02 5.870946987231860648e-02 2.340905652136179502e-02 1.918105781201681972e-02 1.091426763444824782e-01 6.152919989555888369e-02 3.526484864184714759e-04 1.543923723572446748e-03 9.886685985747088734e-02
4.934495386752578427e-03 8.921954849935163911e-02 7.849598493269357991e-02 7.636011931208562531e-02 5.554287367774500550e-02 8.487110121789128228e-03 6.409572185687203126e-03 1.481069473369380114e-02 4.230133236046949158e-02 3.684247077346103350e-02 6.251361350018315444e-02 9.176819408142562751e-02
1.811026737206965914e-03 4.369423564053875886e-02 1.200267989161684645e-01 8.283637056335509119e-03 8.034910800834638156e-02 3.154965361665022089e-02 2.109351233428519504e-02 1.379231035497067437e-01 3.529938067251556233e-02 2.057002704298272269e-02 1.358623584690298036e-01 1.664423786704040398e-02
4.422573255448091628e-02 3.986680293121160068e-02 1.283600404872523373e-02 2.296965938009097596e-02 7.949847458856645899e-02 7.643237784921606826e-02 1.679713161523685785e-02 5.074312819939016950e-02 4.739199619729528995e-02 6.353941107307482794e-02 2.496846726741554223e-02 4.778090044792686342e-02
9.493938552093306171e-02 4.513732346944172857e-02 2.589003645371102530e-02 5.144709713581887937e-03 1.201247739571082995e-01 2.113398156363723371e-02 8.952813231391537618e-02 5.494100138803972855e-02 2.688409723190964343e-02 4.464868161453262874e-02 1.659955148406277656e-02 3.475722128878637462e-02
3.503095470830050462e-02 3.263238667953753669e-02 2.725354324050895394e-01 6.379321999098645779e-02 2.280360635166207156e-02 1.164892210018242218e-02 1.554939015679426134e-02 2.801571629532664115e-02 3.843426003745124137e-02 3.663183745114516505e-03 1.960552724407915171e-01 2.615909980406821642e-02
9.886324725643637346e-02 1.633140426363341793e-02 9.655420202053935710e-03 5.250120105525165476e-02 8.796179654993914465e-02 7.811357500208124249e-02 4.669847159778652002e-02 1.205501167147547126e-01 6.358387028725208043e-03 1.538675300578661725e-02 5.783851092953967016e-03 4.102824461179898491e-02
1.754161200443091206e-02 3.089920286378216793e-02 4.153028665558142901e-02 5.402997053883117767e-02 7.093524076339160177e-03 4.629812048574451916e-02 3.434358959660222671e-02 2.421633787013720632e-02 4.861544791692069822e-02 6.753689257635765719e-02 1.456678622083397712e-01 3.527193824211298512e-02
1.046600268004283379e-01 5.722142329038353015e-02 2.470393301804486158e-02 1.742836784807760830e-02 4.435851251689729158e-02 5.616824458686958677e-02 2.688489741689002732e-02 2.266780795436092871e-02 1.381809406803510137e-02 9.577334158807811193e-02 2.341498774384613568e-02 6.476045957981628465e-02
1.922553935692230057e-02 7.911751984449282016e-02 1.188942126329807641e-01 2.769174906028429306e-02 1.879659142237233987e-02 2.351664653302157001e-02 9.903430136321117461e-02 3.184376450493216215e-02 1.191234266106907559e-02 3.545895626334552575e-02 5.770807431792118747e-02 4.054211158045466223e-02
1.522560480239360144e-02 3.469865078160778993e-03 7.166038821901463997e-03 4.728171880056360188e-02 1.357679380730334728e-01 1.271514053888471614e-02 1.067998548892608868e-01 4.847622688265995627e-02 1.007509001354114087e-01 9.634228676605818137e-03 8.073133877617649778e-02 6.367862784589831127e-02
2.063142221290683101e-02 2.880801359536512909e-02 1.297995523859803990e-01 1.336786032867284812e-01 2.410339022241740625e-02 1.022760371169061967e-02 1.933333847680758846e-02 3.412797416856599292e-02 9.349378305478928119e-02 7.645401652036153822e-03 1.284340998474994278e-01 1.892115519333791018e-02
5.720598078502543704e-02 7.137576303200006411e-02 4.568907427791545073e-02 7.580797444164008581e-02 4.346800014693352754e-02 1.344328492218771313e-02 1.528680580345423423e-02 3.047083351142070712e-02 5.761944588413250162e-02 2.304825643666894366e-02 5.569150658966567219e-03 1.397034560164819583e-01
2.096413583469535977e-02 1.974543624390208071e-02 9.113559235892996352e-03 2.431034548910189774e-01 2.422684073204370986e-02 2.962921058520231674e-02 1.281955572475318994e-01 2.684514035425236006e-02 4.798585542587589792e-02 3.257278713508806461e-02 1.937749943167216965e-02 7.250172340237619195e-02
6.817407517249199356e-02 2.969309177152097690e-02 2.208825032551136897e-03 1.592700855453777625e-02 1.079752467007492056e-01 1.057324074450893825e-02 4.459125633698553248e-02 7.083504322123511387e-02 4.992669111551036737e-02 3.613406742339636546e-02 2.883691673446699480e-02 1.532746388034299800e-01
3.562524706058543128e-02 2.111849860909655388e-02 6.698492341891969237e-02 1.555814027852376116e-02 4.269939247263246362e-02 1.036665871338677686e-01 1.035549375497598137e-02 7.632455193356940670e-02 6.374280924777185608e-02 2.644094181052063924e-02 3.926994625360431118e-02 3.944581094195721838e-02
2.973720151627066381e-03 3.421507215579316918e-02 1.005833930583394931e-01 4.209587435069891970e-02 5.941726611433737620e-02 7.055091162356551260e-02 7.011896935099552752e-02 4.252850046139013823e-02 5.164630812252635726e-03 9.209888914067880517e-02 6.366180622003109191e-02 4.813283980196268567e-03
5.721325305206861715e-03 7.134019069917367159e-03 1.344320354303575257e-02 1.424533803933302617e-02 1.979051522853076880e-02 6.620512074402312708e-02 5.483250084964844812e-02 1.091159759496988929e-01 9.332419147092757550e-02 5.454017389061747989e-02 7.525829968743469323e-02 7.298080554534118469e-02
1.250631216062254580e-01 8.122991608222914287e-03 3.258181860381199890e-02 8.948589673225915836e-03 3.166960209497730189e-02 5.273159626967971816e-03 1.665562797433943129e-02 2.802028841423416794e-01 5.943897802225349414e-02 9.712763154879799909e-02 9.558246045143711095e-03 3.102256339235056129e-02
2.424032930033828692e-02 3.069078061515130920e-02 6.552922981910318245e-02 1.851492697516796820e-02 8.408864107486616057e-02 5.306177348173590075e-02 4.593299345248413532e-03 3.687466739894627865e-02 1.265811465094507371e-01 9.407747457723545856e-03 2.215783922342449280e-02 1.237828446914976954e-01
5.026822986969421009e-02 3.656383435070557214e-02 1.906866251834748172e-01 2.548462932982658788e-02 1.885529113193487871e-01 3.328436608277520609e-02 2.895257563552077959e-02 2.030441148662369757e-02 2.217066591507594817e-02 9.962607665184747621e-03 2.251655001268600478e-02 3.248790337829298575e-02
4.028021355784018598e-02 2.502015021803334974e-02 1.158821284712095896e-02 3.065915637886653181e-02 5.052685035484034276e-02 4.032400756071113923e-02 1.452104857356285028e-01 2.844259088029293253e-02 1.079367117755588960e-02 2.261068004696939471e-01 1.649125961124994766e-02 4.698899828003259838e-02
9.902585201117505842e-02 2.435529773525134736e-02 3.492419029664050700e-04 3.805413598221111648e-03 6.869918248878013889e-02 5.216044057050252258e-02 3.126003269022908926e-01 3.085095045730324587e-02 8.454180413708978908e-03 2.163086959973936074e-01 2.248062656012732655e-02 1.840327613199297524e-02
9.289414081998337985e-03 1.225359753482065800e-01 6.202820963625071612e-03 1.510113260171289974e-02 2.618151758696245224e-02 6.007052844619206050e-02 3.413252371155411219e-02 6.056342925707744983e-03 3.805562546829589082e-02 1.355173687839128782e-01 4.485969392009137025e-02 1.577631862188106637e-01
2.112973982338055279e-02 1.135805934038389489e-02 9.793173216347443588e-02 5.782752034079178399e-02 2.180259192319492986e-02 1.474310274010346561e-02 1.774631627388530836e-02 8.975979951825509284e-02 1.115204968226661264e-01 2.608270492530699591e-02 1.537674436002129871e-02 1.202654792286644847e-01
7.509952329475612365e-02 9.523140289154728710e-02 4.151374006042043291e-02 6.307888890404192428e-02 3.101097785344552465e-02 1.903082809440554204e-02 1.097630511802653863e-02 3.349359882395339105e-02 4.538147393066781915e-02 2.092525261926361790e-02 5.541580730927199439e-02 4.267712061852989985e-02
2.272691807776278106e-02 1.278626476309407400e-01 7.007464141790227703e-03 1.003889201734000855e-02 1.507780187815203066e-01 2.435177657523988209e-02 5.909080651373205956e-02 7.380324517592513900e-02 4.876294535688225490e-02 1.626816356179095757e-01 1.538966899425684397e-02 5.168754559802956824e-03
1.898578108581345375e-02 4.698197412250992161e-02 5.752373380686863491e-02 1.683817997874820574e-02 1.475704503022380945e-02 6.053659839618687200e-02 1.824218167025558335e-02 6.660796101639157585e-02 3.115198265608202718e-02 5.243996709088549757e-02 1.302253833826578500e-01 4.019572323427043903e-02
1.589436295756965420e-02 4.043968047476392824e-02 2.673731552665616421e-02 3.538770526780828790e-02 3.855051982422284806e-02 1.366617829603995193e-01 1.763475067697516802e-02 1.533382069968761141e-01 2.033036356232885769e-02 5.083695338105693670e-03 2.671825338511258155e-02 1.407527762730090559e-01
1.577147618696132791e-02 7.780123518505069335e-02 8.611482811381694635e-03 1.491380821933691730e-02 4.743473105459153349e-02 4.792102923889580979e-02 5.076585293505495727e-02 4.408298848838241440e-02 4.683882110629861151e-02 8.726682441642000243e-02 1.888030212476572434e-01 6.377594341432098191e-03
1.331587298717685532e-02 3.073267454129862547e-02 2.573328238641804308e-02 2.465343856626180663e-01 6.975204230050702225e-02 1.996714816817230995e-02 8.455668124981081946e-02 4.929576406344371442e-02 5.806158814725554881e-03 2.222855700923867181e-02 6.092049409826747614e-02 3.061131774294903810e-02
5.954038105747868487e-02 5.960095922240406935e-02 5.241234000789229269e-02 8.643113171780608672e-02 4.958088968942175878e-02 1.463468528970231219e-02 4.804898341367799808e-02 1.397811574333402210e-02 2.032481323574899124e-03 1.042843688017690285e-02 2.150600276054349946e-01 4.773657413379136377e-02
2.021366462375286110e-02 1.603515217575452248e-02 8.837056684759475589e-02 3.671685009477394616e-03 6.739317400654767920e-02 1.914596622637250445e-02 4.347191156677584351e-02 4.346508268229281463e-02 6.479888547825293776e-02 8.115550294605047843e-02 8.155646046332809540e-02 2.716187042160969622e-02
8.178244800678582949e-02 3.669499752128773523e-02 6.887443956597084915e-02 1.470244502570280942e-02 3.476745919721718758e-02 3.720416426735468837e-03 1.965576005530563983e-02 1.941421372083852182e-01 3.680095342321341306e-02 3.975214881629873798e-02 2.891578032777877491e-02 4.438839610685103160e-02
1.201895991742332054e-02 4.318155874435482267e-02 2.405343269907133166e-02 5.653044732703989272e-02 7.155856249401591762e-02 5.776747569019334561e-02 7.245982626583366559e-02 6.120450948237219496e-02 3.749553304056573583e-02 1.003953607095871697e-01 1.958408272835658256e-02 5.091039752767562154e-03
6.868557509645977291e-03 3.092271783468194049e-02 1.469757908195915008e-01 1.568951694225322047e-02 1.158512361080055175e-02 1.584326724968609240e-02 6.165222644688857917e-02 4.327092599151310948e-02 1.929161752289523801e-02 9.066060596353887890e-02 8.124125501883118494e-02 5.476702723790961153e-02
5.626006281230981620e-02 4.115568074193608206e-02 1.526466314086126312e-02 5.524852881644186364e-02 6.910173554199992851e-02 3.202843277759161861e-02 4.697382082416570737e-02 5.576033928252161626e-02 2.074120100131491423e-02 1.015750104096992679e-01 2.641238154187981399e-02 1.509427676683719639e-02
3.919167243842992809e-02 2.980790581024866243e-02 1.601127999925262488e-02 2.639612058496739952e-03 1.986974950237428011e-02 1.490136738372911107e-01 5.390179785813908886e-02 8.600948610457141708e-02 1.859602788296421672e-02 5.427050535547581905e-02 1.299103724321029329e-01 2.241509415341527353e-02
8.522523676339999188e-02 5.590806932448456196e-02 3.035280933993620908e-02 1.296220899555843020e-02 3.471524616655689843e-02 5.038175730304665645e-02 1.105713499891649264e-02 2.699042976420257256e-02 2.993867587663889482e-02 6.853567232905774520e-02 1.003280841111353211e-01 3.575802622164880179e-02
5.626951530893204226e-03 8.389524468535495758e-03 6.149003537314323004e-02 1.375702155606486621e-01 2.990439507256274082e-02 5.296958677897201789e-02 1.172737896593340073e-01 5.576690591322892854e-02 5.454864572124774186e-02 2.239451485501489994e-02 3.546229577234222274e-02 1.558673011903490349e-02
6.600667572957565066e-02 1.722343972939326812e-02 8.803944196316225435e-02 6.961678167540755191e-02 1.067128263170827318e-02 5.602806905106401392e-03 4.978291597607250457e-02 9.719986508713107654e-02 9.137828934746100584e-03 6.790693207259289321e-02 5.839242295584940595e-02 3.889844409512905471e-02
9.755725979955481159e-03 5.595867715344667731e-02 3.106575366642234937e-02 4.418917523981426287e-02 1.146691944720040768e-01 2.852146880329733958e-02 3.792546738961657948e-02 5.685178724463135075e-02 6.390011177009355392e-02 8.007945256765052616e-03 4.988395064908098669e-02 3.956836521647166122e-02
3.039608260676094145e-02 3.572769742480181449e-02 8.020133805829379736e-02 1.745234014974589992e-02 1.511900339040547422e-02 3.738112005904179608e-02 1.669077546100859039e-02 2.200412950146062030e-01 1.190996898739596875e-02 4.046886125093168696e-02 6.843873116027891779e-02 6.386894387021407882e-02
8.476469271798584004e-02 4.439454833246851695e-02 1.981106131725441158e-02 6.726153172107102174e-02 3.021941105940198838e-02 2.642236004292286902e-02 9.204439378440178177e-02 3.653692131888166411e-02 1.191212970134023809e-02 1.871992390383012475e-02 1.324925139615611980e-01 1.823878778006284007e-02
5.113345752004194722e-02 6.321652937854875531e-02 6.854232361124729112e-02 1.013145920763861008e-02 7.500091802975375477e-02 6.809975196663135832e-02 4.654008199831222159e-03 7.114387400877050793e-02 4.119409320886262271e-02 1.657866572058887961e-02 3.520182894489704700e-02 1.990210178700975094e-02
4.622117198567234075e-02 2.184666480262988444e-02 3.216217969698769580e-02 2.947729263062616456e-02 5.216316574530208139e-02 6.389792907733193861e-02 3.548069519097687280e-02 4.542653885126197999e-02 2.935607860315826712e-02 2.240416602836592386e-02 5.976018977436772794e-02 6.994450947176206190e-02
6.190268978883418233e-02 3.394560198073207080e-02 6.407401427574449526e-02 4.307924000171334256e-02 2.139467722507430378e-02 1.941201442193897508e-02 3.018827605856903504e-02 1.182217968470562416e-02 1.635648313154378433e-02 1.715565326229290810e-01 6.505301928493939512e-02 4.690510094593157431e-02
4.042534268553752558e-03 4.587997053430232369e-02 1.140877872821865896e-01 4.068613798107529461e-02 3.980956633309822718e-02 5.376598832036014880e-02 2.278537891697308970e-02 6.330380698559952279e-02 3.567725649873530053e-02 8.662263174169801405e-02 5.725821814322963610e-02 5.648356172558917886e-03
2.013740461380107705e-02 6.295298312233525706e-02 1.166291145866670265e-01 1.085818705801141169e-02 4.899907316602496177e-02 2.930659834663293731e-02 5.893348443439114931e-02 1.239737067776635823e-02 2.159478357745490615e-02 7.278671405611514267e-02 4.030731243633516037e-02 6.511402745735869746e-02
4.038746678037811316e-02 4.209894697946300196e-02 3.829402832677818169e-02 2.515522510283058413e-02 3.915297287818937828e-03 6.302810942945982764e-02 6.137917593362466478e-02 1.432925328620215655e-01 4.344478721824589912e-02 1.720768993878805941e-02 4.977037559114622089e-02 1.970100162536083527e-02
1.451904064809900023e-02 2.611614771794051881e-02 4.036269219825105309e-02 2.720446942824968073e-02 1.113422694715839045e-02 3.380053930887586683e-02 2.438167200079401423e-02 3.291272101191001359e-02 4.507361816651694886e-02 1.062902154468433752e-01 1.032911295266572410e-01 8.635315568866638869e-02
5.965348911632552958e-03 4.724183439663606071e-02 5.245971993079321521e-02 1.821433273092592370e-02 4.919812907154005877e-02 1.265217564180459164e-01 1.456169000572601901e-02 4.317661946559124900e-03 4.331089606858348068e-02 9.536021606160523245e-02 2.564671691055981848e-02 1.712696963560351449e-01
2.621697628083090661e-02 9.641534535864824951e-02 4.365698014593782234e-02 6.754106734327042921e-03 4.083120878732870301e-02 5.395760429008679415e-02 1.872172456214184211e-02 9.280510128497086730e-03 9.372218800396031613e-02 2.796516383426812455e-02 4.482216008789515621e-02 1.249173071673226332e-01
5.647363730654660768e-02 9.500230478272220225e-02 8.298192151989929044e-02 5.664498394324348624e-02 9.730765293183073900e-03 5.795151572448271199e-02 2.228622074245435042e-02 1.042002543417884335e-02 2.295356871457884806e-02 4.847727162238769927e-02 5.884837677988753735e-02 1.653887496680351774e-02
1.426254910575055525e-02 3.653400000986889440e-02 1.213100791569113879e-01 2.495746657137287369e-02 2.138083341362960813e-02 4.751695912510984360e-02 5.671866874184594565e-02 2.773378710341190337e-02 4.943728239354554937e-02 7.223386814497506636e-02 3.709027900331445665e-02 3.078053456563971738e-02
5.101036559375289603e-02 1.638755077858837506e-02 6.690921939774449601e-02 1.006128048829701832e-01 3.275739692747116349e-02 3.921108665169124180e-03 7.500994643318008304e-02 1.541178766514037304e-02 1.899446998259742697e-02 1.669304102625340236e-01 1.693664519119967779e-02 4.444579265631753984e-02
2.434871541058097888e-02 9.671960081928564212e-02 2.310744687600936251e-02 5.069844894109674233e-02 2.199102334865424974e-02 7.067234845784730810e-03 4.577201182050177897e-02 4.633974061026354535e-02 8.111881910926993164e-03 2.046351942901502574e-01 2.204389230969275998e-02 1.366476744106932539e-01
2.443896404374695276e-03 5.529651387480185448e-02 1.271584138151161947e-01 1.144657310932234960e-02 8.862515460616245122e-02 3.204862532322609592e-02 4.415915230154237453e-02 8.684905170727116874e-02 2.559919165129098673e-02 2.711953169227512492e-02 1.163152577182927500e-01 1.187176104388124910e-02
4.252355867457103394e-02 4.393379079616849953e-02 7.010826470604142324e-02 2.607368651640897331e-02 2.972674021397232746e-02 2.379320438406099664e-02 2.364738016066255874e-02 3.394998514674572171e-02 7.833764757210334717e-02 9.030032664341892598e-03 4.702428093898940870e-02 1.114520450282896757e-01
1.518854828018101899e-01 5.075625132958608288e-02 1.909226264767320894e-02 3.384457285841808993e-02 1.283835382347316423e-01 5.760535085657772503e-02 1.349807740610652930e-02 1.393457011998211481e-02 6.742471731244295552e-02 5.958128652879274983e-02 7.516613877365963849e-03 1.456725989349734289e-02
4.772355321187455451e-02 2.685788922277284052e-01 4.019519412736374808e-02 1.221459806089676865e-02 4.704568524439771415e-02 1.902620315730151404e-02 2.575566042646957113e-02 3.354911563111308975e-02 4.368850027598288055e-02 2.605885644631710657e-02 2.420079268554124058e-02 4.651655549198762535e-02
5.855351053161898106e-02 8.079611137592598857e-02 5.736797172420023648e-03 6.700179889872942551e-02 6.262210894715022902e-02 2.235931705052718495e-03 6.643495449289080895e-03 1.467539819347352670e-01 7.095905359511360533e-02 8.990728103557041329e-02 3.881403177602884419e-02 3.400623239517998504e-03
3.045066183762301301e-02 4.086974796830328965e-02 4.460139416062072065e-02 4.633926403092565594e-02 2.141582315977194964e-02 1.106464978170937502e-01 2.101525961432145970e-02 2.108015003405975737e-02 4.566302867884629996e-02 1.863670962423118749e-01 2.446926605614498443e-02 1.286775343840691234e-02
3.066886800588248738e-02 8.058663551730611482e-03 1.122798226647928011e-03 2.262306190960429106e-02 1.059961062181835334e-01 1.807827153521290864e-02 1.128829373038470057e-01 5.755812493738415858e-02 1.045426306416715745e-01 5.980302518295217695e-02 6.205804103691722751e-02 2.860427392160088886e-02
