-6.580352503360125560e+00
-7.348799028629345642e+00
-6.965401067359093368e+00
-6.938000597925149115e+00
-7.178458310418870170e+00
-7.163371162769261780e+00
-6.706897901730300759e+00
-6.765793870573447499e+00
-6.588020942531087165e+00
-7.123224560942849060e+00
-7.047596609879502871e+00
-7.301532538590572941e+00
-6.881599090790269990e+00
-6.955060553082299535e+00
-7.067601441352022285e+00
-7.283861807338985805e+00
-6.937132033316788515e+00
-6.900549734829387383e+00
-6.969214914031615749e+00
-7.027222916387740881e+00
-6.922519448762670002e+00
-7.380506710835288864e+00
-6.876557241756041883e+00
-7.718747358744614040e+00
-7.612728477442161079e+00
-6.721040557622379730e+00
-7.406556068644973401e+00
-6.914537275586054577e+00
-6.965385883154425528e+00
-7.462784507769599784e+00
-7.189326778187377975e+00
-7.014758377659775057e+00
-6.599837704091171986e+00
-7.104271115701013883e+00
-6.893746848731531429e+00
-7.088054537048222414e+00
-7.084094228587535902e+00
-6.554640824781588826e+00
-7.036778084176606107e+00
-7.025249323769133802e+00
-6.636648108360580167e+00
-7.239653881534205304e+00
-7.325451241239892219e+00
-7.039139833162246340e+00
-6.803809486298499465e+00
-6.605297040021537391e+00
-7.206642858226947723e+00
-6.786315920555398229e+00
-6.975360782195322962e+00
-7.263894670884080362e+00
-6.750971151931475234e+00
-6.748198710138490597e+00
-7.141773102805313300e+00
-6.543679269412989719e+00
-7.077663265504131829e+00
-7.390756156408250455e+00
-7.057440388640173978e+00
-6.866295339148317467e+00
-6.773752396954491495e+00
-7.315457677240912560e+00
-7.497071198215717658e+00
-6.989609705137015183e+00
-7.015498777782680051e+00
-7.819821965402834252e+00
-6.466674675950030426e+00
-7.121006771661102519e+00
-7.169235762870691531e+00
-7.222026482496270106e+00
-6.888904787474730895e+00
-7.037582425102303141e+00
-6.851785414915477546e+00
-7.198702030440827571e+00
-7.159808405386303143e+00
-7.031130070559469480e+00
-7.436385018008104808e+00
-6.823479535431724585e+00
-7.026614700804056923e+00
-6.381500920177591851e+00
-7.140626735929269664e+00
-7.302110944321001718e+00
-7.203894819863139176e+00
-6.942213939764510400e+00
-6.687611563043186713e+00
-7.067820778588564501e+00
-7.424890482368129874e+00
-7.155572773324445635e+00
-6.553151479766748722e+00
-7.402426807281727861e+00
-6.918230478913089065e+00
-7.113672328465085570e+00
-7.178879258466565716e+00
-6.948699417162963243e+00
-6.601863490926284328e+00
-7.717015187386330410e+00
-6.416372277924390133e+00
-6.941049784992108229e+00
-7.662966770866757038e+00
-7.686445890206291764e+00
-6.581618325078245846e+00
-6.797322419782624081e+00
