4.209533208330423770e-01 4.375337381992402963e-01 4.206076686283140020e-01 4.097616014413568708e-01 4.065527615745869738e-01 4.017571600376439456e-01 4.227105042579551997e-01 4.282809014913592782e-01 4.242285126183575339e-01 4.220910561458877663e-01 3.976388320854689629e-01 4.078839426867768569e-01
4.303155138716127093e-01 4.190142727475699158e-01 4.108833893912263169e-01 4.244154981409119509e-01 4.022540690001031871e-01 4.182376415852287477e-01 4.251107770770282679e-01 4.197554363427534185e-01 4.210669315216605257e-01 4.023135506263655348e-01 4.078879220253555649e-01 4.187449976701967946e-01
4.230801379744510982e-01 4.198440780082895452e-01 4.292790320267116932e-01 4.194400126019989239e-01 4.228114746887398079e-01 4.131053109969619608e-01 4.081201421202739765e-01 4.181171830105016030e-01 4.169417261685242626e-01 4.141072944518643939e-01 4.067965616559968689e-01 4.083570462957348823e-01
4.102736456529356701e-01 4.177358323569617671e-01 4.336042498418564706e-01 4.379493510058097283e-01 4.261686549337166952e-01 3.840530111265708646e-01 4.114374913872161366e-01 4.229112741675909448e-01 4.177758622910114905e-01 4.191965158121204738e-01 4.107915255231632812e-01 4.081025859010553591e-01
4.255566227879699626e-01 4.219790805026616964e-01 4.059181788435322069e-01 4.216183720319067185e-01 4.147552506534000205e-01 4.207554897499992119e-01 4.122930144682842579e-01 4.074437474270137249e-01 4.171752900758910476e-01 4.052473348252672580e-01 4.222316143491523510e-01 4.250260042849530739e-01
4.166542991570736931e-01 4.151929619255135262e-01 4.261341220910404570e-01 4.410734169445379993e-01 4.280541622953877301e-01 4.165589242370274503e-01 4.097436992617419782e-01 4.095089311197110393e-01 3.883759773258653181e-01 4.092485916378698074e-01 4.227666458661866189e-01 4.166882681380355002e-01
4.170165681998905249e-01 4.129308652718468586e-01 4.122823068626926268e-01 4.154686421744555602e-01 4.224821321351195369e-01 4.061156426472004033e-01 4.079208008256119955e-01 4.178461809312247199e-01 4.227258498573577272e-01 4.156675430429108697e-01 4.213013377989927588e-01 4.282421302526926432e-01
4.099790262895260384e-01 4.170822501918379777e-01 4.038952223060839342e-01 4.420979097273003422e-01 4.171208361934594100e-01 4.278849282733824810e-01 4.274670800673910920e-01 4.131505591526121179e-01 3.938558964694108266e-01 4.247758349782227993e-01 4.128537271906634887e-01 4.098367291601529017e-01
4.227916057032326536e-01 4.267688532822008218e-01 4.199526865671602271e-01 4.002550713054643938e-01 4.199238198996235183e-01 4.200292934749995655e-01 4.176093901384029250e-01 4.108395404183587396e-01 4.015862966261922740e-01 4.038559925999039013e-01 4.232921214431020207e-01 4.330953285413805531e-01
4.106733490483824300e-01 4.283200902120009035e-01 4.292748152483280011e-01 4.253032086190183803e-01 4.276992333079574493e-01 4.205230402363297482e-01 4.092461177304574371e-01 4.090130795372463046e-01 4.121957884062457111e-01 4.201454341348515031e-01 4.030929783277091283e-01 4.045128651914650098e-01
4.342332846226168996e-01 4.203475616494202760e-01 4.090546068953160308e-01 4.173870757247774010e-01 4.068435965051361292e-01 4.127056019285080257e-01 3.927876405054324671e-01 4.160881617245432151e-01 4.236744709716661061e-01 4.187084925271005176e-01 4.249123006493946142e-01 4.232572062961009740e-01
4.193780455009316066e-01 4.219070532008452057e-01 4.064066730109739400e-01 4.134681186294934530e-01 4.127517380173953976e-01 4.268664423031163224e-01 4.066638871644523978e-01 4.296034710599970219e-01 4.191723058789476042e-01 4.159754897840691190e-01 4.261896949718040895e-01 4.016170804779682357e-01
4.265352184782466027e-01 4.244686827542921148e-01 4.158490841791809833e-01 4.091535563979812329e-01 4.128037329082915874e-01 4.253578507162325550e-01 4.200524887190711931e-01 4.189863274415056571e-01 4.078560901784318848e-01 4.048196793367538904e-01 4.160382883980958679e-01 4.180790004919002212e-01
4.111908153356788054e-01 4.163854556828030518e-01 4.132875001948314031e-01 4.055812132333658782e-01 4.147644573382839317e-01 4.165752903572407795e-01 4.239823959581213719e-01 4.215439150694538784e-01 4.168357356986190365e-01 4.108375454251205205e-01 4.275341491945496841e-01 4.214815265119520316e-01
4.133068975802836054e-01 4.088316524776712257e-01 4.143731797138973660e-01 4.205750497308646807e-01 4.115188703710278562e-01 4.139352450109176629e-01 4.122114170051794924e-01 4.209480718972070656e-01 4.157548613531571458e-01 4.200038198828730529e-01 4.223867927115685372e-01 4.261541422653634115e-01
4.261414434548576602e-01 4.287593226483854547e-01 4.053925091696419791e-01 4.162165813616364729e-01 3.978729145130446287e-01 4.274397598626804573e-01 4.179603002175125148e-01 4.065175478202910919e-01 4.251392118191473779e-01 4.237676360742863579e-01 4.129368610011000529e-01 4.118559120574047938e-01
4.246984786389735866e-01 4.265024019456333249e-01 4.163205616244119445e-01 3.951463267484684461e-01 4.047799754266722116e-01 4.189590095410130610e-01 4.273314862202743925e-01 4.206388596202224051e-01 4.007862440565417850e-01 4.058281178390168442e-01 4.295577609783141071e-01 4.294507773604531731e-01
4.115353495357271241e-01 4.045229308846808314e-01 4.288923459187486964e-01 4.169250843828670172e-01 4.050694729372932290e-01 4.076338921988459374e-01 4.287824090397229782e-01 4.267167823194453757e-01 4.181369509448714661e-01 4.229343964271577994e-01 4.128175967405743885e-01 4.160327886700687650e-01
4.126567468475884626e-01 4.307852982693165522e-01 4.202890057731543672e-01 4.052639985757210961e-01 4.241189440533708055e-01 4.147029729881158699e-01 4.256209341645990629e-01 4.216835693270502006e-01 4.049111899283964755e-01 4.056437013523560564e-01 4.072208038485192749e-01 4.271028348718609591e-01
4.127801875968997725e-01 4.114644491435078821e-01 4.059649307214829306e-01 4.079158216342243515e-01 4.339545481508724212e-01 4.226218675326031682e-01 4.165499184174325520e-01 4.121410662699716010e-01 4.204314292088970895e-01 4.228170471879194592e-01 4.185867182951159560e-01 4.147720158410611591e-01
4.008480619113974353e-01 4.204358548354557579e-01 4.165805335441535862e-01 4.232195660376915636e-01 4.030349970604236720e-01 4.203832895800441172e-01 4.143700232094122970e-01 4.072947302665113067e-01 4.279657454462219568e-01 4.296363894868903133e-01 4.160401383974785539e-01 4.201906702243551894e-01
3.955459976495655505e-01 4.187713415458372279e-01 4.253087361893485019e-01 4.263872919487205482e-01 4.171821659369238655e-01 4.282656507890291175e-01 4.114387416242673012e-01 4.116764123303362499e-01 4.292073670770589766e-01 4.216716179780481966e-01 4.174956499995868264e-01 3.970490269312718645e-01
4.221346735169121955e-01 4.204014946686855381e-01 4.204898273709806178e-01 4.078363695290361246e-01 4.117888933972195797e-01 4.289080772766283856e-01 4.142176700448880755e-01 4.091687668829100399e-01 4.125848315515280307e-01 4.079516068082021940e-01 4.134261197495151530e-01 4.310916692035055009e-01
4.152764652527563549e-01 4.075792973848439416e-01 4.106577489628231437e-01 4.180186016132054760e-01 4.241185754877905278e-01 4.254850898075523968e-01 4.283209832008882945e-01 4.126046312443758524e-01 4.120967928788253909e-01 4.197358281947337622e-01 4.072294627350634411e-01 4.188765232371826075e-01
4.270677900851826414e-01 4.234249301913561858e-01 4.201725763894716414e-01 4.105568460093361738e-01 4.177294014759844742e-01 4.092278286777619734e-01 4.090439357588886438e-01 3.966563319752501870e-01 4.107880157784687403e-01 4.207339430185288442e-01 4.351596438311701176e-01 4.194387568086301865e-01
4.114490544045782405e-01 4.216732314480393096e-01 4.215763219492468794e-01 4.176631096956312517e-01 4.190173431722712394e-01 4.157526614721727132e-01 4.275217071267140012e-01 4.252959926492136389e-01 4.257075552440093280e-01 4.112887370082092819e-01 4.015062812191482200e-01 4.015480046108262369e-01
4.173605220632241597e-01 4.116719381586988469e-01 4.075661209929966056e-01 4.155304786107159032e-01 4.230897258170766562e-01 4.146964465387942278e-01 4.164761691664471410e-01 4.209276188763433346e-01 4.115564953100818713e-01 4.171178949663523761e-01 4.255707612791400085e-01 4.184358282201208201e-01
4.102910611523743478e-01 4.067614961160361253e-01 4.104530548333795159e-01 4.165731139659910598e-01 4.174976606322897132e-01 4.209391088506059808e-01 4.195182284787879468e-01 4.238185008905911988e-01 4.095076062146600915e-01 4.221658154134144691e-01 4.096426925103415217e-01 4.328316609415593375e-01
4.209803224003335620e-01 4.166666744951458279e-01 4.110647524759805105e-01 4.108103407114210848e-01 4.198220107591038031e-01 4.109803816977700142e-01 4.096831279884991517e-01 4.177178441976543977e-01 4.138775868304254146e-01 4.302611029511884677e-01 4.240818395354128412e-01 4.140540159570971768e-01
4.138423498179112370e-01 4.082187017042858690e-01 4.170991362324220075e-01 4.153439828725158933e-01 4.252715451866213581e-01 4.279328096059474840e-01 4.224794438420357290e-01 4.020461379106262667e-01 4.132300852064187957e-01 4.091101363432128046e-01 4.257161124043681300e-01 4.197095588736402538e-01
4.081991610266888504e-01 4.162003639304597269e-01 4.171668240887109191e-01 4.311758773980455817e-01 3.904766934520828570e-01 4.106499236505224415e-01 4.273932704866136856e-01 4.222996105240121034e-01 4.267209304529142044e-01 4.154555046620946879e-01 4.229435631752865854e-01 4.113182771525761283e-01
4.145605469034033819e-01 4.211510133021258984e-01 4.130996616950701750e-01 4.173344025863404139e-01 4.222205229552696837e-01 4.185434665116647968e-01 4.183236779337083378e-01 4.189078067414266915e-01 4.174244836609432574e-01 4.181138548244495157e-01 4.064456444368627075e-01 4.138749184487535149e-01
4.090984662614701728e-01 4.072241607036902744e-01 4.187406794361044349e-01 4.155371885914511676e-01 4.226052664259355995e-01 4.226123078443262959e-01 4.085585276967420576e-01 4.134698003347952455e-01 4.204409126045512979e-01 4.275022786271934772e-01 4.193777485038678310e-01 4.148326629698368961e-01
4.184764999297222454e-01 4.161098923213626954e-01 4.149877614864164177e-01 4.269479368569976674e-01 4.028727524652003233e-01 4.104612379014089818e-01 4.281656549566169589e-01 4.048777159876290610e-01 4.096019898721366959e-01 4.221511894986548219e-01 4.264364246477412301e-01 4.189109440761065728e-01
4.239321911161808565e-01 4.140759846367418895e-01 4.062866328831046814e-01 4.289305615522938098e-01 4.188540175673159949e-01 4.021477036819040007e-01 3.967164694684624515e-01 4.119605233491274165e-01 4.229331543946071026e-01 4.176966679652953651e-01 4.286279115728275357e-01 4.278381818121926861e-01
4.034987371527646305e-01 4.118682805978921002e-01 4.123054445057288131e-01 4.256127092617075225e-01 4.228788460095196378e-01 4.223410822801729747e-01 4.237594273928311783e-01 4.124706176128641322e-01 4.150490286703489295e-01 4.227381886527173394e-01 4.098182398416918004e-01 4.176593980217601088e-01
4.326802485790102182e-01 4.275635184542055378e-01 4.179040022305119395e-01 4.148119467050318532e-01 4.158724167692164908e-01 4.105604858588400852e-01 4.183840427934592543e-01 4.323163643257422750e-01 4.240485036172624289e-01 3.816085321889721160e-01 3.957149818838877620e-01 4.285349565939100547e-01
4.016685824360801682e-01 4.255006738712975300e-01 4.279260401779055867e-01 4.278477180328766893e-01 4.201770077782397417e-01 4.043579213611687151e-01 4.032230802588597229e-01 4.051312069691409556e-01 4.159603046116190361e-01 4.201189887362298814e-01 4.234369614059254605e-01 4.246515143606811593e-01
3.953531211249970423e-01 4.197637745617422422e-01 4.298181441882595877e-01 4.103542660381088725e-01 4.208655427102993007e-01 4.117428851464821626e-01 4.144051958606859154e-01 4.289880176556126745e-01 4.204022995318140721e-01 4.162553950684589887e-01 4.241635091713682471e-01 4.078878489421731146e-01
4.167017819719677219e-01 4.143519552605180456e-01 4.057417645271010342e-01 4.129671670805918904e-01 4.248525834724330430e-01 4.253409305169646437e-01 4.113153288450833167e-01 4.178957855617744244e-01 4.172018105193961990e-01 4.208730561127179137e-01 4.136413792442434345e-01 4.191164568871809104e-01
4.275480450952756639e-01 4.197374881780187583e-01 4.139358077858933949e-01 3.953666748181875468e-01 4.253439100302548459e-01 4.147193148610006652e-01 4.277865989965932703e-01 4.223967252334717148e-01 4.129990546974798837e-01 4.149428108904279489e-01 4.068256903107123068e-01 4.183978791027009869e-01
4.184549514490095712e-01 4.215779657414411297e-01 4.418760740216156613e-01 4.273110996040107024e-01 4.112529148893842024e-01 4.046866836418871460e-01 4.067442277552051344e-01 4.097292825168915020e-01 4.166902477184547537e-01 3.979369159872915840e-01 4.303921831858598113e-01 4.133474534889545748e-01
4.262308123907255775e-01 4.107985553708468629e-01 4.048797899338986150e-01 4.181069474018602183e-01 4.276009051057055865e-01 4.295066070596135210e-01 4.238973204091460167e-01 4.281518141188868087e-01 3.987503488556852216e-01 4.110200028665423888e-01 4.008099684602045576e-01 4.202469280268700813e-01
4.095769174385497369e-01 4.136865550194975261e-01 4.157152806097548225e-01 4.205807544074258164e-01 4.028475565565297623e-01 4.156917886809702312e-01 4.114308719094823541e-01 4.118502596698303542e-01 4.202153595388791185e-01 4.267758046985216103e-01 4.337529464629228393e-01 4.178759050076563675e-01
4.301601091460968140e-01 4.215906854685780303e-01 4.107306724258151798e-01 4.071846202289157723e-01 4.167078220889498530e-01 4.196020523574544026e-01 4.132279814954303854e-01 4.119000188160353848e-01 4.050247995545886992e-01 4.229137486749013353e-01 4.147764573931147503e-01 4.261810323501125097e-01
4.129152334815033853e-01 4.273159681418357003e-01 4.303094337645231859e-01 4.143732021822422174e-01 4.092607217861636837e-01 4.114841835976624784e-01 4.239346252656279179e-01 4.155381939153446891e-01 4.074388171321245422e-01 4.140245081136085803e-01 4.169569105525769426e-01 4.164482020668196505e-01
4.073511573360242277e-01 3.994338645479362238e-01 4.027395390775734829e-01 4.205509729204711666e-01 4.313950925763714306e-01 4.132707720816621855e-01 4.271414431965966374e-01 4.191097912567878225e-01 4.252947525877753820e-01 4.072756393479999848e-01 4.249440612601659284e-01 4.214929138106341400e-01
4.101267175485645566e-01 4.160997421540960639e-01 4.339823948910996876e-01 4.343267839626680504e-01 4.131442663532498560e-01 4.037297626014681451e-01 4.090017983381716848e-01 4.146002452718227649e-01 4.267118485484200918e-01 4.068578324155115999e-01 4.253591221613678419e-01 4.060594857536096725e-01
4.248792273962249677e-01 4.264871570713341109e-01 4.212876488050969481e-01 4.230896596659801112e-01 4.158913635485239624e-01 4.055369262098853511e-01 4.097240715364783847e-01 4.139332457393383180e-01 4.174040722304378503e-01 4.116057441439050502e-01 4.006816844398515265e-01 4.294791992129574076e-01
4.088691390037915152e-01 4.133640722522270439e-01 4.062051979443741523e-01 4.334350606010944906e-01 4.173074646261930587e-01 4.172138933093128554e-01 4.270529139056929990e-01 4.143091296952116087e-01 4.166420346811412490e-01 4.123755584517306838e-01 4.114425439801565054e-01 4.217829915491447257e-01
4.256024128933144635e-01 4.147599509269029872e-01 3.919556006828476269e-01 4.061281961258464412e-01 4.235366929243044587e-01 4.085879439544400915e-01 4.204523359333571797e-01 4.214183653253578132e-01 4.185694255006994213e-01 4.160170347230076615e-01 4.177461177507172940e-01 4.352259232592055049e-01
4.158892876700052144e-01 4.095852481030023418e-01 4.198717938217507717e-01 4.105865157341628269e-01 4.182944086106967219e-01 4.255970746746944311e-01 4.096764753178089302e-01 4.240669961438605640e-01 4.217124269135910652e-01 4.152941547080213347e-01 4.150807982124722906e-01 4.143448200899457756e-01
3.981365466665612307e-01 4.125753637908661786e-01 4.258623704918985675e-01 4.218887293496451640e-01 4.226056276385945498e-01 4.237081380477848436e-01 4.193343422030335610e-01 4.141710666749293668e-01 4.031961468833220597e-01 4.286485620157791110e-01 4.246169119952988291e-01 4.052561942423197894e-01
4.003549887114984385e-01 4.031190182205653949e-01 4.048558152643535468e-01 4.060290573415730186e-01 4.094793059379149280e-01 4.206140018380044587e-01 4.228191330629720301e-01 4.312952061619245159e-01 4.298462046286622429e-01 4.247220185748026289e-01 4.249327006185744660e-01 4.219325496392019592e-01
4.256379755245501828e-01 4.086482062492917122e-01 4.221821504110251366e-01 4.020491604950672260e-01 4.162996544879558614e-01 4.005444868868781039e-01 4.133589564233828284e-01 4.403086069810726588e-01 4.273362251417381907e-01 4.255324933394504239e-01 4.050276763602543295e-01 4.130744076993648206e-01
4.145922755922292202e-01 4.127838492663999936e-01 4.186925146834158395e-01 4.136747876993105422e-01 4.239662804306739696e-01 4.192392255220721009e-01 4.033229852394978887e-01 4.176618701333980610e-01 4.272680878696503148e-01 4.103684232831869005e-01 4.130041514005970971e-01 4.254255488795444240e-01
4.185648912041843861e-01 4.193732704862738747e-01 4.342434114972545389e-01 4.203694546226855455e-01 4.337546030107950479e-01 4.175937247018285392e-01 4.134432109428507474e-01 4.063655585223937550e-01 4.094206293015343334e-01 4.043273997513672224e-01 4.108826623665323696e-01 4.116611835923110196e-01
4.146497209104775816e-01 4.118460778915202791e-01 4.055004039511807545e-01 4.112748813269853088e-01 4.186865133740177436e-01 4.214894246417019152e-01 4.303085412736291637e-01 4.163420047075085395e-01 4.071475717644310599e-01 4.309026303551936610e-01 4.117790573874059445e-01 4.200731724159566527e-01
4.239254422978692149e-01 4.117962595259668235e-01 3.793515607524602928e-01 3.985880211964508701e-01 4.208530182351947202e-01 4.278150931802664481e-01 4.453451523645238774e-01 4.235187581220832831e-01 4.083349545191120034e-01 4.293388520840936140e-01 4.144676894717506110e-01 4.166651982502249663e-01
4.086715229447338005e-01 4.271533940856886979e-01 3.976814679755129589e-01 4.118230085548804098e-01 4.147331262433476828e-01 4.188019706204524351e-01 4.148032830086357259e-01 4.007846163808509443e-01 4.165655215479756035e-01 4.309375648280783233e-01 4.252979694510294895e-01 4.327465543588073227e-01
4.099334334496656518e-01 4.094764760133755566e-01 4.271023848598696770e-01 4.219650371283807377e-01 4.107560538927597649e-01 4.051761679706166741e-01 4.087797779629308570e-01 4.280024403343659634e-01 4.302938112093078749e-01 4.168388248350555214e-01 4.090310470621857375e-01 4.226445452815234538e-01
4.262561631102937953e-01 4.285300796302274340e-01 4.208830372862554237e-01 4.210069248060331892e-01 4.121657238200049367e-01 4.098639332202529961e-01 4.048741863549636943e-01 4.130875565713685305e-01 4.162242826475839874e-01 4.106550784423138034e-01 4.182926736421462843e-01 4.181603604685670827e-01
4.102488436767334212e-01 4.250799678116069513e-01 4.055645123287936471e-01 4.053627034861947420e-01 4.251829268366182912e-01 4.132912923149891782e-01 4.217977932367926175e-01 4.244916261142790415e-01 4.248960346390555642e-01 4.308194126387890899e-01 4.095191096705211864e-01 4.037457772456202187e-01
4.118110920993950375e-01 4.162275367231642043e-01 4.181002933463339177e-01 4.101115712235269273e-01 4.065800038185218290e-01 4.179674079669360443e-01 4.089161294961404236e-01 4.206290894304669514e-01 4.154592850863608189e-01 4.237640842499491023e-01 4.309775554235307227e-01 4.194559511356548143e-01
4.136343740087940479e-01 4.158978982906810229e-01 4.084301795800265866e-01 4.153883093946326710e-01 4.183463631066422495e-01 4.307043144555423586e-01 4.165787996845305985e-01 4.276588234452473603e-01 4.090621961667545436e-01 4.018263428576295815e-01 4.138910521724402658e-01 4.285813468370961443e-01
4.055021325595959403e-01 4.169996275384506568e-01 4.020138300161105183e-01 4.102446665419271499e-01 4.164361369268941848e-01 4.173938708524037589e-01 4.183351085375919820e-01 4.165159768153020581e-01 4.223028794953605503e-01 4.318804793142239640e-01 4.365904512897137435e-01 4.057848401124539706e-01
4.037985853018118410e-01 4.103440095240497021e-01 4.154659385379345649e-01 4.402200920705169329e-01 4.306272438674919600e-01 4.171918831955671592e-01 4.226488119527235243e-01 4.161731072605635018e-01 4.010845187888767427e-01 4.112201067892916617e-01 4.179193144689677397e-01 4.133063882422303714e-01
4.225332369130435084e-01 4.202084025305945492e-01 4.206379156852763090e-01 4.243640480649628621e-01 4.206696878241311666e-01 4.091869483815372410e-01 4.144935397874421334e-01 4.032732648737948900e-01 3.950246407294731865e-01 4.088690399466931580e-01 4.351424809233823687e-01 4.255967943396640196e-01
4.116102360298285467e-01 4.072930337036949622e-01 4.245288814981945658e-01 3.974259463296704320e-01 4.222954588306310764e-01 4.088913446551329378e-01 4.172192377842699473e-01 4.183768800303002133e-01 4.241147971730252486e-01 4.285696348366571651e-01 4.254838935298164704e-01 4.141906555987245886e-01
4.242950538616264700e-01 4.194894060891574683e-01 4.241552179998792083e-01 4.068452438566937390e-01 4.151767397945491656e-01 3.956753038430284586e-01 4.141530184810969795e-01 4.344693778784422533e-01 4.212681829882286566e-01 4.164321600190145078e-01 4.109293911586375803e-01 4.171109040296332449e-01
4.038653448124599477e-01 4.144528818312634977e-01 4.126418846201185264e-01 4.213973270125498938e-01 4.233656497769660021e-01 4.225754771006700050e-01 4.234536204825869454e-01 4.224126571079173109e-01 4.195599174695395783e-01 4.246832635255731736e-01 4.103520318246129950e-01 4.012399444357701572e-01
4.021305264199299123e-01 4.162182547444502889e-01 4.295690983297842380e-01 4.123337473230600514e-01 4.096305510146517337e-01 4.063851760506053123e-01 4.180889831290132141e-01 4.175181867941402114e-01 4.140228021583107765e-01 4.285181402017610997e-01 4.258138695034996424e-01 4.197706643308022345e-01
4.170276996516328882e-01 4.148781070338713461e-01 4.108452179017469952e-01 4.201594996952447980e-01 4.224078913741711183e-01 4.174104278975399041e-01 4.171858709397374132e-01 4.194044040262902562e-01 4.134188279253059872e-01 4.240244270195586695e-01 4.133482837866497284e-01 4.098893427482102614e-01
4.177620535271483471e-01 4.102380475925847536e-01 4.079864876354811765e-01 3.944087307321132441e-01 4.112912039289320365e-01 4.309748589907542726e-01 4.242050557579428727e-01 4.235993196639969982e-01 4.107275217496054731e-01 4.219404888490273509e-01 4.299189321767608596e-01 4.169472993956796492e-01
4.259363153006675007e-01 4.194127959657749649e-01 4.138631032984358971e-01 4.065153773470321918e-01 4.132314159414494092e-01 4.168258137744843550e-01 4.044537679017212728e-01 4.122419393125943410e-01 4.133619920642231937e-01 4.245510391246016257e-01 4.290423531615236152e-01 4.205640868075051220e-01
4.003247217031252747e-01 4.049080042913451027e-01 4.239919522045437761e-01 4.326282952097753043e-01 4.193551873688430298e-01 4.216322496542833642e-01 4.285265958372304063e-01 4.212775195661710437e-01 4.193642937010018668e-01 4.110543454123024576e-01 4.130181361136185392e-01 4.039186989378126258e-01
4.186638805503823391e-01 4.116186105879561796e-01 4.270550762617484897e-01 4.222343889024129382e-01 4.080386774788311577e-01 4.034646698399468878e-01 4.184800386075122614e-01 4.263759841884624535e-01 4.088078663792732437e-01 4.207146028619543898e-01 4.189409705141970974e-01 4.156052338272904212e-01
4.045840509937850271e-01 4.192410888516659995e-01 4.149014517716844708e-01 4.217688294058687393e-01 4.285256859615966807e-01 4.167337327334107444e-01 4.188275559329207587e-01 4.197298428816281790e-01 4.219031316831588496e-01 4.045138112161711375e-01 4.157565245689270883e-01 4.135142939992101363e-01
4.168199389794377541e-01 4.164256726225763483e-01 4.223044562772806931e-01 4.087178310448197349e-01 4.059998128656069349e-01 4.154457969814148721e-01 4.112819983421935888e-01 4.329118067652301116e-01 4.087087507218853388e-01 4.180893078467357582e-01 4.214007256514405997e-01 4.218939019013995262e-01
4.243828317623467017e-01 4.176870136183783444e-01 4.112475770819252752e-01 4.188472884082447556e-01 4.132700667448261922e-01 4.167397235075783191e-01 4.245236672618372120e-01 4.158075116635584489e-01 4.082913618390406896e-01 4.085566978816686512e-01 4.263714358757431100e-01 4.142748243548534104e-01
4.209815187159026695e-01 4.219786525050008286e-01 4.230390562611883176e-01 4.111139771539344956e-01 4.241044439493604212e-01 4.234880157135162415e-01 4.031645290864721565e-01 4.212741453568439876e-01 4.155999017860232958e-01 4.108032839184800333e-01 4.156534569764921416e-01 4.087990185768431983e-01
4.194639861380345947e-01 4.096673839944041662e-01 4.124133421946459266e-01 4.132917842505170469e-01 4.202874867890534771e-01 4.229603418090267519e-01 4.170550769786646184e-01 4.157796156475426774e-01 4.114097477653833046e-01 4.116071977414247351e-01 4.219355024319858538e-01 4.241285342593300034e-01
4.191020024826632717e-01 4.150071413872320480e-01 4.202052389835317370e-01 4.171537405313804903e-01 4.123241405196351739e-01 4.074938525161059255e-01 4.092878361698416567e-01 4.045044419864792795e-01 4.124211655871320992e-01 4.343761542184171875e-01 4.277357528897813843e-01 4.203885327277903650e-01
3.996153725924353473e-01 4.192172052578946873e-01 4.306396912966012902e-01 4.227101218013430417e-01 4.162591360435908827e-01 4.169165723191943229e-01 4.091721176437706498e-01 4.186679957498959936e-01 4.191705609353780226e-01 4.270553446000230347e-01 4.195297910905758099e-01 4.010460906693315009e-01
4.129402673355418441e-01 4.242949414696207677e-01 4.290886933858223395e-01 4.088676058123682511e-01 4.191258119752619415e-01 4.121265276176219183e-01 4.189251023887454739e-01 4.061345419750942987e-01 4.101975928835550622e-01 4.211729384822419653e-01 4.166729923151619164e-01 4.204529843589655536e-01
4.194434982733801220e-01 4.198204726268296993e-01 4.157208653010355803e-01 4.124899791579643704e-01 3.934193174471117826e-01 4.202250590022357235e-01 4.254380244369164732e-01 4.351489831193627866e-01 4.223971937690187417e-01 4.099642977583300429e-01 4.170145541668922040e-01 4.089177549409178103e-01
4.091343127709842764e-01 4.105484286641346570e-01 4.127501248658695943e-01 4.133504823011818208e-01 4.061492934491379714e-01 4.123946535743847619e-01 4.076821838372834961e-01 4.135689211732974657e-01 4.201811721564480129e-01 4.323663908946934753e-01 4.339787655176579051e-01 4.278952707949501000e-01
4.005253232426229659e-01 4.156619886515982021e-01 4.157282405468095687e-01 4.146835761246483454e-01 4.255009860565830415e-01 4.294712971906414767e-01 4.113399512042190675e-01 3.980692866559466525e-01 4.149879529267828104e-01 4.260713601411446616e-01 4.179315347740819586e-01 4.300285024849137550e-01
4.189052847567492077e-01 4.254450009375886355e-01 4.168553139272616614e-01 4.040191437280342690e-01 4.162297151540933493e-01 4.169067626945018867e-01 4.126588606726979136e-01 4.037114815068532092e-01 4.207408549760751626e-01 4.140836122625346505e-01 4.210445835011644711e-01 4.293993858824820542e-01
4.214192905761803276e-01 4.289450662892577704e-01 4.272400731896096593e-01 4.212334430186425172e-01 4.055218350100515678e-01 4.179608509680365902e-01 4.083554782892782065e-01 4.073889515997249910e-01 4.136076038600662863e-01 4.174065142278156060e-01 4.201321334292123511e-01 4.107887595420701143e-01
4.068387651661553583e-01 4.178075062566186659e-01 4.282090182255836597e-01 4.152646600840212421e-01 4.116824823340834438e-01 4.156407784179514397e-01 4.185197686193062316e-01 4.151514715999367056e-01 4.202498868666409981e-01 4.233606880068981893e-01 4.153977180535248781e-01 4.118772563693219313e-01
4.154652753647873342e-01 4.119605689076235033e-01 4.266258853811132346e-01 4.283993134282236825e-01 4.180305919046221064e-01 3.936380557540913872e-01 4.204527231121148456e-01 4.096033849134230187e-01 4.148808008923696722e-01 4.317196937476078800e-01 4.128625732096080081e-01 4.163611333843836304e-01
4.154664727725249085e-01 4.263495362079450790e-01 4.133444879566159358e-01 4.167633230069301975e-01 4.115350521277483797e-01 4.016028795558005959e-01 4.145168462347539884e-01 4.157242794965781973e-01 4.055949210421957996e-01 4.326460457063522336e-01 4.157024654925994267e-01 4.307536903999500955e-01
3.986938486601333542e-01 4.239227463398844709e-01 4.325371296807273835e-01 4.119541568503845008e-01 4.211538223154895899e-01 4.125399402549235206e-01 4.176682924309924050e-01 4.222146727429880730e-01 4.155202025313202707e-01 4.157493707092072555e-01 4.223163637594434250e-01 4.057294537245073052e-01
4.222125301236738237e-01 4.195750627847606440e-01 4.215059361546201755e-01 4.125104857844265061e-01 4.112223344352923249e-01 4.100327131375869905e-01 4.127720472090675163e-01 4.144277454250441250e-01 4.212289288218246108e-01 4.055241971665268230e-01 4.203934462949331374e-01 4.285945726622637508e-01
4.296651164375466792e-01 4.215515473551250114e-01 4.115024388681380318e-01 4.168695422762470626e-01 4.294980002825341536e-01 4.214107284553207378e-01 4.075132280635330728e-01 4.085497124869533758e-01 4.196375384640561590e-01 4.189754955931714875e-01 4.045156259784172814e-01 4.103110257389986359e-01
4.253320448829150946e-01 4.426058779716769420e-01 4.247452608969255472e-01 4.069940395314669557e-01 4.141319942844202684e-01 4.061383590130581700e-01 4.135914511972160201e-01 4.149302818079927402e-01 4.155338642976666441e-01 4.103591155558782289e-01 4.084613131143534082e-01 4.171763974464266500e-01
4.194681772691901678e-01 4.251145062687729514e-01 4.117326961265554974e-01 4.240924486263500937e-01 4.193015224517986361e-01 3.979887332614610584e-01 4.051778041007377817e-01 4.311321823147762911e-01 4.304815536001323495e-01 4.255558022291811016e-01 4.133572591063064960e-01 3.965973146447092645e-01
4.109204904097912836e-01 4.148069679011016087e-01 4.178238630169189283e-01 4.191725618764275962e-01 4.128756358734524401e-01 4.239462750979148820e-01 4.090546433422591610e-01 4.125446241483865517e-01 4.226128227407573990e-01 4.349264808356820833e-01 4.162337628121406952e-01 4.050818719452158323e-01
4.128159161365704266e-01 4.056919307010814491e-01 3.882510865270156208e-01 4.096804895774314170e-01 4.230134210150504614e-01 4.145853115548334133e-01 4.293132536513887265e-01 4.246521575738677612e-01 4.302956940660449536e-01 4.238257289299862118e-01 4.233931610240066479e-01 4.144818492427642109e-01
