-7.929921783160766680e+00
-9.304511556251306104e+00
-8.556528567591831447e+00
-8.627387494654273681e+00
-8.961823795397249270e+00
-9.018244281241608817e+00
-8.098150341320105028e+00
-8.473502434921337922e+00
-7.926551446410165624e+00
-8.868186845022593801e+00
-8.782656387981917945e+00
-9.275510582840952978e+00
-8.391787876872681906e+00
-8.542679502604855202e+00
-8.729192552257432069e+00
-9.263711230023339738e+00
-8.576396415566946985e+00
-8.507931321905751076e+00
-8.649824655012590569e+00
-8.699626464992299191e+00
-8.577298392042502329e+00
-9.379932006985605142e+00
-8.432499269671117403e+00
-9.915857115108488884e+00
-9.789986478782196855e+00
-8.120013469208160473e+00
-9.333941811531994759e+00
-8.542545037722227619e+00
-8.563768714985368291e+00
-9.474777188882441692e+00
-9.087889861060496344e+00
-8.620572017282739807e+00
-7.886722758690847712e+00
-8.891773877901394840e+00
-8.500770688125209418e+00
-8.789985127260068865e+00
-8.930295344038526650e+00
-7.868699220626934832e+00
-8.772610014655628063e+00
-8.660186968277544750e+00
-8.027115718761061558e+00
-9.234107343794972778e+00
-9.289659610836467962e+00
-8.714391228137058576e+00
-8.279425782170928727e+00
-7.926908891199790475e+00
-9.098566261066022065e+00
-8.342725853111730316e+00
-8.616821811107154616e+00
-9.164602991094733753e+00
-8.251753097336154141e+00
-8.171634203034299659e+00
-8.938325817932334161e+00
-7.841734476465383352e+00
-8.914516701240863483e+00
-9.365207697884619265e+00
-8.788116464046758836e+00
-8.441421213531071999e+00
-8.442188681477293954e+00
-9.322715641765540795e+00
-9.567238394738572183e+00
-8.588445761751874130e+00
-8.731644666286877410e+00
-1.010917256409210729e+01
-7.725888921797189113e+00
-8.921924208834052905e+00
-9.007931465169193075e+00
-9.090553818030377542e+00
-8.514329209143886246e+00
-8.754402059442741191e+00
-8.356091265724380435e+00
-9.027223970998718983e+00
-8.889523858663386235e+00
-8.737455678372858969e+00
-9.408256175401110255e+00
-8.349075736646469181e+00
-8.705163274612946367e+00
-7.525297533501143832e+00
-8.933935170451094976e+00
-9.175192403057739199e+00
-9.021329347449041691e+00
-8.481825860159251107e+00
-8.077187398745358848e+00
-8.763297865380513585e+00
-9.416420630767627031e+00
-8.944340032365797555e+00
-7.836206793899293643e+00
-9.438576631122465699e+00
-8.498335481158768800e+00
-8.838241234679635738e+00
-8.929907200009807866e+00
-8.623055521862665884e+00
-8.021258722498496141e+00
-9.983883957658365560e+00
-7.575736569100937956e+00
-8.577634787563965801e+00
-9.871427325468221881e+00
-9.955639633441000669e+00
-7.905831370799474733e+00
-8.328623381673514459e+00
