1.813042295924501279e-01 2.761006550845299112e-01 1.725659194734915636e-01 1.338424110636523556e-01 1.178241214416039379e-01 1.080212419290395298e-01 1.879186344013031862e-01 2.118852787414981509e-01 1.941946654589307708e-01 1.969272569776219783e-01 1.007780481256331517e-01 1.186375377102459189e-01
2.337578009470372975e-01 1.584205833047953316e-01 1.412706823689011681e-01 2.160819348593938649e-01 1.160281409218851673e-01 1.647296726301355485e-01 2.047738203484318620e-01 1.753406932721299494e-01 1.879237324762390027e-01 1.145941282146415163e-01 1.179392451928124308e-01 1.691395654635974022e-01
1.979648092023865436e-01 1.754705268667103857e-01 2.203972268336763518e-01 1.723912710184871133e-01 1.965520145716885825e-01 1.530607796011203559e-01 1.316560363130994393e-01 1.716308335200677215e-01 1.707077416363863565e-01 1.517302868331741328e-01 1.235339316012697142e-01 1.349045420019337471e-01
1.265426211552762581e-01 1.513803934512160665e-01 2.290019990158820573e-01 2.704533709590871693e-01 2.043687196206842860e-01 7.242517331917033840e-02 1.417778468499101829e-01 2.057317014512018982e-01 1.595415373798427516e-01 1.654819042051987044e-01 1.454309043826778614e-01 1.278638282098555068e-01
2.044010333825231895e-01 1.852623301115042254e-01 1.271100427490472751e-01 1.899476419561380025e-01 1.625427999259475009e-01 1.810483742357298642e-01 1.422725012479522100e-01 1.311039137684299472e-01 1.678368618404949275e-01 1.242629051319684985e-01 1.838976459877810776e-01 2.003139496624803395e-01
1.674938761880584992e-01 1.558181947014250501e-01 1.952221215098154938e-01 2.936620961726009726e-01 1.998788597517607846e-01 1.481333056353519306e-01 1.363668224100543502e-01 1.275044895095474584e-01 7.321198557337166291e-02 1.264599167103931943e-01 2.031855727817604707e-01 1.730627590558607154e-01
1.674260166998633725e-01 1.484964691709991791e-01 1.445150494141217434e-01 1.623179334173518451e-01 2.007824449919667353e-01 1.235726378540474291e-01 1.239004279327977076e-01 1.757923570871459673e-01 1.963885092212609429e-01 1.507022872845161787e-01 1.800472619699768351e-01 2.260586049559525357e-01
1.409982181398664325e-01 1.650116664777191988e-01 1.156039823834554836e-01 3.225250978611238217e-01 1.404714321825307199e-01 1.882539972224900882e-01 2.163398863540504369e-01 1.333139035089079827e-01 9.110742373491589885e-02 2.229082578835482609e-01 1.431235667731955430e-01 1.203425674781969101e-01
1.727802281325063749e-01 2.113154698628401662e-01 1.805398921310488181e-01 1.117055685709015117e-01 1.866752975339617260e-01 1.842710917425726125e-01 1.656442476626290849e-01 1.412798012449867913e-01 1.065978289908648263e-01 1.095950384154592006e-01 1.909203795689676242e-01 2.386751561432623459e-01
1.416950194490518289e-01 2.245935280038441895e-01 2.122424371265000664e-01 1.880964297779338934e-01 2.119274503249700403e-01 1.884491567648108323e-01 1.390010706663230566e-01 1.316950902367659271e-01 1.487603297743150255e-01 1.869550758090275100e-01 1.151037969188712096e-01 1.114806151475854767e-01
2.583189174783673270e-01 1.773053642323933476e-01 1.295362408024711143e-01 1.658753010440127129e-01 1.309098549289039182e-01 1.343971799825092461e-01 8.733193074922243615e-02 1.639868686894947469e-01 2.060510897153622623e-01 1.689498775126976882e-01 1.909046787497172271e-01 1.864326961148479178e-01
1.701366866446539228e-01 1.966785329507632907e-01 1.170887771329519322e-01 1.311318761809309730e-01 1.529496225943660914e-01 2.153356298130104651e-01 1.266017794927008500e-01 2.336903702712267161e-01 1.662946533827171502e-01 1.575791693285823469e-01 2.202265746873221519e-01 1.122863275207720557e-01
2.061849648455374995e-01 2.033231690832199012e-01 1.611575512889390493e-01 1.319480318792917994e-01 1.521331240072911484e-01 2.112585191680344532e-01 1.795948928699439007e-01 1.755342520774139936e-01 1.294429038092886342e-01 1.190089517062598024e-01 1.614341847026454779e-01 1.689794545621347011e-01
1.373626049545472738e-01 1.658162268352635360e-01 1.529477628747240858e-01 1.203503239100174455e-01 1.543202055394389260e-01 1.656960251306942022e-01 1.991158172966089324e-01 1.917791475444214910e-01 1.604818787125355806e-01 1.382577951311811382e-01 2.283157230389336323e-01 1.855564890316326321e-01
1.499028222827641366e-01 1.296163919003666121e-01 1.579059049124668102e-01 1.891514449167731871e-01 1.436731160942888996e-01 1.498609599704512074e-01 1.511259404183767086e-01 1.894053990874036142e-01 1.602831829394779639e-01 1.735085933328631702e-01 1.888019189021794275e-01 2.167643252425913714e-01
2.101600343998001053e-01 2.246833161633732534e-01 1.248271583772160020e-01 1.492244048416879743e-01 1.043382573105856720e-01 2.291486567875083979e-01 1.639379818586562954e-01 1.150100822472455431e-01 2.026917954453671955e-01 2.051255397373667744e-01 1.357259985358923449e-01 1.351267742953005668e-01
1.759326835192688288e-01 2.053430727279064449e-01 1.601393381774285363e-01 9.012811818556934473e-02 1.139281467605046116e-01 1.731327494717048165e-01 2.205001250517770461e-01 1.881800426494112943e-01 1.072124045270658604e-01 1.206726420680514084e-01 2.349784137022674635e-01 2.098522631590448717e-01
1.404331566272661591e-01 1.169338383827248362e-01 2.371215115096908521e-01 1.677901360468339320e-01 1.068086162465873568e-01 1.242236647663869237e-01 2.342464111258559800e-01 2.041462675212935007e-01 1.629813435742115679e-01 1.879593867670845686e-01 1.494118510838502167e-01 1.679438163482149249e-01
1.434092030780353966e-01 2.410120931366623864e-01 1.753580801242296816e-01 1.202794254518397554e-01 2.083111197667890102e-01 1.586241266758319779e-01 2.009551049584653026e-01 1.892736384082265577e-01 1.106908115239623180e-01 1.028399378398263120e-01 1.296920695602583051e-01 2.195543894758752446e-01
1.503367232383719942e-01 1.448812612463084015e-01 1.146076865352028823e-01 1.265742999376849864e-01 2.667413392850920828e-01 1.898028946600923972e-01 1.575848439546987112e-01 1.458479564641369242e-01 1.857419501541481277e-01 1.973748027089019808e-01 1.705520331551826918e-01 1.499542086601791668e-01
1.119137763874380742e-01 1.746272441486157179e-01 1.681872738747208218e-01 1.874340233556359703e-01 1.154283596393386180e-01 1.920886730282835853e-01 1.537996526389295848e-01 1.198904025638852233e-01 2.135815902177681802e-01 2.246445451099675084e-01 1.572766636561674924e-01 1.811277953792513329e-01
8.570212893862719228e-02 1.665463709568391071e-01 2.018682657723133156e-01 1.923978819626965819e-01 1.612324277365629333e-01 2.338886827090633225e-01 1.417610647598361306e-01 1.415323974173585131e-01 2.312471873908801268e-01 1.875301453978552857e-01 1.645368793841899824e-01 9.175656757377863293e-02
1.781587312485979346e-01 1.768978904778574224e-01 1.895398697132933130e-01 1.251607551221534109e-01 1.417733575146919445e-01 2.404368002339844490e-01 1.491615237144881534e-01 1.313587854149901313e-01 1.544292306496769518e-01 1.277896799865687050e-01 1.437479109327338134e-01 2.415454649909646867e-01
1.646191433075839816e-01 1.267787538508854672e-01 1.365025578333658451e-01 1.726813202527715252e-01 1.925369153168210723e-01 1.996586534422193915e-01 2.217035852432569787e-01 1.422909421532966845e-01 1.489594846117083260e-01 1.888100323278629478e-01 1.309335462275127981e-01 1.745250654327153428e-01
2.054537443490062065e-01 1.997922624914993950e-01 1.850509588417333928e-01 1.433533183073812112e-01 1.701563794012769804e-01 1.346947979353618208e-01 1.255968826976563979e-01 9.329682028539743044e-02 1.337290606280691629e-01 1.826320774620985854e-01 2.628917793818076332e-01 1.633519182187136987e-01
1.410913544437157885e-01 1.901196839287163098e-01 1.890657282244121162e-01 1.752710322147054689e-01 1.778751749632258849e-01 1.599463290629373480e-01 2.169348101414650953e-01 2.009707993927390968e-01 2.075185123845965374e-01 1.402626871727530311e-01 1.004498908279334579e-01 1.004939972427991296e-01
1.696628009598143971e-01 1.464574137721120495e-01 1.253895141503513500e-01 1.605622653633063113e-01 2.007614395476714497e-01 1.517464302072590865e-01 1.645640441122735997e-01 1.928942804367644315e-01 1.417839409718481547e-01 1.637098025662726553e-01 2.119750254579165216e-01 1.704930424544119916e-01
1.363161881970874900e-01 1.140852512560685678e-01 1.366246352610306358e-01 1.674764859014015450e-01 1.623471181334036062e-01 1.782043523235034288e-01 1.761971577416037160e-01 1.976634108264107292e-01 1.407691064549074778e-01 1.865275513394673845e-01 1.393880749680979914e-01 2.644006675970170805e-01
1.877503937817206481e-01 1.712696053654844675e-01 1.363352383493147968e-01 1.416301827268958702e-01 1.853917763232950655e-01 1.411073583187693048e-01 1.379058172369250213e-01 1.711625409542346099e-01 1.525813929274094649e-01 2.349590989779929973e-01 1.945255344694008515e-01 1.453810605685570967e-01
1.494238063144776585e-01 1.337684388554015724e-01 1.706405198130192535e-01 1.551429464171429906e-01 1.958461282537141690e-01 2.170425172067396713e-01 1.892576423655989992e-01 1.142663873884371961e-01 1.476845395332616051e-01 1.383010718188554811e-01 2.103442195597772513e-01 1.782817824735755119e-01
1.251273504927118418e-01 1.447803761081309371e-01 1.650730327791007923e-01 2.583594683942801451e-01 8.708418652247371106e-02 1.303878314269940608e-01 2.240312089563326337e-01 1.801257503428869700e-01 1.951126357297119362e-01 1.546751618029116038e-01 1.908251698783163808e-01 1.444178275661477939e-01
1.603224781583954539e-01 1.890324260091553188e-01 1.484435126257742654e-01 1.676324350020558795e-01 1.946453155474188734e-01 1.733765155613190556e-01 1.700022849044992290e-01 1.744612087769422115e-01 1.709344100245122344e-01 1.745608914453394833e-01 1.273858087312009779e-01 1.492027132133881551e-01
1.313678843490946879e-01 1.298877823464625880e-01 1.762082367276507078e-01 1.577367462904596396e-01 1.920812397629951263e-01 2.000085859410010158e-01 1.328067737769249024e-01 1.466708142528409253e-01 1.853174694633826780e-01 2.174005795467403579e-01 1.745760646318030296e-01 1.559378229106420100e-01
1.715523926199007121e-01 1.515777254970918919e-01 1.578633752274723467e-01 2.293849249337824303e-01 1.077308624458682418e-01 1.317334681957378906e-01 2.451464061378439696e-01 1.162827457446865970e-01 1.191199570107150663e-01 1.925066863560164765e-01 2.092995869901972950e-01 1.678018688406855419e-01
2.037446291119393016e-01 1.516587605312278986e-01 1.242520319583009791e-01 2.366857499713397317e-01 1.735505147771711776e-01 9.580710705332837196e-02 8.648371449569491887e-02 1.482999054411328066e-01 1.949974157331929026e-01 1.572013291792692391e-01 2.121895244022736216e-01 2.151293173451292173e-01
1.208435419553340329e-01 1.385055058373856895e-01 1.457219157925771780e-01 2.086077035410876246e-01 1.851718408829777229e-01 1.874414750440583644e-01 1.998322449047654215e-01 1.458273190389599017e-01 1.596264264434690827e-01 2.000960942609283366e-01 1.400120631522479564e-01 1.683138691462092162e-01
2.300502681785178694e-01 1.953125523065084024e-01 1.573469437194670861e-01 1.527130071688642121e-01 1.681344536453041882e-01 1.350322032983279352e-01 1.506868237142131584e-01 2.413206768327381124e-01 1.965399558935461144e-01 6.066749088272505031e-02 8.471473308655111389e-02 2.274808912732382837e-01
1.133111221704346527e-01 2.066208333899138827e-01 2.191926368913322820e-01 2.115935852351191193e-01 1.746926237011667549e-01 1.102838154781461411e-01 1.002176247629401051e-01 1.163001501912072494e-01 1.581395559829405217e-01 1.748430683294814880e-01 2.032760196100639183e-01 2.115289642572545370e-01
8.328860546908364859e-02 1.768352594432025249e-01 2.368684335457226509e-01 1.363963938552499311e-01 1.892796710544522309e-01 1.452874916735701905e-01 1.472854981889808179e-01 2.311281413224696990e-01 1.671155288468579858e-01 1.498569890737911914e-01 2.136237827076035989e-01 1.230342048190141147e-01
1.690352484379360476e-01 1.568840262038976308e-01 1.202436018782955252e-01 1.458860783613167011e-01 2.084130728419979484e-01 2.071270600524302563e-01 1.404344890618929864e-01 1.688482878841625068e-01 1.729931872945380811e-01 1.859112508474826952e-01 1.507932555874893499e-01 1.734304415485606321e-01
2.167227670308562171e-01 1.767810782794008162e-01 1.413386829977585912e-01 1.009532861494461253e-01 2.178104276368024173e-01 1.558786446132608416e-01 2.093451522206987436e-01 1.841768930022487094e-01 1.474379540860869531e-01 1.560173514677294926e-01 1.287157978658902691e-01 1.648219646498196855e-01
1.479849922509601234e-01 1.696100015271271855e-01 3.039256526325382346e-01 2.058275977074353058e-01 1.332131241707086855e-01 1.057771128084082080e-01 1.174741637689665774e-01 1.363071638270613173e-01 1.559578548374740414e-01 1.079632922941562434e-01 2.617228920450591634e-01 1.542361521301053306e-01
2.185735955494450544e-01 1.417487436665539335e-01 1.173983991263551352e-01 1.726228320973125785e-01 2.122018614389185598e-01 2.078556980968639112e-01 1.839359691784540618e-01 2.209451478735835472e-01 1.081850748614582580e-01 1.323514017648215746e-01 1.070771177030121896e-01 1.771041586432212656e-01
1.309233038020526374e-01 1.520073919608757040e-01 1.689470790368751696e-01 1.825240139509738124e-01 1.166980403420005558e-01 1.633779921367605192e-01 1.487761492533710705e-01 1.405655727345787587e-01 1.712768971742274215e-01 2.065279253357418798e-01 2.522059911169772795e-01 1.661696431555650111e-01
2.288617619656495572e-01 1.861870777176193315e-01 1.382212814117697586e-01 1.294829403735429096e-01 1.676618813500679872e-01 1.812511509606807847e-01 1.499716460056201850e-01 1.399832526657592557e-01 1.272508267795115222e-01 2.013712095677484548e-01 1.524295391708560543e-01 1.973274320311753927e-01
1.421008796293619925e-01 2.136237756500230789e-01 2.382636167379283409e-01 1.535921565679368994e-01 1.278375311736765219e-01 1.448228188909184699e-01 2.095739670750403350e-01 1.585399570627654131e-01 1.234086696607566980e-01 1.544601021543780262e-01 1.746169567197214945e-01 1.591595686774928686e-01
1.200551464279949188e-01 8.795932355805295699e-02 1.034572575127472305e-01 1.808853054247795966e-01 2.404100614533977720e-01 1.443577682638321757e-01 2.108379893349340839e-01 1.803792792847706827e-01 2.101043668601038639e-01 1.302329741535718788e-01 2.026916427982453084e-01 1.886288849275701840e-01
1.228229191911451995e-01 1.517876601182772400e-01 2.498001569339014794e-01 2.520500532051433984e-01 1.442762474942844708e-01 1.045925106476648103e-01 1.248678102085842012e-01 1.585891143505376577e-01 2.109969692755782333e-01 1.294630151230418968e-01 2.209930695655777932e-01 1.297604738862634943e-01
1.989709420957728181e-01 1.966709223933406081e-01 1.756404000768117535e-01 1.962839150524144927e-01 1.661087602504477678e-01 1.223493155212300315e-01 1.283566023039012793e-01 1.526976808557107823e-01 1.733987258057925751e-01 1.382290882741609161e-01 1.112298282353481049e-01 2.400638191350728257e-01
1.380859491342285028e-01 1.357254088954743809e-01 1.252220311124611352e-01 2.682856064153265607e-01 1.566365383831466451e-01 1.562020547535730164e-01 2.191958418857484769e-01 1.565947982453482767e-01 1.638585537780908319e-01 1.474632368367948809e-01 1.408846832286475559e-01 1.918452973311608745e-01
2.068629515779406014e-01 1.454004242520463563e-01 7.785592932158637292e-02 1.210058459849709389e-01 2.067835097383600995e-01 1.300176802754916261e-01 1.724623476955931545e-01 1.953535223016524269e-01 1.727943201975755683e-01 1.514770751039546393e-01 1.618806499853712166e-01 2.581057435654567911e-01
1.572658009552582725e-01 1.397387080433055428e-01 1.830151937926110528e-01 1.388065925814712109e-01 1.725973609002968701e-01 2.140704124531662977e-01 1.354660148973658440e-01 1.977931493455694079e-01 1.923101720707160456e-01 1.537082988399642303e-01 1.562209973304883592e-01 1.590072987897872825e-01
9.135447690432065004e-02 1.489678215655620974e-01 2.117820088046021842e-01 1.769706154951707633e-01 1.795864190123063198e-01 1.946565177592569085e-01 1.837130200245968570e-01 1.529275008590557650e-01 1.152563193255460028e-01 2.278338261148057653e-01 2.058914210334286676e-01 1.110600531013465897e-01
1.061891775390774867e-01 1.034957141504647127e-01 1.121763954575110689e-01 1.186877702924685474e-01 1.371081791586872267e-01 1.885799754519145999e-01 1.922328870348902208e-01 2.309705439973087360e-01 2.162519445050387623e-01 1.889562629377271596e-01 2.066320384104404773e-01 1.987191110644710712e-01
2.199799360562891548e-01 1.332001031969268778e-01 1.763049986203096553e-01 1.193266193881411530e-01 1.583865857548668044e-01 9.618121914939786743e-02 1.347236449066723796e-01 2.936159145420987882e-01 2.057004556623360514e-01 1.992037811762334409e-01 1.153321794678313778e-01 1.480445620788981842e-01
1.529541638989723451e-01 1.462462257568385715e-01 1.757315963850806795e-01 1.496091884700303243e-01 2.044357812621810377e-01 1.782803870938464152e-01 1.078201311933509043e-01 1.652765088685198558e-01 2.300904748946911993e-01 1.293601539876926276e-01 1.418114182866413997e-01 2.183839699021555836e-01
1.739528552014633356e-01 1.737790108745210782e-01 2.537155572166098771e-01 1.678356729443020168e-01 2.539551231462053860e-01 1.681912796509066887e-01 1.481244413788048997e-01 1.272187570239397270e-01 1.321164515092957403e-01 1.127382828902966649e-01 1.382058964620261343e-01 1.501666717016295338e-01
1.584029418476713968e-01 1.377635638707159771e-01 1.148206801747521655e-01 1.427773997439024667e-01 1.702388738256085388e-01 1.820022054580577309e-01 2.397847763758865769e-01 1.518569445722633693e-01 1.251576798015218706e-01 2.591010323071047949e-01 1.465226590458738598e-01 1.715712429766420577e-01
2.005398781859215329e-01 1.244744262274487950e-01 4.722700133325542782e-02 8.217202636985249109e-02 1.750090654091555620e-01 2.011481928334055702e-01 3.213026137680936589e-01 1.669750646557597584e-01 1.179867423188196984e-01 2.581062061737496305e-01 1.560880506539073509e-01 1.489707320706316895e-01
1.339128363015109624e-01 2.329405037153985392e-01 1.083971482126580566e-01 1.283303255092267392e-01 1.479826549256842427e-01 1.767264006256530906e-01 1.496169973559473843e-01 1.044371313240351345e-01 1.597175756950700298e-01 2.347720312147321409e-01 1.894439126398376194e-01 2.337224824802467404e-01
1.373746028530142826e-01 1.278993805008984963e-01 2.171302406750064140e-01 1.900912810142806053e-01 1.364478566713366869e-01 1.171503080074536851e-01 1.317568015228512412e-01 2.200800837480657024e-01 2.318458072059974562e-01 1.501368828976934466e-01 1.311634953252195090e-01 2.089232595781836954e-01
2.058233546495451538e-01 2.181420976580203952e-01 1.775982937509144599e-01 1.843821181339582449e-01 1.514421737023848025e-01 1.342801644583611342e-01 1.185205788745219008e-01 1.518705684491356012e-01 1.666619545319379947e-01 1.447550840750019274e-01 1.748344778965687518e-01 1.716891338196481209e-01
1.376350771987861765e-01 2.199406718125709870e-01 1.143881996697916764e-01 1.189704457249934899e-01 2.244524433072114522e-01 1.505595544804681218e-01 1.753503450548123677e-01 1.935787717181935985e-01 1.919397547560589001e-01 2.444268359288046533e-01 1.310866460440842096e-01 9.767125430422271548e-02
1.378604621666467689e-01 1.676383185504325135e-01 1.770681211959288515e-01 1.340064178082042701e-01 1.262370160637251160e-01 1.747152395951930282e-01 1.400944280724505386e-01 1.831051604783760500e-01 1.566417342112120248e-01 1.902321401505200349e-01 2.397072383829094433e-01 1.726937233244019154e-01
1.483650294907555289e-01 1.605421621216147343e-01 1.374057999400458141e-01 1.521194384155444834e-01 1.678023269950264518e-01 2.313554403995417008e-01 1.564269531695576809e-01 2.290597839844017991e-01 1.336754919186994572e-01 9.912877899892628963e-02 1.497331814387959370e-01 2.343856131270890264e-01
1.175064764161651565e-01 1.753553742293076367e-01 1.116285074609769806e-01 1.269056319631898244e-01 1.653154204906586433e-01 1.745793706219249397e-01 1.727216986153016776e-01 1.584981504334405378e-01 1.764125296111812569e-01 2.313685689601313322e-01 2.747022835922243722e-01 1.150059876054980723e-01
1.160698486860498729e-01 1.339209742334775133e-01 1.558186292146518104e-01 2.935037297052944250e-01 2.130818771077550577e-01 1.478968123744319740e-01 1.956810281310037980e-01 1.729055210724485814e-01 1.081873803080449226e-01 1.382727906575353660e-01 1.745682711701170009e-01 1.500931373391887758e-01
1.838286984058201678e-01 1.758072681135986470e-01 1.825315049640436893e-01 2.098914263266311586e-01 1.804578305106024350e-01 1.316361120777264637e-01 1.558116134075242798e-01 1.079570452244741074e-01 7.758299779594057810e-02 1.244256286509289461e-01 2.735241218687911036e-01 1.965457526539196864e-01
1.325143263727260323e-01 1.331261767852655042e-01 2.114176985984839718e-01 1.081709651225073870e-01 1.938314356106146386e-01 1.401094063845475524e-01 1.601122175505142742e-01 1.642757432348876945e-01 1.919092180388988211e-01 2.126792609157001912e-01 2.046569030565750791e-01 1.471966483292812822e-01
2.010111918825702171e-01 1.721664579467139800e-01 1.911931885571700462e-01 1.315837720826467105e-01 1.548884770716714987e-01 9.179619083142702418e-02 1.451311385765943207e-01 2.649889520966295375e-01 1.803836728279937796e-01 1.570418350337331459e-01 1.424685352568280383e-01 1.673465878360237413e-01
1.133534374001494566e-01 1.576167751103675352e-01 1.485134160646176538e-01 1.863790813037277949e-01 1.984741787546020209e-01 1.888115223333425297e-01 1.948906512858679940e-01 1.882427447116687413e-01 1.755239902369727378e-01 2.118276533072360190e-01 1.373523787843797805e-01 9.901417070706811097e-02
1.092434977927507767e-01 1.603016176349357780e-01 2.426233210564266995e-01 1.430676192663970503e-01 1.233053294858750815e-01 1.262127076578515861e-01 1.768880507813249681e-01 1.634620650821119459e-01 1.451282646418328437e-01 2.181070419876894873e-01 2.133603962809302312e-01 1.783000883318732188e-01
1.722316498571351828e-01 1.599260459735765139e-01 1.367603707637402577e-01 1.821524269086741421e-01 1.942744402585888652e-01 1.645279081568538637e-01 1.690695315383475283e-01 1.770537237583074130e-01 1.521265597074947240e-01 2.080392199215050364e-01 1.503600819092390517e-01 1.334780412465364774e-01
1.604547052458470402e-01 1.397207420322680860e-01 1.176497468321813511e-01 8.089830569557637796e-02 1.357499249894853488e-01 2.445069656267467861e-01 1.997805663923640507e-01 1.967340445917862835e-01 1.373647404462282617e-01 1.868997879929611416e-01 2.407368926338748771e-01 1.595035775206809781e-01
2.044565206020259596e-01 1.835019821731746215e-01 1.528335840364093423e-01 1.247779710421719757e-01 1.531600425167206347e-01 1.682255186822653181e-01 1.210159808587032287e-01 1.444733117566605607e-01 1.539783242616937775e-01 2.014224335092006379e-01 2.204299250995341297e-01 1.717244054614393278e-01
9.555052622305440502e-02 1.144029625722715326e-01 2.028257864388010034e-01 2.506125016391795302e-01 1.656126459662370376e-01 1.773187569327419333e-01 2.283099231829694153e-01 1.904614335049268914e-01 1.766846211384624776e-01 1.416842280034465162e-01 1.453624363386737950e-01 1.111741780592371831e-01
1.716382402260273332e-01 1.420592992394369980e-01 2.152764101343365710e-01 1.963499902428271771e-01 1.217936200838930505e-01 1.068160078098947530e-01 1.775902883631650941e-01 2.166404770525919010e-01 1.307898365310427580e-01 1.813301467952789514e-01 1.787491904926408470e-01 1.609664930288629003e-01
1.199961164334198971e-01 1.775038852433360737e-01 1.581879393597745154e-01 1.827128494740619391e-01 2.268078578320415206e-01 1.588277534858728024e-01 1.647598012789086297e-01 1.852981802346039819e-01 1.902138238207933818e-01 1.204511792288897876e-01 1.633237832261736633e-01 1.519168303821231691e-01
1.563393013808583865e-01 1.629833325901803298e-01 1.934078401125838842e-01 1.319264189222037753e-01 1.211167237703311694e-01 1.527777409705119993e-01 1.451788750375970494e-01 2.641511722264280326e-01 1.332573149942900548e-01 1.603706801596034015e-01 1.899226033834311989e-01 1.885679964519803020e-01
2.011528532554228144e-01 1.682608770637846751e-01 1.414438583872830169e-01 1.794237303321967181e-01 1.516061068586588290e-01 1.582013415648029220e-01 2.079541345987996892e-01 1.605060514495946222e-01 1.210163940500787183e-01 1.349690275019031493e-01 2.220308310283937991e-01 1.534347939090821289e-01
1.798316086778685707e-01 1.928734908271984017e-01 1.880890308951889689e-01 1.349033830065514694e-01 2.049244766694912345e-01 1.995698136452437876e-01 1.165947092394034740e-01 1.883526019599245926e-01 1.633766582525784106e-01 1.370888297366517627e-01 1.583618630702792462e-01 1.360335340196203169e-01
1.760545772028958844e-01 1.382623121235731500e-01 1.481268697250132382e-01 1.522499006524485887e-01 1.817091920811212680e-01 1.932446787337881444e-01 1.665779176776823189e-01 1.640424791170180807e-01 1.453081391618419316e-01 1.432391129713520006e-01 1.893429416291260159e-01 2.018418789241398503e-01
1.750593621249302290e-01 1.622076561208178891e-01 1.886416068587949413e-01 1.700470717966944545e-01 1.414778677663019735e-01 1.288708273362455248e-01 1.354267091129651990e-01 1.126163198670876719e-01 1.408446391471663561e-01 2.613714910499064237e-01 2.093953716567217571e-01 1.740410771623692177e-01
9.641573644784866282e-02 1.754669901775964269e-01 2.350805392403028382e-01 1.817056742092865718e-01 1.610411999370008340e-01 1.678365408333459541e-01 1.390566029343220933e-01 1.738128894221861453e-01 1.713236864922172975e-01 2.145900250116781482e-01 1.809499362120271793e-01 1.027201790821882094e-01
1.449797549530702223e-01 1.990406749086632288e-01 2.322375482537254454e-01 1.333623847379709071e-01 1.682813966701170449e-01 1.520984565425451407e-01 1.753924845261695120e-01 1.218436475840417171e-01 1.368596913223520117e-01 1.888687141525625113e-01 1.692480661344151760e-01 1.777871802143674573e-01
1.721730170778779379e-01 1.753885521278892856e-01 1.625113552483790635e-01 1.424129319007048089e-01 9.280253329040685784e-02 1.765397248270111630e-01 2.007222413285091600e-01 2.531209922787269750e-01 1.776654934734808733e-01 1.344771679152445276e-01 1.701786128759144034e-01 1.420073776558541667e-01
1.320029063363955812e-01 1.422719402234185471e-01 1.582639447627760543e-01 1.503408960827484764e-01 1.229159747419728277e-01 1.505220039258759468e-01 1.373527921941927743e-01 1.493749261285731156e-01 1.710956465922723879e-01 2.310318360976006957e-01 2.406889657804542337e-01 2.141381671337194703e-01
1.106438982619944167e-01 1.549045041665397249e-01 1.644565031011445411e-01 1.452378082883293287e-01 1.913455181441666153e-01 2.354550052764775303e-01 1.311336836838414843e-01 9.209137309624143564e-02 1.585223207985947402e-01 2.105403310896913349e-01 1.650876505273766170e-01 2.405814035656018146e-01
1.660339687467017877e-01 2.096039929156842674e-01 1.680412679687244837e-01 1.136866351654782226e-01 1.625541507167029276e-01 1.726728764974520547e-01 1.389385619198222899e-01 1.184033674714098927e-01 1.947480882436402605e-01 1.533413884033211216e-01 1.769073323706004952e-01 2.250683695804628903e-01
1.810253108827055701e-01 2.226185743963678132e-01 2.138649630498531962e-01 1.785484567438646031e-01 1.234609590051143069e-01 1.761053165860504421e-01 1.357640766965796109e-01 1.217298149494714932e-01 1.475691196630108393e-01 1.762965530778180523e-01 1.837301393400599392e-01 1.392867156091032177e-01
1.247892972478174267e-01 1.691507726558894309e-01 2.302721384227275070e-01 1.553178546303944640e-01 1.392796832462683543e-01 1.662312488525235499e-01 1.769628666883131529e-01 1.546917157807936039e-01 1.783170681160745341e-01 1.976337032640373415e-01 1.626360697068364169e-01 1.447175813883241624e-01
1.635010470145334127e-01 1.378980614155440598e-01 2.006337282603029015e-01 2.228047161961465572e-01 1.542585376567683353e-01 9.405661640135798418e-02 1.951228106767418924e-01 1.344925613297177913e-01 1.455250111810418023e-01 2.476733623369058168e-01 1.459645694596983234e-01 1.580689780712430381e-01
1.571729220822878359e-01 2.077281297432785334e-01 1.508865534120597540e-01 1.646664022219885837e-01 1.340423205020981334e-01 1.064078896776169542e-01 1.546039771209591351e-01 1.568230457027846858e-01 1.236532835727383733e-01 2.574509835102657407e-01 1.587763578018538957e-01 2.277881346520687911e-01
9.197074320735720843e-02 1.972049959122847418e-01 2.488504442084399915e-01 1.402788103038298262e-01 1.853630634439311364e-01 1.486404596165206704e-01 1.672014333421694143e-01 1.945183956527985480e-01 1.497976272361817851e-01 1.541934743147920228e-01 2.052973337275067478e-01 1.166832190341854231e-01
1.805485900739841609e-01 1.713822842942688274e-01 1.902249824908408549e-01 1.485158801039317966e-01 1.432874967948157552e-01 1.385015443629853682e-01 1.442411456279012183e-01 1.599590232504587706e-01 1.943058049063972059e-01 1.234407303047567184e-01 1.779268048077703168e-01 2.276657129818903114e-01
2.440662618960158792e-01 1.846815376529810926e-01 1.325395515066639940e-01 1.601063418366630853e-01 2.376280634011931903e-01 1.886601154547943027e-01 1.218660654953517691e-01 1.247132210770875438e-01 1.845034239202002213e-01 1.781195460962523014e-01 1.101487996409603737e-01 1.329670720218351088e-01
1.909529477328739955e-01 3.048429471382883005e-01 1.852416579777715344e-01 1.220066903020907007e-01 1.587549599510214571e-01 1.322014756552497561e-01 1.476930589855344755e-01 1.574779403750390938e-01 1.644062546580215556e-01 1.431738529544466509e-01 1.344405881002842806e-01 1.588076261693797120e-01
1.810319709672298383e-01 2.071512199000199450e-01 1.293457444065938822e-01 1.979292200352638920e-01 1.837430925477965271e-01 8.831802730275509217e-02 1.108690299861811862e-01 2.429087414833971392e-01 2.212391105094259625e-01 2.057160075747698769e-01 1.413664376044317661e-01 9.038139768213457326e-02
1.397933520876876723e-01 1.593988111762078552e-01 1.685305203072052227e-01 1.693005093260426253e-01 1.506274029943003856e-01 2.119028911170300344e-01 1.368406433829208180e-01 1.362791845151065107e-01 1.863920116681621331e-01 2.683282654255047528e-01 1.565167079342890122e-01 1.160897000655426586e-01
1.480964971942242414e-01 1.071537639727546953e-01 6.965547819818200537e-02 1.324880626942533113e-01 2.048908942472763839e-01 1.544441510333265100e-01 2.231740903255370612e-01 1.947805310377996590e-01 2.222429195997757401e-01 1.956617402849713250e-01 1.923797285152638592e-01 1.550321428966350834e-01
