-6.425621065390165754e+00
-7.891845325759950569e+00
-6.952685557089420598e+00
-7.234161233587449225e+00
-7.398156154119712724e+00
-7.685915292237845975e+00
-6.459178072374156976e+00
-7.293022337792832488e+00
-6.356131778142925626e+00
-7.376034452851447654e+00
-7.323664529754807972e+00
-7.916326119603112055e+00
-6.757017104353345793e+00
-6.941692906154974807e+00
-7.110890127925981297e+00
-7.895135370986237078e+00
-7.138553837284619341e+00
-7.029017003170836553e+00
-7.233067499356677921e+00
-7.185487888613684149e+00
-7.045369867366679806e+00
-8.027871398881165632e+00
-6.929515880338813716e+00
-8.475333937757850933e+00
-8.431790849710498748e+00
-6.518627886882608635e+00
-7.796196505955347966e+00
-7.021504374275624016e+00
-6.974091772887504703e+00
-7.971760391294452575e+00
-7.728360404872136158e+00
-6.957364529735182046e+00
-6.191268939699297036e+00
-7.524442027654338894e+00
-7.068011503489667113e+00
-7.207095508803753603e+00
-7.636756824591158122e+00
-6.307069106318317964e+00
-7.389941274124675274e+00
-7.035652816758668493e+00
-6.418652770930040496e+00
-8.000823488016111540e+00
-7.881755104573747950e+00
-7.162857404853179233e+00
-6.659769553454936819e+00
-6.293142316308972362e+00
-7.725204160034611078e+00
-6.897955254694917215e+00
-7.092244429233984349e+00
-7.749085569974658583e+00
-6.767814428250758851e+00
-6.515441993125046238e+00
-7.493957579676800762e+00
-6.294821251725769784e+00
-7.615051635163176513e+00
-7.950332031390123788e+00
-7.343811833308323322e+00
-6.962813856506596011e+00
-7.379149164128556038e+00
-7.997227025149141966e+00
-8.196121457417538281e+00
-6.973790980161176378e+00
-7.368850835989433357e+00
-8.689763284696525147e+00
-6.157094096873571232e+00
-7.533280353392580508e+00
-7.635272953170337829e+00
-7.747893238201346122e+00
-6.947862678329400410e+00
-7.270168792066132646e+00
-6.767883876544294353e+00
-7.575659489008916836e+00
-7.288081215202220520e+00
-7.313646399532887976e+00
-7.905657513939131853e+00
-6.854133970214847160e+00
-7.175423694910589845e+00
-5.816458869461769154e+00
-7.454251492131304779e+00
-7.666433307577255718e+00
-7.490104225969378859e+00
-6.807406654689323489e+00
-6.491562705598104444e+00
-7.247490468622498128e+00
-7.922963567693867226e+00
-7.442768246991237291e+00
-6.216785814256859943e+00
-8.104058278120906067e+00
-6.943779341560761154e+00
-7.288643072023297975e+00
-7.351468611469984538e+00
-7.177791781098883384e+00
-6.501329229852219171e+00
-8.677885584346434200e+00
-5.864534477854306260e+00
-7.106755649529967300e+00
-8.555940113009729231e+00
-8.754571200692353727e+00
-6.309636586313160933e+00
-6.864274577831285917e+00
