3.210563619265790168e-03 1.000193541989646655e-02 3.492335928276162592e-03 7.444737736025386354e-04 3.914619992759248222e-04 5.622197310256461366e-04 2.232575175817316966e-03 5.217456823135747587e-03 4.887861452565205218e-03 2.265399378089004087e-03 4.449297525765544552e-04 5.835706892946306490e-04
3.601946171210651092e-03 2.113413781915788811e-03 1.370744239972059063e-03 1.835766523537751089e-03 1.038251098971485972e-03 1.600989954877491024e-03 3.625282202698220258e-03 3.892945635075101100e-03 2.109960587254023322e-03 4.790502683095995435e-04 5.914890913893459078e-04 1.795308124321172514e-03
2.777021387473022161e-03 3.802679795307497158e-03 4.530088651218053264e-03 3.464362515101643107e-03 2.922841648330593012e-03 1.423545004191290562e-03 1.126211595932089925e-03 1.717543167063212851e-03 1.715785672147824431e-03 1.151593710689431801e-03 7.193506301169130769e-04 9.446287064782136946e-04
6.392174852199271470e-04 1.310439310521565757e-03 7.000905825841292028e-03 1.287903936930265801e-02 3.358565712953328307e-03 2.631623775588490385e-04 7.123169513358884857e-04 2.407938962457017822e-03 2.604420073622465415e-03 1.800584822605801874e-03 7.831948466151784308e-04 5.316022783792468970e-04
4.675007364457786120e-03 2.509333646288670460e-03 1.214105222017481485e-03 2.188098857162581231e-03 2.319944956231643780e-03 2.168592831655184391e-03 1.173903108779567397e-03 8.543876754561875817e-04 1.119474918398277860e-03 1.046291798941332337e-03 2.435208771081645920e-03 4.485855182794255824e-03
2.162071501869242129e-03 1.642517892985548376e-03 4.896126873600800851e-03 1.257743305564297184e-02 5.191978062698054952e-03 1.353181994420266793e-03 5.309284853674732735e-04 3.057595164127310567e-04 1.881642573711948005e-04 6.129986875712863797e-04 2.400048371994014263e-03 3.031451898942053285e-03
2.795752403803358245e-03 1.228399457042966651e-03 1.321527953355836624e-03 2.134205251128375603e-03 2.219000213753503231e-03 8.522736367474164753e-04 8.290565043343122668e-04 1.841797594130654015e-03 2.747676355392947821e-03 1.974656261585039201e-03 2.951520091504439888e-03 5.245967691544925308e-03
5.028942547521582113e-04 7.550361858734867945e-04 1.508817560620535209e-03 5.239077285956754773e-03 1.825081936852167123e-03 1.814381046910639762e-03 1.820938607998190666e-03 8.547211750789102634e-04 4.151887718118595235e-04 1.258142608448445995e-03 1.219023429012227070e-03 8.393824596749544127e-04
3.712151666537720756e-03 3.619077077910881363e-03 2.184035336551036575e-03 9.116766289029500526e-04 2.184976940902900663e-03 3.334943938138051553e-03 2.235267503576934909e-03 7.765866560936530473e-04 3.096748442811955368e-04 5.684964385615170037e-04 2.897416037396328102e-03 5.788609473743656399e-03
1.188585793328870294e-03 5.213803783538355219e-03 5.955382091035027123e-03 3.990112219521784950e-03 5.112514276759683174e-03 3.138178093645108309e-03 1.104097058359984878e-03 9.490998358710938179e-04 1.247385269253124297e-03 1.353863480730384391e-03 5.603345526349238310e-04 4.798054396141168969e-04
7.482524196087162946e-03 2.840114986758675124e-03 1.105752984381706133e-03 9.503827249568828775e-04 5.465148084149555347e-04 4.930285736357558225e-04 3.545962616421439225e-04 1.266191028639469330e-03 3.337131023375861268e-03 3.203240264067572056e-03 2.878216812886602929e-03 4.642939127035649802e-03
1.506356431310874313e-03 1.203162935130328666e-03 5.844504214692709722e-04 6.758062182390645566e-04 9.375414282949287798e-04 2.254919836030580896e-03 1.871832108383272332e-03 2.927051269266971525e-03 2.281010137991507526e-03 1.951884574568972562e-03 1.925271867008471628e-03 1.075506049151913604e-03
4.892640001767521209e-03 4.196563849932619453e-03 1.755986049945800279e-03 9.607183479264059470e-04 1.563918658193886625e-03 4.054185127818328918e-03 3.756906459431149335e-03 1.994539367643181123e-03 7.638702534802767428e-04 6.493804663300004054e-04 1.278055824637783786e-03 2.527742511861691410e-03
1.458568364527346390e-03 1.234549068027258455e-03 1.058888414903944334e-03 8.085705585935955243e-04 1.162964468500978735e-03 2.218272805238344185e-03 4.338211209002727255e-03 3.436120218272486430e-03 1.656161871159310449e-03 1.615740531539757580e-03 4.004826962409183989e-03 3.146659799864823682e-03
1.564159425495647258e-03 9.438097132817735869e-04 1.477093381084339718e-03 2.216619695850750686e-03 1.497357773007900687e-03 1.288312125001537340e-03 1.548390357588387469e-03 2.615596124642240519e-03 2.191262148460253450e-03 2.450459935096176590e-03 4.079195572279295870e-03 4.383006372860716315e-03
4.533675390379496989e-03 5.374397987795163749e-03 1.190744615412218238e-03 7.775996262008328525e-04 8.249732381619846039e-04 2.511389500747284939e-03 1.585707491415080939e-03 9.556059577050075252e-04 2.608840392464537722e-03 3.099623703697759053e-03 1.198590488440311446e-03 1.146443759966556076e-03
3.408792948539208448e-03 3.316088899520334976e-03 1.371586202281973449e-03 3.025610887774330153e-04 4.687841575105304191e-04 2.381831131800198412e-03 5.648366657036210312e-03 2.864434865711433000e-03 5.542732122456694825e-04 8.904815108075249007e-04 4.933797949908621562e-03 5.461412099003799640e-03
8.747879848120733871e-04 1.180704674313762465e-03 3.068069307318545703e-03 1.470271176115940399e-03 4.800980717605781486e-04 7.726413930183009728e-04 4.517058478569278834e-03 5.225176636938074978e-03 2.402313654948708219e-03 2.442255703415964312e-03 2.006909728193900008e-03 1.345894222532390775e-03
2.795803325158335503e-03 3.987272001167350109e-03 1.921341682688029826e-03 9.700140899198572047e-04 2.002442016533755812e-03 2.906278502434515854e-03 3.634504634216893619e-03 1.559971493838949392e-03 3.614830221129683115e-04 2.831760215305112070e-04 4.868468138068281670e-04 2.197259605982919677e-03
1.089804880196632800e-03 6.569634651999945113e-04 5.064166419317471090e-04 1.155617123071526553e-03 6.453263967883548363e-03 4.686259421185548155e-03 1.657339641141438195e-03 1.451355517425817346e-03 3.100976776006575918e-03 3.652117083894583418e-03 2.444285102284735403e-03 1.595148085375150751e-03
7.860557538430420479e-04 1.659580340690636853e-03 1.849756185260170195e-03 2.024250717358830765e-03 1.143923716962201445e-03 1.500649458711641321e-03 1.046446950500644693e-03 1.004177330430429740e-03 3.455792790060843635e-03 5.441246975718962500e-03 2.550459186469072534e-03 1.415985300213281999e-03
2.360201407553131465e-04 1.381891230962145351e-03 3.392433620805694865e-03 3.398491476376848570e-03 2.734501290516597183e-03 3.545458703420777818e-03 1.452853925454350350e-03 1.437076290548478961e-03 5.197724865191898080e-03 4.528848325708803926e-03 1.415242249778480167e-03 2.131745220089535891e-04
3.594343396355172918e-03 2.609551160917812813e-03 1.640569538138408976e-03 8.937177331234324399e-04 1.317690015616966755e-03 3.270040090631151121e-03 2.007956010067862753e-03 9.605974626987893224e-04 6.261552029155694225e-04 7.641511850586198184e-04 1.679271061504831585e-03 4.306011104514111988e-03
1.225508578455133555e-03 7.918503635117768620e-04 9.471685587075538227e-04 1.775978414496962032e-03 3.614838044273718798e-03 5.046222983221214896e-03 4.078315495134583399e-03 1.601592142390599084e-03 1.276950060308676676e-03 1.791675236178818858e-03 1.567662852481869649e-03 1.852384808469564621e-03
3.932399516189329612e-03 4.618359246735707219e-03 3.018484454565619184e-03 1.668653608055701686e-03 1.539763696041655068e-03 7.727446805503905775e-04 4.219948495173164900e-04 2.437176087571632337e-04 7.809621636526477024e-04 3.503662573922827501e-03 7.603498140104145500e-03 3.196054969915438151e-03
8.058579328923414940e-04 2.742170406643664425e-03 3.961555430572819003e-03 2.860745836550077949e-03 2.305480000522862512e-03 2.415602858501681403e-03 4.578515208382750307e-03 5.844984841736308376e-03 3.855625815858692348e-03 8.761096939653371506e-04 2.693818491691699459e-04 2.634633832001647639e-04
1.881884627322054013e-03 9.403129918770831855e-04 8.981197727684216928e-04 1.600208318407748184e-03 2.498089591862864920e-03 2.042619492356738137e-03 2.033632341590927047e-03 2.093515176228698520e-03 1.521297157908793694e-03 2.006542463912027764e-03 3.742592569960674024e-03 3.221607335798970691e-03
1.149053738262648420e-03 5.005637115004082710e-04 5.989387354033420948e-04 1.389955241720819586e-03 2.117076562281385368e-03 2.577760906296909169e-03 2.722180068484184728e-03 3.112824573036969585e-03 1.645364705131111341e-03 1.880737290303889815e-03 2.368657513408719759e-03 4.352722154868086946e-03
2.143623447012575709e-03 1.799803240915957316e-03 1.200972307290940760e-03 1.131032358900153001e-03 1.647448137397094711e-03 1.356859531775531352e-03 1.113897166591025240e-03 1.475431696029706231e-03 2.500119236233694364e-03 5.522373059103635740e-03 3.513049753903860206e-03 1.790849921017909248e-03
1.416353041501012015e-03 9.936243743042837747e-04 1.534454137010173589e-03 1.958985234553437330e-03 3.977869130375400776e-03 5.541097602005782066e-03 2.950086883284544232e-03 7.496002418018272648e-04 8.687045947596117685e-04 1.472739436786441036e-03 3.640403911636619447e-03 2.798005984569960827e-03
5.221693019289239818e-04 1.021292775144152240e-03 2.331481841646939907e-03 2.945458187481979351e-03 4.715689035777270808e-04 7.543852680781666480e-04 3.500386654578353622e-03 4.260504082140223470e-03 3.040307888259896098e-03 2.128543078081330565e-03 2.428366176191409931e-03 1.030016864078612615e-03
1.785155178592271472e-03 2.387137632356464180e-03 1.780599977362217531e-03 2.156084641921187598e-03 3.146518200546506543e-03 2.815640349396027198e-03 2.282823687152396412e-03 2.494171932673715057e-03 2.513848158406977590e-03 1.831147376930027104e-03 9.333666095235999220e-04 1.220289432939567712e-03
8.131925651775252393e-04 8.611807542006147398e-04 1.593164453611686402e-03 2.318108226960202516e-03 3.623010810736597941e-03 2.908121471047376942e-03 1.169840051204202669e-03 1.267353454269803774e-03 3.103860672965938136e-03 5.370498057203978125e-03 3.009833169057713961e-03 1.317531089491899392e-03
1.505220478879893244e-03 1.493232717408573239e-03 2.030905004679123358e-03 1.961017085824169615e-03 7.121884964063670675e-04 9.386558720117474689e-04 1.547783657124474684e-03 6.733349092462360703e-04 6.402641307606945706e-04 2.036232743076823830e-03 4.438167156395200416e-03 2.942490128101386566e-03
4.389694351544608068e-03 1.285186793651599529e-03 1.244536560062036324e-03 2.909337376747021288e-03 1.320177417982514988e-03 2.976245381810081357e-04 1.863196046948764227e-04 6.375093010890747584e-04 2.233181174883173362e-03 2.685732056477921001e-03 4.508003136318106986e-03 6.922618766206214969e-03
5.948693839367470183e-04 8.390358237638668179e-04 1.485716235814528267e-03 3.357621872386585583e-03 3.706106053173996266e-03 3.530693778005055891e-03 2.905333670892001202e-03 1.662824359777179649e-03 1.771338926106978771e-03 2.666537518503236080e-03 1.813541867736219362e-03 1.355332572194130943e-03
8.610657647640740375e-03 3.930835598093334118e-03 1.624037550541775196e-03 1.542321034638483197e-03 1.149097847459336613e-03 8.471534739832385207e-04 2.005795444982921925e-03 4.668274425223276763e-03 1.815972909275490521e-03 1.213061829571013804e-04 2.283018469030497052e-04 4.120920202849991283e-03
1.037163253087118771e-03 3.135687744271637226e-03 6.781769791154272295e-03 5.501110175808740857e-03 1.675922011703117036e-03 3.836376377802748678e-04 2.341551323516797428e-04 3.171462622721834927e-04 1.058109622059810783e-03 3.074620923956789681e-03 5.007077302041442607e-03 3.166812914082359036e-03
2.912492125844623383e-04 1.263859458716885646e-03 3.787530117228812051e-03 2.250862586731927975e-03 1.576636813882626191e-03 1.120229353495424268e-03 1.802460527807739441e-03 3.040881674340007931e-03 2.332339793201977304e-03 1.844076808292936971e-03 1.438650077733612384e-03 4.408225699594925818e-04
2.030535106394037222e-03 1.254469321014340787e-03 7.133351541652330425e-04 1.410462412326982801e-03 4.105454528912131675e-03 4.165663783417918216e-03 1.641712914644986952e-03 1.859022851376743515e-03 2.587670449363660245e-03 2.700575747633401132e-03 1.869695187164659850e-03 2.247164171078121567e-03
4.157292281606582603e-03 2.315604712347531843e-03 9.147942809375063551e-04 5.653973520455360955e-04 2.349415745525448330e-03 2.884905798315657612e-03 3.749940023563935743e-03 2.712911579119274812e-03 1.565462424356764025e-03 1.016311080227726149e-03 8.868621921737417438e-04 2.219915041166370916e-03
1.200876289274728980e-03 3.237396902132718378e-03 1.456655997112940061e-02 5.571519399538004715e-03 7.913386260887912086e-04 3.284183155922693574e-04 3.251834537562095203e-04 4.135287167830999176e-04 9.060104315156054279e-04 1.209903239167314012e-03 3.997980723714225637e-03 2.030211379321783700e-03
3.459776627842954620e-03 1.372426265083914829e-03 7.346164421376194867e-04 2.194953170761196337e-03 5.195541511616294170e-03 4.950887503099068651e-03 4.104270368407486082e-03 3.455449166568053381e-03 6.912283054924648782e-04 4.716717789438886702e-04 5.536845127173051695e-04 2.172599863514518889e-03
9.205607439819556408e-04 1.254771621582023277e-03 1.912959542960944751e-03 2.057767607360704975e-03 1.022039710330538073e-03 1.169644543022313379e-03 1.108194410069288484e-03 1.223451922670998815e-03 2.158650512381782641e-03 5.782525597822557248e-03 8.086253991010426342e-03 2.381833841039710398e-03
6.488933841768263280e-03 3.457487986775660722e-03 1.071072976417999575e-03 9.082298026332774219e-04 1.800524227562934603e-03 2.226381043674928624e-03 1.367620206337084084e-03 9.686132580722709145e-04 1.000529551223473769e-03 2.250538362768185127e-03 2.186372261115682690e-03 3.998354490270702478e-03
1.596259452127778622e-03 5.502295973930143060e-03 7.282263934915360164e-03 1.900079369314329816e-03 8.176605889578789955e-04 1.401844086570409442e-03 2.791844512343600627e-03 1.734741971044955530e-03 9.286039234486500801e-04 1.234954324642902317e-03 1.849377898374545033e-03 1.667049441540520167e-03
4.176236835300489638e-04 1.540065400386049152e-04 3.017716812857525253e-04 1.866660021336595705e-03 4.845883771085863177e-03 2.469499595216293787e-03 3.583249403543159115e-03 4.501877575689430637e-03 3.389487523977093540e-03 1.703655345341959990e-03 3.101968149821758818e-03 1.844178376779539563e-03
6.092350438713303598e-04 1.565094569627690450e-03 9.827529769203638063e-03 9.619021098544044621e-03 1.279020236179152260e-03 3.235317523307307567e-04 4.837636643794104374e-04 1.117598113927330706e-03 2.750809501382408574e-03 2.090158990971350064e-03 2.287196169844790163e-03 7.765698439449480626e-04
5.652508423806384616e-03 3.614032799777258838e-03 3.224731084506808013e-03 3.428734947927933319e-03 1.567843185428149586e-03 6.781702631937279544e-04 7.336939161903201136e-04 1.029191138228992752e-03 1.169855467354616405e-03 8.817532328105680099e-04 8.762644012309093620e-04 4.592187081822714581e-03
8.750348685055985053e-04 7.391621318337755807e-04 1.169149129672555866e-03 4.095681200381944866e-03 2.293188172500361475e-03 1.734634980731508246e-03 3.465578292994991958e-03 2.652137787339697503e-03 1.562792893365675187e-03 1.201504365727824918e-03 1.597825706473555638e-03 2.011571834942355898e-03
5.179469220437779055e-03 9.071363270706780599e-04 2.116989797497785585e-04 4.466079686266691230e-04 1.462505092212782560e-03 1.453850870884046322e-03 2.190203948055949659e-03 2.772948287612366121e-03 2.281504776898619826e-03 1.415739930793755066e-03 2.479549488233122930e-03 8.996680486083081726e-03
1.554517544619265969e-03 1.332948987378815460e-03 1.578406883058649504e-03 1.501333106516881781e-03 2.383324786498347385e-03 2.900856442474282308e-03 1.789452948951192118e-03 2.802505872032301244e-03 2.942051421276935426e-03 1.914261755927948059e-03 1.379808218350617698e-03 1.345239123348830742e-03
2.661662280369408648e-04 1.020220662900147386e-03 3.655953341899284038e-03 3.560318330932778393e-03 2.956616272976775751e-03 4.062793946613971544e-03 3.063732757566085818e-03 1.229560064969791033e-03 1.092228195469367247e-03 4.066468796427035598e-03 2.932645993362633253e-03 5.337002413483188422e-04
5.232961038420851302e-04 2.307593881683253135e-04 2.049837217974818904e-04 3.868335734634237213e-04 1.019011188835680605e-03 2.894470636144265852e-03 4.611691031060797391e-03 7.065528319540849249e-03 5.851360708002507210e-03 4.191252170579007862e-03 5.033915866169845835e-03 2.922904243816263660e-03
2.329005499168392262e-03 1.709423827108312241e-03 1.586437734048399975e-03 5.493244199447715713e-04 4.567896593806798113e-04 3.016117973215682755e-04 1.037121297980204320e-03 8.983265488103738677e-03 7.257419875946058072e-03 2.271743847683918398e-03 7.255913497052051547e-04 1.127870584022675274e-03
2.057679608901457659e-03 1.336489402756362065e-03 1.566606915945879157e-03 2.368664834328289542e-03 3.316641209014871763e-03 1.573763616254793014e-03 7.085344279153405617e-04 1.497314137058961209e-03 2.422713710468506025e-03 1.226038478002474015e-03 1.192153462280901108e-03 2.451409158911172295e-03
2.113356289825529723e-03 3.690685051506079756e-03 5.723331861732247096e-03 3.748729146482225778e-03 5.630796943424731110e-03 3.009433924645116276e-03 1.246514929930731160e-03 5.021698839188306089e-04 4.601072287789709377e-04 4.861276872411412087e-04 7.736063822170772489e-04 1.085884161417578157e-03
9.455275399035559334e-04 7.368060621316367556e-04 5.509728065762519106e-04 7.123330902654552649e-04 1.897940799692289472e-03 4.448857928561440050e-03 4.977406296604810348e-03 1.425037196426191810e-03 1.068218606849705588e-03 3.551433932953628955e-03 2.474831014872557432e-03 1.735538731465190729e-03
7.953637151588514040e-04 1.913424321507476941e-04 4.978271522553829866e-05 8.584093043792113162e-05 1.011612980625575375e-03 6.611493091721616817e-03 1.447592961627243088e-02 2.028649416608834660e-03 7.290716218448504331e-04 2.488517104058734705e-03 2.221782473140434654e-03 1.471181026601550397e-03
2.142938635307164996e-03 2.203290653368941525e-03 5.718940314524047913e-04 6.525157603757622419e-04 7.519503943275226022e-04 8.962515677154107418e-04 7.050914047844101216e-04 4.972258595464372922e-04 1.272566422903045631e-03 5.074574666467440362e-03 5.402905498786803040e-03 4.049066450036341129e-03
1.126094827914192941e-03 1.195099974897864941e-03 3.356351154623984662e-03 3.108147690672448393e-03 1.062240456365531622e-03 4.663784836073106501e-04 1.137547618533756803e-03 5.896823898984265323e-03 6.321107758149062048e-03 1.717774270352938641e-03 1.154721085825123530e-03 1.831699766621876658e-03
4.835794076470951997e-03 5.248375390485096950e-03 3.478536823865733402e-03 2.533299297285344052e-03 1.291904764028246454e-03 7.872821470116844441e-04 6.289751278976853230e-04 1.018175880339137161e-03 1.592666510490668794e-03 1.651044001558346066e-03 2.074025010832867763e-03 2.757095452755418865e-03
5.010524037046799146e-04 1.113568907745871202e-03 7.895923064147135741e-04 7.998243154032844138e-04 1.894626546753183476e-03 2.051417049721830210e-03 2.107218314184548281e-03 2.919037188208877497e-03 5.269148566097621444e-03 4.389414393632084729e-03 6.927515608796219575e-04 3.304270656852321551e-04
1.271089734489840896e-03 1.603296690723940866e-03 1.740175903438715603e-03 1.082147939804939700e-03 8.289161224713642844e-04 1.411434464148596550e-03 1.618818984952362025e-03 2.165056494214277413e-03 1.937171708263693906e-03 4.077358212332276438e-03 6.203750843246696491e-03 2.621527508572427893e-03
2.332310265701138374e-03 1.338006823455103675e-03 7.484311673611997997e-04 1.403728748677381512e-03 2.388549497550076020e-03 4.092452248798227575e-03 3.358018660549410249e-03 2.976788998716807348e-03 6.956750048402562166e-04 3.926620494489115477e-04 1.008115550651176966e-03 3.361011671582591308e-03
4.969610439933270759e-04 6.575802372071016741e-04 5.512413018802900288e-04 8.237481821289075650e-04 1.400558444670894605e-03 2.008123967146515330e-03 2.209012630045996059e-03 1.720580449838977465e-03 2.620236485678175374e-03 8.702147834154702263e-03 8.165555766738464075e-03 9.354943090127915226e-04
6.014060590704353596e-04 6.847581613577699653e-04 2.548987100540514236e-03 1.292234953130718192e-02 6.201087992835425944e-03 1.952707705003354230e-03 2.586801754391572332e-03 1.658048046959548303e-03 7.095498997020032936e-04 9.024583088697875734e-04 1.326259337947244613e-03 1.093168769525224189e-03
2.644169661536482311e-03 2.534298604287568701e-03 3.376450390589917205e-03 4.147748783253766246e-03 3.040474602719023169e-03 1.233759252425531069e-03 5.856191730144483677e-04 1.769690062753048396e-04 1.650166105083820554e-04 7.754235383800437992e-04 6.317744965663298594e-03 5.588286440371525304e-03
7.656592739660886618e-04 8.710451457004807392e-04 1.957352242623445950e-03 1.208027245466944486e-03 1.774642553401078971e-03 1.154564491395124962e-03 1.489846070513590158e-03 1.836006425701842536e-03 3.495871975763216975e-03 5.608365406691521310e-03 3.769781229815092130e-03 1.200168227864942131e-03
3.449263108570823060e-03 3.135174699730797730e-03 2.718646937744320039e-03 1.098687105173251719e-03 6.777853285654645253e-04 3.522208524408517241e-04 1.411466927394446720e-03 6.443630633423054997e-03 4.027764140435820608e-03 1.476430366404867748e-03 1.184210958770098680e-03 2.191606667701615375e-03
3.406033708279896581e-04 8.648648367506439442e-04 1.709165805281629910e-03 3.254296226322123640e-03 3.857846767642840631e-03 3.894432890540946730e-03 3.618422964116209221e-03 3.274409824971357113e-03 3.477443477586945018e-03 3.036572832931401338e-03 9.054117175569456740e-04 3.455470813114367270e-04
6.825305259894270211e-04 1.819997584129168927e-03 3.711221623522816936e-03 1.422481063357791415e-03 6.396130836762116065e-04 6.311361691058113002e-04 1.485597603985836998e-03 1.812006731353993112e-03 1.777246574703644170e-03 5.262436021990109930e-03 6.572103169688980027e-03 2.354577607834842847e-03
1.362318612110842214e-03 1.376751187914103391e-03 1.398288711672350960e-03 2.318859175196411569e-03 3.086117302747880351e-03 2.500386510590756148e-03 1.964877274249594245e-03 2.162635600531101834e-03 2.288102652672865164e-03 2.725138166552507676e-03 1.538042502655090392e-03 1.163565067245963223e-03
1.392208290540536538e-03 4.932269112250171374e-04 2.532967726456974988e-04 2.000072985632294622e-04 8.444408332339635014e-04 5.557928760178638961e-03 6.302544120040891491e-03 2.907734223044061879e-03 1.366461546419387623e-03 3.058467068269131710e-03 5.384451871987493664e-03 2.880329602630185819e-03
3.932465913692457203e-03 2.880936819880388147e-03 1.420803100923703636e-03 8.712301550247730396e-04 1.117774411167723331e-03 1.283561084201492470e-03 8.362238609345113783e-04 9.740795972173103097e-04 1.714663354830555080e-03 4.466361677491927432e-03 5.293349069765583212e-03 3.242724391878810866e-03
2.141639426501138529e-04 6.113427180369308735e-04 4.213516139979208396e-03 7.902418577305491201e-03 2.921083950781467979e-03 2.963754981282009510e-03 5.933423866267316729e-03 4.379494103245460193e-03 2.527355652883146644e-03 1.271347446301029915e-03 7.120179205319736825e-04 2.767029943160673969e-04
1.684169713494451355e-03 1.909902935464725428e-03 4.325127249653952684e-03 2.689558965962801813e-03 6.678588451651061011e-04 5.083350832346223780e-04 1.663254520365874166e-03 3.151803292638697893e-03 1.697933429428259439e-03 2.005385094531709003e-03 2.618410190009182702e-03 2.264133682285062420e-03
9.527704404819103056e-04 1.525101701913642287e-03 1.914781066914877884e-03 3.553558847752930419e-03 4.507995666349632474e-03 2.203601943779992002e-03 1.995168677113398625e-03 2.648311425609076175e-03 2.529556519167077029e-03 1.103011294238944503e-03 1.086342182038494645e-03 1.038424418795106481e-03
1.964527439612602597e-03 2.011468061164096120e-03 2.272576614915408633e-03 1.031581829855268652e-03 5.631649936973744976e-04 1.002604155986430625e-03 2.203791662551976040e-03 4.804172476872174344e-03 1.590645778684988791e-03 1.599804385523342660e-03 2.890032041298668322e-03 3.093586893583675536e-03
2.876617866679687802e-03 1.945076909557694796e-03 1.533017331303684373e-03 1.559210712726507696e-03 1.530105612651838469e-03 2.264041736501807515e-03 2.813207070641391035e-03 1.348026313728959910e-03 7.044073558087642810e-04 9.253355871617701626e-04 2.961287753218316658e-03 2.912849280063197367e-03
2.712833423588323703e-03 3.561807248289072195e-03 2.465229690397846736e-03 1.577956787230878075e-03 2.939114097616957102e-03 2.719465514245358005e-03 1.195632073232739175e-03 1.705917064824643854e-03 1.639149084089929148e-03 1.237972526642746934e-03 1.080858767703710361e-03 1.116107309760115858e-03
2.593513170676736181e-03 1.153643984552012169e-03 1.103939265177154502e-03 1.600700544900967269e-03 2.830478656230553825e-03 3.466321162673823703e-03 2.480693407893723099e-03 1.669890840029990709e-03 1.161766236669593702e-03 1.399205459989054812e-03 3.149586235198281649e-03 4.272484316593812802e-03
2.253832512135736481e-03 2.378028967498546035e-03 2.829768129088053048e-03 2.218791893548130792e-03 1.249814613137739065e-03 6.478041027112133206e-04 4.511042269631079446e-04 4.924103795360151208e-04 1.528774681097147320e-03 7.384860094124086165e-03 6.177798184109154107e-03 2.632019868719999781e-03
3.436970186855456367e-04 1.977177976222144890e-03 5.866892662757356228e-03 3.859919465756946316e-03 1.824954836859274095e-03 1.654440558860202116e-03 1.359291403964725704e-03 1.878025858750384568e-03 3.303963871708672298e-03 4.863571102234122770e-03 2.009692525906224374e-03 3.778101528731310542e-04
1.688789192959267490e-03 4.074296893976608706e-03 4.766525215912840313e-03 1.579061560270833293e-03 1.547150652122497236e-03 1.486069862430187613e-03 1.514613819022919087e-03 8.238360474364678308e-04 1.024649968960739642e-03 2.384694445501413240e-03 2.763499874212029580e-03 2.139863821086922073e-03
2.240711794737382506e-03 2.297831922356085785e-03 1.474136372268018517e-03 7.724439139049121871e-04 4.097528536429394740e-04 1.749762368345123258e-03 5.628478440801749395e-03 8.168225591845554648e-03 2.805057788038960165e-03 1.159800843090945908e-03 1.317818737124669577e-03 1.405380020387157368e-03
1.229570143099618885e-03 9.958022132787963752e-04 1.117667019677541420e-03 1.140235838915514823e-03 8.691100408221091259e-04 9.162383979443577964e-04 8.499144288958368227e-04 1.333529546793507355e-03 2.586782243966947049e-03 6.783003907348722321e-03 9.336621947876006661e-03 4.544466228957054314e-03
8.827370982719723487e-04 9.705255195374010244e-04 9.676292118542380522e-04 1.588460732315042897e-03 3.635149423138881418e-03 3.419114118510290130e-03 7.345484814197582400e-04 2.982409257864992915e-04 8.397081594323885061e-04 3.260387288412101934e-03 3.894366249854182283e-03 3.289394844315582898e-03
3.375262852080558422e-03 3.126268394461422049e-03 1.550362589532598961e-03 8.289095112691250876e-04 1.061104044418524411e-03 1.170200739155833475e-03 1.052957283288644477e-03 8.681473518024134754e-04 1.553102009348757010e-03 1.902002590796156647e-03 2.860821145825377318e-03 4.004157800273482407e-03
2.702335267000902878e-03 6.485467660547368507e-03 5.731853325018441275e-03 2.392351116266611382e-03 1.112510017472352489e-03 1.228925578509624606e-03 7.593670865525546697e-04 7.120129312015736813e-04 1.172571076491019104e-03 2.004409477709416694e-03 2.251631390237263108e-03 1.485221476620154479e-03
8.717134281127881471e-04 2.426004946391057369e-03 4.419225858201049004e-03 2.056097757556900676e-03 1.201602437861263271e-03 1.645999390531773139e-03 2.218861759955869425e-03 2.011411384904297078e-03 2.750772692554167946e-03 3.637372903966084106e-03 2.171170196752514499e-03 9.982019500327809526e-04
1.029369912491681421e-03 1.434161231942237321e-03 3.628901876163948600e-03 3.742898076367461545e-03 1.396558075562894484e-03 4.868544045022766696e-04 9.253826923466129672e-04 1.075819812074696544e-03 1.760514561512365383e-03 3.443326061859575647e-03 1.969680232930711306e-03 1.349783283756577062e-03
2.697909951644887529e-03 3.100590300073176667e-03 1.616405936064316783e-03 1.187644484551847934e-03 6.543902917688965062e-04 4.073039060066373620e-04 6.088327252262801942e-04 1.032301303820319606e-03 1.374441342115519625e-03 4.256969379417070015e-03 3.328100928521280331e-03 3.753882109963258169e-03
3.890433312169266022e-04 2.312864709027183732e-03 5.444150218159513055e-03 2.227768457394910338e-03 1.631237518463224184e-03 1.666686399909087955e-03 2.236475206367401821e-03 2.150829394802395572e-03 1.769989657951674070e-03 1.871645427668452641e-03 1.511356665585178276e-03 4.500952154870767699e-04
3.556617397245049553e-03 2.492080726624241495e-03 2.613605939631392407e-03 1.628544589526953728e-03 9.813011421151464353e-04 8.209174479212140094e-04 1.277700510545753780e-03 1.894341954705025663e-03 2.045286980125329314e-03 1.157202558424222632e-03 2.546469807045230981e-03 5.004452867193580345e-03
4.921218238498391816e-03 3.507363859672341447e-03 1.146961639445453346e-03 2.337515923989690828e-03 6.768549593325103898e-03 3.447413452778078351e-03 8.016081575278599918e-04 8.609058093069937335e-04 1.807552857009635814e-03 1.497839691442354269e-03 6.490677518671187198e-04 1.179540873476292353e-03
5.038880132796353696e-03 1.320637394518153762e-02 3.754050900059077711e-03 8.533778138171471336e-04 9.233798037940816380e-04 9.694080268285816190e-04 1.342309615065977180e-03 1.535384271050703247e-03 1.524090467688216143e-03 1.182693565287255659e-03 9.687134455939948145e-04 1.445339825475618111e-03
1.050093544791968689e-03 2.110003458342920527e-03 1.776021612385744785e-03 1.963912332066271565e-03 8.765998253960926613e-04 2.641087905776918392e-04 4.653241082398882223e-04 4.964402506751279531e-03 8.549592121635394421e-03 3.616418732309043416e-03 6.746715560194191516e-04 3.678389532322376074e-04
8.264540759196141407e-04 1.605073013319037543e-03 2.050779713563724571e-03 2.098999541574016366e-03 2.177201538098634363e-03 2.879229535076968487e-03 1.225029135661483658e-03 1.081158136973826194e-03 3.895474759695581081e-03 8.258827992138197821e-03 2.209647669337592643e-03 6.037007471492881680e-04
5.682681547316529745e-04 2.108311030668870846e-04 1.371357255948662081e-04 5.003524330250545306e-04 2.169626693450107252e-03 2.935138471843535494e-03 4.475724203859540729e-03 4.774891431194732555e-03 5.429950028484062559e-03 4.393948521102434591e-03 3.450865127383635766e-03 1.455960196532328672e-03
