1.725380483035438284e-01 3.157411847951669959e-01 1.616247000323719207e-01 1.298760202217277837e-01 1.089028720590622668e-01 8.563157917596794788e-02 2.014496999185547699e-01 2.240984985100861748e-01 1.922289331526212397e-01 2.305097902897481621e-01 7.919354054042064550e-02 9.820513300072890306e-02
2.651974995394465462e-01 1.323477421977056756e-01 1.207508973864909185e-01 2.753123106341247017e-01 8.991595670750417157e-02 1.649618060385742990e-01 2.290139970270517744e-01 1.676537384539625308e-01 2.182619379618485067e-01 9.686104347009263926e-02 8.834310991939575697e-02 1.513799606638049911e-01
2.275821575471021208e-01 1.663100149027005037e-01 2.551899337393398470e-01 1.626954463659191497e-01 2.215937769273814972e-01 1.484385337640335423e-01 1.101244640955336973e-01 1.731388507745713623e-01 1.723498107456971629e-01 1.403321613440334792e-01 1.001485264402020015e-01 1.220963233534843179e-01
1.091376138739133528e-01 1.405137549623874937e-01 2.510641225208558591e-01 2.925387786171658178e-01 2.259922713088558521e-01 4.558437369527849892e-02 1.363480529887028947e-01 2.347493409627941230e-01 1.416655381348818077e-01 1.626391083910437851e-01 1.426367583841401387e-01 1.171302861599810008e-01
2.136325959301405009e-01 1.971982411921349154e-01 1.068933697141996736e-01 2.111648706750181570e-01 1.530424753165248730e-01 1.871911261986924924e-01 1.278563923381400569e-01 1.163204252495961682e-01 1.818057767570954997e-01 1.045374636377050248e-01 1.939769854467558452e-01 2.063802775439981252e-01
1.708690106619668581e-01 1.593887091423663027e-01 1.938748679123925567e-01 3.363947800055666071e-01 1.954474570960521296e-01 1.446747969648493615e-01 1.343650521687018706e-01 1.190171792995010913e-01 4.469827095450348148e-02 1.067537735907125723e-01 2.291036085215369389e-01 1.654124936818500979e-01
1.629448182220369357e-01 1.479703011081855979e-01 1.354836209261395807e-01 1.550991465186999929e-01 2.322154201511973381e-01 1.015592405454788516e-01 9.961925221544995490e-02 1.807259190189143827e-01 2.151493908803686073e-01 1.343817315743159879e-01 1.793322469336115221e-01 2.555189119056012759e-01
1.473695016435701277e-01 1.991538414070579410e-01 7.913549203024343448e-02 3.954198610985816820e-01 9.302690687578277218e-02 1.821402641556150448e-01 2.385617813950815513e-01 1.000794485190858452e-01 6.040965330155700919e-02 2.885164790891605602e-01 1.221880438099403332e-01 9.399872667432401796e-02
1.548052667760859147e-01 2.357484487028483344e-01 1.895563569398511505e-01 8.821749193780810405e-02 2.076478766263826492e-01 1.873786688882237428e-01 1.642322871988097233e-01 1.384032845965879055e-01 8.828606002758422611e-02 8.542179348066053501e-02 1.930809082154809619e-01 2.672215566096772799e-01
1.269133924409479863e-01 2.556037558788101793e-01 2.231056858552961653e-01 1.926453397352603236e-01 2.311801665959391516e-01 2.030947325385397406e-01 1.266736512904073908e-01 1.110417298780985440e-01 1.386204397064828286e-01 2.141781822213855158e-01 9.233162742276834756e-02 8.461129643606560280e-02
2.998207234128431042e-01 1.651250629369735989e-01 1.080345064980593461e-01 1.814056967954084387e-01 1.190322143317820297e-01 1.187011125708416215e-01 5.711672551792942171e-02 1.645928050092097805e-01 2.296841104783875487e-01 1.602046977584843379e-01 2.155925201695882143e-01 1.806898245204946740e-01
1.672008593459441139e-01 2.235766801461901709e-01 8.517371730249773121e-02 9.481587455241995144e-02 1.375294576979716188e-01 2.600957309432171405e-01 9.581864623472757803e-02 2.891106679614594555e-01 1.488598232502403862e-01 1.398847790369552035e-01 2.765851548536198967e-01 8.134860867475741941e-02
2.155013031775276644e-01 2.165149170608682561e-01 1.588058715804762377e-01 1.165571419952846771e-01 1.438750502143620602e-01 2.359800553982532301e-01 1.743687847569430627e-01 1.869908661771668423e-01 1.169498371920301705e-01 1.012463148053381334e-01 1.671048031089925612e-01 1.661050545327574790e-01
1.177156547290243022e-01 1.769350416568643003e-01 1.539306360075322067e-01 1.000342886449056001e-01 1.537053254115442469e-01 1.643986664084762517e-01 2.089009162702031575e-01 2.040903350427581420e-01 1.597841441823442399e-01 1.163349349365061652e-01 2.632176881798945489e-01 1.809523685299470053e-01
1.385709775995161430e-01 1.101396996626387847e-01 1.537205990193097616e-01 2.076992872325741368e-01 1.282698165435569304e-01 1.413687607666697377e-01 1.442817422963209584e-01 2.080774788908799078e-01 1.548147661818065624e-01 1.784596563518803802e-01 1.899287644819472598e-01 2.446684509728982992e-01
2.260585171516159009e-01 2.508023249181255965e-01 1.065521469981817043e-01 1.553947372954446182e-01 7.728629376602863532e-02 2.795824985248364092e-01 1.507054534381816469e-01 8.240059618966621979e-02 2.189248434673725097e-01 2.197029381987883612e-01 1.149194030999661914e-01 1.176702469517906385e-01
1.674010124387829146e-01 2.280905338984163533e-01 1.635755491287273489e-01 6.646000140832454550e-02 9.470029132402620065e-02 1.716404736725273272e-01 2.377167545246528790e-01 1.978574152782434925e-01 8.482896511279680585e-02 1.000889159590882260e-01 2.734219214497743966e-01 2.142181658046392601e-01
1.347539879722064460e-01 8.609763142423385029e-02 2.814319736756702994e-01 1.531025626299545861e-01 7.173019163945185128e-02 9.775291573100558518e-02 2.728427989657953301e-01 2.048060299228610104e-01 1.577958346108047083e-01 2.103829514966074621e-01 1.409667308156798415e-01 1.883363911157303061e-01
1.140229188623630013e-01 2.860542202210526463e-01 1.647861169725955977e-01 9.441740148259909760e-02 2.613669788847393649e-01 1.406220589191337633e-01 2.103270691866187814e-01 2.024843891116758499e-01 7.728118741761054455e-02 6.408116222086304714e-02 1.092204650835081059e-01 2.753360316372397421e-01
1.522123017945173629e-01 1.472935352744388915e-01 9.201213279510855880e-02 9.665354200188965017e-02 3.179570316150833742e-01 1.800298728636215428e-01 1.607851876043766282e-01 1.417356617014094433e-01 1.943543695181080833e-01 2.102586615485908805e-01 1.666081862738522101e-01 1.400995170090043873e-01
8.895717007456252490e-02 1.763457040065563031e-01 1.621277734165374740e-01 1.977402406466315377e-01 8.818896471909488943e-02 2.245941427923745515e-01 1.501445193994043747e-01 9.020161974457553689e-02 2.304006847642732780e-01 2.385477689598433648e-01 1.428996138398546945e-01 2.098517976362906656e-01
5.918521278980048983e-02 1.645881906689627971e-01 2.119907943069631595e-01 1.936170316001373792e-01 1.411293471005709566e-01 2.839142405919941048e-01 1.216353401994777345e-01 1.229794414371740557e-01 2.689502406263740708e-01 1.849611937697169528e-01 1.762961507358557500e-01 7.075281617297288217e-02
1.617071310375341464e-01 1.761648822968605033e-01 2.159992435943614009e-01 9.937360043560194978e-02 1.158733164854315045e-01 2.900067750644727549e-01 1.250949793568369162e-01 1.179584364827578474e-01 1.745317990858482882e-01 1.175106452260920309e-01 1.208370932079481930e-01 2.849420977262566157e-01
1.701751279870857003e-01 1.063780605305410104e-01 1.186331506622011894e-01 1.781871384652193580e-01 2.006459597121516003e-01 1.979045284865260657e-01 2.535328482250417403e-01 1.221870522241852303e-01 1.424872689660156011e-01 2.184707638826947629e-01 1.090941426322262625e-01 1.823039582261112845e-01
2.314697558198645921e-01 2.103798794706218112e-01 1.952518533199114059e-01 1.293515718448606244e-01 1.798987096752611425e-01 1.240189342834852326e-01 1.129423050077550117e-01 6.950213439769972745e-02 1.196942838617228166e-01 1.744839780105640614e-01 3.071702669132669872e-01 1.458363273949870864e-01
1.286165551026214326e-01 2.042577642342362221e-01 1.902588701170845331e-01 1.786754417474277212e-01 1.927802737957181045e-01 1.512661087871020604e-01 2.482539649184134500e-01 2.001940121085887536e-01 2.336207116357643110e-01 1.285927870375331572e-01 7.187086840970186019e-02 7.161264210581022582e-02
1.791355820441642432e-01 1.449062880797485908e-01 1.038208177155841433e-01 1.532495184091971496e-01 2.254064225751191974e-01 1.337295777063947644e-01 1.589551239059996957e-01 2.193272709465046433e-01 1.241876025935880756e-01 1.564285645036571915e-01 2.393726626082036679e-01 1.614805689118399001e-01
1.053887531794735211e-01 8.262856560587937549e-02 1.244913252477510279e-01 1.759833535800059134e-01 1.550468721414679230e-01 1.772143619011259386e-01 1.751316863252508904e-01 2.161233095169535767e-01 1.285638567954101585e-01 2.200888225943675169e-01 1.115556682908869779e-01 3.277834248214284152e-01
2.056438066013442645e-01 1.730541921447028564e-01 1.149950623634101443e-01 1.283086438108075322e-01 2.084110722340535848e-01 1.265371152748331063e-01 1.270620936148108837e-01 1.901743236810594651e-01 1.371833485032091515e-01 2.660863257273946569e-01 1.965844424121282741e-01 1.259595736322465243e-01
1.384534513278802281e-01 1.220761877746812663e-01 1.853756420229372703e-01 1.466841593527957455e-01 2.021134558636678846e-01 2.305726671622440604e-01 2.007633138308858589e-01 9.549868164007303817e-02 1.486729599373808330e-01 1.211124108028121260e-01 2.336102212799368860e-01 1.750668490047059267e-01
1.061044001362484029e-01 1.213882865486386881e-01 1.372166517697279986e-01 3.230465520123369516e-01 5.464710199497795073e-02 1.116803664422650888e-01 2.677477698718814247e-01 1.702718233336675269e-01 2.169333670104779399e-01 1.424666674428858026e-01 2.106273299444690605e-01 1.378696834924234005e-01
1.550535868670071538e-01 2.061581850129072246e-01 1.341601305422183144e-01 1.658582832771421101e-01 2.112910620692539654e-01 1.713381336466253679e-01 1.719133609056296419e-01 1.776657950836426636e-01 1.700629409243127887e-01 1.861579331436580276e-01 1.101741580580463953e-01 1.401664304695561247e-01
1.181433145112301963e-01 1.162520026627567316e-01 1.939424095930448733e-01 1.465911860246778553e-01 1.961509437127547106e-01 2.213172061399369950e-01 1.147292600471753465e-01 1.378347302488843740e-01 1.912905831200168438e-01 2.355921599817643597e-01 1.721077626997989940e-01 1.560484412579604407e-01
1.868652530255703048e-01 1.412258243867307583e-01 1.391842944503890733e-01 2.876619391156105543e-01 7.454114588859628299e-02 1.010596129371340440e-01 3.129859890526056621e-01 8.340518937077889827e-02 8.635987639692485618e-02 2.049714111205271083e-01 2.223177536749854355e-01 1.594217105801467027e-01
2.329075935846355305e-01 1.472810332827269586e-01 9.195174725826477102e-02 2.756611804633875007e-01 1.570643518734619604e-01 5.641549342054749672e-02 5.400999121244760143e-02 1.479659361578009591e-01 2.265827551254126493e-01 1.404830975825518691e-01 2.407510998691108906e-01 2.279209224571679959e-01
1.067142710338613854e-01 1.271314255289459072e-01 1.294356030665750057e-01 2.328905689362430753e-01 1.809697491293312255e-01 1.885467068523674072e-01 2.224414924740222566e-01 1.290648872193054242e-01 1.533070604010085547e-01 2.263797319420334797e-01 1.214514598000056428e-01 1.816670436163000946e-01
2.382710926902767423e-01 2.090330139264026943e-01 1.526854130949498178e-01 1.503254388435327771e-01 1.882579095245985323e-01 1.189978402969865540e-01 1.204781331696580804e-01 2.602037675478835466e-01 2.001783812938257856e-01 3.213556740855851024e-02 5.934584134412560635e-02 2.700876008592021371e-01
8.743789678625275841e-02 2.373904168162339068e-01 2.277548640618035636e-01 2.242198052466466140e-01 1.801196094674648862e-01 8.327835621015651502e-02 7.086250353915354849e-02 9.734187906023768211e-02 1.638455848000118786e-01 1.733886483802161704e-01 2.069811085082164381e-01 2.473793271236061075e-01
4.700888047697447669e-02 1.700098809920717602e-01 2.738505634379024833e-01 1.091731059942333132e-01 2.284030373962550875e-01 1.396954394409501976e-01 1.241781784711729897e-01 2.731834129793460630e-01 1.469633151400317195e-01 1.270251695041653139e-01 2.605796139340826878e-01 9.992940223281339407e-02
1.718905918068102667e-01 1.583017382407810592e-01 1.009473867042664091e-01 1.319538632240515874e-01 2.239072148660029016e-01 2.220011419550232679e-01 1.243707555586004987e-01 1.766783237307816834e-01 1.752989254291472399e-01 1.990353605090282030e-01 1.391774248215878473e-01 1.764372731539187722e-01
2.345456316460545754e-01 1.703445614180985057e-01 1.231146285837786819e-01 7.613823601441326028e-02 2.769928232331335116e-01 1.359339723286705770e-01 2.309464832416522617e-01 1.862958076527401197e-01 1.347206250567842545e-01 1.645800650719110858e-01 1.138106692091940125e-01 1.525764965435694454e-01
1.425256082345078279e-01 1.588336696967800332e-01 3.480476465801230490e-01 2.086328440711831267e-01 1.190150597664542953e-01 8.375690902355638345e-02 1.036641658887684225e-01 1.356678801177795823e-01 1.644761766928359015e-01 7.648042857203922462e-02 3.269540332381379311e-01 1.319455781178339171e-01
2.436339030209339618e-01 1.215793878279563256e-01 9.806085845148571067e-02 1.832209322236792726e-01 2.290804893273278298e-01 2.219638135610680629e-01 1.763169014659029532e-01 2.664989961858104106e-01 8.635775185432530143e-02 1.212007104812085068e-01 7.930983488350515365e-02 1.727764207167956367e-01
1.139065892441594868e-01 1.461991397978054663e-01 1.691471531381244509e-01 1.937089733286387339e-01 9.321881720408017880e-02 1.739692178354797503e-01 1.471644171825501890e-01 1.300706142339208005e-01 1.767094426938045915e-01 2.114972994904916470e-01 2.869920834774361551e-01 1.574162523735095631e-01
2.504281484136020586e-01 1.931005849972014521e-01 1.298520603400569462e-01 1.135209947152298615e-01 1.674308002395907546e-01 1.892600458641908456e-01 1.381850009542782975e-01 1.248056118793034741e-01 1.094790888226460923e-01 2.404682890952935803e-01 1.381405675775993491e-01 2.053288071010077598e-01
1.286143434233607552e-01 2.312652906086768989e-01 2.679810722427028447e-01 1.457961186588910829e-01 1.112437117170249901e-01 1.300009388603566296e-01 2.399092330114689087e-01 1.472598288527163235e-01 9.950947960370179479e-02 1.529258318399370764e-01 1.873098171120373689e-01 1.581843340691280742e-01
9.056823413332132366e-02 5.006524442952213494e-02 6.701612155875770471e-02 1.743278118636121810e-01 2.763319691856244154e-01 1.213288823975399999e-01 2.591938335053199927e-01 1.781212010973259319e-01 2.594595267880450695e-01 1.069943169123918347e-01 2.177849696382641587e-01 1.988078884902766130e-01
9.957521762772195140e-02 1.423814637459725474e-01 2.804120991567298771e-01 2.860576915101776807e-01 1.307949314985775435e-01 7.575546077856598615e-02 9.828324374234558014e-02 1.504873789177088028e-01 2.441063223622207401e-01 1.008862889221002479e-01 2.797237690607873861e-01 1.115361326770923228e-01
1.953057481479554824e-01 2.182975031122477982e-01 1.730970312966761682e-01 2.136084952584318963e-01 1.700526002052749619e-01 9.777281679815055804e-02 1.031927865035780628e-01 1.456214485824346982e-01 1.853875107012231682e-01 1.216530420577811994e-01 8.269152399243785700e-02 2.933194933438075247e-01
1.265924960227181595e-01 1.148505126621621741e-01 9.102653524570532284e-02 3.298352251319515149e-01 1.270743185217522997e-01 1.425001026657685133e-01 2.601680688409951370e-01 1.439355833233752768e-01 1.760608877221221946e-01 1.450154584224279675e-01 1.240974833349387380e-01 2.188433281060845337e-01
2.133457698588537010e-01 1.379609056326702443e-01 4.941966341903125670e-02 1.044318476712878252e-01 2.548218227217230458e-01 1.055410981886718280e-01 1.660810296639032013e-01 2.081854385587341705e-01 1.726908044867267178e-01 1.452784896125851877e-01 1.505524961666159789e-01 2.916906340191971481e-01
1.505736528842392397e-01 1.253086270384517198e-01 2.081062489396309778e-01 1.207257596851279841e-01 1.671166217586981251e-01 2.502212883618322725e-01 1.106066261599303463e-01 2.150686438885119345e-01 2.008314950165724089e-01 1.387162748997906037e-01 1.533001747700917794e-01 1.594245865971231080e-01
6.136903010462022717e-02 1.426879404449409861e-01 2.420753405244256418e-01 1.713051633127398998e-01 1.870503885615752981e-01 2.082780884387990805e-01 1.993215396897153879e-01 1.572741291147034537e-01 8.736283263991165282e-02 2.518167012277725547e-01 2.122055417043638148e-01 7.925330423643200950e-02
8.130777457431531685e-02 7.725656481249520979e-02 8.980302513186702584e-02 1.007999054982053888e-01 1.268095585089528410e-01 2.037109808790526777e-01 1.944442356407603267e-01 2.578163178908029485e-01 2.349164942280725366e-01 1.942224579869882839e-01 2.180413751866155936e-01 2.208713096618712957e-01
2.635029316256219944e-01 1.047064406248352092e-01 1.812761764442155366e-01 1.034907971097401430e-01 1.719070211066427711e-01 6.523090971382544678e-02 9.911005193886041065e-02 3.501737334969258209e-01 1.963769435700367105e-01 2.409325813019638496e-01 9.135757444774175728e-02 1.319348386195899892e-01
1.358836529816874472e-01 1.392342491922595182e-01 1.998393643209237514e-01 1.339266665777451570e-01 2.260313108553148043e-01 1.877546375830720371e-01 7.509902944669169522e-02 1.504513393960311973e-01 2.723054006741561506e-01 9.742292012245581945e-02 1.199853644034014760e-01 2.620660644462603495e-01
1.843195359745231077e-01 1.599078031807298350e-01 3.091680569201918916e-01 1.433396699018594789e-01 3.074388382268911646e-01 1.525320356959220525e-01 1.435388660143009365e-01 1.191603810128841479e-01 1.227485749471096538e-01 8.801080334977753883e-02 1.228533043281765935e-01 1.469821304476332524e-01
1.622969475485768476e-01 1.224798355306225273e-01 8.998886415610551914e-02 1.398826764736015027e-01 1.813884535802322562e-01 1.717981626563120645e-01 2.823639472083884772e-01 1.329726673159886408e-01 9.322413450544338176e-02 3.281342372346381930e-01 1.174209974708685100e-01 1.780490763192212889e-01
2.353272746772344659e-01 1.112733428711044081e-01 2.235977737149495367e-02 6.292075527739038332e-02 2.071339623816866593e-01 1.985511799647930453e-01 3.696806717161568168e-01 1.376636520564185895e-01 8.493894891915952650e-02 3.229590383018833277e-01 1.212036675098438487e-01 1.259877289528341382e-01
1.062574548931261714e-01 3.147918045848087654e-01 7.982668938076345477e-02 9.117865805771814547e-02 1.278693513762222400e-01 1.855067576422827491e-01 1.337449214686866616e-01 6.757906967404053722e-02 1.471912288078670583e-01 2.757853271044246601e-01 1.768356852337576168e-01 2.934330517763009127e-01
1.201036436396958895e-01 1.002019758228006041e-01 2.439905146684443471e-01 1.906982114192724564e-01 1.202786453039678266e-01 1.031912650638008300e-01 1.196268465025292771e-01 2.398128328930062836e-01 2.579657664086708047e-01 1.343817499055162401e-01 1.111673717045337934e-01 2.585811766677626466e-01
2.170390349464092483e-01 2.392725607041886748e-01 1.722397523312166057e-01 1.983897804386420827e-01 1.460370904503188183e-01 1.187158406423366175e-01 9.716551019940450340e-02 1.501651751733961426e-01 1.721188082193449709e-01 1.315047275202092525e-01 1.856058540407110602e-01 1.717458653338204133e-01
1.169818767484323840e-01 2.748928993891263106e-01 8.295346128481477510e-02 8.965332685016819125e-02 2.835690485398238980e-01 1.305349173742928470e-01 1.796501756595963728e-01 2.128793667660768274e-01 1.797743771992857120e-01 2.918375229896946754e-01 1.005021085006106846e-01 5.677091869807625313e-02
1.199853141488020081e-01 1.719974205618501895e-01 1.867882220306320840e-01 1.148073500535781166e-01 1.091151181934961051e-01 1.946716718551593783e-01 1.263798817561024024e-01 2.015354051514558487e-01 1.507217958947437431e-01 1.885018909525866537e-01 2.708812820790525433e-01 1.646146473225419404e-01
1.234535004594511653e-01 1.642899717205114629e-01 1.358765006318378710e-01 1.467965233776987177e-01 1.558102646640172062e-01 2.755736604635561360e-01 1.315100738298412564e-01 2.839130893823372803e-01 1.137192198797381260e-01 6.249181809405429666e-02 1.291018021963024620e-01 2.774635753006529093e-01
1.011765545041960757e-01 2.133606476733304336e-01 9.234114434268397842e-02 1.022005549571797234e-01 1.596747918639870867e-01 1.764754243224546659e-01 1.716379431353192708e-01 1.531846383237951414e-01 1.831610589834629932e-01 2.378170793712030551e-01 3.256707622789332124e-01 8.329940024345447447e-02
9.611052327853841781e-02 1.255123960117600079e-01 1.408907175877088802e-01 3.397241019497884151e-01 2.237034080539907765e-01 1.348018747570564613e-01 2.202624879622186171e-01 1.813177921228210365e-01 8.076968629608624606e-02 1.236661220237720848e-01 1.877551907948366572e-01 1.454856991614252859e-01
1.978244351781099086e-01 1.825511410920736544e-01 1.825149880483571685e-01 2.287223147319780159e-01 1.791561849220980052e-01 1.182055107039513553e-01 1.736951482898598798e-01 9.251808028322965061e-02 4.572358101992581025e-02 9.121671935080741256e-02 3.251507702292337765e-01 1.827211261503771667e-01
1.083578072672228831e-01 1.143722666084037998e-01 2.619038104481410389e-01 8.121526893184327633e-02 2.276463961657184676e-01 1.262888218262855911e-01 1.527744499798388556e-01 1.594247924151079854e-01 1.978124959761454194e-01 2.195092386932654405e-01 2.194508062112802693e-01 1.312438454767470841e-01
2.185385539469636429e-01 1.629011762673704955e-01 2.071292315056603717e-01 1.183068829405618250e-01 1.677497363715879375e-01 6.507744961117836735e-02 1.202868176159856556e-01 3.102791033587464220e-01 1.658433635204543122e-01 1.592690778976357802e-01 1.378313299213743126e-01 1.667872770424826123e-01
9.449801944245074525e-02 1.677242380837870583e-01 1.397782440692370010e-01 1.911410770816715232e-01 2.118238631286948337e-01 1.921092011411015266e-01 2.087724078190824617e-01 1.968613286822929742e-01 1.661283542783178468e-01 2.428873166194113475e-01 1.187586505525632385e-01 6.951729910138891577e-02
8.586119976148987032e-02 1.419830037369245457e-01 2.851361628760766820e-01 1.148236293670880925e-01 9.495654517248106052e-02 1.100925559605833437e-01 1.985052996774363809e-01 1.625535293270718440e-01 1.296601973110266259e-01 2.490725363618891408e-01 2.275710526558495372e-01 1.997842877920805171e-01
1.855770431304109569e-01 1.606017846662662341e-01 1.158931843977582671e-01 1.883593356060238588e-01 2.066293142216270862e-01 1.549101750886397455e-01 1.738283981551353163e-01 1.870510660081884380e-01 1.357419996758191805e-01 2.418461480892943882e-01 1.365019169489245232e-01 1.130596340119113530e-01
1.660580800583835170e-01 1.387850903955188397e-01 1.001112728182521616e-01 4.857811394647104652e-02 1.128975184178566127e-01 2.884898585906877644e-01 1.945716797463077907e-01 2.295867005049584686e-01 1.221404882985604456e-01 1.842876349704015149e-01 2.747830797099042877e-01 1.397104825426978281e-01
2.232925921250895340e-01 1.894807713397821669e-01 1.450127849918142475e-01 1.046173729615138270e-01 1.509046829229954423e-01 1.785758698458092819e-01 1.013109943403819047e-01 1.384897097187389736e-01 1.485351102831085623e-01 2.122896295403795264e-01 2.444275681750410767e-01 1.630629137553454289e-01
7.126441649520806609e-02 9.149599991949902700e-02 2.110849573584387406e-01 2.829239210055792264e-01 1.558294865369988791e-01 1.807250877841651282e-01 2.593009485618797960e-01 1.917847152199268490e-01 1.827975163233614697e-01 1.325289827955486721e-01 1.460434995548785253e-01 9.422046844451727188e-02
1.890173066093009391e-01 1.241646156274317236e-01 2.338758812073312710e-01 2.072403754778011364e-01 9.517507293006211011e-02 7.573140134663111644e-02 1.784934729272259490e-01 2.464113250360425167e-01 1.050376412361296308e-01 1.991016935056799109e-01 1.873295496746933131e-01 1.584216644216725756e-01
9.876573417782250064e-02 1.963220685940678667e-01 1.518686385975054343e-01 1.766195576752069563e-01 2.587477013372252443e-01 1.439834834668946850e-01 1.579261496691864441e-01 1.913117002146781931e-01 2.020216858267431803e-01 9.737011548291034380e-02 1.736371489874843632e-01 1.514260159702746633e-01
1.447300773741173607e-01 1.567169288438453323e-01 2.153852407980939299e-01 1.162869604647201321e-01 1.074051116340646039e-01 1.549893881537754703e-01 1.198093569175501666e-01 3.264370430877486795e-01 1.043058073111490236e-01 1.555273342564034433e-01 2.025676347552914647e-01 1.958391164032415588e-01
2.288675865347424565e-01 1.677281372231773371e-01 1.250515431600641159e-01 2.025174698041857790e-01 1.431416551183570252e-01 1.405064119991021043e-01 2.324085976883759619e-01 1.503834705261156146e-01 9.071124413305810263e-02 1.153657112007560465e-01 2.708571348112623900e-01 1.324610378008015399e-01
1.828673372547233167e-01 1.991128548186322789e-01 2.012154884151794165e-01 1.104531299475551148e-01 2.226395446438801384e-01 2.145912081894603696e-01 8.919710527683319401e-02 2.139124742289594261e-01 1.614071356767939058e-01 1.191847541322178378e-01 1.619978147498658816e-01 1.234211526658995778e-01
1.781681411135960791e-01 1.277309759520241783e-01 1.464424516198734594e-01 1.457060994132462484e-01 1.863625263455018777e-01 2.029196435733205683e-01 1.618459802049006246e-01 1.691634751507715972e-01 1.404055795201207268e-01 1.313930752468374097e-01 1.978686969176866872e-01 2.119933549421202101e-01
1.856030899720420013e-01 1.562225882454211789e-01 2.018185816330858584e-01 1.684669809654688044e-01 1.291549077134699908e-01 1.201428267409229561e-01 1.357687194524460073e-01 9.287290319948812711e-02 1.174449945511323035e-01 3.038379727601445701e-01 2.094795913108279395e-01 1.791868434555508038e-01
6.750946654948367098e-02 1.730111778610185502e-01 2.615743586233104101e-01 1.740307881928493117e-01 1.618004210879116500e-01 1.800381715825598861e-01 1.291260178813555815e-01 1.888201620647311230e-01 1.641312282486188101e-01 2.329936820981572398e-01 1.900453961331099173e-01 7.691912967689443215e-02
1.316591524332125507e-01 2.025548960477857041e-01 2.658579304491117679e-01 1.093463821925085427e-01 1.728380594624830957e-01 1.452814055542716032e-01 1.873430847973153179e-01 9.983142495923418014e-02 1.220843513751113107e-01 2.072703201287984520e-01 1.647990358380397313e-01 1.911339567621266888e-01
1.678655282016263128e-01 1.745565971334282207e-01 1.588131741801689922e-01 1.334237795878437938e-01 6.950091223954039943e-02 1.983640818587877885e-01 2.016625646524964621e-01 2.870821746612529646e-01 1.706451458771466589e-01 1.191003430103113603e-01 1.897031466800110089e-01 1.292825519173890769e-01
1.137629955443468094e-01 1.349281542516631016e-01 1.619857884053146901e-01 1.440150090518489967e-01 1.010244018517076625e-01 1.487732503163430864e-01 1.312004901356088049e-01 1.459737477476784062e-01 1.676034734465939313e-01 2.558563116189968567e-01 2.560806909230330941e-01 2.387956867068640465e-01
8.202940242083846256e-02 1.579811766081306024e-01 1.782843289231008654e-01 1.255089359804132942e-01 1.778650869778839461e-01 2.678956884881991685e-01 1.000160994187850871e-01 5.779350181263841202e-02 1.586309739210290115e-01 2.431313137959144333e-01 1.424975518965478360e-01 3.083659397565196025e-01
1.470190404104656234e-01 2.386002004282532507e-01 1.651585250729470378e-01 8.397334130881940750e-02 1.650125848629835912e-01 1.827656877063157936e-01 1.190770265091076197e-01 9.358260349202901507e-02 2.329771937806092430e-01 1.416807388279622826e-01 1.689244468927965370e-01 2.612286107077117503e-01
1.889553670495912607e-01 2.415319656260724590e-01 2.286299369067719689e-01 1.853797842825428699e-01 1.032748778594719669e-01 2.013596761669499413e-01 1.260641327879886697e-01 9.746680490045021850e-02 1.316949211706303080e-01 1.795137437243873868e-01 1.943722239491237347e-01 1.217565655760200760e-01
1.074710563611468717e-01 1.602307636239793109e-01 2.640003620968209286e-01 1.386496538844578796e-01 1.247326790119174522e-01 1.734519321997813335e-01 1.873526010853196477e-01 1.445823226475084489e-01 1.815911454108619094e-01 2.126925037740723945e-01 1.611946399797304086e-01 1.440503399244040805e-01
1.770373854753256038e-01 1.169786540832412347e-01 1.980159869404727324e-01 2.400830518000445779e-01 1.332120188345443379e-01 6.857384804069302509e-02 2.543001284670468043e-01 1.172568945856549139e-01 1.171431907613322415e-01 3.022239241183504732e-01 1.184426227129116160e-01 1.567322941803819258e-01
1.382360781866774913e-01 2.330977844007671163e-01 1.357077440067147311e-01 1.548372432793620190e-01 1.113180653339581605e-01 8.158886014742189330e-02 1.591384353005065033e-01 1.540595379776936724e-01 9.343084312830646221e-02 3.257132099526894864e-01 1.327540079673926732e-01 2.801181903185110955e-01
5.644836718461736236e-02 1.948902698512488540e-01 2.794396960827662535e-01 1.149386458848007109e-01 2.194362873386572210e-01 1.410022580179425833e-01 1.633738242284284437e-01 2.188398728895339374e-01 1.313274638305937936e-01 1.385023788576117687e-01 2.478591517434090841e-01 9.394178409038975164e-02
1.736861976173166566e-01 1.702493530178974535e-01 2.075342150628775584e-01 1.382143120888593146e-01 1.380633826959312138e-01 1.309357497836185491e-01 1.318704918160258921e-01 1.531621241450094595e-01 2.239376538430336294e-01 1.009325125161749520e-01 1.759824522936916380e-01 2.554315551195648903e-01
2.871408829742684299e-01 1.818418978249892459e-01 1.201852833692725886e-01 1.567661283493895219e-01 2.704665072867105113e-01 1.967648369474068182e-01 1.019525811241418223e-01 1.035699032637483058e-01 2.006257310547369110e-01 1.910317454107196555e-01 8.207749534588809626e-02 1.075770070487283847e-01
1.846121835643664000e-01 3.500675395479253549e-01 1.730409189799045067e-01 1.070885920263785346e-01 1.784541769531304278e-01 1.207263762118639117e-01 1.363613985632145531e-01 1.529128519611892278e-01 1.673020193565660507e-01 1.336354679879839802e-01 1.268031460141695876e-01 1.689953288333061188e-01
1.909768118499667044e-01 2.291309980075141861e-01 9.482808716289067852e-02 2.137609436666701446e-01 2.001252975953428381e-01 5.575494495377047305e-02 8.206491953498459835e-02 2.904153663598029733e-01 2.197181204142859001e-01 2.319164643140380899e-01 1.326339025371372493e-01 5.867414360359617109e-02
1.368151808242894507e-01 1.608134725884442784e-01 1.710999836100952354e-01 1.705228108070268589e-01 1.350008747933704178e-01 2.527595299817066987e-01 1.238353318439801148e-01 1.228133448667891175e-01 1.802395415102653886e-01 3.099381087258981093e-01 1.386807824659948007e-01 9.748103798214007021e-02
1.372112018595076921e-01 7.803338117184828449e-02 3.922239056906145355e-02 1.206887862260361682e-01 2.433341141909126093e-01 1.349089681822988607e-01 2.601699126228592118e-01 1.925856701208801536e-01 2.495845496308591316e-01 1.964301230791979935e-01 1.995236888813569642e-01 1.483072134651831075e-01
