2.527973721409801366e-02 4.374979195716389990e-02 2.252389384607287118e-02 2.090421999946426301e-02 2.175899726489543412e-02 1.515383488479990146e-02 2.897214631404506149e-02 3.109809451593489524e-02 2.724044682682875279e-02 3.310957157674189466e-02
1.313681180170561853e-02 1.678273743850856523e-02 4.087349973028715083e-02 2.716067956520447010e-02 2.320130421601596798e-02 4.342649066761809784e-02 1.673718062638121507e-02 2.897608200921924018e-02 3.401632378507430526e-02 2.621411459413318379e-02
3.251966640239267736e-02 1.817906483457979588e-02 2.111387510344170382e-02 2.872108780681455198e-02 3.098934460187409076e-02 2.446248514980082014e-02 3.505406481722930789e-02 2.373445880038009895e-02 3.157007259127481147e-02 2.278195367986837749e-02
1.984073087597094248e-02 2.954956775933069782e-02 2.660821438833785649e-02 2.555628113602869539e-02 2.135191647664952050e-02 2.138497865152607855e-02 2.470179103835054221e-02 2.406378703575754244e-02 3.398127859984441390e-02 4.137552143097826540e-02
3.201406198505780953e-02 6.248939915294924284e-03 2.473498848903198793e-02 3.361689755823484005e-02 2.367314359991833442e-02 3.019004394363778571e-02 2.244203345228934152e-02 2.411001325581324864e-02 3.374877502670137891e-02 3.209075112560803855e-02
1.835388856558009193e-02 3.628758925712775169e-02 2.450055139801465484e-02 3.217379493871702634e-02 2.421094376059611600e-02 2.085024084610500109e-02 3.371547285060821908e-02 1.834845419624939883e-02 3.173279037174892708e-02 3.233873027719590815e-02
2.993726145013512682e-02 2.626349444396589711e-02 3.105650258077850140e-02 4.678207147366691965e-02 3.005938256868676342e-02 2.397362801945908048e-02 2.341385680705823646e-02 2.471409205051521008e-02 9.809103871518178377e-03 2.161624552213950445e-02
3.514844031576792177e-02 2.935893814853902245e-02 2.662203828827066840e-02 2.495731971318445805e-02 2.381438658050960902e-02 2.503357419721496946e-02 3.302112011353861010e-02 1.796663403466045028e-02 2.067453022767232196e-02 2.827440075085480356e-02
3.148617451093257275e-02 2.029311193069467320e-02 2.760457129356958667e-02 3.450684316356553150e-02 2.171439223484417091e-02 2.995335884276039556e-02 1.171980219274717377e-02 5.982294067000090004e-02 1.857053164309324308e-02 3.135596113921827743e-02
3.896551583320160411e-02 2.535898937768969047e-02 1.116376219140758318e-02 4.266717235292078608e-02 2.352008834506626178e-02 2.476454215262907654e-02 2.846558504526521677e-02 3.476944089137513905e-02 3.340274547999352167e-02 1.505265252140793389e-02
2.857025657280030939e-02 2.673774517816924351e-02 2.451556883413623378e-02 2.174873327622134367e-02 1.742279145664223788e-02 1.634517319522336976e-02 2.909776476644930499e-02 3.769897757374583713e-02 2.480061881209736502e-02 4.030003448896243151e-02
3.466012806542493468e-02 2.949619657181322754e-02 3.534407939123462850e-02 3.039841456250906571e-02 2.215974567465731418e-02 2.245639204990697649e-02 2.251414855588740327e-02 3.095074660467984906e-02 1.697629960780498021e-02 1.931947391776709863e-02
4.432245347804099345e-02 2.670576133017813283e-02 2.058784944194520100e-02 2.997987697674029187e-02 2.067252343652616758e-02 2.636257961003497796e-02 1.082352213898236069e-02 2.703760699696648034e-02 3.488847402238681034e-02 2.662661609395213652e-02
2.904109278319528045e-02 2.719388757016965447e-02 3.009561947532049531e-02 3.130680258592484499e-02 1.770528907429804941e-02 2.392321408449984976e-02 2.276438227132174946e-02 3.736380553718172265e-02 1.449943000690345069e-02 3.907449736156487496e-02
2.830131308782874236e-02 2.577987568720428724e-02 4.057666932961057765e-02 1.390006037264949340e-02 3.037668956247749699e-02 3.000478491758831398e-02 2.430990379088253037e-02 2.202436256105834086e-02 2.137777684531822625e-02 3.349104930616976505e-02
2.902961976259055971e-02 3.064875339588689698e-02 2.333502645201598197e-02 2.180638702139811591e-02 3.003546976637161414e-02 2.833230272587118279e-02 2.352001791574935552e-02 3.062957941084777300e-02 2.864762042864759869e-02 2.134650894471110463e-02
2.575898571632772444e-02 2.501860579363572937e-02 3.117875659538034763e-02 2.929229308615068084e-02 2.628936146313783084e-02 1.922250785977284993e-02 3.629197720689077145e-02 2.822517591040648102e-02 2.365965089569057808e-02 2.192368181717253492e-02
2.451935376680068612e-02 3.055747555313508002e-02 2.081871260276654118e-02 2.437721564983776762e-02 2.245983094990759016e-02 3.077568225232058322e-02 2.407676442483578858e-02 2.723254899017852476e-02 2.831611927895765282e-02 3.449674528942601320e-02
3.290773741088366677e-02 3.650100745039099037e-02 1.667367141173512618e-02 3.442531954546320522e-02 1.224680661871795431e-02 3.634921343190160303e-02 2.482113758738632367e-02 1.327522568477410361e-02 3.355406371915588964e-02 3.192006293588931648e-02
2.479645955804440569e-02 2.455741229905029563e-02 2.653564979648908792e-02 3.339124188075551225e-02 2.751377391397843292e-02 1.398206030468886370e-02 2.043040149692361765e-02 2.746456986132990094e-02 3.388387786479658825e-02 3.035627623141346626e-02
1.902567870474522818e-02 2.180123923606407110e-02 4.056061283103712389e-02 3.323187858965982039e-02 2.486486031975106495e-02 1.532975422506970865e-02 4.108790603693701637e-02 2.803547888835025356e-02 2.096665681380291066e-02 2.421923414502024502e-02
3.747967388584221016e-02 3.036358092360245953e-02 2.401985036597119316e-02 3.219636280282366092e-02 2.184445822769044351e-02 2.877652040482713003e-02 1.759131178332719661e-02 3.797805551853296324e-02 2.739613384354879985e-02 1.539963447638460076e-02
3.763908419563044561e-02 2.222724184339854372e-02 3.301719823928701142e-02 3.015578845464014779e-02 1.826515573819499291e-02 2.193746173179525472e-02 1.970864745853018532e-02 3.769968418522558901e-02 2.471040968876571375e-02 2.484840253448590899e-02
2.007765804567107973e-02 1.699868883894013749e-02 4.267446031451659072e-02 2.719534457123109691e-02 2.574437325955441710e-02 2.285368883137494159e-02 2.992015833163834057e-02 3.122369898313874167e-02 2.666616943217772068e-02 2.461691288238034014e-02
1.548955113312764330e-02 3.351785092064103050e-02 2.548311275698355444e-02 3.454226669206693356e-02 1.541240491775542308e-02 3.424597030278245940e-02 2.779795579312880141e-02 1.837139577874263505e-02 3.589507853904846252e-02 3.513319383953199260e-02
2.088446983951073449e-02 2.862684133350115734e-02 1.390046139078275275e-02 2.915850360872805636e-02 3.215481546655537398e-02 3.302139412120603384e-02 2.529710308390810056e-02 4.158286772778391899e-02 2.290218681782468790e-02 2.180466237321807693e-02
3.686635215212809985e-02 2.892037263338644720e-02 2.946717993516626000e-02 1.558251583503201566e-02 2.527319341207456826e-02 2.621839911501853623e-02 2.877404746879761582e-02 1.836950852907734064e-02 1.826417214110381826e-02 3.445284259409304300e-02
2.162616456513236432e-02 2.017286131340326888e-02 2.594889554459999664e-02 2.037857160104656132e-02 2.117029677329144988e-02 3.834244153064420707e-02 3.104511429722644697e-02 2.656597854885788673e-02 2.873436824010376991e-02 3.390697850254602297e-02
2.996020980770929681e-02 2.859209384144504457e-02 3.521285210302069202e-02 1.959044096485993217e-02 2.177427578040923989e-02 2.965990700766237345e-02 1.550288947524356212e-02 2.661499258275577817e-02 3.179510553826641467e-02 2.932705792053976260e-02
3.261168544394586061e-02 2.176102084283270538e-02 3.016197262957391947e-02 2.241816767223794166e-02 2.416157636609271922e-02 1.545100847815719311e-02 2.436021106948077844e-02 2.832655101877821005e-02 4.439132254341939671e-02 2.462719828475918096e-02
2.069430288494246775e-02 2.809397086548415939e-02 2.723748964797754329e-02 2.519683650771398220e-02 2.860512520845930745e-02 2.285354699462369479e-02 3.357801554251426540e-02 2.817964278561831820e-02 3.113655078486482833e-02 2.073112725456362562e-02
1.562599124265904096e-02 1.567517920547671986e-02 3.004813105957437197e-02 2.675246458756502799e-02 2.328466603847817451e-02 2.836670057270954115e-02 3.620762743751950591e-02 2.669162801363609769e-02 2.938428501139507890e-02 3.513956869373115188e-02
2.562823078368464680e-02 2.896397754635121266e-02 3.707177069002332015e-02 2.827885999614736245e-02 2.012504360290566507e-02 2.015352527547647002e-02 2.294500539733835415e-02 2.767996251785104569e-02 2.517991244411784887e-02 2.923326735133653653e-02
2.649289586793569101e-02 3.285168058987013306e-02 1.916993765143476525e-02 3.541733773723596684e-02 1.635898813824964923e-02 4.219182971916531771e-02 2.936797390836490967e-02 2.664965159103242776e-02 2.310744557729686038e-02 2.029436546939332106e-02
3.089224885213153263e-02 2.190343892557056540e-02 2.145811874193313817e-02 3.033350045674648027e-02 2.162425524299043528e-02 3.829190363781076467e-02 2.981842415845070357e-02 2.172223604045205383e-02 2.916484833421589123e-02 2.374027420460200766e-02
2.887755010009164514e-02 2.345725962506528886e-02 2.979867886363814222e-02 3.280354467993525092e-02 2.969680112557891022e-02 1.562895432680720328e-02 2.783585166745150205e-02 1.967707937664925355e-02 3.362473371339085026e-02 2.650703303031320610e-02
2.256617757837255794e-02 2.547925107454214466e-02 2.437440125765076571e-02 4.244976680794040891e-02 7.811890495949932317e-03 2.217385540066003913e-02 3.810400956434460695e-02 2.812554449200089721e-02 3.518144461897389913e-02 2.240086320763001390e-02
3.367193091830509438e-02 2.331758344009696865e-02 2.342792392546097502e-02 3.066872786907163390e-02 2.121966984152547434e-02 2.597156286177471421e-02 3.046913663044517259e-02 2.621395335732655194e-02 2.651996410992206801e-02 2.630227628009011373e-02
2.884450866852748818e-02 3.249167246848190527e-02 2.066598562003037556e-02 2.898275139000964715e-02 2.187721430765717651e-02 1.979803825770166253e-02 3.018041072633102784e-02 2.258942128192375359e-02 3.013828722220313408e-02 3.220915290209530601e-02
1.734824274182570486e-02 2.293035074032971632e-02 2.646789401864094171e-02 3.195148936647210919e-02 2.453469373504343215e-02 2.278036223156201454e-02 3.015201909960435120e-02 2.714903125905873335e-02 2.526674785536502446e-02 4.033514230969525299e-02
1.510174196249296566e-02 2.025077861230374643e-02 4.081089553102713180e-02 1.607543973885623007e-02 2.141719024227583049e-02 3.145277745935012859e-02 3.551044753715194152e-02 2.827726210643444205e-02 3.330889238698594296e-02 2.492111052711412991e-02
1.705512705848761384e-02 3.951177549417572016e-02 2.722159505609061947e-02 1.711116726664312776e-02 1.592636023682609397e-02 2.512035693260691177e-02 3.438742711364010940e-02 2.454769519627436614e-02 3.482786367807969019e-02 3.458364092854610689e-02
1.679389934342600046e-02 2.554748145988065128e-02 2.201991732638972077e-02 3.400056166876250924e-02 2.885923589335951181e-02 2.890187073536962248e-02 3.360773950772636548e-02 2.182208407059655492e-02 2.458007647576998869e-02 3.220039291419515837e-02
1.788099589568688252e-02 2.815088294714259906e-02 3.446138956390601416e-02 2.930641403480059234e-02 2.545584028795730772e-02 2.531082629682162438e-02 2.920353673069868081e-02 1.991110972861134809e-02 2.186104656265196872e-02 3.877143204838946755e-02
4.435593346303368795e-02 9.426245477608084788e-03 1.659526518352321539e-02 4.590599273642236022e-02 1.379393076432151692e-02 3.636581359138799791e-02 3.276252016114508669e-02 3.434699424078212215e-02 3.032487513362091408e-02 1.976380339713610518e-02
2.175048338883571464e-02 2.000475541166886126e-02 2.750432505513327602e-02 2.805393003483631562e-02 3.064846109598283463e-02 3.596401340550162834e-02 1.334642532298329319e-02 3.011159609067304635e-02 4.078195579771676238e-02 2.092773007925218670e-02
3.125236506606414444e-02 2.288191833795866562e-02 2.215367562342202695e-02 3.800718469323704357e-02 2.519877533376671877e-02 2.226669135689487988e-02 3.598095855328049125e-02 2.055789190603753494e-02 2.645969336570593022e-02 2.579077162947070526e-02
1.929341746665369506e-02 2.291477321385842342e-02 3.258181461527669132e-02 3.260723183062443770e-02 2.040370796994433328e-02 2.908778699493754991e-02 2.723383382288209822e-02 3.111011989905403119e-02 2.310068394919118431e-02 2.897113978745802232e-02
3.341593479186429766e-02 2.742788553245653280e-02 2.568098263369486545e-02 1.119655253979373773e-02 3.871740904049735671e-02 2.182983082888859117e-02 3.369622142534306475e-02 2.913645751113994389e-02 2.197953182806188649e-02 2.759241302019950492e-02
1.714968602475300252e-02 2.436576892643278411e-02 2.961012978079768931e-02 2.621941530272024756e-02 5.079500682652157012e-02 3.006766111760586502e-02 2.328897900777043492e-02 2.039127319078103823e-02 2.265462116704424281e-02 2.262410083070657413e-02
2.575803160561835128e-02 8.635494541369619775e-03 4.359780717392893606e-02 2.279947288927973090e-02 3.415384358186901448e-02 2.270613225768385729e-02 1.645893866264874425e-02 2.938936524502279435e-02 3.271075831632172526e-02 3.286613776294597389e-02
2.958677993711611789e-02 4.022891827979042934e-02 1.576318837653579302e-02 3.099129046001022902e-02 1.726627283621046463e-02 3.103462844834997333e-02 2.255703950109059705e-02 2.578353459696961641e-02 2.725733932647599750e-02 3.109603217322021163e-02
1.323930154089491933e-02 2.638268271260707162e-02 2.264099867042415615e-02 2.126944937933686330e-02 2.717245214597656736e-02 2.933672699565436151e-02 4.074351723519406554e-02 2.541883755781840920e-02 3.448481821218355586e-02 2.630964599830884834e-02
2.395994420889367704e-02 2.137727763608205864e-02 2.895594393085993215e-02 2.969379400219654408e-02 2.470885649791684444e-02 2.629430899623649148e-02 1.903192996224798220e-02 3.735766940544867770e-02 2.369757700061493957e-02 3.390448501088225153e-02
2.167982982671051717e-02 3.331570160444293632e-02 3.735690951010921246e-02 2.295151280371106328e-02 2.271048456084340597e-02 2.194786619756880844e-02 3.431714579208258037e-02 2.479579047153569402e-02 1.916542255933492353e-02 2.783717390871299699e-02
2.602792125419219407e-02 2.493528449970975128e-02 2.186166265638453399e-02 1.861918049734056710e-02 1.899539373663219552e-02 2.916547345133211830e-02 4.204546842467917628e-02 2.078098017648605592e-02 3.921507139924106100e-02 2.867563849162061557e-02
4.008278778805419301e-02 1.845060045718819458e-02 3.474380711540771965e-02 3.033198821172038845e-02 2.022475321720794417e-02 2.127320087915643768e-02 3.464824572722167290e-02 3.637880970534587005e-02 1.976327668775699348e-02 1.622631370102228104e-02
2.102680987079784056e-02 2.326355471409385575e-02 3.411034517638848740e-02 1.391535296091991544e-02 3.915476661871235275e-02 1.865800951318617035e-02 3.085978231540752875e-02 3.296972350415772191e-02 2.682993546824661429e-02 3.427807760594060726e-02
2.990690244498833347e-02 2.047620398061041763e-02 2.517602301633585157e-02 2.596579845352260316e-02 3.019090977680783522e-02 2.623001045332139930e-02 1.466810822151178549e-02 4.463097191092995492e-02 2.408464472449168073e-02 3.022793946672902229e-02
1.616261633751714388e-02 4.728059667708472968e-02 2.284629047157015966e-02 2.412105353227203194e-02 3.797604343748465366e-02 2.273136786290730002e-02 2.857283998209003348e-02 2.331315303730240387e-02 2.116201772217727109e-02 3.388586321960498915e-02
3.332270082075495382e-02 2.691902986157475308e-02 1.136376347090486093e-02 2.049888764751919140e-02 3.612671783811906290e-02 1.716254940329490011e-02 3.072218708646828542e-02 3.173498374935185967e-02 3.165773243632978573e-02 2.833569246443276915e-02
2.276578555588401262e-02 4.141013621170632625e-02 2.489527757744148390e-02 1.928834299094732765e-02 3.282435155523335396e-02 1.956138774282645959e-02 2.655761701517951601e-02 3.513639699863528587e-02 1.688176194990837625e-02 3.475177204064465453e-02
2.891847632789862690e-02 2.241756530939204364e-02 2.384866606411115142e-02 2.327632897340043902e-02 1.553386478390419816e-02 2.513672272330821564e-02 3.550209262102570207e-02 2.855527602220793437e-02 3.008160363830054279e-02 3.246273382008142000e-02
3.572324235615768895e-02 3.263640378169162248e-02 2.042994222090393011e-02 4.275180955676885497e-02 3.620385922612500557e-02 2.293570037759150651e-02 1.668792497479136896e-02 2.017380304878249944e-02 2.186968836946924163e-02 2.069318497444812277e-02
1.756223825356975285e-02 2.710782622075946086e-02 2.520017329433794223e-02 3.358368323240304432e-02 3.029437460414607236e-02 2.561079104904216697e-02 2.835408781648681223e-02 2.736156947490197763e-02 3.580345627515795631e-02 1.616885923187846505e-02
3.293664336938001425e-02 1.644358659519192314e-02 3.442524106839944809e-02 1.573954601876510415e-02 2.011248494669480233e-02 4.856823143652189145e-02 2.869947894812169970e-02 3.465219406517721507e-02 1.742041773987188999e-02 2.572130546849491634e-02
2.661303217344307762e-02 2.390082732995151005e-02 3.166483507650998813e-02 2.369348734916656984e-02 3.380364146143704368e-02 2.987755956727043000e-02 1.502505884257961284e-02 2.689530888449380430e-02 3.800461698840221225e-02 2.005248365332754079e-02
2.111127784141856104e-02 3.647403753936950821e-02 2.530824768095159966e-02 2.328535693612594770e-02 4.174660698889458288e-02 2.096369516682072484e-02 4.093060376024743735e-02 2.266910307472179767e-02 2.275266206527568752e-02 1.823790745761127291e-02
2.717679288040005664e-02 2.079554526619151536e-02 2.810460122306975700e-02 2.699801403440295344e-02 2.734021494813971762e-02 2.726554497848731468e-02 2.130333742897231111e-02 2.660086196759371691e-02 2.963152903945992511e-02 3.037885240686748894e-02
4.196049449410886589e-02 2.580256090116807982e-02 1.943193870920073563e-02 4.972252257172894013e-02 2.228010710425178120e-02 3.131917984899963703e-02 3.398883483726346938e-02 2.404673721558156160e-02 8.338546364299719363e-03 1.627365630350006281e-02
2.691750117782663529e-02 2.527537096578266751e-02 5.086351855410320422e-02 2.177056177730494688e-02 1.457163004782229682e-02 3.941039790801020848e-02 2.005945351417823957e-02 2.020327616354184244e-02 1.713929794511613244e-02 4.249120779011230503e-02
1.210155243322998120e-02 2.649992417046784232e-02 2.492229978405225907e-02 2.881312942843427399e-02 2.774980700835380856e-02 1.486548127027046903e-02 2.593535732718164552e-02 3.829239863125261101e-02 2.777401183092177706e-02 3.971298182555053208e-02
2.291431662974498587e-02 1.834485399739307215e-02 3.467996927264754836e-02 2.966193545624068797e-02 2.262682382890283256e-02 2.169858869809730348e-02 1.978543136357760815e-02 3.435096463912998971e-02 3.555143541701915461e-02 2.369822035915895506e-02
2.183487572833748419e-02 3.791782773354350489e-02 3.106523505208277913e-02 3.400807206691717349e-02 2.630933620338533896e-02 2.915464803026873372e-02 2.289274060329452368e-02 2.141191978021521336e-02 1.763120537533895138e-02 2.386851294959783931e-02
2.965734747588722950e-02 2.272847562781740716e-02 3.076731503358383357e-02 2.886553524948168997e-02 2.315700577172821392e-02 3.942886223076082913e-02 1.693214241974521500e-02 1.819231620494288215e-02 3.927909021475663870e-02 2.340709380448996804e-02
2.727250027106759012e-02 2.859387008997022611e-02 2.659777338609789835e-02 3.733867816052725136e-02 1.792171199882220192e-02 1.582212301072698571e-02 2.502604091986758428e-02 3.036299432239182583e-02 3.212152972476050444e-02 2.448292375782182978e-02
2.104381861227145462e-02 3.221147219736918144e-02 2.129279710115004540e-02 3.435248843150246617e-02 2.601769961628758523e-02 3.126390695682938758e-02 3.973281367024244365e-02 2.686901479234703183e-02 1.446010149082881287e-02 1.937470129727074039e-02
2.077035553869653259e-02 2.779898457486237179e-02 2.510781150595661759e-02 3.981382513035122001e-02 2.175271988671856685e-02 3.900834458326139786e-02 2.110966813261309916e-02 1.612017141455796693e-02 2.331413706619687651e-02 3.733325684679852235e-02
1.991367440362151742e-02 3.301422273005082120e-02 1.621066349148509930e-02 2.188713374397308759e-02 2.814308413787956764e-02 2.725250000418549465e-02 3.049882780011459876e-02 2.654243658876476522e-02 2.837023468797135115e-02 3.825917167719641854e-02
4.378312126235453516e-02 1.410728091231642535e-02 1.772239024233623547e-02 2.427454285449390237e-02 2.077103983309505630e-02 4.672787612773881410e-02 2.952409672532457438e-02 2.085196722664383814e-02 3.203226435011876511e-02 2.560070121818953937e-02
1.572064770053581764e-02 2.290477337488466131e-02 2.818118417023343647e-02 2.446584106941206843e-02 3.057523776245772013e-02 2.982758709296293512e-02 3.044050581726327753e-02 3.351661922347417416e-02 2.956063233809883006e-02 1.951270412779369801e-02
2.997323055386498861e-02 2.346831976429452488e-02 1.535647421363752450e-02 2.194088837264884448e-02 4.661747428664637233e-02 3.350763423942861724e-02 2.726654116136803183e-02 2.173230296293954603e-02 4.363386270808487094e-02 1.211622221087856055e-02
3.218411189818614487e-02 1.781974926066077700e-02 2.588713885002201162e-02 2.498820949616261528e-02 2.819486584583810046e-02 3.176154689775369244e-02 3.026735181060206253e-02 2.131193652641285435e-02 3.175362985012426115e-02 2.399755978042373075e-02
3.337063982996496536e-02 1.992023083979612558e-02 3.260051831218279544e-02 1.278919564580762586e-02 2.184389075056068774e-02 4.346386558138542328e-02 2.644777195149142918e-02 2.819405105473263284e-02 2.354870020511096174e-02 2.850322919447021916e-02
1.723803379239957981e-02 2.557963264244254853e-02 2.102427747045325368e-02 2.808362912667139444e-02 3.018509544528158450e-02 2.847243353803842122e-02 3.063088078210926893e-02 2.867152223037907136e-02 2.510972861730708175e-02 3.285590665996677290e-02
2.289642786527680204e-02 1.894623381709799326e-02 1.873227114679704847e-02 2.815006063394934199e-02 4.195860553268141585e-02 2.322519188293591108e-02 2.571299933595064952e-02 2.227330072210799081e-02 3.275552966146678263e-02 3.052612288129087637e-02
1.935705790267833876e-02 3.315088444377235766e-02 3.166846327140891704e-02 2.902972091278817335e-02 2.735685216668228004e-02 2.458498624817056014e-02 1.964515450594561327e-02 2.731494989017807865e-02 2.908043498822673531e-02 2.406970490107351174e-02
2.891152265641683261e-02 3.309896507796199205e-02 2.533651981030325684e-02 3.891076932223187790e-02 2.507403604750396003e-02 2.462699654539361391e-02 2.830106120466448910e-02 2.446329829806469930e-02 2.543667148677745266e-02 1.346857369366442903e-02
1.857316634226626254e-02 3.578367869294359765e-02 2.565571192972353198e-02 2.930113047992316186e-02 1.771418170961601077e-02 2.628629418570507456e-02 3.613476095428529156e-02 1.996475712027211830e-02 3.434981597281257237e-02 2.781877345260179782e-02
2.730627379118638620e-02 1.920842662410531324e-02 2.515455994470600087e-02 2.865039569372213740e-02 1.779592470356692116e-02 2.717504029887878036e-02 2.463109104337676478e-02 3.264327638329580367e-02 3.639226465860235377e-02 2.639377241701280213e-02
1.666944655880668591e-02 1.708526169910698153e-02 2.961249145038482439e-02 3.890041283363732810e-02 2.403548318188574937e-02 2.794290912978589225e-02 3.659294613412729380e-02 2.769346605528723651e-02 2.805642279836612074e-02 2.075065369013644190e-02
2.352903417006068504e-02 1.843728067444217952e-02 3.216304605227949392e-02 2.172576621639466660e-02 3.583469902442923405e-02 3.144379491188211556e-02 2.030104469456507979e-02 1.816602853792846292e-02 2.798814490024353896e-02 3.628424454126137622e-02
2.050968532321948909e-02 3.235574592893759177e-02 3.127840268841981797e-02 2.824066083591459525e-02 1.571888084729509971e-02 3.051471049545175993e-02 2.347600174980937066e-02 2.725113002967973971e-02 3.628112322942084189e-02 2.172023945225876398e-02
2.579875788437694870e-02 2.743380981136369495e-02 2.972298224733725680e-02 1.478891185172667017e-02 2.632223668093740254e-02 2.453488690258567861e-02 2.897742504606053496e-02 2.919775206747513008e-02 3.610210681340478289e-02 2.469378831559539134e-02
1.914418705729227163e-02 2.666270602911629400e-02 1.899174623631215419e-02 4.434697255136436228e-02 1.611595974569595205e-02 2.675027149151665978e-02 3.044674681845770114e-02 2.949800795084849686e-02 3.403127392835573334e-02 2.629963180555554628e-02
2.306966197381515177e-02 3.224603437717514509e-02 2.439472582982867011e-02 2.596030528939140616e-02 3.451594018546186304e-02 2.630561905852965912e-02 2.211338463657885195e-02 2.052921052595015755e-02 3.847153916723624473e-02 2.189139515188433943e-02
3.109220363214463059e-02 2.918353422776494288e-02 3.296100419118568742e-02 1.934167964695138534e-02 3.297881692249096663e-02 3.228258473356850761e-02 1.386480552824393038e-02 3.289555891885322797e-02 2.547120343137204701e-02 2.176146776496116694e-02
2.986259008219697628e-02 2.203817866325688546e-02 2.918523863200787188e-02 2.183646701358076675e-02 2.589596328678403503e-02 2.477050417612164379e-02 2.872258651308932584e-02 3.137836137166367251e-02 2.586716099596793675e-02 2.764433286283376340e-02
2.595108839628255948e-02 2.414034390642569305e-02 3.156505422541572292e-02 3.263482365694750365e-02 2.868676063222123929e-02 2.512052729496735623e-02 2.949286034673944887e-02 2.602683991031704003e-02 2.220161793934088967e-02 2.020728727706505579e-02
2.330456397222565451e-02 1.719410250077679433e-02 1.943624450084863176e-02 3.923308513330155123e-02 2.926413494423189474e-02 2.510810386599958768e-02 1.548647934561723540e-02 2.764285580146803520e-02 3.714648104133539547e-02 2.841643712668680613e-02
