5.296644173016940016e-01 8.456811855129625632e-01 4.035554906793229479e-01 4.249190558383851846e-01 4.035463519963050638e-01 2.698296974641321011e-01 6.447046046817946907e-01 6.390264038609019259e-01 4.958405159036364251e-01 7.218068958179877370e-01 1.975038097837165108e-01 4.239215711591229896e-01
7.321149230000374430e-01 4.671778686899110689e-01 3.141169629841907840e-01 7.824149625517388129e-01 2.164730130284035492e-01 5.705412513273173669e-01 6.289017749043048777e-01 4.504011485067662690e-01 6.604704295975681871e-01 2.639872285070855584e-01 3.918349412075697868e-01 5.215654956951183419e-01
6.770391553933006179e-01 4.118307657748920825e-01 7.278467279475984153e-01 4.251025752432454063e-01 6.564536783978225376e-01 4.635280968540335111e-01 3.710097148795509225e-01 5.580334179639419023e-01 4.951195544547762895e-01 4.846045055246240851e-01 3.871919717403786154e-01 3.422398358258798567e-01
4.228778180428493516e-01 4.053176921076761530e-01 6.868165407136088696e-01 8.363621336702525833e-01 8.041550948405802313e-01 1.005432166571137709e-01 4.407572521804610233e-01 6.093370184203219520e-01 3.730943916341278310e-01 5.243874289883627693e-01 3.803489382093708793e-01 4.160024745352760567e-01
6.072507899402188603e-01 6.779520982207274393e-01 2.569885071415933808e-01 6.965842480511451607e-01 3.563885248032026554e-01 6.016262709765192174e-01 3.607131494692698004e-01 3.095206457187744675e-01 6.386578226858528051e-01 2.553135769506342800e-01 6.621891526207929202e-01 5.768152134213093696e-01
5.498167784839274042e-01 4.381728863836486521e-01 6.266466279612872281e-01 9.101020689819316889e-01 6.111286219871501224e-01 4.236218190113293369e-01 3.865983285923590973e-01 5.432102365039530589e-01 9.899454957711123493e-02 3.233625496411474121e-01 6.413426773875197107e-01 4.470028554887091055e-01
4.722317748799834680e-01 4.506598841085349694e-01 4.522244563167291398e-01 4.337065938530498821e-01 6.829710998720404103e-01 2.778511289752427782e-01 3.767262358921635301e-01 5.502620986892964305e-01 6.442012558736924799e-01 4.016479397949918595e-01 5.483062134433298596e-01 7.092113183009614019e-01
3.730355304121041327e-01 7.171054350870580407e-01 1.428787105779969202e-01 9.340465834899872588e-01 2.295216420002370861e-01 7.224325824181765388e-01 6.560640155668098217e-01 4.220583387260401498e-01 1.055108327381986677e-01 8.404537179378220868e-01 3.652326027933783248e-01 4.916600082522167292e-01
4.166428999760111163e-01 6.808507057135566587e-01 6.687008427105051167e-01 2.174298018208968564e-01 6.298145416420729559e-01 4.853564983545254341e-01 4.779888267744534791e-01 4.348787313045850977e-01 2.874528946645755201e-01 2.971982927793538343e-01 6.350282256884239862e-01 7.686577385710446908e-01
3.851491844522655361e-01 7.230240926299980053e-01 6.434375467544376503e-01 5.171933542555701147e-01 6.674921289100951283e-01 5.856891174159201130e-01 3.874841367196713016e-01 4.164063306598904113e-01 3.807411165995860935e-01 6.478939443509790230e-01 2.650515649240257066e-01 3.804374823275054607e-01
7.924306012913151509e-01 5.452175415505702283e-01 3.190459035159446399e-01 6.164553896204878480e-01 3.073846765282001181e-01 5.900906326571572214e-01 1.521368538231659129e-01 5.258662222124793617e-01 6.145478253743446029e-01 4.423549604201798546e-01 6.067771732199240819e-01 4.876922197862314512e-01
5.211055259210359836e-01 6.101536391606707799e-01 2.515189638890187318e-01 5.344553750837724992e-01 3.444095146181548328e-01 8.002782913269543830e-01 1.736365443869062608e-01 8.361815344072309752e-01 5.073388289285072350e-01 4.543453552817477425e-01 7.900968919503748022e-01 1.764795350455838074e-01
6.433850998286959610e-01 6.179310205767256647e-01 4.897057432770383079e-01 4.240572545947072225e-01 4.261791950591259370e-01 6.762937222096532253e-01 4.545064037454470407e-01 5.708763078326797302e-01 3.609011973808091134e-01 3.309144736219658545e-01 5.625487819246381971e-01 4.427007999485718659e-01
3.607214240156838003e-01 5.149567661067604440e-01 4.930049092804061894e-01 2.906812027242997587e-01 5.457909440704600268e-01 4.234605161245020843e-01 6.418217509616024330e-01 5.351830509873060082e-01 5.380736686646055977e-01 3.050491964156424318e-01 7.647321428465291282e-01 5.865244278021989333e-01
4.052758232440003550e-01 4.168622471569752852e-01 4.478228594453543820e-01 6.389615498109377789e-01 3.510765982054885326e-01 5.272596497455668274e-01 3.848709258560282787e-01 6.499469422881135605e-01 4.092466098718955392e-01 5.537762890461069842e-01 5.097285922141985282e-01 7.051719131153625364e-01
6.559023850378014053e-01 8.055421608624160346e-01 2.184602901011857556e-01 7.227475971967154411e-01 1.504351097245148483e-01 7.698279675538981515e-01 3.844808544843233422e-01 2.309670405199465981e-01 6.874465199860485543e-01 6.602141058645889515e-01 3.568324996192693277e-01 3.571434690492503172e-01
4.656587480233573828e-01 6.591753775777307034e-01 5.648697359944258034e-01 2.198614133207381083e-01 3.410147146700334697e-01 5.101884371402705121e-01 6.410403389755672254e-01 6.160112195656910483e-01 2.564754331862445502e-01 2.787987140967470578e-01 7.825075107403811625e-01 6.643983567087856645e-01
4.105808494261802277e-01 1.804486565732197345e-01 8.162613127962522475e-01 5.333335046373428590e-01 3.616629398311471677e-01 2.807600872588350560e-01 7.952026764913830981e-01 6.660832692112580444e-01 4.021981850583824514e-01 6.555843961969225475e-01 3.586367823679956768e-01 5.392473401510363695e-01
2.258372385705875451e-01 8.170887059452189849e-01 6.382323216466843085e-01 2.706075120283431001e-01 7.490050161562664677e-01 3.309070799696994802e-01 6.420530808860217542e-01 5.746521627544344257e-01 3.086154356287940104e-01 3.876339474637521265e-01 2.796796895652594594e-01 7.756878093849604028e-01
4.611021206404443129e-01 4.901031621590469789e-01 3.784122318157661646e-01 2.293623280357316441e-01 8.479369110055572367e-01 5.273451240304825038e-01 4.978945693243193027e-01 4.007784673418639532e-01 6.103652265977375091e-01 6.015912188897738488e-01 4.934118486414076910e-01 4.616967915178888382e-01
1.801290401191092128e-01 7.094263239336058291e-01 3.560736444049682481e-01 7.330301577523969936e-01 1.611311895596833355e-01 6.600008169930896562e-01 3.825103874433734563e-01 2.578294659356522578e-01 7.218963206056459025e-01 7.751774988592271542e-01 3.255108092560325961e-01 7.372843451371742240e-01
1.791787259974148283e-01 6.143969454016365850e-01 5.565787232995133005e-01 6.386807089462021025e-01 3.653704713120818903e-01 7.939383750194194400e-01 4.319966900089409756e-01 3.983042869752193016e-01 7.543797868042089183e-01 4.658241275301645556e-01 5.950561817760202654e-01 2.062949769291956281e-01
4.915441057233350675e-01 5.414768529514197848e-01 6.401432696005148193e-01 3.496990180178875529e-01 3.418495158436600789e-01 7.697749335294602480e-01 3.870861248388848819e-01 4.009582700565084146e-01 5.155056146298624409e-01 4.043725924049096365e-01 3.709271192250903626e-01 7.866625831785389877e-01
4.857638781192720190e-01 3.742599597761915309e-01 4.305324098286315571e-01 5.367559695847120560e-01 5.760783511089265785e-01 5.751403176039935339e-01 7.150571496503173030e-01 3.764623227038910169e-01 4.145639395019852791e-01 6.530727066932999758e-01 2.708673148017100574e-01 5.914456806270963485e-01
7.064906576308606079e-01 5.463442996394891615e-01 5.812196136981151451e-01 3.302734059035945524e-01 6.140263944065104118e-01 3.474239393567521983e-01 5.355192478368921982e-01 1.979470973674660184e-01 4.653542529767127345e-01 5.186296916354664610e-01 8.444857214608478824e-01 3.122856780873419780e-01
4.281303551349113778e-01 5.714820680059883307e-01 5.687936108736383334e-01 4.817750595416123716e-01 6.044948793969151524e-01 4.143569073978711215e-01 7.022544286276792835e-01 5.319747298418155967e-01 6.490059982647571335e-01 4.078076693907463079e-01 3.393777579945997935e-01 3.005465355294786312e-01
5.366414271510762113e-01 4.466474877874239691e-01 3.709091364290219017e-01 4.803981558357554027e-01 6.430373853480404467e-01 4.030088173551386044e-01 4.870217334920848851e-01 6.308474911065826696e-01 3.897257836455886304e-01 4.870656941015689689e-01 6.703430994652419539e-01 4.543537882825152696e-01
2.787533555273180030e-01 4.348371781122561952e-01 4.181506103112347383e-01 5.701717020916521328e-01 4.477616075181231059e-01 5.969892348137683102e-01 4.467693888358436061e-01 7.364690397798054899e-01 2.601072698591796462e-01 7.503680703065616076e-01 1.921650245504354371e-01 8.674575182937886986e-01
6.341665330122181476e-01 5.012091842074380965e-01 4.293723376609020481e-01 3.687791366884910493e-01 6.145662085878128567e-01 3.714081166884934948e-01 3.628094455233478177e-01 5.962116698332050602e-01 3.285630483467640861e-01 7.766190346347627838e-01 6.422823633015746214e-01 3.740129215150204134e-01
5.041674068068102699e-01 3.254930964997989618e-01 6.201165953616545323e-01 3.701962009583261715e-01 6.204230375119639262e-01 5.828533641193365256e-01 6.423590400119523203e-01 2.282063082374454488e-01 6.287864200406797499e-01 2.899344624227692124e-01 7.259983726349358291e-01 4.614656953943038209e-01
3.589660616995949960e-01 5.347501554397330326e-01 3.994905788682722170e-01 8.782091815578627614e-01 9.373212079908876948e-02 3.897671841961985462e-01 7.147525271695259752e-01 4.747728071964456564e-01 6.574024876776742854e-01 3.802641767772012016e-01 6.754953076990098948e-01 4.423974109194224180e-01
4.210958003020044416e-01 6.404234498494525418e-01 3.743839127091979635e-01 5.208393720030052298e-01 5.901967838041966008e-01 5.181511182602971388e-01 4.918240154197698333e-01 5.474332185311454602e-01 4.650521894586556737e-01 6.016300602244647466e-01 2.958091668003086649e-01 5.331609126374770025e-01
4.036705913869288453e-01 3.441398666184682376e-01 6.039485886344578836e-01 4.017499510013334829e-01 5.995902412832648798e-01 6.608688561070019674e-01 3.385022014808886093e-01 4.766488100164813502e-01 5.340781119014483824e-01 6.829700678181891416e-01 4.568130248935111659e-01 4.970196888579930250e-01
5.667676572460331741e-01 5.169883915946885677e-01 4.386252858103986130e-01 7.939917986191995514e-01 1.911505209057698107e-01 2.860216419964365375e-01 8.027350430655111335e-01 2.200848744968431636e-01 3.926519836333950408e-01 6.126274401335710662e-01 7.006490305486925418e-01 4.777063319493965454e-01
6.097266508157672682e-01 4.950411045180755365e-01 2.377268596620981667e-01 7.954006829603549322e-01 5.539326093775575055e-01 2.983876742856407249e-01 2.037752157481098336e-01 4.494763416701386682e-01 6.261059943281992446e-01 3.810900769980414826e-01 6.761906992137306505e-01 6.731460904222585917e-01
2.591800277154105991e-01 5.439648889179053981e-01 3.713629205955010226e-01 6.985474310695993783e-01 5.018201794865714271e-01 5.657477061930485940e-01 6.343444300317178097e-01 4.007186822668412640e-01 4.111085107448047560e-01 6.751367901595508592e-01 2.797967367335350009e-01 6.582716960854932964e-01
6.715793105977025945e-01 5.313451283937719039e-01 4.803505755131450283e-01 4.644799304620784719e-01 5.800874036798387978e-01 3.378675568239451477e-01 3.738826591111873987e-01 7.339240893624557893e-01 8.102994993511689614e-01 7.752731216082429933e-02 1.359389438860061083e-01 8.027175906578045694e-01
1.858222779086539100e-01 7.563810438493538957e-01 6.046919526605507578e-01 6.059565085207265778e-01 5.581396854376208250e-01 3.100471385614667064e-01 3.208343479716443403e-01 3.584452185591593398e-01 4.759852793138170113e-01 4.988184510643098313e-01 5.591835934456044210e-01 7.656945027071276888e-01
1.940351647264718371e-01 6.509689674080975097e-01 7.993071396249384897e-01 2.408725921611506726e-01 6.701467471214629379e-01 3.761467148143000649e-01 4.050677028517646883e-01 7.265286141874347514e-01 5.165601522598490813e-01 3.821886984700831325e-01 7.167137710523237004e-01 3.214637353221296290e-01
4.560013424075662347e-01 5.480787345344905193e-01 2.993000081372378940e-01 4.243489046797264685e-01 6.271855183855407079e-01 7.043815089106512106e-01 3.106057223428674297e-01 5.971670136185749378e-01 4.573182035482400987e-01 6.355485690242814734e-01 3.567171107582496337e-01 5.833473636526134154e-01
6.882274267148105196e-01 4.702334484141524884e-01 5.379838170525415020e-01 1.356066222274667776e-01 8.211776684838407725e-01 2.844016358606187844e-01 7.285694494983114833e-01 5.585793822651938800e-01 4.314978465705516797e-01 5.473877357472581862e-01 3.448349505201264709e-01 4.515000166451207386e-01
5.598692246343462964e-01 3.606888494524768674e-01 9.045620038239652327e-01 6.750113491606264393e-01 3.771226723541417636e-01 3.699919833886310405e-01 4.573264891319079872e-01 3.526773162716263510e-01 6.677834205201473861e-01 1.202119148081135236e-01 8.693360633879347876e-01 2.854187130660423288e-01
6.505076480247697912e-01 3.967431904806696386e-01 3.096974630221532854e-01 5.489291280778330062e-01 6.321316612196036244e-01 6.553478477555420012e-01 4.270193838275901932e-01 7.946715191543586299e-01 1.807819947682636486e-01 6.301797401230129214e-01 2.230245118226338308e-01 5.509659117235172765e-01
3.790816847111452836e-01 5.104729998499335508e-01 4.378026708223987651e-01 6.515652715268045458e-01 2.105357713862456015e-01 5.920768753821195052e-01 4.183353164335720242e-01 4.290466933559209384e-01 5.192023199955047019e-01 6.058227470879251619e-01 7.736325703794211250e-01 4.724250790690050494e-01
6.980996806284089917e-01 5.538165798830765318e-01 4.226243717155046542e-01 3.657811054105177817e-01 5.063521534623519615e-01 5.517108748892867176e-01 4.035701952660359915e-01 5.005533405223605570e-01 2.599426366000830990e-01 7.403473474162598489e-01 3.400616548356542590e-01 6.571400593704268545e-01
3.422528570827553240e-01 7.001772758766092730e-01 7.655399946572178926e-01 3.955884701403703518e-01 4.306488319879043791e-01 3.911934129323046405e-01 6.728982502184701620e-01 4.330078710963166655e-01 3.273349221586693281e-01 4.990156489477765578e-01 5.192213293776153371e-01 5.231211355239723249e-01
3.943903552678016400e-01 2.230830714713536167e-01 3.260684125748058992e-01 6.015059080296460969e-01 8.271659246168304724e-01 2.240021961167588949e-01 7.454941262686897163e-01 3.788348458688997056e-01 7.467425392451250143e-01 2.097694911324868294e-01 7.502547367544558643e-01 5.726883926531469715e-01
5.284912535537191758e-01 3.825213178311123730e-01 8.298647273427410820e-01 7.785808436315517778e-01 3.232201977371468860e-01 2.942092545924935854e-01 4.818753973671124902e-01 3.573203992396229434e-01 7.661138246949505959e-01 1.638950017679843829e-01 8.184229111185103989e-01 2.754848711231229763e-01
5.311264074585912986e-01 6.088570911991744161e-01 4.947360603959005676e-01 6.156304322772460091e-01 5.400753788035514980e-01 3.327226760373015457e-01 4.157170485078418576e-01 4.682518910835639092e-01 5.261251392800964100e-01 4.739845299921238708e-01 1.711900530694372424e-01 8.215832918951728736e-01
3.164908336961180235e-01 5.939459733287211218e-01 2.168231453126188701e-01 8.772239429610887429e-01 4.296523772040137246e-01 4.933354816276593335e-01 7.256686307504556233e-01 3.849456226995698893e-01 5.246310133120639652e-01 4.291793824292555737e-01 3.221961586070977157e-01 6.859074380713338082e-01
5.551356846438240122e-01 5.093669944251324466e-01 1.272521005139962136e-01 2.854499157777086737e-01 7.175669433056062196e-01 2.515971249266645837e-01 6.265436924846417011e-01 5.871366758667504460e-01 5.578550412631766431e-01 5.286727743719989991e-01 4.261509922348042378e-01 8.272720601857326272e-01
5.303018323944417300e-01 3.307091274948317228e-01 6.426724613753929116e-01 3.438215301989124839e-01 5.200478394502207058e-01 7.242781779462369451e-01 2.704702518790303989e-01 6.804623803992889686e-01 5.736992557761606548e-01 4.432520443273662014e-01 4.850691791385356999e-01 4.552159196195814106e-01
2.069428682870484704e-01 4.727944853268425396e-01 6.447047723396245322e-01 5.097298251303530314e-01 5.073982446796658774e-01 6.237326799812902278e-01 5.330333414631507338e-01 5.268672550724585735e-01 1.941370643333406310e-01 8.056574248233931979e-01 6.760515604313884763e-01 2.989504781314165638e-01
2.233887509164571572e-01 3.190070031888455060e-01 3.771691776557627995e-01 3.553211383270467039e-01 3.593055276977150658e-01 6.051788633330927869e-01 5.067167880221988829e-01 7.253733745689879830e-01 6.959169027707473587e-01 5.362468000642515165e-01 6.129760259960548296e-01 6.833996474588762693e-01
7.816918922592639429e-01 2.176800886745042241e-01 7.594044984502636986e-01 1.937326270432202513e-01 7.102498780963716341e-01 2.068850806833867073e-01 2.740336446381727020e-01 8.586291684371119004e-01 5.750686284591089992e-01 6.571411657658461358e-01 3.213938161450471398e-01 4.440895113476476808e-01
4.304324574550792981e-01 4.222415107712206295e-01 5.905166970164856810e-01 3.662858508437677463e-01 6.555512152861577846e-01 5.856051819528000912e-01 2.588427568875364959e-01 5.425281746744519129e-01 7.471485810665636773e-01 3.075149236414371767e-01 3.876185530669579160e-01 7.057140973375031212e-01
5.816062930278509402e-01 4.417650732228930455e-01 8.264514874740105377e-01 2.863806630533219932e-01 8.244230038184411358e-01 4.501568742721111516e-01 5.211647201010110031e-01 3.359863248293624705e-01 5.236863332097672075e-01 2.844993243812442563e-01 5.078399589257118762e-01 4.160399436842758814e-01
4.218421524685694868e-01 5.083703352181964119e-01 3.236172103455334792e-01 4.559473962267873715e-01 5.218351205922816538e-01 5.090732705810706582e-01 7.408411437876335492e-01 5.171633206160966001e-01 2.477328759127399305e-01 8.554382241978528700e-01 2.689063926587822451e-01 6.292325573944865802e-01
6.060489131139723540e-01 4.783220021032766334e-01 6.732751368160275196e-02 1.847908884312776390e-01 5.876392140184176771e-01 4.342531045998746508e-01 9.103970816993846027e-01 6.778310887629399595e-01 2.894667111469745313e-01 8.708666971487302177e-01 4.144740848898786911e-01 4.785827004036701249e-01
1.632757982820413623e-01 8.601552230769835550e-01 1.389043354183769619e-01 5.183450571786307748e-01 4.259163087764240019e-01 5.513721592673895833e-01 4.928130502160702475e-01 2.776503679448549811e-01 5.708582793345564621e-01 7.451219904339050348e-01 4.345249343556609745e-01 8.210624957151259062e-01
3.546587253744337698e-01 3.113965506073576583e-01 7.072869826871716059e-01 5.806425114429332179e-01 4.214776637523517389e-01 3.840379954472932789e-01 3.358730457067351516e-01 7.237052325330440850e-01 7.148612020308555692e-01 4.324864203151692621e-01 3.105388747639099556e-01 7.230347953387532556e-01
6.536139781515866165e-01 6.972828093664553695e-01 4.635857411292768626e-01 6.117245228976666560e-01 4.108478664892951659e-01 4.684699948073227649e-01 3.042846308388713061e-01 4.521617238467698918e-01 5.265526782009486428e-01 3.583055451383845291e-01 5.915716637211899664e-01 4.615988454121968121e-01
3.906533493360610509e-01 7.599349067825319493e-01 2.107589971391594097e-01 2.104792248908475272e-01 7.723224850504040173e-01 3.555599486871811044e-01 6.320141434948005621e-01 5.854807893974375288e-01 5.447874557330085743e-01 8.155055645355111515e-01 3.371469405769802474e-01 3.853561943760410724e-01
3.969256449369736872e-01 5.159855222514553308e-01 5.598468218015805187e-01 3.795819073079910733e-01 2.823624848712762425e-01 6.490066872937116926e-01 2.942140756660317491e-01 6.764993293071870362e-01 3.904062555534466572e-01 6.180759968139182270e-01 7.441794721948382652e-01 4.929158020015513841e-01
3.006357959737572250e-01 6.078152513121328759e-01 3.308297904205896867e-01 5.646284611689371680e-01 4.207974211967526190e-01 7.909710439619439537e-01 2.584696441774738673e-01 7.906922315926199207e-01 3.462581418091832952e-01 3.581524453997330104e-01 4.376215278372606043e-01 7.931282451496421970e-01
2.715495066324364326e-01 6.593313462073425724e-01 2.091121798056976844e-01 4.222556874252142434e-01 5.149155751005143333e-01 5.248857935346835646e-01 5.484687377488492999e-01 5.204211373158658116e-01 5.043845271325408941e-01 7.827856948479846588e-01 8.774537046848002175e-01 1.644361095640222148e-01
2.968222280037403071e-01 5.075296774977727798e-01 3.492609743787554732e-01 8.976064702246043803e-01 7.226058886163373440e-01 3.540393780311507088e-01 6.536914836222037506e-01 5.437728796113938667e-01 2.553931819844619255e-01 4.278733818843110104e-01 5.236217140285140959e-01 4.677827421167580213e-01
5.532990028535873517e-01 5.712116388725451133e-01 5.510434092132443507e-01 6.407081369753446776e-01 5.986612353914835261e-01 3.108260495586506744e-01 5.634591328576012970e-01 3.411164693596821507e-01 1.905379118820787476e-01 2.769072471656283119e-01 8.359168285578871815e-01 5.663129373122962607e-01
5.068566437855936968e-01 2.437049721786518075e-01 8.214575702109387922e-01 1.184155813954935466e-01 7.861401151364886264e-01 2.619141504224025696e-01 5.825426719201646231e-01 4.353944146906217894e-01 5.980335166603236718e-01 5.903657039894787406e-01 6.524647944584833770e-01 4.027098651513364436e-01
6.747304153868047827e-01 4.047151658895602466e-01 7.046504564076816468e-01 2.548001826261095948e-01 6.928792182447115477e-01 1.658910080005947529e-01 3.417924604550354184e-01 7.958941201636912099e-01 5.034321703294057926e-01 4.951132013283466859e-01 4.444368397497295287e-01 5.216647614183579362e-01
3.233806928631395849e-01 5.499756244080229450e-01 3.773660956234267116e-01 5.931131930152991893e-01 5.840667069853947568e-01 5.686891638158194651e-01 5.980809250052545600e-01 5.843997099299325093e-01 4.658845721022562003e-01 6.794471463958249302e-01 3.849311297712544322e-01 2.906650400843658888e-01
2.575059236306992960e-01 4.996909170506877440e-01 7.710933073243620983e-01 3.412445535432753196e-01 4.364363738915785218e-01 3.387008313953094873e-01 5.796054446314125030e-01 5.181895135585092849e-01 3.431184613675102302e-01 7.064948099573267193e-01 6.130826415816718056e-01 5.948372220676744204e-01
5.467753559273540453e-01 5.077697574389978818e-01 3.630356950758737433e-01 5.816700385835095188e-01 5.816585471583453071e-01 4.924643361101901373e-01 4.852793593046021425e-01 5.983422136967599947e-01 3.552441437577393279e-01 6.975250642861934303e-01 3.993869382081214336e-01 3.908485504523580567e-01
5.590842041488547354e-01 3.881818522032097762e-01 4.959978884540336974e-01 1.912611413454112785e-01 3.223695544856904904e-01 7.547224600430023633e-01 4.969666565070812170e-01 6.339045717417004511e-01 3.520461690514523623e-01 6.381350336002230561e-01 7.893168404993419207e-01 3.780136279200005944e-01
6.745194911901186696e-01 5.139152280191584543e-01 4.977437122408904235e-01 3.095109059347024294e-01 4.480188343784327620e-01 5.532067157790425682e-01 2.832439607883587285e-01 5.224263859719339154e-01 4.116674353258065189e-01 6.512585472819854004e-01 7.095725098370831985e-01 4.249162732524797148e-01
2.482285788743161248e-01 2.993019753776234859e-01 6.498414181045752969e-01 8.067147631550956044e-01 4.329489363560889981e-01 5.729224762068609866e-01 7.364926689808597438e-01 4.987942232519708696e-01 5.724753907959334587e-01 3.472998962464612926e-01 5.083530617672212815e-01 3.266266108830102599e-01
5.785106243298498985e-01 3.041190793444809026e-01 7.201203557627096075e-01 6.259195190762441019e-01 3.483483663438503575e-01 2.870242871032865351e-01 5.843112756900223914e-01 7.354622031535524851e-01 2.530694045694295014e-01 5.979444643947712246e-01 5.191814378136960784e-01 4.459889824182022844e-01
2.593854921055182006e-01 6.550375509208609115e-01 4.194297141316058464e-01 5.850216052520517129e-01 7.445043670756253951e-01 3.956199232043654535e-01 5.502968961423428951e-01 4.971738384747384498e-01 6.819393683914288795e-01 2.174434728727759891e-01 5.414291210132113896e-01 4.527186504154973035e-01
4.702563798131733641e-01 4.892297774365442775e-01 6.522072971323981116e-01 3.564928651610860810e-01 3.004329807795916851e-01 6.004321463504663781e-01 2.526884178819870930e-01 8.649165700207197549e-01 2.295734452429106787e-01 6.076187540901574202e-01 5.539765154255426038e-01 6.221748506654575239e-01
6.902456104884424626e-01 5.068033061166983266e-01 4.089952310353641707e-01 5.964505958717366552e-01 4.296101850279454570e-01 4.309589722228596709e-01 6.711213819114540957e-01 4.753718756664478406e-01 4.146169570651037084e-01 3.032554967771336485e-01 7.674354988354906704e-01 3.051348889813427778e-01
6.122866535778166419e-01 5.125433971990209781e-01 6.420768051156520162e-01 3.021144602550022151e-01 7.039958539652974023e-01 7.278790640644519083e-01 2.084624883421987707e-01 6.456696198186844260e-01 4.311465591930501717e-01 3.555181421056456958e-01 5.584336603815955868e-01 2.998732959816466925e-01
5.456137956305295855e-01 3.768207614469187283e-01 5.009713481074520303e-01 4.346794084022829185e-01 5.514374706873963472e-01 5.851003433708819035e-01 4.663020317501059830e-01 5.182741487385420509e-01 4.511037338421391429e-01 3.960025446057361398e-01 5.912921351559863314e-01 5.824022782620505989e-01
5.976188618406248487e-01 4.363756649906779805e-01 6.042341189816287095e-01 4.801043347398110117e-01 4.475631044530588021e-01 3.521786715266551626e-01 4.829712931982361179e-01 3.321116372507118553e-01 3.169920340423744709e-01 8.198105791553405020e-01 6.513991590520393782e-01 4.786405407688496538e-01
2.442629592626098245e-01 5.832206179198542451e-01 6.985974875346150359e-01 5.168449210498076152e-01 4.354453158112876476e-01 5.905689119244617036e-01 3.530508265913986365e-01 5.932112434133165468e-01 4.265706082464372773e-01 6.726313854583424456e-01 5.974607960183310196e-01 2.881349267695478833e-01
3.622327403175760185e-01 6.731114770763340083e-01 8.191149333072684779e-01 2.414712724209714667e-01 6.601500441079899417e-01 3.392898084877904452e-01 6.497006350987892809e-01 2.608387117964537927e-01 3.391549910785178756e-01 6.202292467968297807e-01 4.264434386836487567e-01 6.082627008278658209e-01
5.339972925566023321e-01 4.932681232252793535e-01 4.433777383908635850e-01 5.339057499168127219e-01 1.483609568940816859e-01 6.489579424377702743e-01 4.918383935562316567e-01 7.931241442116254703e-01 5.814035478170918037e-01 3.662488090530525708e-01 6.306845627542893018e-01 3.348327391862501723e-01
3.292692532161675123e-01 4.611635732258858034e-01 4.555916653196095401e-01 4.757668133661468457e-01 2.893616617005507208e-01 5.217030814746417278e-01 3.614030670284624769e-01 4.923629223155448487e-01 4.798812690571697681e-01 7.136880050368492601e-01 7.282959740449765906e-01 6.915127142139578797e-01
1.482981409924118699e-01 5.913443770584900783e-01 4.620468679726253969e-01 3.954530879461410353e-01 5.897408319216502770e-01 7.664074018399373855e-01 3.619713155692574347e-01 2.753246788847637516e-01 5.407549470056527419e-01 7.163667202251021715e-01 3.145304585427813882e-01 8.377611720411961560e-01
3.949806788358252163e-01 6.675620752403670366e-01 5.203670439363803357e-01 2.729947618953442734e-01 5.531173392087772589e-01 5.004461199828816875e-01 4.627238329783472937e-01 2.411710571776543022e-01 7.043575992615344061e-01 3.912575998933144894e-01 5.669931597993179695e-01 7.240287317902163178e-01
5.943466023674643939e-01 6.827582952567387009e-01 6.039311338443473787e-01 6.122197236942565901e-01 2.509374561075889964e-01 6.510622935278131962e-01 3.331653206158710079e-01 3.454550844307880397e-01 4.723905622257041914e-01 4.859410995600406680e-01 6.143261164841096189e-01 3.534663118852574004e-01
3.467223535867598461e-01 5.054242828358899153e-01 7.260962282873613116e-01 4.071205447867249916e-01 4.261693361621450848e-01 5.088855700678545091e-01 5.681211914470987168e-01 4.271780001022744688e-01 5.307781926391303973e-01 6.112268652282348835e-01 4.644254761538187393e-01 4.778519587027196258e-01
5.570627896573588922e-01 3.425148548318159847e-01 6.797628151647920891e-01 6.440142923968275035e-01 5.397948644188058642e-01 1.352118488666616547e-01 7.584443594196883520e-01 3.049191076331999595e-01 3.657884612560799997e-01 7.891883498519718376e-01 3.432492941184049906e-01 5.400489623843512943e-01
2.836673781444397080e-01 7.571407107337237985e-01 3.595990605034470877e-01 6.053061973100710702e-01 4.582506553688160400e-01 3.162521677373641427e-01 5.173325623577164079e-01 6.160652564676953880e-01 1.987539371532683063e-01 8.588710553674510084e-01 2.269820137425385964e-01 8.017790051134375817e-01
2.021423919739395725e-01 7.432321677134265947e-01 8.476842486810494126e-01 2.410251399469425793e-01 6.878786605608668836e-01 3.642952795556825274e-01 5.432191703301383345e-01 5.752662760774824857e-01 4.481214374445355864e-01 3.861745585194611974e-01 6.999382087118928286e-01 2.610224604846333452e-01
5.300625587345221268e-01 4.735449722086723101e-01 6.214617170630185594e-01 4.069803049112272197e-01 4.672154582195184869e-01 3.903678439097025832e-01 4.716006862299831903e-01 4.109176093495824911e-01 6.916950062566370461e-01 2.487617809226955190e-01 6.012119165437160850e-01 6.861801456507472530e-01
7.877870344771467082e-01 5.821258778985849425e-01 3.736461670786693778e-01 4.217336430308927797e-01 7.433715997517180707e-01 6.178134313946055389e-01 3.241405247845602355e-01 3.533194976868371806e-01 6.085961938625604750e-01 6.096542589864744066e-01 2.851222263139732149e-01 2.926895447339917800e-01
5.088753992545136384e-01 8.949600204966865480e-01 6.464548728641612563e-01 3.014693048971551770e-01 6.084808152945946347e-01 3.247143781790908790e-01 4.613807084641672329e-01 4.452572947928333802e-01 4.825527155593836159e-01 4.399424237773503221e-01 3.789855878020171875e-01 5.069264786180724958e-01
6.232033064234003827e-01 6.599880994497542286e-01 2.681432573995717328e-01 6.501910414759008994e-01 6.509054079279248395e-01 2.101027626138917692e-01 2.366770638799871040e-01 7.780066842643225122e-01 6.507748931851311536e-01 5.782596086039371031e-01 4.969336641197938942e-01 1.968142106563114391e-01
4.526736403920491592e-01 5.162754428418321329e-01 4.740174956575837761e-01 5.785409098073375223e-01 3.309533624925518613e-01 7.432903188171466891e-01 3.062954331541432595e-01 4.414375626093809957e-01 5.299189341323622404e-01 8.396305096296206028e-01 4.249304893138808881e-01 3.620359011521432357e-01
4.980475315035334805e-01 3.925345257168905144e-01 1.242187106830669879e-01 3.724826938812016985e-01 6.736930823688607184e-01 3.136196541076445854e-01 7.470314478688359072e-01 5.546536191309322517e-01 7.131109502253289989e-01 5.713617611936663288e-01 6.258044438918932695e-01 4.134415794281632861e-01
