4.896322260817427274e-01 6.214938480777670859e-01 4.738149900045537377e-01 4.771767080054315491e-01 4.807474437309295356e-01 4.319365181209068316e-01 5.311914952227936304e-01 5.408230499845393391e-01 4.972891970681390661e-01 5.638141432359448091e-01 4.038832851614449493e-01 4.881970953058120122e-01
5.728501683149440638e-01 4.928339248729164401e-01 4.441125273894583891e-01 5.945167128653147115e-01 4.038218167128299063e-01 5.201634816569502551e-01 5.362382856007792409e-01 4.858485376909688069e-01 5.460829545736662904e-01 4.303292991742904139e-01 4.734523915799134786e-01 4.997498995679556244e-01
5.578793731053144356e-01 4.727180297524469221e-01 5.759714418265233782e-01 4.734692944006705373e-01 5.507044747792302353e-01 4.824919001499826665e-01 4.605243294247790553e-01 5.140138550404158568e-01 4.994953900547014491e-01 4.912374805591526172e-01 4.683635384341002239e-01 4.531308924726381027e-01
4.869401310018095508e-01 4.754880951869462358e-01 5.589392975447371459e-01 5.795929314650074549e-01 5.820658444140212051e-01 3.311697650463888420e-01 5.180540914279152531e-01 5.335444029001790156e-01 4.756608460913947511e-01 5.057064640495541052e-01 4.783444798170061740e-01 4.744936510550240016e-01
5.279441150283363804e-01 5.438029246019844276e-01 4.219447322877465378e-01 5.611578409197086614e-01 4.634525251596818274e-01 5.322437579932350893e-01 4.724415087083153053e-01 4.505157699483004485e-01 5.413425855840847678e-01 4.236165150247959699e-01 5.389810287173463221e-01 5.225566960264629301e-01
5.069267654747287022e-01 4.907081438749760771e-01 5.155588098107007911e-01 6.406832689853918517e-01 5.119991690140552887e-01 4.921804965142590471e-01 4.597322921238895521e-01 5.200451669377794683e-01 3.575241543357197682e-01 4.783341031454707570e-01 5.346296010930571274e-01 4.916780286899693486e-01
4.912703631491700529e-01 4.856171105794365173e-01 4.857476924300573318e-01 4.807567863005545172e-01 5.559100032057198160e-01 4.358087536609716039e-01 4.685716032166263867e-01 5.093966432848977544e-01 5.415821462740155745e-01 4.699586703668773291e-01 5.104780797695114281e-01 5.649021477621865017e-01
4.419252556029538148e-01 5.708688842398175201e-01 3.501764281771007625e-01 7.207340208657548875e-01 3.977091008466559496e-01 5.757389239268759784e-01 5.320123636828357760e-01 5.173175577884152609e-01 3.413879927451440865e-01 6.195373217309079195e-01 4.350700239114950740e-01 4.975221264820306466e-01
4.799259396651676668e-01 5.475191302994351084e-01 5.428368162388800267e-01 4.019055182283768901e-01 5.467841244122365607e-01 4.978096243948794131e-01 4.996767560895316596e-01 4.810434661646033616e-01 4.523983014832383409e-01 4.407900196492278155e-01 5.325347940497959787e-01 5.767755093246167419e-01
4.607729766311511876e-01 5.689064681646567312e-01 5.346966271379612889e-01 5.106663262648648560e-01 5.450031125224383821e-01 5.272001636624780163e-01 4.628525678635250773e-01 4.810964236904147207e-01 4.622259307363935088e-01 5.485823956855712114e-01 4.242527612311111085e-01 4.737442464094051009e-01
5.986177728097951123e-01 5.103575554677772796e-01 4.414834523714805670e-01 5.382640391543200842e-01 4.317105920368775607e-01 5.330051835534974636e-01 3.671174237805003848e-01 5.240246884568011687e-01 5.348977563126352530e-01 4.877520821948345686e-01 5.354724172794635972e-01 4.972970365819746053e-01
5.218747640916390207e-01 5.463706831653790674e-01 4.223666057552920017e-01 5.134364085481653017e-01 4.501774415631186743e-01 6.015775127828270064e-01 3.864342872322525380e-01 6.091023944179663197e-01 4.848649721469963092e-01 4.805568776511246476e-01 5.870395340163907516e-01 3.961985186288912164e-01
5.391083613896943127e-01 5.308090227175104037e-01 4.981126016764434450e-01 4.749167443368069730e-01 4.762772470778616207e-01 5.542243534676772887e-01 4.883266392317833215e-01 5.201608146907397145e-01 4.644580662272370652e-01 4.530488521053009920e-01 5.157130484185759034e-01 4.848442486603761203e-01
4.600893912365369154e-01 5.054544503837861136e-01 5.036393846924487327e-01 4.380244817431303561e-01 5.130335432188708467e-01 4.778818411014793544e-01 5.413558381873017078e-01 5.108820112810812386e-01 5.142886064992525652e-01 4.420823971321878876e-01 5.809695164740307227e-01 5.122985380498635832e-01
4.693433588363783437e-01 4.753884576262805695e-01 4.827600173079389378e-01 5.422847110353709033e-01 4.528698170471829876e-01 5.083964570093069124e-01 4.621575291831684362e-01 5.479569972026621105e-01 4.725568673046414148e-01 5.198481546174487100e-01 5.012377368497823449e-01 5.651998959798469890e-01
5.325828898314481918e-01 5.901299214070572230e-01 3.969227824612617805e-01 5.655605649304176197e-01 3.630268323741991932e-01 6.061364180866841700e-01 4.849078918883084066e-01 4.267436932923210358e-01 5.496862836844789157e-01 5.490084424818403308e-01 4.650262716097737226e-01 4.702680079521850964e-01
4.958817622817651705e-01 5.407872364309578295e-01 5.200055405847312517e-01 4.072070706344158575e-01 4.642672289647294948e-01 4.991019422431756669e-01 5.448472530734518315e-01 5.264070040130912620e-01 4.333990459751302926e-01 4.466571928223944665e-01 5.868117429054767742e-01 5.346269800707178499e-01
4.927680805241423379e-01 4.013202970195497987e-01 6.003031251148454039e-01 4.909579520928517016e-01 4.580942597536895033e-01 4.418014822752647786e-01 5.840907410837914426e-01 5.337511265440118002e-01 4.762932148958092249e-01 5.415120844937150180e-01 4.691773667914066470e-01 5.099302694109294487e-01
4.121454094326051365e-01 5.988954127227412716e-01 5.177399066878226597e-01 4.254945685968438696e-01 5.753809403393860267e-01 4.548268567177701227e-01 5.399746213922751448e-01 5.299515009816201383e-01 4.356261823960180246e-01 4.807635566143229622e-01 4.354073822016666928e-01 5.937936619169641439e-01
4.918616490973652944e-01 4.882124978621815159e-01 4.704357247627556360e-01 4.200571025900767808e-01 6.242441589294218662e-01 4.941012881870873175e-01 5.070011009018192683e-01 4.667486069467510212e-01 5.321905505917841062e-01 5.218432478230463634e-01 5.031228034170953656e-01 4.801812688906295645e-01
3.844060374547952352e-01 5.688648772675786169e-01 4.527766207061039161e-01 5.765242423803451643e-01 3.810977122515321058e-01 5.679709172593229161e-01 4.808814023365720058e-01 4.413042457423102527e-01 5.494105823911831221e-01 5.776963891221078562e-01 4.450460242869498373e-01 5.740209488012482097e-01
4.082890570283830289e-01 5.327831860182470347e-01 5.176215617932433677e-01 5.420251923414640682e-01 4.578878311213965824e-01 5.984586128551796502e-01 4.661859050167252994e-01 4.633626724475423675e-01 5.757642237835751686e-01 4.923907076128018478e-01 5.217533325298655544e-01 4.234777174515452769e-01
4.891532432979804890e-01 5.116207643638670532e-01 5.351466121370801465e-01 4.609212249410843398e-01 4.565210911238866687e-01 5.921377581499417397e-01 4.606730297357686243e-01 4.694801286906367110e-01 5.011800474480687662e-01 4.704730915667937885e-01 4.603120613582390441e-01 5.923809471866392506e-01
4.954302415285659067e-01 4.624575214194804884e-01 4.799628394192594349e-01 5.083892469827848704e-01 5.247001516608980065e-01 5.174328881414965720e-01 5.662151476222856417e-01 4.660434389096252961e-01 4.768364735710526325e-01 5.479610120936897477e-01 4.266542670362281076e-01 5.279167716146440092e-01
5.707965273179119725e-01 5.078651204376491979e-01 5.399536326509539741e-01 4.390031538530150823e-01 5.393196003039659736e-01 4.399554014884168862e-01 5.117476721063850542e-01 3.939734474518522545e-01 5.050994925389028500e-01 4.827449446879839012e-01 6.269770409506795206e-01 4.425639662121920170e-01
4.822688606669996991e-01 5.173927420561086343e-01 5.202904911587618031e-01 4.920798965521857582e-01 5.314871128210465479e-01 4.723203602032232662e-01 5.641682320423840880e-01 5.050936103705669922e-01 5.502326611308148152e-01 4.676734807999067822e-01 4.550759252804558730e-01 4.419166269175328621e-01
5.109331751545114209e-01 4.850269289206581846e-01 4.612334541362919094e-01 4.931792626882446351e-01 5.437825428259270844e-01 4.705986254391380519e-01 4.962244491325711881e-01 5.394773902413212419e-01 4.663433761828191804e-01 4.946416353239526664e-01 5.524222276352219740e-01 4.861369323193135972e-01
4.236374041405326363e-01 4.842251477843700358e-01 4.635724002918685249e-01 5.252601006541433026e-01 4.755501649259421537e-01 5.337467895952920927e-01 4.767664459322354942e-01 5.761999982886633065e-01 4.188984092890916666e-01 5.841407286327149340e-01 3.922055700889688357e-01 6.457968403761356058e-01
5.354491515383686950e-01 5.027084591205759345e-01 4.763379502009983391e-01 4.633516841193364710e-01 5.345802908145180776e-01 4.686746820952094605e-01 4.658255888197410099e-01 5.284381924959706822e-01 4.522310303310627666e-01 5.826752512079820256e-01 5.263183720951780664e-01 4.634093471610589154e-01
5.053580668373003348e-01 4.467445301930716428e-01 5.401130909701574723e-01 4.608704565595139746e-01 5.423282039999197668e-01 5.250421775741640484e-01 5.528662832426511908e-01 4.043868414335726746e-01 5.389679316824903532e-01 4.275783250644135669e-01 5.718141637342869510e-01 4.839299287084571355e-01
4.551551906771807432e-01 5.111157252058505795e-01 4.577958029141996343e-01 6.428525266443019248e-01 3.402211512995725329e-01 4.929142318073693185e-01 5.656405684794538757e-01 4.914647383579854312e-01 5.483012892691947471e-01 4.621095232609643277e-01 5.519669581281443360e-01 4.804622939557340322e-01
4.738533322042986495e-01 5.432501345271549820e-01 4.620336260779382420e-01 5.079694513633725705e-01 5.273217533641553212e-01 5.056831938677096572e-01 4.976374220028231266e-01 5.146817191365585797e-01 4.894303122046949062e-01 5.316700484510323843e-01 4.354492763884688089e-01 5.110197304118271333e-01
4.770899853788462819e-01 4.561100037742733537e-01 5.292474706984499067e-01 4.708140069981318621e-01 5.231519252721773539e-01 5.439922780159073268e-01 4.522284145471063277e-01 4.963810762854093395e-01 5.072935558280646795e-01 5.548648172708829929e-01 4.911222276004877374e-01 4.977042383302361372e-01
5.109713374760935789e-01 4.989105419827540300e-01 4.706086050443362145e-01 5.932329258693982421e-01 4.081775642447549313e-01 4.571229473810048960e-01 6.053520360814576007e-01 4.189917851925577530e-01 4.714924630934361760e-01 5.265699579295927135e-01 5.486666681449771099e-01 4.899031675596526303e-01
5.348508823981810156e-01 5.011079402703202401e-01 4.194255541381481933e-01 5.917789572952247834e-01 5.013007105316071854e-01 4.422041204174916862e-01 4.179156567135676181e-01 4.938249547059097022e-01 5.413438039115766598e-01 4.656524539008839447e-01 5.509441545566193810e-01 5.396508111604516600e-01
4.184194051382887358e-01 5.145990244040230532e-01 4.542747033740969775e-01 5.618245633857144039e-01 4.991455143927449045e-01 5.207597651015867246e-01 5.385757233740037231e-01 4.785656341954817594e-01 4.775248009454958198e-01 5.605533662903301462e-01 4.273209953828148722e-01 5.484365040154515203e-01
5.494911850874243386e-01 5.203198438724038200e-01 4.937322793992742764e-01 4.958185416878611029e-01 5.250026887027148259e-01 4.594120829326715505e-01 4.779360185708457776e-01 5.686417927212781276e-01 5.776549562496464674e-01 3.398586004803119121e-01 4.120730812045520497e-01 5.800589290911055684e-01
3.896985003985731222e-01 5.769703226266468254e-01 5.262291070412845606e-01 5.401495278880722450e-01 5.108041792598445596e-01 4.485234460614238028e-01 4.586665317360273941e-01 4.585248821064371039e-01 4.936546850673251829e-01 5.044203359785947027e-01 5.123219852128562124e-01 5.800364966229507591e-01
3.992007340734714527e-01 5.228573660505857479e-01 5.907719330719868323e-01 4.170643404055898174e-01 5.549802484634940303e-01 4.679606676279918220e-01 4.786788333173243037e-01 5.732348438445500349e-01 4.985625701683534805e-01 4.646941120119764124e-01 5.672000287782186234e-01 4.647943221864151431e-01
4.878183579227481914e-01 5.141661246664617213e-01 4.411742110408021778e-01 4.875973193875954292e-01 5.315268831180062215e-01 5.563676068929522822e-01 4.416083097295989135e-01 5.296669821895614305e-01 4.875422268518631030e-01 5.405378736755087621e-01 4.571324232306093749e-01 5.248616812943356358e-01
5.625544513127478385e-01 4.839546786364797293e-01 5.271456901995285049e-01 3.656745072049005785e-01 6.123870925722854075e-01 4.308990512839412923e-01 5.696637675280162849e-01 5.060796297173355551e-01 4.831066156046217031e-01 5.111343167590018943e-01 4.566239455282193327e-01 4.907762536528804675e-01
5.346386151141793164e-01 4.519348823759494760e-01 6.655623290086714050e-01 5.137833071616316749e-01 4.823660540053760770e-01 4.411614724509437258e-01 4.897137962627333696e-01 4.410575783211689305e-01 5.544719739449597284e-01 3.412819547474706949e-01 6.517848150589667933e-01 4.322432215479159456e-01
5.424817639903224409e-01 4.798935577782246220e-01 4.383608772962882538e-01 5.273084766016650216e-01 5.315195326165202960e-01 5.548000875770079388e-01 4.753565075329569956e-01 6.049740934027446615e-01 3.780944659919230899e-01 5.429749891555595287e-01 3.953490642888718432e-01 5.288865837679320725e-01
4.636193663705768797e-01 5.045857828576230109e-01 4.814296096495254140e-01 5.481692336731581738e-01 4.019357266823696540e-01 5.312727698551445998e-01 4.755814754268339883e-01 4.808848276916538045e-01 5.067543980815986115e-01 5.247896186946858776e-01 5.883470269082373694e-01 4.926301641085926719e-01
5.517010155317751963e-01 5.223816663748119815e-01 4.726581367703099890e-01 4.657733521062280557e-01 5.012253428745854222e-01 5.217647748195940460e-01 4.665943018642101370e-01 5.050365981388719172e-01 4.244809061068051115e-01 5.764701058301719971e-01 4.494245433591019800e-01 5.424892562235388294e-01
4.562606108329872456e-01 5.475898348232165480e-01 5.751684485779235967e-01 4.725304195540399044e-01 4.772053643272378132e-01 4.672895521135980723e-01 5.547543169038763322e-01 4.863803583024273181e-01 4.494050984994527043e-01 4.985724992115136978e-01 5.085056516976653729e-01 5.063378451560397453e-01
4.741831485001698487e-01 4.258924603402415299e-01 4.547454462950413223e-01 5.023620968056923264e-01 6.077783607725806281e-01 4.109204187920645346e-01 5.895458784585575485e-01 4.679514262320751405e-01 5.905402464127539330e-01 3.983615799126381529e-01 5.711085910392416087e-01 5.066103464389041244e-01
5.052892429249522532e-01 4.578459698965124947e-01 5.913560641497381809e-01 5.733681575088739324e-01 4.744257171710811738e-01 4.381160522560452186e-01 4.993206986211856657e-01 4.578054444427500091e-01 5.902264253170099728e-01 3.792337126036312567e-01 6.086067028737762730e-01 4.244058122344416817e-01
4.997063804655607067e-01 5.440947462208531871e-01 4.895192522000718638e-01 5.419997406620915559e-01 5.006863510433998687e-01 4.557814206787857980e-01 4.706834857249560522e-01 4.914229214710743032e-01 5.029062174668306184e-01 5.036226218145285483e-01 3.892682092184571729e-01 6.103086530334181914e-01
4.353189397287625662e-01 5.266447653457694278e-01 4.007782569565047082e-01 6.418030277796504812e-01 4.599222077948665888e-01 4.924686454194315832e-01 5.646720701445725465e-01 4.741813352514359647e-01 5.046697188022333247e-01 4.896304066465377303e-01 4.494507811914763007e-01 5.604598449387846459e-01
5.126317386826571010e-01 5.138545157873122271e-01 3.865126687545976658e-01 4.607401715269042741e-01 5.681460410102110448e-01 4.207144618293312543e-01 5.261920323702871105e-01 5.231449328375044061e-01 5.121182400506865129e-01 5.022245698088698695e-01 4.692458765758120709e-01 6.044747507658474461e-01
5.112205681104720068e-01 4.488434643973904237e-01 5.437316834428458368e-01 4.527644346949148968e-01 5.041681195175258257e-01 5.696758390668743566e-01 4.276656200686406728e-01 5.531587468771503868e-01 5.201618285003903885e-01 4.843276769795035741e-01 4.971427595345880301e-01 4.871392588096566389e-01
4.216326883667858016e-01 4.956360234433501155e-01 5.485287767792486058e-01 5.000100805064491283e-01 5.048133121468085793e-01 5.341681197537824222e-01 5.093471006432521708e-01 5.154641729150098994e-01 3.990059644101077163e-01 5.862363378437478456e-01 5.348120019942679271e-01 4.503454211971880117e-01
4.108001334806177240e-01 4.660136622148399743e-01 4.554204013405053209e-01 4.667474589127477147e-01 4.609564095750497970e-01 5.334958786755409355e-01 5.017174324511253225e-01 5.701718225797089978e-01 5.422925254599818556e-01 5.170424387393219856e-01 5.240858371461095677e-01 5.512559994244554673e-01
5.873107645129812537e-01 4.032348756292674641e-01 5.754489734371035503e-01 3.905654085266438980e-01 5.614019975899877668e-01 4.101943405979803781e-01 4.569550801238319582e-01 6.379130041180163246e-01 5.029394430803950655e-01 5.537962676245397065e-01 4.390771481823933509e-01 4.811626965769479902e-01
4.783573260917942660e-01 4.764036748631880758e-01 5.264644416107134850e-01 4.593065903237506520e-01 5.460186450988566698e-01 5.241233504553398648e-01 4.201020582684980020e-01 5.087172163997880636e-01 5.785476981546113784e-01 4.450092843712651902e-01 4.713598521030212263e-01 5.655898622591668534e-01
5.345225310386167994e-01 4.667225016357517964e-01 6.259618712523039585e-01 4.354166554895251284e-01 6.245081825528153718e-01 4.645569077110039968e-01 5.138387381237750073e-01 4.385695908941971144e-01 5.051274827575497062e-01 4.248988676317750901e-01 5.054188502609324729e-01 4.604578206517697669e-01
4.728093547460882062e-01 5.014493228986698359e-01 4.444882131026822725e-01 4.908511204791288218e-01 5.021725447427549671e-01 5.018549985774012345e-01 5.731592182373771438e-01 5.026736817062992246e-01 4.146651335010811401e-01 6.342177776182403859e-01 4.227063390648344576e-01 5.389522953254710647e-01
5.279422879684219083e-01 5.074374706466668883e-01 3.379978369354731949e-01 4.402426750941590416e-01 5.269156628878026716e-01 4.859168716518654785e-01 6.633546904426325108e-01 5.147155213680250085e-01 4.267871654700155504e-01 6.248785958486389180e-01 4.590324426263137636e-01 4.847787790599666913e-01
3.801328842419108289e-01 6.387269724581654540e-01 3.646862844491867151e-01 5.188131941300930805e-01 4.629072502128268596e-01 5.248206346327553007e-01 4.939732999092677490e-01 4.365050596708791031e-01 4.941241956509820343e-01 5.943592170061180457e-01 4.700131183036298510e-01 6.209378893341885863e-01
4.608302436305581340e-01 4.471585211042606867e-01 5.595531698525326725e-01 5.192548660144280515e-01 4.737617587698894628e-01 4.677623250369732921e-01 4.510530744722999752e-01 5.613075892250695142e-01 5.576858657525191054e-01 4.866030748597952593e-01 4.423311439266903733e-01 5.726983673549786991e-01
5.388052608205264882e-01 5.538848505505120645e-01 4.922997438890779343e-01 5.308055318182200999e-01 4.749765729261458125e-01 4.890113375479533397e-01 4.429752244421584217e-01 4.919306805229453627e-01 5.082461407076990234e-01 4.614088918193392508e-01 5.233250843204559910e-01 4.923306806349261322e-01
4.598230806603810228e-01 5.797786866608929390e-01 4.252017177947502447e-01 4.330757673172914712e-01 5.830549974300720528e-01 4.580677163056893209e-01 5.265209069551626264e-01 5.264142220033716235e-01 5.047957173963373290e-01 5.967766799011322565e-01 4.491458817587914987e-01 4.573446258160884237e-01
4.650187948780309388e-01 5.094216709967828161e-01 5.126602619614017975e-01 4.755010923028278880e-01 4.370605858467332960e-01 5.443551604978642544e-01 4.360431401352865555e-01 5.507180681795982302e-01 4.662463124625945698e-01 5.263743249980831207e-01 5.721253514543581664e-01 5.044752362864244333e-01
4.338801428327850873e-01 5.329933968401654454e-01 4.439298092966408871e-01 5.258467065725944689e-01 4.673960426139463498e-01 6.015975631196320839e-01 4.247298106951959418e-01 6.022097601395404176e-01 4.472655803546424225e-01 4.566502584519797070e-01 4.667362621789442612e-01 5.967646669038928486e-01
4.527708336235334308e-01 5.432272154798535313e-01 4.178526026462746623e-01 4.784989007030479580e-01 5.008952465059859360e-01 5.022333804622641784e-01 5.151221946714112931e-01 4.930324299898078411e-01 5.064028586640096918e-01 5.512525525068779908e-01 6.285219279161831096e-01 4.101898568307167925e-01
4.370900457594589783e-01 5.026285139212628428e-01 4.481323315598342294e-01 6.462850211421191648e-01 5.371094839694849910e-01 4.670023351017156266e-01 5.363969719347656540e-01 5.209166021111717448e-01 4.158904643987396677e-01 4.884057316080269717e-01 5.021830649935051794e-01 4.979594334999234984e-01
5.240412452305092117e-01 5.073698778052824210e-01 5.184868635533970149e-01 5.313170009684448081e-01 5.246398140625461171e-01 4.353249127967505627e-01 5.210097403991268417e-01 4.503239183109249977e-01 4.233530316575587760e-01 4.407549250880138381e-01 6.243425374393718474e-01 4.990361326881135318e-01
5.124724269951295152e-01 4.143053510027539521e-01 6.154896772883653444e-01 3.409597811454352367e-01 6.005094596003170970e-01 4.207781515734240751e-01 5.361404792394255381e-01 4.783195949720633333e-01 5.382010122884139935e-01 5.261223530529055559e-01 5.557255804193454995e-01 4.609761324224489476e-01
5.501849585810572041e-01 4.708555965607335025e-01 5.614881924987167316e-01 4.183343629737308889e-01 5.557686282228391228e-01 3.860413423542136124e-01 4.815374878656870639e-01 6.017591812412526053e-01 4.940795856179299728e-01 4.989083116962917952e-01 4.819028608378824741e-01 4.991394915497107121e-01
4.457521031849484006e-01 5.162253297110873662e-01 4.601218244894794696e-01 5.283402606126195167e-01 5.205185884130117957e-01 5.229706674536285238e-01 5.231454955898910963e-01 5.274963713258884468e-01 4.851218938777182021e-01 5.591534776751481139e-01 4.636863400537702962e-01 4.474676476128016112e-01
4.194451790934475843e-01 4.975666595578807083e-01 5.886597274768188282e-01 4.514259404312754853e-01 4.827979866597122416e-01 4.493474384031070912e-01 5.261432547894006051e-01 5.064652005258483136e-01 4.539407412438971612e-01 5.623783124807464340e-01 5.289092432277471278e-01 5.329203161100952713e-01
5.124165250231884627e-01 5.028321570541069985e-01 4.569202354861807702e-01 5.247959040212138992e-01 5.233844435803407524e-01 4.981989901166441470e-01 4.946163138691982986e-01 5.298073569493155777e-01 4.554479998965588194e-01 5.627512376400503058e-01 4.705289892781310268e-01 4.682998470850704420e-01
5.127555192846715570e-01 4.643724038537819787e-01 4.972546765779289890e-01 3.993986239020286266e-01 4.675469508130580265e-01 5.828095870445513249e-01 5.016635933000421765e-01 5.458605328843367799e-01 4.535896014274186094e-01 5.281763551015823399e-01 5.830267494319174570e-01 4.635454063786916823e-01
5.509805032244758927e-01 5.062510317365556123e-01 4.993566037515810851e-01 4.489813244964903638e-01 4.881650831986732997e-01 5.204102180743243045e-01 4.321476622464013317e-01 5.037897888847155947e-01 4.746359869196797865e-01 5.347443566252296776e-01 5.600465939574219565e-01 4.804908468843930303e-01
4.477259387831926118e-01 4.398213013343858502e-01 5.349787961831702354e-01 5.851027891539002379e-01 4.804360919146309916e-01 5.085069984004251253e-01 5.709907280855699430e-01 5.010916442945165805e-01 5.210949827550406255e-01 4.567950204838322481e-01 5.043174321584593667e-01 4.491382764528875082e-01
5.265723598837461772e-01 4.420333254218666297e-01 5.631491762054547934e-01 5.278214837630421652e-01 4.621457114680056488e-01 4.385007717606685951e-01 5.145350871827962802e-01 5.713608113361798857e-01 4.213394974309180308e-01 5.353477830095419998e-01 5.092817521241054246e-01 4.879122404136609359e-01
4.305122095551631167e-01 5.388672487554493351e-01 4.767891231563731180e-01 5.107151026569545227e-01 5.742811043181783592e-01 4.713288394200653153e-01 5.157042943854374117e-01 5.010999019253139508e-01 5.534679416425187792e-01 4.126420124227184738e-01 5.198558311555647737e-01 4.947363906062798300e-01
4.813912449023508566e-01 4.935830939768667824e-01 5.384651990258415566e-01 4.683133746969380118e-01 4.415768865578711955e-01 5.313326161397485814e-01 4.192881464926919155e-01 6.417105441720357684e-01 4.069035081351374261e-01 5.312041048998079606e-01 5.104643095585833512e-01 5.357669714421264828e-01
5.567914967463651887e-01 4.952789966635444685e-01 4.715630892274556007e-01 5.273955420003694217e-01 4.807820421654900866e-01 4.801926526592406042e-01 5.533860734037489015e-01 4.864648902829860622e-01 4.774855155994147671e-01 4.425629365521261960e-01 5.892163926529830897e-01 4.388803720462064462e-01
5.340269739701963836e-01 5.080881808728233695e-01 5.440214748013399992e-01 4.390487026466257658e-01 5.500756315886147219e-01 5.555346039841122519e-01 4.019451620101516798e-01 5.509603126514364124e-01 4.905327323309603971e-01 4.623721945731408267e-01 5.200994992088152635e-01 4.432945313617691063e-01
5.152262209304454554e-01 4.618961291554639637e-01 5.006127969582809811e-01 4.798921039122067134e-01 5.145758142953588132e-01 5.248948655295884169e-01 4.906574167128335828e-01 5.050344373914880114e-01 4.867582801241343571e-01 4.696053740227731921e-01 5.268649534640775789e-01 5.239816075033597587e-01
5.218343037016781594e-01 4.838739741609546785e-01 5.262761554919075380e-01 4.949854728511159374e-01 4.810990926998369721e-01 4.590342460705568173e-01 4.926808489253945433e-01 4.514481282986223531e-01 4.555234546105116911e-01 6.040656218951642176e-01 5.293371528097416956e-01 4.998415484845471490e-01
4.273189962288487798e-01 5.201206064863516110e-01 5.628237970513111366e-01 5.060643437750880214e-01 4.817493102545914452e-01 5.287080738313283401e-01 4.552837690043611274e-01 5.277053834684226619e-01 4.776818140150997372e-01 5.511756682611826941e-01 5.180693961875556530e-01 4.432988414358304818e-01
4.624916551559138944e-01 5.306960875202162420e-01 5.911452503472982567e-01 4.180205002184528285e-01 5.453926079258515358e-01 4.529637139972655935e-01 5.444319163631241576e-01 4.352385624304772049e-01 4.710325227593283315e-01 5.333189855820059666e-01 4.862598159405099318e-01 5.290083817595712112e-01
5.128558730222713136e-01 5.061177221418173833e-01 4.815352128738230042e-01 5.225017638559064093e-01 3.752696506580137092e-01 5.537657275309034732e-01 4.977617233420407183e-01 5.955119363416330192e-01 5.062372531041721135e-01 4.601307409097556977e-01 5.342360387504317965e-01 4.540763574692273097e-01
4.443116004987471834e-01 4.971866575440599956e-01 4.817869249651006713e-01 5.020057197886826916e-01 4.318317500137224818e-01 5.116829940857223757e-01 4.551509801395702270e-01 5.030477116662236403e-01 4.908545418146114114e-01 5.672759440120297425e-01 5.534521142939612393e-01 5.614130611775784985e-01
3.747687701409573302e-01 5.418513040247111556e-01 4.897996301123923035e-01 4.767631188784431928e-01 5.152839198534366894e-01 5.824788289720481682e-01 4.652203960392076176e-01 4.288791175657937216e-01 4.960441070570279498e-01 5.680925430352440353e-01 4.381444922172404444e-01 6.226737721035131568e-01
4.730891031283011583e-01 5.506753141730227341e-01 5.130640659937851789e-01 4.250109833541400040e-01 5.200612753556466128e-01 4.959743950832408155e-01 4.970683763142856315e-01 4.179733126473526017e-01 5.613894046113788727e-01 4.655492592765374527e-01 5.125001185053874586e-01 5.676443915569149290e-01
5.196297194255647955e-01 5.542900897239085856e-01 5.307003013659032931e-01 5.326485870701849201e-01 4.211256468941154685e-01 5.462979663928131391e-01 4.558604810771496596e-01 4.614008269515084137e-01 4.874983053817104617e-01 5.014969237004636149e-01 5.318480499135076478e-01 4.572031021031937037e-01
4.529486982000511253e-01 4.982470413128146092e-01 5.720349368808994583e-01 4.726836029669997385e-01 4.782544767013071629e-01 5.022361264350951870e-01 5.202293484785768252e-01 4.780958498541392210e-01 5.086570609871601256e-01 5.335632283130873343e-01 4.886364156435644701e-01 4.944132142263738539e-01
5.146445329623399179e-01 4.502856013189639461e-01 5.507041778442309798e-01 5.398986969551418102e-01 5.267860055471694780e-01 3.626428974054162202e-01 5.846358143425903764e-01 4.445684180957233389e-01 4.668488315591379778e-01 5.992795406971171968e-01 4.502043603422464235e-01 5.095011229299311051e-01
4.280340382865804871e-01 5.917883481594106154e-01 4.424401439572613892e-01 5.314194401845195870e-01 4.737791432771164546e-01 4.403792422460678369e-01 4.921165390927607630e-01 5.348970561254211553e-01 3.861639355224614212e-01 6.473213727356539327e-01 4.129895177738918122e-01 6.186712226388439984e-01
4.124595018508616651e-01 5.409245308158194820e-01 6.055149204364622673e-01 4.194280260105593960e-01 5.562329386776688755e-01 4.619996531740140910e-01 5.129601284533613637e-01 5.258805265311857768e-01 4.841265461924719182e-01 4.710268824473066163e-01 5.611607149726115518e-01 4.482856304376923173e-01
5.116266902192182497e-01 4.911116221816216321e-01 5.401061646031778407e-01 4.694175349581906631e-01 4.932355181228958441e-01 4.656905749763513014e-01 4.936075437734036564e-01 4.715374557148440116e-01 5.606825285954892824e-01 4.165797483958830760e-01 5.311052368695582393e-01 5.552993815893914054e-01
5.911336586009570127e-01 5.138168668729544697e-01 4.648047849368302509e-01 4.826423021109728095e-01 5.774603616982678655e-01 5.195569145935827748e-01 4.530545968827095482e-01 4.578249825089769631e-01 5.269779670881726830e-01 5.241688212904167532e-01 4.371395997700160407e-01 4.514191436461414964e-01
4.947312231920630299e-01 6.470299290875521914e-01 5.158100090483779265e-01 4.370485411719494673e-01 5.280641710020853585e-01 4.462720992915860663e-01 4.934128697129704921e-01 4.814856708505548255e-01 4.994590318306880716e-01 4.813883616441461677e-01 4.685768177323892392e-01 5.067212754356381632e-01
5.370587618915199091e-01 5.517997382171383469e-01 4.240943857757109026e-01 5.454601777280688735e-01 5.357045665844364368e-01 4.200021126924918802e-01 4.364068733217315588e-01 5.858207903131056327e-01 5.319527640178625116e-01 5.292918138397492145e-01 5.017297808350504873e-01 4.006782347830968871e-01
4.842099879725243472e-01 5.037119780817290726e-01 4.895192931242869361e-01 5.224122678972424882e-01 4.456424092949726745e-01 5.803750401769978140e-01 4.446025222050925541e-01 4.901363633341085935e-01 4.962005959899747909e-01 6.169454631508712872e-01 4.694274208017516492e-01 4.568166579704205921e-01
4.966829777231414611e-01 4.742073626202708003e-01 3.774305601516277919e-01 4.781623609030228872e-01 5.581329242623620512e-01 4.416582351427932873e-01 5.827347053087668094e-01 4.992628726288854679e-01 5.744915048177769989e-01 5.062645702266509451e-01 5.396353083627919434e-01 4.713366178519237670e-01
