-1.005315882209030143e+01
-1.097956537561452883e+01
-1.132520617706615695e+01
-1.046961528025846100e+01
-1.028464125822302400e+01
-1.069623549182222177e+01
-1.100076339007818405e+01
-9.542521620761519330e+00
-1.114456334869106335e+01
-9.319288551181790226e+00
-9.934218115289738193e+00
-1.072268949341860278e+01
-1.051875512481451302e+01
-1.193782420646371811e+01
-1.100742606540384649e+01
-9.179472592743261217e+00
-1.074331198126989939e+01
-1.110742884497496696e+01
-1.200323882491657379e+01
-1.012031948454008834e+01
-9.728815255412825991e+00
-1.106864370981991463e+01
-1.046176842784196914e+01
-1.086070979882092580e+01
-1.040177920332832606e+01
-1.156725839158851343e+01
-1.119447199472199905e+01
-1.050048477881526132e+01
-1.356459280434676273e+01
-1.195011435115496212e+01
-1.045104662330461842e+01
-1.057024488040755550e+01
-1.034655961776729960e+01
-1.091831081203495124e+01
-1.060709490778197051e+01
-1.230886869201082767e+01
-1.116977834492590738e+01
-1.107955005835476392e+01
-9.510300660630210956e+00
-1.043062977862591545e+01
-1.065289623292881060e+01
-1.012665719203790538e+01
-1.102866521571819547e+01
-1.130772516741106415e+01
-9.550475264299910449e+00
-9.383827431897170612e+00
-1.106816666827851670e+01
-1.064577668981371517e+01
-9.873737086612415226e+00
-1.085097300436122936e+01
-1.200098490673429374e+01
-1.065521114780336553e+01
-1.124899729327458076e+01
-9.433596806546480806e+00
-9.325077503249918465e+00
-1.059110221182772804e+01
-1.117694869350362197e+01
-1.063543146566991382e+01
-9.746653462308461968e+00
-1.178224892548459657e+01
-9.347391696843791564e+00
-1.043060579276649236e+01
-1.052642614466804005e+01
-8.886853337866957858e+00
-1.093773882457248980e+01
-1.098060639190072152e+01
-1.156904175722402073e+01
-1.205125977172396112e+01
-8.953292204227768281e+00
-9.541220516551947028e+00
-1.186873972905910968e+01
-1.146949224379155652e+01
-1.200564933893842223e+01
-1.102586798140783131e+01
-1.019937347871191058e+01
-1.162712545259389962e+01
-1.238625629756148783e+01
-9.277405077107868436e+00
-1.065427863343562720e+01
-1.223584695190045046e+01
-1.078607045675678933e+01
-9.964658690635898708e+00
-1.125421238358005915e+01
-1.056508841482399497e+01
-1.072410248170659131e+01
-9.810404479086956897e+00
-1.173289731903109256e+01
-9.819949860696803867e+00
-1.229893732433641951e+01
-1.147319768876424284e+01
-1.047007017844650001e+01
-1.035386776501325556e+01
-9.418805344711451255e+00
-9.393393671634916231e+00
-1.160258152980420299e+01
-1.120138508798352639e+01
-1.146715844827730102e+01
-1.018280863620598709e+01
-9.710472744502594011e+00
-1.053174104390174470e+01
