4.730792665278131803e-01 6.115865287291735175e-01 4.655879638511710716e-01 4.675455566625275061e-01 4.726850277431314251e-01 4.222433446121166556e-01 5.233258000385424547e-01 5.288461778775367383e-01 4.924795939356170216e-01 5.426207400223762578e-01
3.933838585520853526e-01 4.434072703430908535e-01 5.879376041861461566e-01 5.080252110952655498e-01 4.545760017630957606e-01 6.081634360640137960e-01 4.095895935409800681e-01 5.359383060634685947e-01 5.342881789606981346e-01 5.246905394311567328e-01
5.624885624928624983e-01 4.255013196613076643e-01 4.843076571443130085e-01 5.005207324041522909e-01 5.426608159733418146e-01 4.613911320520895365e-01 5.683622555081755401e-01 4.570155179971184256e-01 5.492437698848723349e-01 4.485082368817688847e-01
4.341036868077478572e-01 5.267792787898064599e-01 4.892435960069730361e-01 5.006196888141887236e-01 4.572011644401934305e-01 4.719682290061318342e-01 4.808595064981505685e-01 4.804270699424319502e-01 5.478390125860459481e-01 6.109587671083236415e-01
5.940380779233762620e-01 3.303457358865463656e-01 5.243762965237963591e-01 5.335698844047691569e-01 4.819975879379615469e-01 5.047360638554247991e-01 4.873645218681597058e-01 4.647020888183815424e-01 5.623428647269986813e-01 5.165268780545925198e-01
4.298150790004154342e-01 5.651088838093014655e-01 4.702333783932053368e-01 5.374818517219785985e-01 4.786136241824232029e-01 4.579495144913471316e-01 5.447981118783508103e-01 4.329327615093360726e-01 5.378807956332349871e-01 5.451859993804015758e-01
5.040385614887359367e-01 4.960783761954737359e-01 5.156061579545220264e-01 6.439771721591767140e-01 5.136266501229951320e-01 4.951407280772814890e-01 4.612272417641077871e-01 5.233896769522348169e-01 3.580519825207181261e-01 4.888634527647566785e-01
5.594617791461612422e-01 5.073314933686519090e-01 5.041627824494308019e-01 4.827676820032189009e-01 4.901010436369880319e-01 4.809619485615997947e-01 5.584198065078473938e-01 4.366099185830164542e-01 4.716256505658040776e-01 5.085578951772671275e-01
5.018998916512258379e-01 4.757778405539450084e-01 4.756177738198859029e-01 5.751699329625226120e-01 4.211057438884919790e-01 5.563595609172746759e-01 3.411408759030094551e-01 7.054630252485668551e-01 3.882280414094502197e-01 5.592373136456411098e-01
5.798809920837484366e-01 5.088475271046463133e-01 3.691521205844223164e-01 6.096354299892782214e-01 4.587026669007686630e-01 4.834135985251412082e-01 4.916762163261765295e-01 5.501649545826756693e-01 5.447900602575772577e-01 4.037364336455605551e-01
5.030058672113970619e-01 5.058117980001263225e-01 4.827446614943141090e-01 4.808182812891416691e-01 4.389806169227005728e-01 4.387902851805346449e-01 5.209730061034318904e-01 5.768817180039131909e-01 4.608607871452047311e-01 5.911329786492344196e-01
5.557094750829205676e-01 5.069717249455305552e-01 5.518864677987233014e-01 5.289676581573716785e-01 4.680964400001816905e-01 4.817581089391222426e-01 4.693583494900890329e-01 5.463079318923995675e-01 4.343761102141624475e-01 4.565677334794879805e-01
6.025953147779534724e-01 5.149058085312233635e-01 4.451585708040823874e-01 5.418771173297582955e-01 4.357257775028077762e-01 5.361784979742565405e-01 3.717446406801847569e-01 5.274409149001153541e-01 5.399574790606200825e-01 4.844158784390079076e-01
4.862807812465470003e-01 5.117154728500278305e-01 4.914356177974110729e-01 5.547394519294732707e-01 4.114634180743832470e-01 5.150069776723261716e-01 4.426721852537595647e-01 6.011546231655041650e-01 3.785566706654438507e-01 6.069748013451176094e-01
5.130979369107865340e-01 4.723818878507555219e-01 6.031504100295214110e-01 3.923645217955422093e-01 5.479839597456852562e-01 5.101221941018716510e-01 4.964582795029987006e-01 4.575387810506554298e-01 4.740779210797332333e-01 5.328241079324504970e-01
5.194852738367428113e-01 5.261877783504049777e-01 4.805693264171200796e-01 4.658722667064261191e-01 5.256555549126047389e-01 5.085169349069649236e-01 4.744341068688434637e-01 5.241845885283445972e-01 5.158364435439206641e-01 4.592577259286315106e-01
5.055084777640705962e-01 4.746366943539664929e-01 5.369066581808796812e-01 5.064237149753684220e-01 5.107818701237890613e-01 4.370581003801280451e-01 5.788086587828252805e-01 5.002509767790140893e-01 4.911739818444304517e-01 4.584508668155274913e-01
4.640310022789473354e-01 5.419759996562344417e-01 4.461936369596730678e-01 5.051627100283953009e-01 4.569349126112202120e-01 5.440317919048812678e-01 4.673058525108577110e-01 5.163398638513800876e-01 4.949524742524701315e-01 5.630717559459348376e-01
5.169539407748593440e-01 5.861142488655083360e-01 3.919806821896839044e-01 5.602024695935259313e-01 3.591703315649069639e-01 6.000784200115729661e-01 4.786850920581217639e-01 4.221070823818799944e-01 5.449162406002331371e-01 5.397914919597257555e-01
4.941417137932421211e-01 4.843812119976533825e-01 5.052202502294693698e-01 5.418089842359520292e-01 5.250015380058997705e-01 4.099708612145726572e-01 4.675915744067624669e-01 5.015653892257543323e-01 5.494025405608797819e-01 5.209159363298179191e-01
4.560904184237666303e-01 4.510900222332029919e-01 6.021491025517184958e-01 5.372566525416757610e-01 5.035682252475544018e-01 4.086604042779131141e-01 6.084884258370231169e-01 5.011376069275659262e-01 4.628153241109798088e-01 4.687438178485880957e-01
5.692432356103900304e-01 5.266785593036742430e-01 4.614074632518094243e-01 5.384633626657246985e-01 4.508317203733717693e-01 5.212512526205674845e-01 4.163316693805896307e-01 5.873287307976449156e-01 5.072185129703576933e-01 4.212454930258595631e-01
5.659200566171197488e-01 4.588871965671469377e-01 5.402727556678176279e-01 5.303622076117231465e-01 4.387381358913129414e-01 4.775709914512341614e-01 4.439572611648032185e-01 5.786426478496364822e-01 4.786882391530928316e-01 4.869605080261169006e-01
4.697624451155486547e-01 4.181305013300479212e-01 6.215147577394697365e-01 4.918999284753950429e-01 5.050648079132346036e-01 4.645181777521510402e-01 5.304167398551520307e-01 5.188487540805259979e-01 5.018995558851531147e-01 4.779443318533245222e-01
3.894862667708955950e-01 5.663113826116414895e-01 4.565266841513421214e-01 5.749259251912856028e-01 3.845883005267090038e-01 5.677584436924385525e-01 4.830973759919108823e-01 4.432623801189908286e-01 5.482715931265863540e-01 5.857716478182063424e-01
4.392678745618999736e-01 5.519701943524193410e-01 3.887057149417119106e-01 5.452746966153594332e-01 5.111080103964935617e-01 5.519401194348527717e-01 4.523642497647383243e-01 6.097053387125949131e-01 4.543866454836697488e-01 4.952771557362524724e-01
5.767014978538567149e-01 4.961444940052198160e-01 5.360522519397061814e-01 4.144840675894182480e-01 5.091346403664119835e-01 4.831806854682900720e-01 5.335811156657292997e-01 4.375449967704819754e-01 4.549057955946174125e-01 5.582704547462686850e-01
4.646494960181294931e-01 4.614629163029752568e-01 4.999478709530510989e-01 4.638222059508524397e-01 4.598150499153474957e-01 5.813925413905784989e-01 5.212084802670967631e-01 4.934750843423220679e-01 5.044502444176768297e-01 5.497761104419675027e-01
5.126078169814962671e-01 5.067577267033320787e-01 5.553802556169147309e-01 4.547566669410919027e-01 4.664170282612605800e-01 5.357208471314618414e-01 4.184059386653525836e-01 5.108876952691328022e-01 5.282126381973115681e-01 5.108533862326619657e-01
5.585825024251798165e-01 4.422354707127036377e-01 5.477642989211877200e-01 4.461094121443998084e-01 5.185889153528717710e-01 4.014204433361123758e-01 5.113251730281196394e-01 4.897109607657833541e-01 6.326861502295919593e-01 4.515766730840366505e-01
4.715225607450926892e-01 5.068775557933353770e-01 5.105280591793111000e-01 4.822098996563513595e-01 5.214823100265942868e-01 4.628945548597058757e-01 5.539209348381173292e-01 4.950453038737826494e-01 5.406959497221976996e-01 4.548228713055091355e-01
4.257805399342916020e-01 4.272913011290851992e-01 5.354844532907971910e-01 5.001839497160052161e-01 4.783549033720538302e-01 5.091232404790593247e-01 5.593850989113696714e-01 4.888693403281110239e-01 5.112448404174678718e-01 5.642823324217545178e-01
4.876133633677095514e-01 5.147435396571036215e-01 5.663583523556585675e-01 5.165406165748289702e-01 4.564634780380227852e-01 4.645675331069215042e-01 4.756395092082722487e-01 5.126320907241131986e-01 4.857591920290534881e-01 5.196823249383094590e-01
4.783832777385194079e-01 5.643971841234310949e-01 4.168001777772800676e-01 5.734151629036132736e-01 3.924816987388480838e-01 6.280373549827231727e-01 4.953977827560437364e-01 5.166310665377197298e-01 4.556154668557224063e-01 4.788408275861015251e-01
5.315833338768403138e-01 4.667612164076720971e-01 4.641270368131199531e-01 5.260896444223990276e-01 4.509623217005421791e-01 5.802190227686667701e-01 5.241998211919661754e-01 4.631936035706135657e-01 5.181143537927036524e-01 4.747496454554734346e-01
5.324741467990899979e-01 4.577870656604775546e-01 5.376002261300858454e-01 5.214284475646553396e-01 5.478490239420567010e-01 4.015863164783596284e-01 5.340549981604214569e-01 4.242096289441436574e-01 5.675401187529557356e-01 4.754700275677526955e-01
4.547480027945252079e-01 5.143911225126838183e-01 4.586284314153477037e-01 6.448310795696907682e-01 3.414196631116582781e-01 4.971777599364441413e-01 5.640962126216020334e-01 4.989515127812265138e-01 5.418796675863077894e-01 4.838765476705179092e-01
5.473935082230051430e-01 4.754142323078955901e-01 4.782782730334782517e-01 5.295077498658684600e-01 4.611026702828510682e-01 4.970249594419886008e-01 5.253482416108543607e-01 4.938529118007969898e-01 4.986868779538314866e-01 4.933905754794273846e-01
5.057053288199355734e-01 5.428786960540559203e-01 4.524911043589024962e-01 5.220807613105080680e-01 4.694766854744195639e-01 4.558148093259832834e-01 5.261242915326163061e-01 4.685019800421358349e-01 5.225416595653780139e-01 5.343846835160567244e-01
4.233051773513155647e-01 4.902076371635881169e-01 4.892986824255324829e-01 5.446825965041475204e-01 4.755216099569426480e-01 4.819032811819464746e-01 5.125877980974462567e-01 5.087797421901865125e-01 4.718429750733717509e-01 6.018705000555210072e-01
4.370332232176813991e-01 4.535289185873435658e-01 6.146671002766860292e-01 4.181267433478508821e-01 4.787112039584789924e-01 5.262895456694045571e-01 5.576965885914910714e-01 4.847892647694128088e-01 5.460541100057765274e-01 4.831033015758638416e-01
4.134395586284085322e-01 5.975528671797114555e-01 5.012165797704657422e-01 4.469339284966065695e-01 4.187365823218817673e-01 4.979684382076933202e-01 5.405162991413089424e-01 4.729874842907055843e-01 5.455458480254709031e-01 5.651024139377390787e-01
4.185550906026317408e-01 5.092814072471720799e-01 4.540350859021837215e-01 5.571280672098926079e-01 4.985124483309236743e-01 5.167409323887925954e-01 5.375117014450083719e-01 4.748161255899996380e-01 4.772260342884134809e-01 5.561931069949860307e-01
4.250644202434003538e-01 5.205781171867082113e-01 5.429338930348859282e-01 5.170394696821285496e-01 4.819959069909202087e-01 4.932631990736988103e-01 5.114686008968231112e-01 4.609477489197663647e-01 4.596239610559817446e-01 5.870846829156768365e-01
6.135472421551469990e-01 3.554262908534310816e-01 4.240975351340174893e-01 6.204009707755678837e-01 3.855823559958218016e-01 5.807306150371058795e-01 5.334919400617704754e-01 5.360378297701137162e-01 5.273966937699372526e-01 4.232885264470872544e-01
4.604471901517528387e-01 4.551932851673498037e-01 4.945964884984246357e-01 5.009161713280219086e-01 5.141920645500361875e-01 5.731967727257950562e-01 3.988549293511999272e-01 5.516639208733340460e-01 5.970727598142747672e-01 4.538664175397999490e-01
5.378695838905129811e-01 4.674792132683935897e-01 4.727621922438505209e-01 5.679628397389699934e-01 4.937304226814681618e-01 4.575401823615244390e-01 5.671964178134161205e-01 4.451434873628490330e-01 5.079057355888528802e-01 4.824099250501701075e-01
4.374997600094565064e-01 4.890357268246980360e-01 5.304817471398699524e-01 5.564439471574305074e-01 4.416524562125571651e-01 5.296797290031809435e-01 4.872046530508281625e-01 5.411598995526405442e-01 4.553452702235624705e-01 5.314968108257721591e-01
5.611863924587885410e-01 4.788581237446920547e-01 5.245259064829805862e-01 3.619214368290848416e-01 6.090825382009776856e-01 4.258222361058602856e-01 5.675014230247255043e-01 4.970669098001611608e-01 4.868340365355893207e-01 4.872009968171355787e-01
4.409272481954821243e-01 4.793008947614890713e-01 5.211251062132811196e-01 4.747537453096773996e-01 6.598556454277842986e-01 5.247487053904058563e-01 4.826646809921973924e-01 4.573427981367321205e-01 4.811068492078580117e-01 4.781743263650954923e-01
5.299483311053365675e-01 3.427102455195573660e-01 6.403933111002569900e-01 4.250343933677043218e-01 5.755110913548125984e-01 4.524408938240987443e-01 4.549176612599271086e-01 5.074023070832462956e-01 5.513141938783899798e-01 5.203275715066706386e-01
4.885339603123061147e-01 6.187607017096597994e-01 3.878101926022894386e-01 5.599407022298567016e-01 3.999873541814632505e-01 5.629114000433559362e-01 4.435520650056901659e-01 5.167066555269461681e-01 4.772328412944049636e-01 5.445641270940257961e-01
4.059741470430002774e-01 5.180221537218476779e-01 4.735608637909540786e-01 4.702893513645782786e-01 5.036273584078203580e-01 5.133870320015756494e-01 5.877781526197743966e-01 4.702249979263481983e-01 5.483091084040522256e-01 5.088268347200466390e-01
4.698920585640384839e-01 4.783690492608617673e-01 5.053085119087838972e-01 5.314503709123750141e-01 4.719076069656057415e-01 5.139529710749348723e-01 4.304242004766882235e-01 5.850415126655155174e-01 4.518952475160525339e-01 5.617584706551533857e-01
4.562667437708456397e-01 5.493540172741259164e-01 5.751304516659793142e-01 4.741990934216341325e-01 4.775799342237160849e-01 4.691438872627571310e-01 5.543460025264519420e-01 4.885244807065377004e-01 4.477977815085510405e-01 5.076576076394052617e-01
5.018386374472237899e-01 4.789396360537906960e-01 4.826723086517962225e-01 4.384363358576468528e-01 4.594657682974930824e-01 5.142503533284283890e-01 6.101567772508973420e-01 4.262705242425069985e-01 5.883535549430342071e-01 4.996161039271806992e-01
5.943410783116098717e-01 4.032464432367347529e-01 5.705814681398948540e-01 5.122972304389196152e-01 4.703811262282180383e-01 4.496071673357874277e-01 5.715133682377462332e-01 5.584451061794639681e-01 4.630764255857616751e-01 4.065105863058471325e-01
4.745648778718093430e-01 4.564647474712014708e-01 5.778817955035332465e-01 3.752602426429635374e-01 5.987060931999930169e-01 4.135088008014634609e-01 5.457603769035233032e-01 5.215135344235191095e-01 5.031688675029982738e-01 5.331706636789961262e-01
5.106304701200616858e-01 4.674412082247652589e-01 4.801854420620791930e-01 5.022810906458491376e-01 5.124027817581712219e-01 5.153145423147936777e-01 3.987239372081902156e-01 6.254787894313296182e-01 4.564152848246505467e-01 5.311264534101045598e-01
3.932044537998909961e-01 6.371009197142104563e-01 4.563023923925392245e-01 4.881517189175494376e-01 5.604634312766356707e-01 4.708699093106856748e-01 5.003732809186782760e-01 4.868754336203506838e-01 4.434079122183846033e-01 5.632505478310674274e-01
5.419291867733522228e-01 5.114553620372725984e-01 4.016280745763984861e-01 4.641912457798392788e-01 5.777896191820264260e-01 4.241308849991272667e-01 5.355376028518430420e-01 5.244387167770729885e-01 5.255106176130316387e-01 4.933886894100387721e-01
4.450909829238688387e-01 6.043350141811478782e-01 4.792196370973213493e-01 4.547771531166648895e-01 5.284068473521020826e-01 4.528698992324778905e-01 4.907855917968652615e-01 5.692161925493702812e-01 4.122924514073186830e-01 5.630062303428684523e-01
5.141313135593306161e-01 4.753446088863506613e-01 4.839270504968705700e-01 4.912248055460910479e-01 4.258443234433763602e-01 5.003165968166740640e-01 5.558016151802118721e-01 5.036311763505717520e-01 5.137819403555365927e-01 5.359965693649965113e-01
5.530077893651996757e-01 5.417866640777575515e-01 4.291185237072749903e-01 6.138512517914536115e-01 5.640225360468562599e-01 4.804300695365213425e-01 4.276591600615522459e-01 4.665002993476117243e-01 4.649644896249094383e-01 4.586592164408384020e-01
4.455418938279567254e-01 5.059478624942717051e-01 4.834903991634035836e-01 5.431641870245726977e-01 5.259102884937543188e-01 4.871770583982947822e-01 5.150722123972499844e-01 4.961401295999585681e-01 5.744364589658494946e-01 4.231195096346797579e-01
5.523025841265587488e-01 4.020105546543494279e-01 5.544180603716961642e-01 4.164803450801830564e-01 4.560861305659248410e-01 6.400335128707331789e-01 4.991071461741514170e-01 5.568200179021330909e-01 4.336835607597244180e-01 4.890580874945514855e-01
5.054424276212123868e-01 4.691483998030612779e-01 5.346275545668439655e-01 4.580077080893706909e-01 5.516037058298617346e-01 5.232701698527395529e-01 4.262641806453584259e-01 5.071050355421226064e-01 5.862940995094129137e-01 4.382367185400212195e-01
4.740504936112739931e-01 5.549736058710968978e-01 5.003726622660615853e-01 4.604382948135488096e-01 6.050633153366278272e-01 4.262059623119666685e-01 6.046454195269461707e-01 4.510025045323995951e-01 4.931989198012550202e-01 4.300488219288209901e-01
5.074414926016289629e-01 4.602809727514123317e-01 5.138952384676904739e-01 4.996602034753438448e-01 5.043974242770404848e-01 5.060872682330234129e-01 4.660132272302745515e-01 5.013380705354468780e-01 5.186618746003479608e-01 5.222242278277988703e-01
5.910235881371312949e-01 5.188374990884341287e-01 4.298023927687862900e-01 6.460140629005595159e-01 4.354607144007568431e-01 5.468477471544437307e-01 5.232469165689892510e-01 5.195522868899633551e-01 3.416648346826031690e-01 4.475499574083392496e-01
4.728945396144333402e-01 4.795051768232020950e-01 6.313400902059180808e-01 4.836857733362023293e-01 3.971429014991744166e-01 6.041447575506614376e-01 4.316990580182052950e-01 4.791104973740607509e-01 4.111545490498478839e-01 6.093226565282856555e-01
3.785886983543521600e-01 5.140192507645028330e-01 4.697597813049855242e-01 5.226727247616125283e-01 4.995112201053739098e-01 4.350673206894682954e-01 4.975162743525692322e-01 5.908550789334396924e-01 4.776218068462415589e-01 6.143878438874645909e-01
4.826710092501108051e-01 4.397338348520128393e-01 5.653359829441483297e-01 5.154311015792552020e-01 4.780879384668050847e-01 4.646263632025801060e-01 4.557352392500680915e-01 5.569975000197663340e-01 5.659242416073748672e-01 4.754567888278806720e-01
4.514765206562333932e-01 5.876094541861404119e-01 5.097520973775387931e-01 5.563096707838768307e-01 4.804984919161684465e-01 5.291403401554168884e-01 4.651498759720830156e-01 4.888744929729293420e-01 4.288249421972305520e-01 5.023641137823713354e-01
5.241087403216144747e-01 4.643741414367736353e-01 5.275545924215394589e-01 5.104644148246602064e-01 4.644564430614567252e-01 5.829280517700032860e-01 4.355668781845826176e-01 4.389650867727137307e-01 5.901574619343639139e-01 4.614241892722933391e-01
5.038434163646646757e-01 5.143832710024729415e-01 4.907026546368845610e-01 5.796453242529483463e-01 4.405169904956704463e-01 4.318573041531785228e-01 4.965604536679152914e-01 5.217987165984609987e-01 5.366019521886973287e-01 4.840899166391132713e-01
4.455701253336682433e-01 5.554808424079304974e-01 4.440459855809771317e-01 5.609784513762963165e-01 4.733384485410942477e-01 5.383388168475307101e-01 5.760269898532766053e-01 5.252554111699513362e-01 4.037148726892716977e-01 4.772500562000126512e-01
4.343560055553558064e-01 5.243832193713195977e-01 4.648568925928789897e-01 5.977101113504155183e-01 4.237473326039828403e-01 5.981563036588057880e-01 4.457744067451645531e-01 4.532965237695187888e-01 4.655011039222716751e-01 5.922181004302997653e-01
4.252143668847612190e-01 5.622824865699601604e-01 4.119678395898975221e-01 4.864386739617120314e-01 4.993543369751610728e-01 5.101761418100267953e-01 5.122041617631533095e-01 5.055826679852155614e-01 4.963566092967930388e-01 5.904227151633218984e-01
6.260687159359964449e-01 3.865450201000128483e-01 4.447471650336166094e-01 4.779070117328768075e-01 4.407467314956519666e-01 6.271818777122016852e-01 5.360454496617872433e-01 4.468542174829867597e-01 5.430193737586832547e-01 4.708844370861854367e-01
4.325091579789271945e-01 4.837808519347219782e-01 5.149960528932973070e-01 4.837935887511570221e-01 5.267897881834902041e-01 5.163709663676445683e-01 5.198853998810961663e-01 5.413823232626031601e-01 5.236254198626915102e-01 4.568664508843673366e-01
5.633658365809648405e-01 4.575162161990737331e-01 4.519467536105953309e-01 4.577075272888393442e-01 6.489755728523070033e-01 5.154708680492798845e-01 5.101026867779694385e-01 4.234564797040533124e-01 6.148805494688749373e-01 3.565775094680435631e-01
5.602994891329478033e-01 4.201901174632293179e-01 5.155937752469418323e-01 4.713289534392162139e-01 5.203635487085633837e-01 5.169013651297412748e-01 5.404427952175970828e-01 4.447187583893172924e-01 5.517035928523835731e-01 4.584576044200594502e-01
5.563223446833889252e-01 4.255843690802140200e-01 5.551160005900428462e-01 3.914369793494275607e-01 4.841922733871162343e-01 6.044999860226422106e-01 4.960745273173160497e-01 5.016818866638990126e-01 4.845568261153242462e-01 5.005348067906416620e-01
4.195911725494604338e-01 5.146632443614594932e-01 4.488871706252825500e-01 5.222794700985124994e-01 5.103298887550773433e-01 5.168468494873201813e-01 5.127727830280940369e-01 5.221604146785439049e-01 4.729456655472761284e-01 5.595233408689670451e-01
4.833315233278864254e-01 4.404451388853322102e-01 4.557633286797738159e-01 5.093040883098867155e-01 6.114523432411844706e-01 4.653709879857735876e-01 5.048200926849084613e-01 4.627935635501811973e-01 5.498364718831290077e-01 5.168824614519509364e-01
4.447741990274565183e-01 5.552136924370858484e-01 5.221881848392243564e-01 5.153274516425754292e-01 4.959503670243460283e-01 4.953649900435492248e-01 4.466566766351064421e-01 5.171568276719100687e-01 5.119925891112273586e-01 4.953750215675229995e-01
5.318474114274498454e-01 5.368028240701676612e-01 4.779252763787795732e-01 5.733813534245013610e-01 4.909151305785757757e-01 4.810548530532253175e-01 5.186985736177102124e-01 4.768480794620288954e-01 5.092169880074148836e-01 4.033095099801639050e-01
4.302472149827840653e-01 5.689543190881229950e-01 4.765773845016423316e-01 5.281856127184501037e-01 4.302526258856399499e-01 5.067206191806516991e-01 5.584171124289523114e-01 4.405940192508619457e-01 5.448854816300130466e-01 5.151656103328878800e-01
5.056386934283298995e-01 4.547847469669389353e-01 4.925360946801822237e-01 5.258705596953969774e-01 4.367870105732013508e-01 5.094037402823821115e-01 4.786782529991837620e-01 5.410966529203066200e-01 5.619413870009104528e-01 4.932628614531657241e-01
4.392107007982409272e-01 4.361025496485728681e-01 5.291416547529692593e-01 5.804310487019592735e-01 4.744580868511003025e-01 5.043894918679014960e-01 5.636122777657210925e-01 4.988636824223205979e-01 5.116497128058317134e-01 4.621407943853922395e-01
4.887933376470906532e-01 4.327888880498006463e-01 5.428138528018164877e-01 4.411742552733969869e-01 5.720527141334122989e-01 5.286203016126626020e-01 4.707339684048804096e-01 4.373348180387796602e-01 5.271201051625648004e-01 5.585677588755935119e-01
4.503835357640855186e-01 5.526113619186294734e-01 5.172335689498714917e-01 5.291735885246564575e-01 4.111767873586186228e-01 5.366941246157680423e-01 4.614922287886624730e-01 5.076333751045368770e-01 5.551893804380605424e-01 4.784120485371244902e-01
5.092344096771180828e-01 4.891616930760862569e-01 5.478961800724558850e-01 3.999747426838551334e-01 5.209870996923361419e-01 4.668633780816405787e-01 5.258346355602157018e-01 4.964521073326659817e-01 5.742289150326256308e-01 4.693668387910105433e-01
4.269927685798072803e-01 5.284902410924182670e-01 4.123944959029637869e-01 6.358065352277654236e-01 3.999929264194402867e-01 5.239221032576910630e-01 5.040670581835736686e-01 5.238147992731875258e-01 5.286112627373178441e-01 5.159078093258346875e-01
4.812765644860168002e-01 5.291598933519188197e-01 4.850298591162179873e-01 4.846116064860016559e-01 5.558846677140363290e-01 4.912874809176527857e-01 4.793538313708821663e-01 4.500160912092292520e-01 5.866658706298349957e-01 4.567141347181978284e-01
5.236698433389808116e-01 5.088352188355714789e-01 5.377555273118754808e-01 4.382501867396282891e-01 5.444550738137687862e-01 5.524963539689529135e-01 3.985201530669691405e-01 5.487503591808609027e-01 4.862779966939622667e-01 4.609892870494300965e-01
5.297910925298596752e-01 4.581028554676033204e-01 5.290328411859229751e-01 4.595850394466461930e-01 5.055419682410211557e-01 4.798382859396463918e-01 5.186842856091931075e-01 5.240019298120301983e-01 4.967423737182128374e-01 4.986793280498614811e-01
5.054594550494961869e-01 4.744937398402426232e-01 5.367925195760203660e-01 5.321681563666063042e-01 5.164669723632110410e-01 4.821512719296717764e-01 5.249959846634160154e-01 4.925829116069844749e-01 4.809843704976910495e-01 4.539046181066680452e-01
4.723149487471752228e-01 4.456957317006154939e-01 4.415918882250129407e-01 5.974377828844383842e-01 5.098431119667995448e-01 5.057957127982209977e-01 4.229023383937937086e-01 5.279876957343426769e-01 5.655447237183026665e-01 5.108860658312874836e-01
