-3.852439362620128094e+00
-4.015619929223122497e+00
-4.023951720915823316e+00
-3.930075666713454652e+00
-3.868444257936853869e+00
-3.897143645557945568e+00
-4.138584047069223892e+00
-3.690410894483350912e+00
-4.050443654522742243e+00
-3.650351838566088247e+00
-3.841343210458068036e+00
-3.944676668962794786e+00
-3.944424510576185483e+00
-4.159862901608526009e+00
-3.972594706506120232e+00
-3.586618026678255688e+00
-3.922426116968284582e+00
-3.981211152399418918e+00
-4.214851970639854173e+00
-3.835158168591118244e+00
-3.833534000660914209e+00
-3.996470068570956435e+00
-3.884339738382833751e+00
-3.990555639864245219e+00
-3.856443647169394584e+00
-4.118829505166829996e+00
-4.066554869813725936e+00
-3.910153172017501344e+00
-4.491250371903526606e+00
-4.227181762714116608e+00
-3.851571640829738907e+00
-3.909918759531467725e+00
-3.869598474857210313e+00
-3.980904530712131351e+00
-3.898126374469455868e+00
-4.240906063496372447e+00
-4.053827791070171216e+00
-3.966239386197319750e+00
-3.671830145261810507e+00
-3.857018201132723867e+00
-3.944714449021806679e+00
-3.857210717915106279e+00
-3.977048007810344288e+00
-4.034460957649058876e+00
-3.727107751768869548e+00
-3.729188972857124362e+00
-3.973623297300061363e+00
-3.899689253331527716e+00
-3.746910869160434476e+00
-4.108026338021060653e+00
-4.205006063993929288e+00
-3.915027571043749433e+00
-4.065796288900244804e+00
-3.644939846596876976e+00
-3.676858580281235689e+00
-3.966335100212889486e+00
-4.047809963356035823e+00
-3.884070706014014718e+00
-3.725635199020343791e+00
-4.143830225986453897e+00
-3.664441677768028871e+00
-3.867015946665584458e+00
-3.908100954528130444e+00
-3.696877977860019371e+00
-3.986516287485169840e+00
-4.064867980436025263e+00
-4.094409897944390586e+00
-4.219326984316235318e+00
-3.544097874260254244e+00
-3.781158496582180284e+00
-4.239146647745315910e+00
-4.112384471770825556e+00
-4.233014378550253198e+00
-4.037001213607281258e+00
-3.810273443091173551e+00
-4.124038510252827194e+00
-4.331150719110813618e+00
-3.644790401547345127e+00
-3.910623413650015756e+00
-4.362043801166887391e+00
-3.968026643502411410e+00
-3.874588353367200089e+00
-4.009648675848433541e+00
-3.934113187776623999e+00
-3.910603486205533663e+00
-3.810186574022992989e+00
-4.118633616355817040e+00
-3.749765590388826730e+00
-4.222487196498174278e+00
-4.086618296428389918e+00
-3.955247456787585936e+00
-3.879341860562336208e+00
-3.667526486353528181e+00
-3.654439830613068985e+00
-4.110583506297316170e+00
-4.007604681382387568e+00
-4.058728056175067600e+00
-3.786548151171780230e+00
-3.719087070321736910e+00
-3.968492058109250209e+00
