3.478305780629002975e-01 4.590088195963688555e-01 3.191293485804608809e-01 2.996552195947560504e-01 3.098948998663783039e-01 2.396879355712490667e-01 3.775915708955945860e-01 3.857734713769214174e-01 3.490898830772918293e-01 3.972950679966674725e-01 2.308891607838703675e-01 2.841540445975524465e-01
4.254085193485636074e-01 3.103641124945707430e-01 2.861550773782077783e-01 4.287086460344566863e-01 2.222355726857654368e-01 3.527297608548951580e-01 3.899921044688099969e-01 3.213377123491105158e-01 3.837238771801068093e-01 2.594929609102600288e-01 2.751298246322791408e-01 3.447218316629903079e-01
3.883222632404638164e-01 3.271980639878179220e-01 4.086998800971192725e-01 3.228083872228404427e-01 3.854860539567660505e-01 3.213191850865966814e-01 2.730016626500106347e-01 3.502118320015877861e-01 3.362269214637624848e-01 3.208327028010592996e-01 2.781594623121005916e-01 2.877335851798615840e-01
3.054795589451875792e-01 3.139703358926732024e-01 3.997886994040730224e-01 4.546450864748159404e-01 4.187827566553448122e-01 1.323767793116299718e-01 3.485060277811794505e-01 3.956670177307506364e-01 2.885021857559169067e-01 3.405835139206203621e-01 3.096052271735519890e-01 2.920928109542413331e-01
3.792467037085749393e-01 3.752919969180600890e-01 2.500272847046814961e-01 3.859580958605800527e-01 3.099564763347115726e-01 3.618261775775365452e-01 2.992578655708833524e-01 2.781355200259932325e-01 3.696223159130805902e-01 2.468842691654194732e-01 3.715651423796679786e-01 3.722281518407868917e-01
3.443017233171715152e-01 3.224437633927115243e-01 3.643673111418699317e-01 4.811587413787358214e-01 3.732008617601043077e-01 3.014740172704702958e-01 3.101839408488984429e-01 3.374657522653514707e-01 1.600749783564172080e-01 2.952020776627722332e-01 3.888393825038466978e-01 3.212874501016520501e-01
3.253591925662222550e-01 3.182537295027851876e-01 3.086121210728823838e-01 3.191485799211163932e-01 3.945971861601956232e-01 2.613463540528904172e-01 2.723226714533661386e-01 3.579993121411559898e-01 3.830071584447954369e-01 2.919779935359153034e-01 3.524723120015760824e-01 4.149033891470954027e-01
3.200558383100464699e-01 3.764542938271249195e-01 2.057563634121638285e-01 5.312644659549413673e-01 2.756640896083990544e-01 3.708667659135500561e-01 4.171093700321441555e-01 3.175209088135424462e-01 1.701034511042555930e-01 4.387667894163935212e-01 3.059508150528806869e-01 2.704868485545481871e-01
3.020069868528419965e-01 4.041403223118164578e-01 3.818286784030820447e-01 2.086876040435446944e-01 3.848005344936812344e-01 3.551149638964170574e-01 3.204795354500209470e-01 3.195667697912555338e-01 2.712040465067839801e-01 2.441645082270677558e-01 3.801349575377068746e-01 4.278710924857865305e-01
2.959040157318309494e-01 4.114372693040807549e-01 3.884480257622345833e-01 3.499667130757604938e-01 3.964174802260851949e-01 3.680879543084020766e-01 2.928846196481625919e-01 2.917669798199145070e-01 3.032107845654309353e-01 3.785100608377721665e-01 2.492650040311473469e-01 2.741010926891646049e-01
4.494199425107006096e-01 3.508932012725660687e-01 2.601819087187668411e-01 3.568649836064212710e-01 2.704719336278454400e-01 3.355180241658953233e-01 1.755738138659380665e-01 3.584830688783722796e-01 3.926405474090894909e-01 3.200382031950979589e-01 3.792643101281998330e-01 3.506500626211190297e-01
3.636659798257477205e-01 3.964667588382932428e-01 2.414423255974735560e-01 3.115011596518882930e-01 3.153721997747578332e-01 4.175548563559455251e-01 2.233735976010466917e-01 4.416805849276261853e-01 3.323661180101510348e-01 3.167963096524601951e-01 4.321667091272813899e-01 2.076134006373224761e-01
3.777783334692738082e-01 3.791632231109926532e-01 3.331413041972793865e-01 2.900126557619719936e-01 3.131395290603670722e-01 3.933207433704338785e-01 3.304311544348010332e-01 3.539301427392306798e-01 2.882842960505327401e-01 2.697670941367570907e-01 3.478147542854171381e-01 3.232167693829552935e-01
2.649845745017664900e-01 3.520497448126862494e-01 3.356543111686074443e-01 2.541729543032684724e-01 3.378195931991251344e-01 3.239065632016432383e-01 3.690980057841306561e-01 3.699903304857507513e-01 3.397724041111322979e-01 2.662190593192477195e-01 4.234789423603950720e-01 3.628535167522498606e-01
3.080165287533951357e-01 2.813644831908488908e-01 3.274893241581916525e-01 3.731631501834503650e-01 2.869602244241787892e-01 3.227493536253054351e-01 3.045554245891103906e-01 3.758145760587360273e-01 3.184674897581242781e-01 3.434208830547907376e-01 3.542260341937982226e-01 4.037725280100911696e-01
4.019133318343089956e-01 4.144031409084778517e-01 2.336864649511898318e-01 3.690894377051670561e-01 1.832940068698575009e-01 4.404683591729450787e-01 3.550975671033212433e-01 2.141720503245025942e-01 4.050209134783195331e-01 4.040159267733652859e-01 2.893156633986630477e-01 2.895231374798674651e-01
3.230688426563524951e-01 3.954553204255941146e-01 3.562601043705720394e-01 2.097078567534064186e-01 2.778971844115046275e-01 3.407733366229280247e-01 3.922477126453656204e-01 3.740362761838412209e-01 2.417521428101672698e-01 2.684730756243108307e-01 4.345466001204397188e-01 3.857815473755160651e-01
3.225687186922879812e-01 2.164449305753154695e-01 4.356655421132753503e-01 3.493158940556362335e-01 2.445701461284053302e-01 2.727253663192900079e-01 4.306126200264234760e-01 3.751082375088566900e-01 3.136712117076895789e-01 3.839601618356498491e-01 2.979528598788409588e-01 3.574043111583423138e-01
2.422067944144041807e-01 4.407244149876803352e-01 3.674396495585977584e-01 2.375517032576004994e-01 4.183112979002221454e-01 3.005475978834677431e-01 3.778385628209666725e-01 3.795390619814162370e-01 2.556475999611598215e-01 2.705505169770135998e-01 2.877936243792230675e-01 4.218491758782866308e-01
3.179618816142156801e-01 3.297233701552083618e-01 2.740961307003374481e-01 2.496860789347820631e-01 4.591881326431679344e-01 3.537933578111485677e-01 3.242752814932997052e-01 3.073217036283719117e-01 3.670368479328558475e-01 3.714528454736817920e-01 3.365834730325303892e-01 3.088808965804086815e-01
2.280507557111608463e-01 3.671499059956293554e-01 3.293408042320100648e-01 3.882657106822540172e-01 2.054356808762023978e-01 4.024231199112540125e-01 3.440767660904665570e-01 2.310788073335206250e-01 4.107266680857209473e-01 4.129144693418266843e-01 2.892830377439410405e-01 3.912542739959949389e-01
2.099406846052521980e-01 3.627596906678555722e-01 3.808630269584131200e-01 3.670344881419467242e-01 3.024363491901614909e-01 4.389408034956834292e-01 2.986197840099944489e-01 2.859337604228069374e-01 4.217620225875579054e-01 3.445717309560470398e-01 3.537356132003494080e-01 2.334020457639315593e-01
3.319137157647666370e-01 3.443993963043711082e-01 3.887729769974110905e-01 2.688802088688974079e-01 2.904752993651436577e-01 4.373722765691015479e-01 2.932903551621652283e-01 2.815125151703515849e-01 3.485388225781120286e-01 2.834604957496759670e-01 2.935135993916835884e-01 4.378703380783023902e-01
3.422163568278747681e-01 2.703449500170640452e-01 3.042483911558507836e-01 3.514625681523932954e-01 3.594334664370123500e-01 3.688305706210052159e-01 4.150338873154731933e-01 2.831023376912167322e-01 3.161769836931570543e-01 3.865279864540177579e-01 2.433826391726927052e-01 3.592398624622263337e-01
3.966603297146761298e-01 3.793746736695147725e-01 3.614594100564956225e-01 2.811523595309651791e-01 3.560830572788612480e-01 2.825697064498833289e-01 3.139555536962482241e-01 2.223603243340042945e-01 3.071876981650053517e-01 3.486124446127755183e-01 4.538175885630497675e-01 2.967668539285306384e-01
3.063315429867646822e-01 3.629894790707152152e-01 3.523616591069239634e-01 3.371748019161558418e-01 3.616696882626739828e-01 3.151127953009049687e-01 4.014458906053574028e-01 3.621342401484168860e-01 3.866886751599240002e-01 3.029792197075245053e-01 2.578593527937395602e-01 2.532526549409057637e-01
3.452994889952656354e-01 3.221304126086093067e-01 2.680249072270942112e-01 3.323861634441077628e-01 3.891669251267239060e-01 2.907897191246728852e-01 3.321588055862270128e-01 3.866049909763609183e-01 2.829732705135219462e-01 3.321438959199251029e-01 3.994594960260154370e-01 3.188619244514664386e-01
2.822631308885238388e-01 2.698624849833959893e-01 3.112595832961377318e-01 3.493572621334466444e-01 3.219251370926622391e-01 3.542848008094156564e-01 3.414751631553524236e-01 3.901674658509511895e-01 2.780831915698511181e-01 3.899495002147613243e-01 2.476536012507935536e-01 4.637186787547048494e-01
3.778248464542665608e-01 3.504678098375697548e-01 2.842150574713021016e-01 2.966124478880654003e-01 3.773309395059242788e-01 2.878244498870994317e-01 2.995583742778968883e-01 3.643417833938497052e-01 2.812886918492488175e-01 4.267157257253303415e-01 3.766237799537306419e-01 2.771960937557203519e-01
3.128897238084211718e-01 2.857410304348310115e-01 3.657858488066291214e-01 3.037799318987201014e-01 3.679942843456651125e-01 3.965668858371037553e-01 3.769655646857108522e-01 2.336800173068487307e-01 3.484105190215769920e-01 2.675466832051320853e-01 3.952336053454529874e-01 3.454059053039156835e-01
2.824912996979193625e-01 3.140868916331247540e-01 3.234659482520439999e-01 4.644623190282560765e-01 1.566621093766444595e-01 3.156185384622673396e-01 4.246866764498640201e-01 3.312655984263614406e-01 3.853164214436415880e-01 3.035804372495760628e-01 3.854746884132884133e-01 3.128890715670160083e-01
3.193625437529371003e-01 3.734928029103001812e-01 2.935604437621543994e-01 3.370511543165516932e-01 3.764026781073159800e-01 3.369854834696305312e-01 3.377248709829959727e-01 3.446038615775074421e-01 3.336469619054843183e-01 3.590625267589135361e-01 2.641854114925989427e-01 3.239212609636132889e-01
2.971173478771118037e-01 2.814066669806127852e-01 3.650728143446205776e-01 2.990239409090446054e-01 3.638608765500800923e-01 3.883264130487772969e-01 2.747513209264006995e-01 3.173260900358683134e-01 3.581173878828362578e-01 3.944715825371302165e-01 3.307309031387802301e-01 3.297946557687471136e-01
3.573023821686359125e-01 3.194408455672603786e-01 3.174870898972154132e-01 4.369756727696537668e-01 2.148966443478912414e-01 2.888314212922270530e-01 4.525973939362911147e-01 2.399489194361147382e-01 2.739437597495563703e-01 3.830763283438766154e-01 3.892911295698278096e-01 3.262084129214341544e-01
3.932928761737535250e-01 3.342728095815197253e-01 2.370484565120030696e-01 4.305584962368003143e-01 3.548476479594120381e-01 2.267755548127859677e-01 2.148840813283218742e-01 3.346219292976589932e-01 3.846764288791211794e-01 2.955170926859604363e-01 4.007498895979433873e-01 3.927547369347016426e-01
2.575050897413614925e-01 3.181831484324468828e-01 2.957442979446534004e-01 3.971892474010803031e-01 3.465313665488072292e-01 3.578939534824479574e-01 3.922114094661486861e-01 2.929376331811747169e-01 3.250749089310377982e-01 3.918838956578795663e-01 2.621249444889778846e-01 3.627201047239803633e-01
4.038567309826799345e-01 3.718805288885023153e-01 3.328619446132016768e-01 3.306037206632284620e-01 3.689475508020101380e-01 2.950826134730050732e-01 2.938233205354099375e-01 4.330179682576038580e-01 4.128680737372152354e-01 1.254250011427532341e-01 2.012452246351574825e-01 4.303873222692294331e-01
2.063685772982970790e-01 4.115393814503554570e-01 3.959994160176335543e-01 3.788946546383373803e-01 3.559544037073423262e-01 2.618319664508995115e-01 2.645798942145125565e-01 2.793333429738449336e-01 3.325303562719377215e-01 3.236051041718527310e-01 3.766285372489823202e-01 4.127343655560001823e-01
1.739664757894731628e-01 3.803831590355815639e-01 4.357293379527132360e-01 2.302816212159872755e-01 3.947814453546067970e-01 3.180558932242355530e-01 2.913855109864030846e-01 4.315048820187565859e-01 3.384250368034303347e-01 2.813898754563669002e-01 4.201964455474805904e-01 3.039003166149346069e-01
3.346309474382407334e-01 3.383760988378227141e-01 2.654024445768511931e-01 3.032186934161089642e-01 3.896929562008809578e-01 3.905069200250024797e-01 2.714075116140839405e-01 3.535662060969885778e-01 3.420243208063366014e-01 3.658128214563536318e-01 2.967107372852874625e-01 3.486503422460351942e-01
3.979274405337708265e-01 3.425087486216447097e-01 3.297433438558485808e-01 2.010305731576290666e-01 4.287623069568182177e-01 2.857260447102760725e-01 3.957107114464077369e-01 3.606126112610500423e-01 3.033656202965641646e-01 3.499468310534687987e-01 2.738759700593326185e-01 3.307897980471772303e-01
3.250311345837934018e-01 3.282659468133676262e-01 4.903550020382552166e-01 3.775595674954519976e-01 2.974284292077498115e-01 2.746070586422175719e-01 2.879493179401362291e-01 3.013881231983960296e-01 3.602516799525732893e-01 1.785581435496495228e-01 4.627515461521669593e-01 3.158540504262705717e-01
4.070121739799169580e-01 2.954931828733807220e-01 2.580856890345079591e-01 3.614190843780732409e-01 3.946335708639272521e-01 3.798995138249846582e-01 3.462446751407274315e-01 4.250724225844880189e-01 2.102343157586731848e-01 3.454417758252344983e-01 2.209196002958205840e-01 3.555439954402569436e-01
2.862413692494389372e-01 3.243929398696244193e-01 3.320326905977530885e-01 3.720124552311748212e-01 2.219876005345489123e-01 3.559860733704399149e-01 3.185078314890907869e-01 2.995158667278964848e-01 3.457650985305702473e-01 3.757787055886730454e-01 4.370419652083192830e-01 3.307374036024890995e-01
4.116870758696681287e-01 3.614016376663313213e-01 2.993790976841785856e-01 2.838794517120301619e-01 3.420942450884275066e-01 3.535341217091741428e-01 3.058137668470558013e-01 3.142784484730061223e-01 2.597869083209251584e-01 4.038187241724670584e-01 2.914667243109888006e-01 3.728597981457467125e-01
2.786363816664497728e-01 3.953031344196672459e-01 4.232481990993926524e-01 3.086734841443646293e-01 2.908115455797539717e-01 3.005161109158710486e-01 3.977207107178469259e-01 3.238394833294057085e-01 2.613888674879616403e-01 3.282013021644846207e-01 3.551355340400123017e-01 3.365252464347985306e-01
2.767671275810580367e-01 2.462823283888099790e-01 2.457474269538344191e-01 3.644368590520437046e-01 4.350562887558009906e-01 2.547103614691889617e-01 4.100142294356828865e-01 3.533695690746668783e-01 4.114342724948849561e-01 2.346278875263387853e-01 3.962523293102557798e-01 3.713013199574233258e-01
3.001112968431406958e-01 3.089700790127296592e-01 4.302117951162169329e-01 4.320880309439198985e-01 3.003004879668297322e-01 2.656108414370572102e-01 3.034542701555649757e-01 3.220744766889490629e-01 4.082059089909822469e-01 2.205696477644064069e-01 4.253062164574560322e-01 2.830969486227380427e-01
3.699204704917092856e-01 3.715661432534367314e-01 3.380881398552999517e-01 3.793018555602638009e-01 3.407144890682411442e-01 2.696628636943227963e-01 2.939667042912128547e-01 3.124491560328618855e-01 3.543806121847949409e-01 3.181845412458677580e-01 2.110860156803226195e-01 4.406790086416661478e-01
2.858439758055485447e-01 3.220022323680634124e-01 2.428985705010547336e-01 4.705466612801099680e-01 3.073563172838855717e-01 3.140375290243453410e-01 4.188712171769715109e-01 3.053061419606905025e-01 3.446511000865677410e-01 3.180442475358333798e-01 2.853370089496386486e-01 3.851049980272752693e-01
3.771420127948110768e-01 3.349456971417696938e-01 1.843197396260446430e-01 2.937501157212371039e-01 4.124375030520176511e-01 2.397968151719551133e-01 3.538763714053149712e-01 3.757562085151499587e-01 3.482429325767663619e-01 3.270589767450018948e-01 3.131667477439676328e-01 4.395068795059492994e-01
3.288642602849037866e-01 2.843039461221228970e-01 3.799302375624162842e-01 2.696407875787054653e-01 3.493683096532204657e-01 4.137169415893561242e-01 2.448654953623293773e-01 3.911739883348220870e-01 3.751527012175279729e-01 3.040835149284897843e-01 3.278846851915827587e-01 3.310151321745280484e-01
2.264947179662684662e-01 3.306282066678638554e-01 3.985533336772413837e-01 3.374034562378731561e-01 3.511707761692626217e-01 3.714602122457476008e-01 3.679243840935016996e-01 3.440621210799200691e-01 2.127196382378418460e-01 4.210766423985391471e-01 3.934014105929569127e-01 2.451051006329754145e-01
2.206211194244955820e-01 2.720750036271641914e-01 2.845720716878604728e-01 2.778479517808643551e-01 2.871170740209106342e-01 3.715638370999612139e-01 3.536698228181491266e-01 4.145826841663183271e-01 4.007278894074924325e-01 3.472538298073626906e-01 3.815476443977801613e-01 3.884210717616480291e-01
4.197689850620143215e-01 2.380046724426570504e-01 3.783120219914430926e-01 2.298105252983763391e-01 3.775103509606082541e-01 2.279893629746711503e-01 2.936112937749315588e-01 4.866466455600321206e-01 3.688469448110534010e-01 4.022117191928321622e-01 2.496650706293222222e-01 3.276224073020690963e-01
2.993771286868735504e-01 3.127749004707872094e-01 3.692149896550327437e-01 2.776504254127811766e-01 3.963738848721710673e-01 3.751319376570116937e-01 2.093550009839207082e-01 3.552139351605999029e-01 4.318044208060884959e-01 2.497767122313507560e-01 3.046211448919402542e-01 4.187055191714632030e-01
3.473083647233933258e-01 3.324435785365991158e-01 4.526048605987784690e-01 3.009657419310445836e-01 4.504868322868000319e-01 3.276567449964852274e-01 3.165036646031276213e-01 2.811543259576494980e-01 3.143448159346665105e-01 2.509088097544241447e-01 3.142647894997334101e-01 3.113574711773122172e-01
3.289297513383304672e-01 3.146219045510193491e-01 2.647224065196115417e-01 3.206129085194949213e-01 3.420489006076665173e-01 3.357326834146541206e-01 4.339459480438238037e-01 3.225298472638433722e-01 2.492937344093162366e-01 4.632983983700627029e-01 2.737108188638852635e-01 3.505526980982793805e-01
3.974585358316390926e-01 3.346844751314071997e-01 1.254060572351143876e-01 2.519085538064700924e-01 3.783901565813130863e-01 3.472931888241294063e-01 5.094122550820837647e-01 3.581234632083148961e-01 2.334323215569852616e-01 4.661172572544881043e-01 3.163346495691938265e-01 2.814390859188558580e-01
2.405697574603719024e-01 4.424299939257252956e-01 2.125998183092679961e-01 3.129298803537011731e-01 3.074122830749863033e-01 3.552643362792852755e-01 3.371397414903065659e-01 2.295062468800664335e-01 3.454104809453071301e-01 4.297492412183095412e-01 3.490580503931380307e-01 4.379301696695569457e-01
2.936998012002140501e-01 2.576252494292411432e-01 4.101252522604855177e-01 3.648141195244453683e-01 2.959571755699793583e-01 2.877026815830566187e-01 2.749580290910782487e-01 4.029549381779911066e-01 4.182025929043992618e-01 3.072077874587330615e-01 2.694293881282141534e-01 4.173229846721827618e-01
3.829707853585238575e-01 4.005542132488491003e-01 3.342629693470996477e-01 3.630353789373848006e-01 3.135357712542735653e-01 3.043350896788668547e-01 2.581465281137305667e-01 3.245443395850038382e-01 3.412904301588899347e-01 2.878191231731033750e-01 3.572876109948444068e-01 3.322177601494256116e-01
3.033407734202002715e-01 4.231381305914442836e-01 2.355361909213154470e-01 2.587981902579204463e-01 4.300024221835390681e-01 2.918569133085311407e-01 3.627927186925183900e-01 3.759482263218777987e-01 3.490215806871273529e-01 4.401898510905601913e-01 2.896697923808340125e-01 2.397052101441237149e-01
2.825239032644901727e-01 3.459679820828600594e-01 3.595101088667432276e-01 2.843200576871912633e-01 2.708272222915502625e-01 3.699370698849795414e-01 2.718430439830734624e-01 3.772793359612032216e-01 3.087001694614137648e-01 3.572330694554138875e-01 4.287480817236928310e-01 3.431099553373760380e-01
2.710205740369857619e-01 3.478458368958225466e-01 2.982701119217809338e-01 3.274226663308632546e-01 3.360625374462956616e-01 4.281220603425976989e-01 2.718618486469610573e-01 4.319156010998161932e-01 3.046253070660749351e-01 2.292425279786400316e-01 3.243006899746946892e-01 4.293102382594494171e-01
2.815146647454993545e-01 3.887389976184087992e-01 2.301253269162478465e-01 2.914823495944211529e-01 3.442780617467846027e-01 3.377710434718781407e-01 3.518123393595446458e-01 3.341039644228008254e-01 3.391909659393044785e-01 4.100154696575518121e-01 4.679944371124279967e-01 2.229723794151392269e-01
2.717716997712633087e-01 3.214749799094180349e-01 2.954148273697031479e-01 4.812057944494378403e-01 3.930750659355991550e-01 2.760936574115023801e-01 3.922039819801067528e-01 3.637376536848525022e-01 2.204853653537157954e-01 3.126305468809961186e-01 3.568803506832503025e-01 3.150260765701449195e-01
3.590064654532756361e-01 3.589496858137403157e-01 3.489819427859870427e-01 3.912188240403255968e-01 3.591206047279770219e-01 2.555873640856729523e-01 3.532585039005706196e-01 2.825439377530221119e-01 2.028200635935371865e-01 2.704292404172650710e-01 4.660256462864046934e-01 3.520577211422406538e-01
3.058274478231071680e-01 2.754147010562717490e-01 4.206721801157398688e-01 1.791387441051633389e-01 4.042258508647341153e-01 2.812919268294509778e-01 3.419942567653508347e-01 3.364664839689613940e-01 3.677491586018900027e-01 3.879908953452078646e-01 3.887342641118226028e-01 3.104940904122919787e-01
3.825534116516650651e-01 3.259055845697356180e-01 3.788890397641799801e-01 2.600342208233236696e-01 3.724707060429668370e-01 1.982458323511010201e-01 3.123215071584383717e-01 4.566015340800932965e-01 3.322914903641940310e-01 3.295729892182403531e-01 3.105573202560491519e-01 3.405563637200405558e-01
2.715971021418486231e-01 3.449566006412942976e-01 2.900192999451258746e-01 3.621135915639105973e-01 3.738832585823402832e-01 3.566715625649364285e-01 3.758230949668690535e-01 3.629303106285124425e-01 3.256223673620073922e-01 3.998536510219842799e-01 2.963301274818067044e-01 2.401990330993576672e-01
2.246717470661625526e-01 3.379580348397289713e-01 4.352172542314419190e-01 2.787726728479795746e-01 2.918922322320884888e-01 2.735901655803150145e-01 3.661204326595522418e-01 3.422535058408337494e-01 2.814620002226518314e-01 4.026824044038069816e-01 3.932562793047366667e-01 3.721232707707226028e-01
3.592656659346166181e-01 3.362271657931231172e-01 2.723019282515698469e-01 3.641392984165374713e-01 3.742420323368487178e-01 3.175522523141789955e-01 3.424076268134209067e-01 3.611143309220738451e-01 2.859720387353191784e-01 4.018672429305890081e-01 3.108847960867630045e-01 2.740256214649723354e-01
3.317254994546457447e-01 3.073060923708264003e-01 3.094612763731400817e-01 1.974300612753085438e-01 3.019978151708044289e-01 4.320652618870893802e-01 3.564842632803676969e-01 3.879173783526201902e-01 2.788262744011626437e-01 3.693315171789563478e-01 4.303717051856448261e-01 2.970828550694166181e-01
3.876161078022709594e-01 3.571713782517227376e-01 3.233740318233356836e-01 2.639737158092126945e-01 3.251179980382884471e-01 3.532617522511555808e-01 2.504328739967134898e-01 3.260667425797143526e-01 3.075801076125147526e-01 3.780330310333896993e-01 4.064393842458560169e-01 3.209328765558300267e-01
2.539793303217981468e-01 2.466793398964418627e-01 3.830041507439995163e-01 4.361776318318391632e-01 3.095090131367458364e-01 3.527577056287014567e-01 4.181724742248765780e-01 3.541222177320401121e-01 3.531848519088769400e-01 2.893306651029978749e-01 3.284183263049363366e-01 2.746642931667448995e-01
3.632377767260676071e-01 2.713752670486618834e-01 3.993797296420693033e-01 3.823152429195854074e-01 2.754651348086495921e-01 2.373020673009323955e-01 3.670266730739324412e-01 4.116755169279346926e-01 2.375190451228188782e-01 3.750066546000899725e-01 3.570884204138849993e-01 3.226084714153720778e-01
2.414014198643444631e-01 3.753153489706409496e-01 3.111564304888707611e-01 3.452457657858115647e-01 4.192718095319641902e-01 3.132915783941138121e-01 3.295481473346328349e-01 3.618209052398251302e-01 3.826614972100422785e-01 2.271995887744294174e-01 3.576276212533892052e-01 3.354598871519142156e-01
3.113685175712849196e-01 3.261752061635797562e-01 3.865390760224683420e-01 2.821060610843300065e-01 2.782450147249134198e-01 3.442927306502635565e-01 2.716320729636312326e-01 4.632982796682224569e-01 2.540351291749785023e-01 3.401695569284701737e-01 3.732837217852570388e-01 3.688546332625985413e-01
3.921392140589779474e-01 3.444923820840327666e-01 2.848055481243324527e-01 3.734962499456746521e-01 3.112788943555309662e-01 3.068948529426561711e-01 3.958855150741541484e-01 3.336554906438196633e-01 2.712292466980663619e-01 2.893394180002649696e-01 4.217954355079296391e-01 2.749877525645751941e-01
3.544054397497696796e-01 3.719607217342204564e-01 3.808892679597762898e-01 2.486036058093440970e-01 4.021909703541213243e-01 4.002079605694690012e-01 2.035989877079799615e-01 3.924165985540756241e-01 3.390052038349753438e-01 2.770246800735000625e-01 3.510451360810728505e-01 2.786514275716777678e-01
3.451095390598744594e-01 2.895418465702649935e-01 3.267968947454086281e-01 3.096705056351548024e-01 3.518687473792643794e-01 3.676878211216266790e-01 3.213280223579362271e-01 3.402036480167408006e-01 3.152654757219857107e-01 2.934298783321815374e-01 3.643812041445215200e-01 3.747164169150558610e-01
3.610697672795533109e-01 3.191170135762754212e-01 3.631172658067936543e-01 3.378881974532471633e-01 2.974745679425450096e-01 2.832990659366672048e-01 3.244524295657423840e-01 2.623968364960319599e-01 2.843190700245889491e-01 4.513466411727787841e-01 3.779100151464954149e-01 3.376091295992675323e-01
2.287534630857757656e-01 3.605023994220093453e-01 4.177135783811363745e-01 3.371684018152242279e-01 3.234058406877493019e-01 3.595975251432954600e-01 2.897618272638911030e-01 3.579789951167562378e-01 3.214078042240656741e-01 3.905938461164179532e-01 3.662244580768035940e-01 2.468918606668728810e-01
2.823639953221306342e-01 3.822989814425753474e-01 4.273717234137493493e-01 2.470286479719604467e-01 3.617573467414114674e-01 3.049178454101643676e-01 3.667976844070715003e-01 2.614928167773176160e-01 2.956909943707302091e-01 3.738978905509471873e-01 3.294691627621779140e-01 3.669129108297518593e-01
3.450627743319124030e-01 3.384678840367166264e-01 3.245874005147532104e-01 3.376146817237953290e-01 1.941286521719545466e-01 3.787048709001763491e-01 3.657298019122568467e-01 4.369022766255531431e-01 3.485035423538030419e-01 2.812052149181801797e-01 3.672691200153370694e-01 2.818237804955616710e-01
2.696375231112037030e-01 3.130498918229451810e-01 3.274788763441316974e-01 3.173603816382259968e-01 2.553033201855606782e-01 3.320999851959901550e-01 2.914877501223809286e-01 3.197858579179756466e-01 3.396584068080000796e-01 4.117517469114606032e-01 4.185177291807198330e-01 4.038685307613763542e-01
2.079610509072079005e-01 3.601238575385561358e-01 3.526745798835202450e-01 2.824033576565693204e-01 3.639726537794545358e-01 4.291485641777814664e-01 2.933662462150626316e-01 2.188071720303610967e-01 3.509228732547405305e-01 3.955955003890809230e-01 2.987228422916358705e-01 4.463013018759905970e-01
3.014501888590406797e-01 4.009390744644568128e-01 3.558248021512947501e-01 2.297729889452415075e-01 3.478850951190082252e-01 3.510746203854648861e-01 3.009947518809853451e-01 2.450506513975030665e-01 3.979194671840450281e-01 2.991205973310844257e-01 3.501601382262935491e-01 4.198076240556067318e-01
3.608518543235513798e-01 4.019737012910480356e-01 3.906703423883750581e-01 3.637558924512768188e-01 2.435515485221724785e-01 3.752128131500694908e-01 2.920034757190977937e-01 2.691114963710558583e-01 3.113751853807434355e-01 3.448098832482322518e-01 3.669101529797421102e-01 2.797736541746329020e-01
2.673983176094588687e-01 3.355948148236407302e-01 4.193062688725366360e-01 3.057335549826860066e-01 2.931057041088190318e-01 3.460249445458506434e-01 3.569637087812868037e-01 3.043504076949115067e-01 3.491454859522309384e-01 3.755378983366932100e-01 3.232406351699155800e-01 3.235982591219752624e-01
3.564149951126429627e-01 2.726804288876465421e-01 3.810962685858902965e-01 4.114503591250476822e-01 3.432180569384015723e-01 1.820257687634637134e-01 4.150163827242757675e-01 2.782996754109117177e-01 2.926217668811113559e-01 4.475268128569078185e-01 2.787693457994626089e-01 3.408801389142454008e-01
2.988104210529392013e-01 4.055027031809304017e-01 2.897347760047251919e-01 3.529495311724060724e-01 3.136856829504657274e-01 2.294955047057242736e-01 3.499832325125002419e-01 3.513228551348475670e-01 2.268587513711068371e-01 4.612354423266724623e-01 2.944826494835439123e-01 4.259384501041422189e-01
1.922638337040619982e-01 3.971884184398229434e-01 4.431752235722826727e-01 2.438700102918545387e-01 3.906256752232815654e-01 3.137001456882210215e-01 3.347842902045548019e-01 3.858579582635741079e-01 3.071239819959550865e-01 3.011995218913267602e-01 4.092730382059370231e-01 2.809379025191214851e-01
3.378719356869196444e-01 3.347253869519802860e-01 3.779359986200371280e-01 3.012876819256753436e-01 3.132768834344796804e-01 3.041696808495867321e-01 3.018018315818576380e-01 3.210057365791535444e-01 3.930407660273249615e-01 2.345409254223893569e-01 3.627078335892079952e-01 4.176353393313830820e-01
4.386540318210570555e-01 3.628876960894118486e-01 2.766286789548507707e-01 3.260484249359344444e-01 4.259524944830229698e-01 3.668595742389071934e-01 2.670668003960277037e-01 2.762737915026260427e-01 3.706617633421763758e-01 3.687278384951444554e-01 2.413548660419695957e-01 2.788840396988546688e-01
3.488649887206399236e-01 4.917335785209459020e-01 3.598714359304955868e-01 2.498181721572298453e-01 3.612689647695478956e-01 2.779289955431227810e-01 3.113767302277213878e-01 3.202061183859347682e-01 3.340141940723709291e-01 3.054380818936739961e-01 3.021900775829624575e-01 3.372886621953447017e-01
3.909663982417658223e-01 4.071177810184641865e-01 2.191852785805482318e-01 3.931460424442230761e-01 3.915473534312561288e-01 2.009253420696255621e-01 2.606977625062225634e-01 4.389210441318818212e-01 3.763048426855060136e-01 3.892889438189639506e-01 3.410615563699599950e-01 1.908376547015700198e-01
3.231564764380081556e-01 3.284773450683588503e-01 3.371651926213246053e-01 3.463212586624547784e-01 2.851494067480294659e-01 4.113452575204273876e-01 2.921433990525523772e-01 2.918494790524558957e-01 3.547157731737955455e-01 4.566307038193246348e-01 3.101508828673881224e-01 2.628948249758915612e-01
3.300580785378450233e-01 2.897190691768450899e-01 1.621238886113343380e-01 3.163459334939757728e-01 4.004480925016760118e-01 2.740349774629749491e-01 4.169563025107995147e-01 3.674280856863320621e-01 4.053290845636555728e-01 3.651593797385528362e-01 3.690770526851030464e-01 3.033200550309019805e-01
