8.427865384290086914e-02 2.640737121134144605e-01 6.684020747687442754e-02 6.714272729227167835e-02 6.279059007723025720e-02 3.280344483190759247e-02 1.266017178623554673e-01 1.357251146569773415e-01 9.452488076516224469e-02 1.638145621867041213e-01 2.950110832131502478e-02 3.925957709496932097e-02
2.021284846342214225e-01 5.454791390720947070e-02 4.967403767337449233e-02 2.327918943324614465e-01 2.822390592009777974e-02 9.052108207241008064e-02 1.515530272441537318e-01 7.370372952231975250e-02 1.438995283321433671e-01 4.113887380796818483e-02 3.482375293458797594e-02 7.761860164530098860e-02
1.483755245645742016e-01 7.769919735780395076e-02 1.808774427947562047e-01 7.576812494891425886e-02 1.428066798322817355e-01 7.545190929913868361e-02 4.448178131442505345e-02 9.654979397283663944e-02 9.248196016755039217e-02 7.142523048008334041e-02 4.294640111773134067e-02 5.593803233249222684e-02
5.791680391644013493e-02 7.795963329587990431e-02 1.473244522573303739e-01 2.128928675991164921e-01 1.449301399254302181e-01 9.031160088482153778e-03 7.230218590676068535e-02 1.625573754989383113e-01 5.653671966617082600e-02 8.648542928143919395e-02 7.427827986425010465e-02 5.478356016732810474e-02
1.242737624762936116e-01 1.203509713317145041e-01 3.983268562488406772e-02 1.363970431272661932e-01 7.083284933306330244e-02 1.095534649810085831e-01 5.728953995410260985e-02 5.071619117499342327e-02 1.166572974687180159e-01 3.890896909179326207e-02 1.159562223471543863e-01 1.169236117525993407e-01
9.481717111197383863e-02 8.703176340157549318e-02 9.674572267964685890e-02 3.067658708390478273e-01 9.609084019571559332e-02 6.179753842596200780e-02 7.720313168113711322e-02 7.039648255711264402e-02 1.037258812237184212e-02 4.646934711318607275e-02 1.606150188955923763e-01 7.491414097696269536e-02
7.727825036038275808e-02 7.939979304422160877e-02 6.694090349647137395e-02 7.363557473146321863e-02 1.632468376754026562e-01 3.955037265942616675e-02 3.829406830465986039e-02 1.051701857270855162e-01 1.367667004687211918e-01 5.530446921850937919e-02 9.672588682083847755e-02 1.816070843131178669e-01
8.326443522884922899e-02 1.225520594782311401e-01 1.887931445971438929e-02 5.143602547172545503e-01 2.796739262979588969e-02 9.406345587106763884e-02 1.774151470611409209e-01 3.581933875354674501e-02 1.332648583279750880e-02 2.508112791728678848e-01 5.152482405112313035e-02 3.231685436239451620e-02
6.073020350468031486e-02 1.637474525472741027e-01 1.157346471890695894e-01 2.556603788498808955e-02 1.369008451727260489e-01 1.016665387050341846e-01 7.718001366436713639e-02 7.909085986564773352e-02 4.088365067065347080e-02 2.965857407159373446e-02 1.131971255533969628e-01 1.984229488825205168e-01
5.888866432232766485e-02 1.762867503893630339e-01 1.327199741584515480e-01 1.006260369067644017e-01 1.514262250450929548e-01 1.175298022066550291e-01 5.927934460913497627e-02 5.098352122424840843e-02 6.467498723547554507e-02 1.397568620881096124e-01 3.656839683061632179e-02 3.618749243218628842e-02
2.422226220999303403e-01 8.574193467730539808e-02 3.990753005691042438e-02 1.047157496706426771e-01 5.488626683409551787e-02 6.265811812757184074e-02 1.553009352091689298e-02 9.395921304700616261e-02 1.474276334925009313e-01 7.515536060866713497e-02 1.393085703808660258e-01 8.803838507859705620e-02
8.794147876528204955e-02 1.554503543581285119e-01 2.821199643493923354e-02 3.989405564839682006e-02 6.999810665407671384e-02 1.819326460338895612e-01 2.719758748845836280e-02 2.522913326536805334e-01 7.076569632740617455e-02 6.306405095117934012e-02 2.376288314615852271e-01 2.253378364150729340e-02
1.248298766380121910e-01 1.308373753798855454e-01 8.370307852642834556e-02 5.261476009039219720e-02 7.010032778325703262e-02 1.540639392636657112e-01 8.311114902156359341e-02 1.088807762577084087e-01 5.379952946931968599e-02 4.351105352892942896e-02 9.949311135782161475e-02 8.155012364193012231e-02
4.326004910742741599e-02 1.067730598465088110e-01 8.441647021441262000e-02 3.815603490544902665e-02 8.741470448161885176e-02 8.413277348702995206e-02 1.158566790468984753e-01 1.227791593774928691e-01 8.473188623373260897e-02 4.306191139437586662e-02 1.986105585283872710e-01 9.650627086749886951e-02
6.470339671242736346e-02 4.673921798518974879e-02 8.052043539757944290e-02 1.286564033059631740e-01 5.533643132238942608e-02 7.279228818703234460e-02 6.902068134940197996e-02 1.286860012755728366e-01 7.638370841709613002e-02 9.575782292889481462e-02 1.001483156521059542e-01 1.670969280344012653e-01
1.464523001238138555e-01 1.644121976617425873e-01 4.048508981125175515e-02 1.042156775121281242e-01 2.214066669989799702e-02 2.277054470923606522e-01 7.918887436464795704e-02 2.303672857835250415e-02 1.410401603036183227e-01 1.435790650438789340e-01 4.461761779120296256e-02 4.723568725412582298e-02
7.638367338136800577e-02 1.566142166139999348e-01 9.381202250754058780e-02 2.212015625606152461e-02 4.412935747357209920e-02 9.497757629279884872e-02 1.465651948752285105e-01 1.229036048115004498e-01 3.074041673405606204e-02 3.740029151532052454e-02 2.148605744442352861e-01 1.230243913906650804e-01
7.098140419195331230e-02 2.477971635741890721e-02 2.210573651191110323e-01 8.208211920732347289e-02 2.301931305735194569e-02 3.731780743739258194e-02 2.132989418497513445e-01 1.099808612362584842e-01 7.464316767189059509e-02 1.450070119577418493e-01 6.124723256808910221e-02 1.190181389044976112e-01
3.418027093866097404e-02 2.336191628087106453e-01 9.136128744033852889e-02 3.219233481747461184e-02 2.110535309711137619e-01 5.739681879520737440e-02 1.176803801258464316e-01 1.331179738911913435e-01 2.980793902433730852e-02 2.484149076191494165e-02 5.139306991271194031e-02 2.086776517186232915e-01
7.732563058419784918e-02 8.763167414956207768e-02 3.779452367234222010e-02 3.263444376560084570e-02 2.827923550433335542e-01 8.599167153998245328e-02 7.904609899800006667e-02 7.208816484813057590e-02 1.114381294341425660e-01 1.240906103613364508e-01 8.921410745596475289e-02 6.322983803297360650e-02
3.087298054338882131e-02 9.799282087059460467e-02 8.362071738986949498e-02 1.214247563503208782e-01 2.444661125712530719e-02 1.602998636255089648e-01 8.096368796818333158e-02 2.753250571855084608e-02 1.578971057343439011e-01 1.551750271876019549e-01 5.742449395414506857e-02 1.523970374133604699e-01
1.913130905661920497e-02 9.614578255483742508e-02 1.313779982754138820e-01 1.068784857587615905e-01 5.888839674122298140e-02 2.410855543359764486e-01 5.138014851817995082e-02 5.095697370732180792e-02 2.033713666235734685e-01 8.918329876560927849e-02 1.063948740517631497e-01 2.771639554856237045e-02
7.236653987613911321e-02 8.892153923881387922e-02 1.551434139632025533e-01 3.657684550086327813e-02 4.558654987907660716e-02 2.465646960895343520e-01 4.783705721781801590e-02 4.791534838119532180e-02 1.140564967302255678e-01 5.049130824369585380e-02 4.746494754631688795e-02 2.401047689421549336e-01
9.788159492041412224e-02 4.219460391865986759e-02 5.535794290739062817e-02 1.080972843503736902e-01 1.082181685876765359e-01 1.053765509117420701e-01 1.865923792246240442e-01 4.874105003982479034e-02 7.010089858678432428e-02 1.500288323229279908e-01 3.660282301302749536e-02 1.032810169856649141e-01
1.515594529829219772e-01 1.241211125287350614e-01 1.062171939873383514e-01 5.540243821503489097e-02 1.040539817404304429e-01 5.653329105522175713e-02 6.055609799130067666e-02 2.708662131202882808e-02 5.596308119608919135e-02 8.676270251712919768e-02 2.601379308464411011e-01 5.824153106360541871e-02
6.518852235666025563e-02 1.184873838127438322e-01 9.992437690915544068e-02 9.299732804416319110e-02 1.141541565616769199e-01 7.239581557220288455e-02 1.682352986388404303e-01 1.045041136729007586e-01 1.459086247041301299e-01 6.526998337842078446e-02 3.184030217819382863e-02 3.109482364636497256e-02
1.005396880702845164e-01 7.942644321404562779e-02 4.086076536740335108e-02 7.798735918550986357e-02 1.529588689709580895e-01 5.398668113013484898e-02 7.916087409996103164e-02 1.502963025405686381e-01 5.029678628427637632e-02 7.818061589595264038e-02 1.664525444571323676e-01 7.195640706597676572e-02
4.173797446288077945e-02 3.209018809759358465e-02 6.561480504432241900e-02 1.002530658203313330e-01 7.221194614132696310e-02 9.803100936487103845e-02 9.107313254020514559e-02 1.350720947345266376e-01 5.484752938392681298e-02 1.431310993044334068e-01 3.638449160330280846e-02 3.074420149795362711e-01
1.307754232242692161e-01 9.663099135723761390e-02 4.527777881462386605e-02 5.831803451576134112e-02 1.375102500724705301e-01 5.264247480536909940e-02 6.050769493938999016e-02 1.238767860448052316e-01 5.308774111811401242e-02 1.963805242395970929e-01 1.137837374579799277e-01 4.779536402796267375e-02
6.404250297090217925e-02 5.394302239449396547e-02 1.176488941199093086e-01 6.700429963762828678e-02 1.110893259050039772e-01 1.454894414078989895e-01 1.159323588545262129e-01 3.578481149592364907e-02 9.032285099747819346e-02 4.928263532421413295e-02 1.516297882618688753e-01 9.341453994807262518e-02
4.986184897123577958e-02 5.767871753279225217e-02 6.154168421558835200e-02 3.062015088629078119e-01 1.170448106869621807e-02 4.809855077790764488e-02 2.089960229015585536e-01 7.706549932439576978e-02 1.337112790619194302e-01 6.569267158548126873e-02 1.324720496820904758e-01 6.725240192130167716e-02
7.757757967977928215e-02 1.281617538376382259e-01 5.785034250310869958e-02 8.667519391064792966e-02 1.314449789686184811e-01 8.689655949404290203e-02 9.174962064619895941e-02 9.681144019543895529e-02 8.663338681093546434e-02 1.104512888543020127e-01 4.538801660298389523e-02 7.053898553698179086e-02
5.613945419033562756e-02 5.163129300151231282e-02 1.224635550098614883e-01 6.359756100278222968e-02 1.085038331738035905e-01 1.454885180001263545e-01 4.695926345783652672e-02 6.732136146063308346e-02 1.083580671696615233e-01 1.475454528623164341e-01 8.464949988543117587e-02 8.607546648348012031e-02
1.199659449213347079e-01 6.856436526675882548e-02 6.265872056119410616e-02 2.522427508947943098e-01 2.095255548136356130e-02 3.756098817804669199e-02 2.916600833395141534e-01 2.680973356584049477e-02 3.107417496496891335e-02 1.364830849847679106e-01 1.327992965852216045e-01 7.286729209849968081e-02
1.521447057825045246e-01 8.156552393103386200e-02 2.991646920643687563e-02 2.111074848121168024e-01 8.875775839843054460e-02 1.786443768888694439e-02 1.726541403670792466e-02 8.539305029964827654e-02 1.448129679468013187e-01 5.941286578321621631e-02 1.681271041567679314e-01 1.343521814610408316e-01
4.599416436001395325e-02 6.172039105740260989e-02 5.710209272901826949e-02 1.604568811520938887e-01 9.052581629634001703e-02 1.008605531416304768e-01 1.518041088383174919e-01 5.390825679604339948e-02 7.587053925726650050e-02 1.538578605595510851e-01 4.487226989921570125e-02 1.080627967420234314e-01
1.399164018923609032e-01 1.216967899897576921e-01 8.878428003100560795e-02 7.904724279113430063e-02 1.233670181550482886e-01 5.699079014954017142e-02 4.597468680713386047e-02 1.874446221865455897e-01 1.324298938852159768e-01 5.279863776501417076e-03 1.652796325443800507e-02 2.171395882513127984e-01
2.607161378112461333e-02 1.684139666142570324e-01 1.345597384561150744e-01 1.253111037852122078e-01 1.108034825068745927e-01 3.661598398857180553e-02 3.173991662758902238e-02 4.826252302355580476e-02 9.104005246445903698e-02 7.747036116657353422e-02 1.170649793403224503e-01 1.736157384545913562e-01
1.006699542931279757e-02 1.010154820916029372e-01 2.083104626526990077e-01 3.246666195101344243e-02 1.678328491596975669e-01 7.094936284641774338e-02 4.986225593911401688e-02 2.245715483962405778e-01 6.845846047985552907e-02 4.725106151899447632e-02 2.111033083799292998e-01 4.207000865180077209e-02
9.095460920511629077e-02 8.964038076559134594e-02 4.188118988748217031e-02 5.901018789441709461e-02 1.412142434601544316e-01 1.380788557965784979e-01 4.911504483050244813e-02 1.027166502472586368e-01 9.412597833703340022e-02 1.169882969460153549e-01 6.317491984667368554e-02 9.719711064231061071e-02
1.516165949210055430e-01 9.062176478766205412e-02 5.893748240550398393e-02 2.350794840887131601e-02 2.276470841150697866e-01 5.293581681255388194e-02 1.508505851715787327e-01 1.069712338273788310e-01 6.097208729344661543e-02 9.883393450434696526e-02 4.853378876456870133e-02 7.171268054407925474e-02
7.020669229696589742e-02 6.962238690623287485e-02 3.230837118746154868e-01 1.065175365717455774e-01 5.760577071583911773e-02 3.890564033467214938e-02 4.724741147453809936e-02 6.893027223070403997e-02 9.065545058869743655e-02 1.896827219751986981e-02 2.994923825685649188e-01 5.938821997005171160e-02
1.695180585104017479e-01 5.176180395435982240e-02 3.542094301126819805e-02 1.038158666882096071e-01 1.465759403905423086e-01 1.258894701522539905e-01 8.865950806842227971e-02 2.018557277509108183e-01 2.932036332379129792e-02 7.594999501176849521e-02 2.948329474763166855e-02 9.019009077396417107e-02
5.122815474725767038e-02 7.556581259621523994e-02 8.851698392262738468e-02 1.161469546311790085e-01 3.018989407782582055e-02 1.021141797106522864e-01 7.601620027252867229e-02 6.123373639902106313e-02 9.711171784682912089e-02 1.155857228535621117e-01 2.164165273232891151e-01 7.796323325759628442e-02
1.696688356445275880e-01 1.042668272826105524e-01 6.104770198810176990e-02 5.165636418982227918e-02 9.078175009486377789e-02 1.060136656836508512e-01 6.781639015082788213e-02 6.111096820506397437e-02 4.294557976708897329e-02 1.763026107141176524e-01 5.870319003191762364e-02 1.154781588402313958e-01
5.283662688604526259e-02 1.421867716165583218e-01 1.876770014729944591e-01 6.764010226888092503e-02 5.210736485019033803e-02 6.041335808124095874e-02 1.647161365021080903e-01 7.323797373154007639e-02 3.889784358606212383e-02 8.023104247403467504e-02 1.096841868948880278e-01 8.516782497781635874e-02
4.260580127571744757e-02 2.092913353317493730e-02 2.761236424337696824e-02 1.007307513718626590e-01 2.097804976872099658e-01 4.310963056593046516e-02 1.825930547280157357e-01 9.061489237026751353e-02 1.815698658974289337e-01 3.673623709700048201e-02 1.377525336678784573e-01 1.199217402763178980e-01
4.862770454400541786e-02 6.562210822759338702e-02 1.881878981317882116e-01 1.948684110686826343e-01 5.955566665409010862e-02 3.586366548956126943e-02 5.196541117021061251e-02 7.733839902740652361e-02 1.684026920049124243e-01 3.012462002849969345e-02 2.172852872441205507e-01 4.967096891817930626e-02
1.017965875111328522e-01 1.276595120659584914e-01 9.242466479565517035e-02 1.272142093799749629e-01 9.351158947288078227e-02 4.377757960072424515e-02 4.682988314331362756e-02 7.096819850431088095e-02 1.119626279382071460e-01 5.765559962041821168e-02 2.513898104410552600e-02 2.401019591305952883e-01
5.915710027432669743e-02 5.300378108203837590e-02 2.978944320043358171e-02 3.221327103655927115e-01 5.071291599699175728e-02 6.379847217319062347e-02 2.021961776455582227e-01 5.952505194132867022e-02 9.751114239851510490e-02 7.621364006232743404e-02 4.963727110437162610e-02 1.372895611099817226e-01
1.218258162902353531e-01 7.255483714935782869e-02 1.338511595250195182e-02 4.713560798322026513e-02 1.977946244855349200e-01 3.503362035745194447e-02 9.058080388201797395e-02 1.297560876235699656e-01 9.497973853183575010e-02 7.772045507278074750e-02 6.955305590962750084e-02 2.188159767966102454e-01
7.394573906848535272e-02 5.364008504551839168e-02 1.414857396944851353e-01 4.642170727895283261e-02 8.723357258326011610e-02 1.874166555918157506e-01 3.671032435326723048e-02 1.369231329878054515e-01 1.216424532817800691e-01 5.908116848380809416e-02 7.894844409456051870e-02 8.720373162785292898e-02
2.069352978057946435e-02 7.954081524488368360e-02 1.631556373155716999e-01 8.498383760718408730e-02 1.071069622528705995e-01 1.226553733521346945e-01 1.203693958596403907e-01 8.893372879652555740e-02 2.584052264774261073e-02 1.768223290536428127e-01 1.354341296178586396e-01 2.741909381555858796e-02
2.613835995879013399e-02 3.735791614426509089e-02 5.357672049691708516e-02 4.777891004494375787e-02 5.384573121959580766e-02 1.261501402171827380e-01 1.012096490775053342e-01 1.687242473702237899e-01 1.534563474484018919e-01 9.519307994367028070e-02 1.301944918354921432e-01 1.384473728081145327e-01
1.972178982463935748e-01 3.533765602955142582e-02 9.991901444687760481e-02 3.769641584674493506e-02 1.147341777151103664e-01 2.216243799444473500e-02 3.943595445702759855e-02 3.446146493468523753e-01 8.982545947372790052e-02 1.724946471437532047e-01 3.693125254010076741e-02 6.234863275442933950e-02
5.679189928986492358e-02 6.826523944200675598e-02 1.343511516261535754e-01 5.136210855301225758e-02 1.469435000861387397e-01 1.172845936906632414e-01 2.064189717555591289e-02 7.654529867774526042e-02 2.180795339355541818e-01 3.115016057347100298e-02 5.105866004638764249e-02 2.076333233989892391e-01
9.414521439451953300e-02 7.323660451025645890e-02 2.712953253844957446e-01 5.562125453921595852e-02 2.647656701048086147e-01 7.038314803287394616e-02 6.355731360793705209e-02 5.607556457507500286e-02 6.459670263022089520e-02 3.373702125410915631e-02 6.065758914978993527e-02 7.657199123112017058e-02
9.105601679671214421e-02 5.904044878437312432e-02 3.651769759858681380e-02 7.858431613866817544e-02 9.631298005137696461e-02 7.499003211698521132e-02 2.263720950053822178e-01 5.957740458225558450e-02 3.158193937864717249e-02 3.200296887199012841e-01 4.100895755364909745e-02 9.248821270702363428e-02
1.724840453467910428e-01 5.359284157880140481e-02 4.038986663114470937e-03 2.932228234748320353e-02 1.642580835363466052e-01 8.212121468082886344e-02 3.912301284016480585e-01 6.171793210021254972e-02 2.728050159378263631e-02 3.131459969340088523e-01 4.641062376722871613e-02 4.495528988469454229e-02
3.531234254686054647e-02 2.687627265306339330e-01 2.664408785077709493e-02 4.128697918674045092e-02 6.115871299987864218e-02 1.073668333614678227e-01 6.821183480010090117e-02 2.286868566685205245e-02 8.182381486275666638e-02 1.997631794734942012e-01 8.367908038775524748e-02 2.404339480383884120e-01
4.975963713159904656e-02 3.544237083609876743e-02 1.790546524255265670e-01 1.061095690446826473e-01 5.861686912472656441e-02 5.399769382335935231e-02 5.040970525141832276e-02 1.473122191241808543e-01 1.808775440420499758e-01 5.551891778347092105e-02 4.285353205594491510e-02 2.057098596518645017e-01
1.294525448983152305e-01 1.582784278989944060e-01 8.333641496724579489e-02 1.164338609802298141e-01 7.463226390025477774e-02 5.662951157789780643e-02 3.883561304497001876e-02 8.025289585024486527e-02 9.387996360771602711e-02 5.598083959564138790e-02 1.109314760062929117e-01 8.667305554256715672e-02
5.338990823639255118e-02 2.176417454764065507e-01 2.435638079176369319e-02 3.198017644494895173e-02 2.447876552194122035e-01 5.354131675614114128e-02 1.089282010779598353e-01 1.363792176296624581e-01 8.363963879660313294e-02 2.427718160065787389e-01 4.414743610246819189e-02 1.757066493185168582e-02
4.859701487765952926e-02 9.676715391554625845e-02 1.097732590240833722e-01 4.671823620179341163e-02 4.671542887885483247e-02 1.263193187326580313e-01 5.031169332029070823e-02 1.319441639656864229e-01 7.256958622962023098e-02 9.595226538556379803e-02 2.026336384404943680e-01 8.203235336341163642e-02
4.412825435963286386e-02 9.120506504034556206e-02 6.875603590593104553e-02 7.154894804279313125e-02 7.900341200460851698e-02 2.158393697781543219e-01 4.592677604454763890e-02 2.310150193876825131e-01 5.332125227617805913e-02 1.891343150706673720e-02 6.230512626618508326e-02 2.175212089794011094e-01
4.271145942449452310e-02 1.597726254136523083e-01 3.115697970465418701e-02 4.248976557522320119e-02 9.766043619844522183e-02 9.272091440548863028e-02 9.145360194367009588e-02 9.044056387402507613e-02 9.266941940682056622e-02 1.333345035686328561e-01 2.885754639865594218e-01 2.354916205827902245e-02
4.560681853085970378e-02 7.571278509366856369e-02 5.605521838891992098e-02 3.076657480001003808e-01 1.186140514696304993e-01 5.116909190228720317e-02 1.492621301235940445e-01 1.005800985591228380e-01 2.469799257865485514e-02 6.135636809970597405e-02 1.147037030947751501e-01 6.982226800648186349e-02
1.133220998786339667e-01 1.127535857931877550e-01 9.122117751784125650e-02 1.519372798799940860e-01 9.717868692037461009e-02 4.104656338306395674e-02 1.165461885607696896e-01 4.852974836510333401e-02 1.247168740282129581e-02 3.286976041136492610e-02 3.021679474271786736e-01 8.254520431690942628e-02
4.964762000474562398e-02 4.872728142712456217e-02 1.974193958818654115e-01 2.076832660606670045e-02 1.591921430936890369e-01 5.485987372622382063e-02 8.075110896226013468e-02 8.537155780506838765e-02 1.115656480847953130e-01 1.279244992343255560e-01 1.370645647855266158e-01 6.350429744769224560e-02
1.343582013871407743e-01 7.920938708355038105e-02 1.232701110276917533e-01 4.869730485462105823e-02 1.169704402693615419e-01 1.974570489874843612e-02 4.927234682539161775e-02 2.689850640438717910e-01 7.290424483042419468e-02 8.075898147841120700e-02 7.097894961847041329e-02 8.774645876360184782e-02
4.438484686888337361e-02 1.030917659815138304e-01 5.832562772207446761e-02 1.085327099326638955e-01 1.288904312250847561e-01 1.013149201363978125e-01 1.298581371937980455e-01 1.121619609888500346e-01 7.604328953883152109e-02 1.714734814411130459e-01 5.406036402300484073e-02 2.451925727930706622e-02
2.892200604840440559e-02 6.956294867822294947e-02 2.282408778784857650e-01 4.741792629764942507e-02 4.277099118908812836e-02 4.982450827674453353e-02 1.219475953495209319e-01 8.709059957268401597e-02 5.557901286305162031e-02 1.636090080171475336e-01 1.352080403838228917e-01 1.195521844264431227e-01
1.141386179237899590e-01 8.587447253427053784e-02 4.406825665320367180e-02 1.113042191477121023e-01 1.252803548293120461e-01 7.060791109182476544e-02 9.805248991708735706e-02 1.102453839130001223e-01 5.448447173562024487e-02 1.748928580929344778e-01 6.327140226168061210e-02 4.373041145523538786e-02
8.004658776106660101e-02 7.668029198207998443e-02 5.368363673205797659e-02 1.436420171896263080e-02 5.196048791559258750e-02 2.265739978419468448e-01 9.376523493891524008e-02 1.559911056085853953e-01 5.379137743023214985e-02 1.012504092666081518e-01 2.129322850577238246e-01 5.489244965286894928e-02
1.415175295026284696e-01 1.073846737124933004e-01 7.130675015048590359e-02 4.145296642292855410e-02 7.965109424381631997e-02 1.036415243616539833e-01 3.874914229961594347e-02 7.553366460410392003e-02 7.164773803267088237e-02 1.232731048656575540e-01 1.664289619568567746e-01 7.487639894366668325e-02
3.040188551868928946e-02 3.303130776103321842e-02 1.201340060537445797e-01 2.121442577087950532e-01 6.599068431661178624e-02 1.003582343507591068e-01 1.837690690799116122e-01 9.968178054662864274e-02 1.060135924154730624e-01 5.865914628143867326e-02 8.206593806935484625e-02 4.894404989217556595e-02
1.211204623790642643e-01 4.822330220329423128e-02 1.488399606276472886e-01 1.321502437701543575e-01 3.711330861938513803e-02 2.482560007002176244e-02 1.062248594477323144e-01 1.712693080443332683e-01 3.398681060893157801e-02 1.283221224999041565e-01 1.070439504230822625e-01 7.847102066396756392e-02
3.449317400054534299e-02 1.311608130725692156e-01 7.297158674532977507e-02 8.627481027152544835e-02 1.925252668809758205e-01 6.429001086292185363e-02 7.569208187338705152e-02 1.115564448396458852e-01 1.209542692419013493e-01 3.095255006497571112e-02 1.076939381974858917e-01 8.301323949587269269e-02
6.359192326847655508e-02 7.843998571626728533e-02 1.395460764920330166e-01 4.778181077121401721e-02 5.026674926412175864e-02 8.983214713464554579e-02 4.415543893215543442e-02 3.099628030520298339e-01 3.599295581542067551e-02 7.628174682572365362e-02 1.232108743696952446e-01 1.101257482592927495e-01
1.540771607834324486e-01 9.212623475601142142e-02 5.145762476942138813e-02 1.329204784513737247e-01 6.821132233437168790e-02 5.908538478451563769e-02 1.564288778511282174e-01 7.832181469063549673e-02 3.436664924960820128e-02 5.109219689518854080e-02 2.113909288703549327e-01 4.853408710352827976e-02
9.454867402312173985e-02 1.157689897773344218e-01 1.230094663443957598e-01 3.700296001958226083e-02 1.487431833067843490e-01 1.373735614361379920e-01 2.480254478831131829e-02 1.474051175468189534e-01 8.594914249079302349e-02 4.882878405190717308e-02 9.843622741829284595e-02 5.441487580113976708e-02
9.345483018382165497e-02 5.849118555434225375e-02 8.008364488836286488e-02 7.001218787006620314e-02 1.025907461785264124e-01 1.194560847625394107e-01 7.749200121525227913e-02 9.453556490313423655e-02 7.223558692540896220e-02 5.822334748781273633e-02 1.132796401597777614e-01 1.252237454167660635e-01
1.166120220265824126e-01 7.168269111011629779e-02 1.184585146964677177e-01 9.154321130233657178e-02 5.445971008299521632e-02 5.515536539624691509e-02 8.215627737538115649e-02 3.781035174035302093e-02 4.478157673753454387e-02 2.551277662969075877e-01 1.090364190855114129e-01 9.302432671634498773e-02
2.284932558391645357e-02 9.934246907973183494e-02 1.834785847280625826e-01 8.220817576020414408e-02 8.425816962604498750e-02 1.109356751874892716e-01 5.808934965280366375e-02 1.150258971541289893e-01 7.697095917412061228e-02 1.437265646365884775e-01 1.178662359101206314e-01 2.919033425118068917e-02
5.421320507466444172e-02 1.170001924795626425e-01 1.986319439133349130e-01 3.799708274203153491e-02 1.008196010958995331e-01 6.957167985674192479e-02 1.134775992578345299e-01 3.901955103622285759e-02 5.611772461574501131e-02 1.282880482178960224e-01 8.058610807650189167e-02 1.182555398273544139e-01
8.815649619155796479e-02 9.120571964187192127e-02 8.322046234715786694e-02 7.255934567280093728e-02 2.205637411385406518e-02 1.246308776421073267e-01 1.035832856234507465e-01 2.162673413937595268e-01 8.917758148927021344e-02 5.128612601125994569e-02 1.202749766603996157e-01 5.516380134081133590e-02
4.597167425111330780e-02 6.531194187364758319e-02 8.871401969831593792e-02 7.002226967566371751e-02 3.839404607411969067e-02 8.318164814195561085e-02 6.158789746334810550e-02 7.146539163727115562e-02 9.064599369717173116e-02 1.700408558032172612e-01 1.635452050710490546e-01 1.612499879406563141e-01
2.493539508491206605e-02 9.206490537271425079e-02 1.107201274375827355e-01 4.697350430877561545e-02 8.884540520969069766e-02 2.067286659438240803e-01 3.909652017017003350e-02 1.751183789073560218e-02 9.773933559212336086e-02 1.570323435071588891e-01 5.534542345523101731e-02 2.853139228004297201e-01
5.877883971032479143e-02 1.639753581999317533e-01 9.529425214796902188e-02 2.567543649555151242e-02 8.941429963176976414e-02 1.090542538763154407e-01 4.908563094425719142e-02 3.287639560281699347e-02 1.748233674203960308e-01 6.101445949177185246e-02 8.764113721493344000e-02 2.015086930529661202e-01
1.100159768023217938e-01 1.520598357593036243e-01 1.387615733974997267e-01 1.081655465516836306e-01 3.715659901140042770e-02 1.305727460361620629e-01 5.926056709278802043e-02 3.883660226467360033e-02 6.420864286506920704e-02 9.973833636087589549e-02 1.141410217197461052e-01 5.133761478103220782e-02
4.440194061040420026e-02 7.842630720118272392e-02 1.962655898838014945e-01 6.025926852272533302e-02 5.382986854742580901e-02 9.991797020829765175e-02 1.077265976080614557e-01 6.473156396271990964e-02 1.009050209313222535e-01 1.282671775651853530e-01 8.060601679097839645e-02 7.967647332859049969e-02
1.128832705501141564e-01 4.344373310106415531e-02 1.088263151680607943e-01 1.670642493672178930e-01 5.922760704808629345e-02 1.799588386111220309e-02 2.102199683226193827e-01 4.751289461287936527e-02 4.535520574014711981e-02 2.742184444298745305e-01 4.434538180561049814e-02 8.386482085517904528e-02
5.966028697295378685e-02 1.499566875588776993e-01 5.737432648133400370e-02 9.368179046123785436e-02 5.309339177042057129e-02 2.687594286165632257e-02 9.550635433397969276e-02 8.565729847104472383e-02 2.909264216117293106e-02 3.022985114167452969e-01 5.068935057537861388e-02 2.063166147469567557e-01
1.326562203640108302e-02 1.216067573261183088e-01 2.129004836064734840e-01 3.683830460056311540e-02 1.616633248408182177e-01 6.911183955510184773e-02 8.148900995167715489e-02 1.527681651578380040e-01 5.704039683966447699e-02 5.761557504934881890e-02 1.920322885165295645e-01 3.674463057693544421e-02
8.181518769241763467e-02 8.767148971576269045e-02 1.338457386263221527e-01 6.090529466625172611e-02 7.043304379251530412e-02 6.788055768916867461e-02 5.947751425483935317e-02 7.412005904445369275e-02 1.568915182912499207e-01 3.349112285200122469e-02 9.389555183000551641e-02 1.849365874230734230e-01
2.309519660773957372e-01 9.803075018978005262e-02 5.015698690235164542e-02 7.768377404392760865e-02 1.958603236290936966e-01 1.132020524902911385e-01 4.325999057286936123e-02 4.363357654900022059e-02 1.235980248128331072e-01 1.193100217420710873e-01 2.832269517528430286e-02 4.215055658097172087e-02
8.115689997820708934e-02 3.402848605792613279e-01 8.001125542644263455e-02 4.037270261787129222e-02 1.170408017325861583e-01 5.128311872924996156e-02 6.178514202087943136e-02 7.917024450186337103e-02 8.887978392723280829e-02 6.053034718310004725e-02 6.532390313515065716e-02 9.631787358697774248e-02
1.218378237116388013e-01 1.578103537768087983e-01 2.563175447543088181e-02 1.330965464760827388e-01 1.345498438776550898e-01 1.503653392445253659e-02 3.014260096391842628e-02 2.442048970469013758e-01 1.123314586595439701e-01 1.524225766093421364e-01 8.009246706729425402e-02 1.662202801637350028e-02
7.806230586687658290e-02 8.426808879340173808e-02 9.182666470495054467e-02 9.625486120236199927e-02 5.520442054634514678e-02 1.855196264293277331e-01 5.624683777467782975e-02 5.070164893902784353e-02 8.844786912933488843e-02 2.595368595465978867e-01 5.772267520151973946e-02 4.057187381008048321e-02
8.731631519701393840e-02 3.916078664049085084e-02 9.357977162008873293e-03 5.925963671478214068e-02 1.745582486105590747e-01 4.968214559607129349e-02 1.877134433740170194e-01 1.051273501727893883e-01 1.612246360645389065e-01 1.131823630971696137e-01 1.104971215758243502e-01 6.702768434599404301e-02
