3.300337558215327705e-01 5.443788903467641216e-01 2.955836104358949834e-01 2.961889556957958969e-01 2.925248540598630598e-01 2.102334187890971817e-01 3.968546751154709562e-01 4.074465081739669925e-01 3.449998461427448704e-01 4.441876340393885458e-01 1.995741215007564573e-01 2.379937298787283273e-01
4.843425785458785882e-01 2.705751016292725630e-01 2.579130579633608367e-01 5.174912804978448744e-01 1.937608628905937713e-01 3.443434935408083430e-01 4.274326117019064952e-01 3.068042277747561886e-01 4.202146138652427254e-01 2.345732533448454948e-01 2.241045946097712516e-01 3.184443236357130114e-01
4.250542376838139513e-01 3.140264818520801526e-01 4.628528864523563935e-01 3.104204819344042465e-01 4.171284751500252130e-01 3.126987019552798230e-01 2.440899449328808313e-01 3.515962634002857690e-01 3.412343999443938070e-01 3.066548357697652105e-01 2.430688512942811297e-01 2.711744396304420768e-01
2.795428509094724512e-01 3.155731982011463765e-01 4.243500413175874120e-01 4.968940573487320433e-01 4.296571928459851364e-01 1.099661276522312658e-01 3.151266969531525408e-01 4.401574684922813230e-01 2.718379756926048718e-01 3.363017422911189769e-01 3.087965427731060308e-01 2.717961055225823763e-01
3.905868189677427771e-01 3.883817005007238476e-01 2.280891212162644011e-01 4.122505800640664519e-01 3.004594623712407708e-01 3.719464254251440005e-01 2.760253275252902982e-01 2.584014379997121580e-01 3.859746531356240129e-01 2.257279903421932354e-01 3.822383695609046783e-01 3.799181128911020000e-01
3.481492006283196106e-01 3.319370473044689906e-01 3.504207646958045208e-01 5.807593208258007289e-01 3.505391108454786742e-01 2.871905474142975034e-01 3.131978953831916490e-01 3.136785391145536783e-01 1.211998099941314772e-01 2.548568587632163984e-01 4.378155870898522983e-01 3.102553179408830131e-01
3.149667259046484702e-01 3.199549990058688786e-01 2.967925109872268097e-01 3.082350294567146598e-01 4.424855226096665595e-01 2.309314027021684701e-01 2.308777923661143872e-01 3.640689499825083830e-01 4.089331685434807184e-01 2.694477330180845565e-01 3.506408120660883254e-01 4.626653533574150989e-01
3.267309442917445961e-01 3.996321674325787887e-01 1.584273780554911193e-01 7.291089738079998828e-01 1.953886694699683568e-01 3.538280261811319605e-01 4.574950442252134208e-01 2.270629525548666927e-01 1.352071771451653082e-01 5.348253082334791797e-01 2.650032146384993514e-01 2.172901439638425802e-01
2.801471163336919368e-01 4.429639432313113301e-01 3.841582560542762814e-01 1.845535836270355556e-01 4.125010322539625629e-01 3.574090563886981875e-01 3.160963927652186700e-01 3.198987058566672426e-01 2.381163313967083750e-01 2.038571591793497950e-01 3.785747897960665687e-01 4.817236331170202113e-01
2.787788044924135455e-01 4.567358605598312860e-01 4.027032008843468569e-01 3.550828332729085712e-01 4.265699351140118667e-01 3.817903716062897024e-01 2.794508226300533305e-01 2.638078446572654223e-01 2.902056800613533882e-01 4.144307963295457697e-01 2.219117593452532566e-01 2.285320910467196487e-01
5.247494879385599109e-01 3.337445261177493516e-01 2.308756019654091274e-01 3.681384671571394929e-01 2.658104463920343274e-01 3.022181684639360655e-01 1.454155038532909394e-01 3.507285280219282209e-01 4.224049427344160335e-01 3.095933058381640235e-01 4.126865912727138430e-01 3.336344302446416221e-01
3.417086174996708525e-01 4.329777483414959938e-01 1.968497664922193302e-01 2.430200725453609545e-01 3.011740574838484008e-01 4.693804102539175238e-01 1.886942545151648054e-01 5.354017373499667665e-01 3.060187802039376348e-01 2.893943311750370451e-01 5.217369451357554144e-01 1.736432790036011309e-01
3.922501692998475731e-01 3.995378292698731904e-01 3.279578113607480860e-01 2.655300229061997030e-01 3.014488276239144504e-01 4.308656433940040165e-01 3.245229979605178672e-01 3.699820903106688097e-01 2.678674025130779457e-01 2.421554700770082724e-01 3.561776294143511601e-01 3.217041058697955314e-01
2.403382583094686165e-01 3.665008527576363306e-01 3.307938087717667841e-01 2.265214409262392703e-01 3.374141466208872009e-01 3.263520905868815825e-01 3.794112146159693832e-01 3.880026211096431199e-01 3.322178009524016096e-01 2.385277817629534447e-01 4.819517170244130844e-01 3.519682665617273054e-01
2.911176869476475582e-01 2.517969380995825901e-01 3.218745295425603503e-01 3.981582525730840705e-01 2.689951846780196387e-01 3.107031439419743468e-01 2.977848047429742517e-01 3.985162936721213245e-01 3.121153958218162439e-01 3.488044100408448922e-01 3.540815904792203872e-01 4.460517694601509042e-01
4.214428271102168555e-01 4.458461932301401864e-01 2.285603667576486531e-01 3.795489771113726984e-01 1.702288716079708442e-01 5.138273571528195749e-01 3.250469690620563235e-01 1.770539744553900896e-01 4.188746976174999026e-01 4.186257096996978677e-01 2.474240383498099161e-01 2.535200178453871356e-01
3.134521688440692344e-01 4.327927175391734216e-01 3.491188263753556287e-01 1.755491164457093078e-01 2.478564437235104834e-01 3.474984576774964307e-01 4.204948969600448283e-01 3.918429590840606935e-01 2.057108345447550002e-01 2.267110444435959382e-01 4.983327681412187404e-01 3.906397662210026045e-01
3.082832132095611466e-01 1.825010217702541515e-01 5.066936008419444804e-01 3.286115143626311963e-01 1.835857203238178137e-01 2.268069508030743087e-01 4.961988333192183798e-01 3.714810689365726226e-01 3.094695699645366727e-01 4.204018649817710673e-01 2.817018568451108984e-01 3.842647846415154222e-01
2.111584699205917015e-01 5.186444905208728029e-01 3.468222708006491461e-01 2.074020111957297074e-01 4.954472002044161272e-01 2.739212939703394856e-01 3.848005867116838230e-01 4.039890169672805120e-01 2.043997377331546461e-01 1.955671284640415064e-01 2.626404828387375878e-01 4.952073106725082829e-01
3.159996258990570572e-01 3.352780900911872530e-01 2.310554971175266536e-01 2.104827291926181787e-01 5.610718457451120411e-01 3.313993357350047964e-01 3.218422989705357895e-01 3.037832607549457165e-01 3.731474325871512732e-01 3.904448936386947788e-01 3.369088631384004051e-01 2.885861271297691100e-01
2.016916840480819095e-01 3.593251802187298338e-01 3.240636075550117345e-01 3.953545953922815159e-01 1.797814457074607963e-01 4.416163972820938977e-01 3.264221898246619791e-01 1.930552312936873738e-01 4.386980858733537381e-01 4.344548075063525139e-01 2.728561554072307938e-01 4.326806198910553292e-01
1.654700649964530590e-01 3.542889882610344987e-01 3.995189262806504993e-01 3.688330919037401401e-01 2.767242977682203842e-01 5.233806237201283906e-01 2.622821934348925077e-01 2.605473794746933636e-01 4.866804117054417955e-01 3.353382876182042782e-01 3.701391684446780350e-01 1.967965663918399000e-01
3.066695942043254353e-01 3.383925092561810288e-01 4.318175855201173974e-01 2.242231897562056986e-01 2.490481509367413193e-01 5.280638549307505869e-01 2.535057891504772232e-01 2.555663311181056718e-01 3.766691277211630662e-01 2.616912268036520328e-01 2.523254115832230804e-01 5.220272290190788311e-01
3.514482515797167084e-01 2.396741170518648656e-01 2.733599527008352403e-01 3.664793168068594120e-01 3.682948590853079018e-01 3.632457772527262763e-01 4.686781282298048135e-01 2.542758915666786246e-01 3.029377898409310044e-01 4.276640069853293036e-01 2.199055782612012455e-01 3.640363306387494058e-01
4.292675379003633163e-01 3.899596708161638947e-01 3.669341180715520734e-01 2.679886847787149029e-01 3.649234889754282007e-01 2.712924618945459221e-01 2.899882980217899364e-01 1.922861512012070118e-01 2.795148545795289596e-01 3.326474144385643261e-01 5.410411528539804671e-01 2.741561664681612664e-01
2.932306146454579654e-01 3.827105618586770230e-01 3.544376805569432465e-01 3.421633636744425000e-01 3.776460089265339382e-01 3.042051093953825891e-01 4.478800522496072523e-01 3.606450092510025129e-01 4.208127079563371842e-01 2.923243291363377683e-01 2.134845386770471698e-01 2.104600236722450890e-01
3.565386750331834276e-01 3.205575378043472590e-01 2.358629421323270303e-01 3.186489612577602104e-01 4.290965310530551191e-01 2.667335283870014839e-01 3.204617011654424807e-01 4.259941876132957717e-01 2.579110658374224041e-01 3.188855923915569490e-01 4.451964473889912788e-01 3.041128299356118392e-01
2.382785950001491404e-01 2.155296588113388978e-01 2.945662698598482399e-01 3.556936845996761520e-01 3.051630352892397147e-01 3.531573112539372894e-01 3.383452729641966972e-01 4.086730125683933901e-01 2.654068657598114278e-01 4.250108148732745783e-01 2.179226797217260481e-01 5.822527992984091183e-01
4.013466767790189182e-01 3.502662571455611995e-01 2.487032961408306431e-01 2.773921533336930478e-01 4.103458934738681840e-01 2.643999663857304894e-01 2.824833143619552844e-01 3.925566576655917794e-01 2.627060603277024953e-01 4.801357922843590975e-01 3.785280496857335031e-01 2.511358824159427572e-01
2.920695999894991068e-01 2.663301715772081191e-01 3.836182063194077951e-01 2.934768494067232503e-01 3.733291365365926096e-01 4.186971844306093260e-01 3.829417038500137482e-01 2.167234736811654849e-01 3.475481104471894733e-01 2.528583327090426769e-01 4.290235536186381426e-01 3.433836774339200648e-01
2.586677251560065560e-01 2.840718934742213486e-01 2.854848348351175513e-01 5.831580789177317481e-01 1.254716530279503528e-01 2.599403533846540992e-01 4.914444211233457427e-01 3.132041183513636362e-01 4.082555707552335544e-01 2.896872458183160082e-01 4.045840571617456694e-01 2.960300479943186458e-01
3.145608882841848253e-01 3.977968788297924219e-01 2.748269280519031188e-01 3.332162482627693545e-01 4.007414096629757783e-01 3.321509518753695822e-01 3.409426973375948577e-01 3.495890851061846938e-01 3.312843167005216638e-01 3.731642872594367888e-01 2.446229514891067325e-01 3.071033571401527995e-01
2.744977191444182285e-01 2.612800075033157032e-01 3.903309847981428771e-01 2.868532937512090486e-01 3.690485908769869372e-01 4.202744446785694477e-01 2.493950363118882518e-01 2.989402114957054879e-01 3.670288420234834037e-01 4.223145112466931139e-01 3.278877441044997787e-01 3.321486140650911634e-01
3.838189758802997842e-01 3.018029517644813531e-01 2.878805021395979824e-01 5.347372608244828074e-01 1.699660270541001050e-01 2.296610930656945437e-01 5.680415495097800305e-01 1.925852839919658110e-01 2.107303056155766519e-01 4.087641619990765585e-01 4.047354177367614159e-01 3.072764704182015527e-01
4.282853818770543386e-01 3.269932164153020460e-01 2.003342885687736386e-01 4.964936227055355422e-01 3.410116903638962804e-01 1.633484700155862224e-01 1.599633060013002372e-01 3.332667619650347968e-01 4.204074831108429722e-01 2.771065508225120100e-01 4.481222581800627935e-01 4.046669699741033965e-01
2.448776180870792241e-01 2.922431573769037616e-01 2.731145956727082380e-01 4.381844525588311501e-01 3.388700598649159179e-01 3.563142343914018628e-01 4.277804973687260870e-01 2.666353292748252501e-01 3.137442516547949700e-01 4.318031090772782576e-01 2.418515063693942591e-01 3.745811883031339162e-01
4.128094130219301938e-01 3.892655117044582225e-01 3.353284554481049673e-01 3.187007666142093187e-01 3.909499049562478179e-01 2.748309223991588501e-01 2.500445825669789790e-01 4.715540203503641448e-01 4.134499608293514261e-01 8.678231588200795155e-02 1.538553823452690483e-01 5.024287638819231461e-01
1.848145213324338676e-01 4.520509660006211128e-01 4.058755031281013337e-01 3.932408819566758362e-01 3.720843522545351778e-01 2.246856047909124576e-01 2.151368468121672706e-01 2.555176134348234318e-01 3.407221528086321061e-01 3.162102123022357270e-01 3.818097352510848030e-01 4.578516099277839535e-01
1.204983789676636885e-01 3.657784337258723206e-01 4.953535420776021825e-01 2.066694640476118561e-01 4.497960480722918430e-01 3.060047462988466083e-01 2.576357296012674603e-01 5.071678623291662191e-01 3.022286657821433575e-01 2.518003089673644945e-01 4.930909869482366092e-01 2.439758331819411319e-01
3.386002069476614640e-01 3.396433952462892814e-01 2.377876511286829142e-01 2.803629542062328617e-01 4.140138942100161090e-01 4.115821396078435113e-01 2.533850020672215320e-01 3.615387846371880265e-01 3.436128744084019360e-01 3.820544371792769511e-01 2.855602181396764139e-01 3.518584422215103036e-01
4.273147405985243119e-01 3.381786213693335208e-01 2.883498193311502256e-01 1.767536744938699722e-01 5.141487673248518186e-01 2.620107408740537380e-01 4.288702221281405769e-01 3.661596630404697628e-01 2.818734571271996892e-01 3.564891774040437333e-01 2.528846081244071620e-01 3.069665081839502152e-01
3.092771148336177500e-01 3.004594571545000647e-01 5.938801747415410892e-01 3.660524194186519087e-01 2.782468285057170809e-01 2.326956213250650496e-01 2.562341649010149713e-01 2.975842089358787246e-01 3.509109643523967703e-01 1.581131586278130552e-01 5.771906335566449053e-01 2.793552536471598513e-01
4.486796517782514204e-01 2.634157997903405213e-01 2.212594047275929787e-01 3.630098972297922111e-01 4.199715844987616520e-01 3.948219569087455527e-01 3.347719768307947930e-01 4.874222279077766729e-01 1.958091205990608596e-01 3.298914688354738223e-01 1.983456626598368577e-01 3.426012482335812903e-01
2.619009846215368809e-01 3.144655853997125883e-01 3.340480379771876285e-01 3.845276171051703051e-01 1.997537340570277320e-01 3.632332861096710941e-01 3.126549117130471012e-01 2.834071975636010543e-01 3.512359469835688031e-01 3.781395647704030027e-01 4.992683753861614782e-01 3.173647583129137195e-01
4.483736705231858299e-01 3.621140365901787672e-01 2.842222668054457668e-01 2.621335535187520605e-01 3.405782535387131826e-01 3.644021676803876897e-01 2.962912512600278658e-01 2.891631624191334238e-01 2.379575012337503959e-01 4.586976118856137541e-01 2.755017844600755605e-01 3.805647400847462780e-01
2.632024864715417634e-01 4.166908814962091423e-01 4.693757335992179147e-01 2.969280436077629814e-01 2.662065835956597404e-01 2.813602637493649028e-01 4.432710701448194790e-01 3.092328733854451395e-01 2.300292604193940049e-01 3.231257453570686167e-01 3.690231168204160528e-01 3.315539413530961821e-01
2.422315687418848396e-01 1.802806438430632485e-01 1.986829808985791646e-01 3.586450657440525269e-01 4.946649713856065000e-01 2.363466397933606244e-01 4.674573884492688181e-01 3.374979855001262741e-01 4.668918287021156521e-01 2.186008384766665591e-01 4.133440932299969339e-01 3.853559952352753615e-01
2.605898554039154935e-01 2.931684736655943424e-01 4.702630556107996740e-01 4.776239405540964045e-01 2.807188780883789758e-01 2.240462922029464177e-01 2.678131604122943599e-01 3.149100560554528583e-01 4.525303799949486616e-01 1.981506162388912695e-01 5.036606278813949844e-01 2.565246638912855315e-01
3.571143224027054086e-01 3.976345069791372144e-01 3.404862430130575768e-01 3.954322851555517326e-01 3.450013995936609401e-01 2.429438077414551311e-01 2.550611357524521505e-01 3.039638007015097454e-01 3.726811672332308034e-01 2.817889143421994369e-01 1.833911690973305808e-01 5.245012479877023681e-01
2.761926965018462465e-01 2.786561601506835073e-01 2.002977114738882514e-01 5.933718629877088313e-01 2.606709527707979923e-01 2.912835251035289508e-01 4.847816888546212510e-01 2.780632499447731054e-01 3.537661981730447769e-01 3.140963543988431472e-01 2.561996999632697447e-01 4.126198996770168437e-01
3.865976331522262832e-01 3.155471274163303974e-01 1.384126138030944975e-01 2.548708192014863538e-01 4.814810432839898846e-01 2.153773209763255037e-01 3.441890428748853870e-01 3.976436467971523614e-01 3.463723375709861219e-01 3.183363510728472456e-01 2.992151278422529592e-01 5.019569360084231713e-01
3.126064241597756865e-01 2.649394032383255437e-01 4.167891060080812782e-01 2.477465440144392406e-01 3.361229896264970041e-01 4.706870322551208741e-01 2.194458727428044709e-01 4.121419245911228657e-01 3.879328294386547582e-01 2.789383310787168502e-01 3.201283691341751947e-01 3.325211737122976130e-01
1.739551043640634731e-01 3.224304168840606555e-01 4.414597023765567951e-01 3.286629035373511698e-01 3.655996567080942450e-01 3.885357329864174147e-01 3.848080408751531345e-01 3.412756647549445854e-01 1.857655190892262276e-01 4.611239148152803113e-01 4.092342601005757863e-01 1.971490835082710114e-01
1.890840513932194322e-01 2.320483791192405609e-01 2.690090316203573861e-01 2.557090279601955118e-01 2.672966817009436724e-01 3.944506898516956794e-01 3.557381746916705167e-01 4.481011692752672748e-01 4.292727960643243912e-01 3.465880260921367917e-01 3.991508013593548787e-01 4.135511708715956525e-01
4.811975512811158540e-01 2.149710511371291655e-01 3.702040320627452696e-01 2.202988999816517524e-01 3.897828365951643836e-01 1.755876483039945091e-01 2.342352404584868708e-01 6.112140966432721978e-01 3.365058010826990076e-01 4.550669491938515998e-01 2.221512881243152826e-01 2.887846051355422161e-01
2.738102636466257511e-01 2.997939305803725696e-01 4.058837735235694688e-01 2.592925693197759007e-01 4.240643459756551215e-01 3.857655975292611505e-01 1.688230728215799337e-01 3.206977046711788626e-01 5.018369913988717235e-01 2.060423734586701583e-01 2.639419735456600691e-01 4.900474035287856189e-01
3.488715508636945906e-01 3.072903152011328132e-01 5.515253962758229767e-01 2.678339985167262904e-01 5.458208646500674055e-01 3.024773881285477972e-01 2.941142923450794644e-01 2.708109048235258220e-01 2.962790986219850931e-01 2.151517826943694922e-01 2.876536483136930555e-01 3.121707595653186451e-01
3.378461773527494660e-01 2.837430895521502183e-01 2.244838058746976561e-01 3.187708864641029538e-01 3.506468805834435098e-01 3.104068069791239282e-01 5.086174545488975074e-01 2.842775487515328825e-01 2.070774763359405635e-01 5.918023386263741026e-01 2.333318488000882263e-01 3.489956861308914360e-01
4.505297029723487889e-01 2.770865998761978810e-01 7.774978853340794305e-02 2.073234487641099077e-01 4.426463492947802503e-01 3.249192872098359830e-01 6.465270923758961175e-01 2.932876971544288724e-01 1.929300016742797053e-01 5.858217671500759449e-01 2.520602452595967491e-01 2.491180197350489622e-01
2.142444813910214796e-01 5.529350825979715278e-01 1.891972245284573029e-01 2.478752398047785466e-01 2.842116675652929247e-01 3.656501797972736556e-01 3.037651205728487125e-01 1.788967861234503354e-01 3.275306829555689192e-01 4.837067369125053196e-01 3.260987962975309129e-01 5.258880014533072744e-01
2.593208903314515590e-01 2.193421058801801327e-01 4.608433979710400696e-01 3.653233470005019523e-01 2.794193751391448877e-01 2.699443481649331789e-01 2.587041673078056547e-01 4.233858006959568820e-01 4.616208751304119451e-01 2.738322394696415807e-01 2.394174789958855853e-01 4.888459739130453507e-01
3.984229309403359842e-01 4.353751302116271593e-01 3.252452871348321395e-01 3.807070651736845224e-01 3.094008098114772731e-01 2.780139691105353306e-01 2.295800451292573374e-01 3.223447681903983120e-01 3.462203555900693619e-01 2.703698570475718266e-01 3.730998454031583256e-01 3.312199362570384387e-01
2.702794282727287722e-01 5.018837362591345164e-01 1.839062745173627444e-01 2.110247590008400009e-01 5.268295491594826574e-01 2.651135548817271093e-01 3.720719926045515935e-01 4.079645958730396815e-01 3.259622663679732080e-01 5.248152150406500960e-01 2.467251471934493734e-01 1.634234808290318808e-01
2.550435784073261103e-01 3.500973209452505897e-01 3.708622083227433586e-01 2.520830047402842222e-01 2.492536852066709607e-01 3.977919232358956281e-01 2.555794473404011113e-01 4.045387635674082549e-01 3.048556112802712215e-01 3.491196508672448906e-01 4.848005848070301438e-01 3.259742212794624616e-01
2.409168776675776336e-01 3.465205625396882150e-01 2.965776235109590098e-01 3.091681407066300125e-01 3.190807517841234286e-01 5.008162492013473743e-01 2.440720006615421100e-01 5.150290274360909137e-01 2.696067635687551811e-01 1.667331865409640290e-01 2.902578176026391898e-01 5.012209987796937272e-01
2.423905858949279013e-01 4.395131692728554418e-01 2.055142174911889774e-01 2.442652105766690562e-01 3.515258365458571177e-01 3.424806630216089554e-01 3.417055820059707871e-01 3.373122860998470918e-01 3.441326904398798181e-01 4.044223110547707778e-01 5.670928708085711811e-01 1.796445767878418476e-01
2.472565627857236659e-01 3.169407952404668660e-01 2.712407617187806985e-01 5.818267824198913862e-01 3.864106266774436915e-01 2.594133550412894285e-01 4.247439568134548371e-01 3.597521325384471780e-01 1.846722515835273470e-01 2.878169915356875164e-01 3.767271639463179445e-01 3.031986196989685522e-01
3.766842355797238584e-01 3.740517164503772696e-01 3.398417647750142656e-01 4.269789798131468639e-01 3.533929345749662887e-01 2.339131775565550797e-01 3.821637300095600542e-01 2.583227601361626213e-01 1.385190517591712578e-01 2.147499861006931521e-01 5.767337419961841016e-01 3.246479212484508770e-01
2.637204952707953853e-01 2.534269836718687774e-01 4.863060892697264048e-01 1.641574338285290702e-01 4.456162904831073579e-01 2.665005667128568789e-01 3.258158451301457759e-01 3.291658739681803669e-01 3.725736554612963380e-01 3.957873203284851260e-01 4.086517542044775242e-01 2.882776916705142023e-01
4.057418822073823872e-01 3.168828573632259671e-01 3.939108757859249854e-01 2.505464891691952523e-01 3.911774738837895393e-01 1.642527992093919531e-01 2.605237641707577323e-01 5.483284461842325985e-01 3.066882231175146467e-01 3.251363339577174050e-01 3.024799550807487636e-01 3.343308998701268742e-01
2.459172908197469476e-01 3.617651078168754863e-01 2.757658399631896518e-01 3.693861490392832403e-01 3.968207615174320635e-01 3.562811921705612561e-01 3.982604085287634321e-01 3.743527946622065006e-01 3.119502654043594392e-01 4.510530056036149427e-01 2.694668285748117453e-01 1.889803558991502430e-01
1.974648582440265421e-01 3.046165629796099283e-01 5.109502300846533451e-01 2.512149458351470299e-01 2.488076961029517531e-01 2.567256767644611193e-01 3.887707626828879048e-01 3.348202587552790432e-01 2.687097615217443614e-01 4.436302679551979433e-01 4.053462825598321273e-01 3.889426965142196435e-01
3.774532537402489618e-01 3.327631946614935665e-01 2.426333900847304492e-01 3.739576530626739226e-01 3.927995394847999533e-01 3.023293267662561234e-01 3.510543960060317770e-01 3.730837903999180694e-01 2.661936860155078577e-01 4.556830046637395659e-01 2.890333246211452822e-01 2.430154404934623535e-01
3.251954457483461347e-01 3.121960458185094600e-01 2.764423970983608259e-01 1.443972218671053520e-01 2.666360762525274430e-01 5.096085635869526120e-01 3.430940121597129133e-01 4.339305620588945756e-01 2.651043648537429465e-01 3.592969930353476782e-01 4.958623557519089564e-01 2.682359617685925457e-01
4.149827232311289471e-01 3.653046062669234040e-01 3.071895302179368237e-01 2.364616516726611439e-01 3.207874637525394146e-01 3.632663277860240236e-01 2.269969543505346854e-01 3.169596657758744218e-01 3.034510652174297052e-01 3.900582243446211739e-01 4.454367890092321147e-01 3.091049983750870367e-01
2.099677446200944875e-01 2.139360215993152126e-01 3.879442711017154211e-01 4.952509065885724038e-01 2.925638300073830633e-01 3.559101471793048033e-01 4.648654777839417718e-01 3.533626288786035907e-01 3.655893091825359043e-01 2.763082765462694379e-01 3.277966430734862713e-01 2.565047434387808245e-01
3.885509952362613539e-01 2.510918714821631093e-01 4.259833740180868356e-01 4.025375176134673993e-01 2.279864801511583272e-01 1.874436219381760138e-01 3.678266729295296966e-01 4.539765041376056520e-01 2.116102737075339080e-01 3.999324503193184555e-01 3.661642467629053210e-01 3.168959917037992291e-01
2.146233851370190904e-01 4.041526253886702502e-01 3.062533965229315425e-01 3.324229893011946269e-01 4.744187827364064747e-01 2.893776778199241839e-01 3.146608838768427674e-01 3.714013279026124881e-01 3.910214718796699018e-01 2.029050764514190308e-01 3.699598769178724655e-01 3.288025060654296561e-01
2.894907912114019211e-01 3.169791157297653927e-01 4.132566593483544271e-01 2.531315592607407128e-01 2.586237713504673796e-01 3.457330518830766808e-01 2.409082424238403464e-01 5.842002450468144481e-01 2.189719504243065606e-01 3.192299340678791397e-01 3.883517670175620218e-01 3.711229122357806443e-01
4.325933602016358015e-01 3.433770421777301296e-01 2.604595296434416563e-01 4.043703573703144594e-01 2.982755891269820436e-01 2.791221333535013893e-01 4.334407681077083185e-01 3.192964594290116365e-01 2.207751067845669934e-01 2.614636401642396191e-01 4.957559994553212834e-01 2.510700141855556344e-01
3.489058574169394134e-01 3.780851615893434658e-01 3.930849334438444309e-01 2.212003800692813882e-01 4.267386546778758616e-01 4.145942857252322700e-01 1.811192209786531282e-01 4.265525661501923249e-01 3.324789534042263961e-01 2.546116053538943769e-01 3.569886727509932745e-01 2.656397084395412667e-01
3.451140925218656452e-01 2.763465474149583434e-01 3.228127264757474357e-01 3.007993557134865936e-01 3.588289518418070756e-01 3.843398690276958463e-01 3.148321157967762240e-01 3.463134122335289056e-01 3.065427198543220211e-01 2.764346480566139408e-01 3.759507426570191657e-01 3.916848184061780258e-01
3.800658238764017538e-01 3.037140285951538399e-01 3.833474322165791870e-01 3.408213742503094501e-01 2.707389254131394307e-01 2.704396607866938473e-01 3.272550297799665664e-01 2.288007619352351030e-01 2.459336061926521988e-01 5.362765588582072418e-01 3.693323465425215613e-01 3.432744515531539475e-01
1.806217763991601333e-01 3.573720759084957344e-01 4.646592673416778396e-01 3.247541829218284493e-01 3.270660740864324012e-01 3.737368312782874402e-01 2.746725357851107496e-01 3.793612975331760451e-01 3.135583689761226589e-01 4.179218695783841753e-01 3.834952367130386452e-01 2.027804834782815369e-01
2.660745989765962438e-01 3.827334893054619158e-01 4.827193222372961889e-01 2.232283037854900787e-01 3.629407876390871035e-01 2.976003004874577806e-01 3.796281957233774151e-01 2.293151178068701113e-01 2.731715822380689218e-01 3.981091480720982401e-01 3.197764854158729464e-01 3.847026683123187518e-01
3.379251393616945487e-01 3.399533172966500705e-01 3.249309358960397187e-01 3.151899177025553334e-01 1.711276728225275545e-01 3.979913080482033183e-01 3.591841626519769459e-01 4.994278634112893078e-01 3.383956291135839511e-01 2.595665643152860746e-01 3.887550194831650985e-01 2.675524698970238036e-01
2.465084905322797448e-01 2.952628858760866781e-01 3.351725958815209294e-01 3.048830530297104158e-01 2.273171703611928662e-01 3.304415585054255033e-01 2.830897114287513894e-01 3.064267298313486654e-01 3.387829583984189319e-01 4.499016598842536241e-01 4.415760430131121517e-01 4.406371432578895520e-01
1.821724629291560094e-01 3.492726281080620332e-01 3.705151012721172865e-01 2.517234885127930255e-01 3.391079416419836567e-01 4.890471932982489722e-01 2.334001016350003010e-01 1.593507898342246265e-01 3.547697783271304695e-01 4.374709544037719833e-01 2.687198461496148050e-01 5.644497138878805664e-01
2.755924276169725573e-01 4.438851739459336865e-01 3.512269183496235514e-01 1.875603781645383827e-01 3.423279376867328083e-01 3.679791782560000168e-01 2.611072842751611112e-01 2.107466993865619309e-01 4.562216017747094399e-01 2.826642154922612837e-01 3.363601015920378301e-01 4.843280834594678730e-01
3.715136385519625106e-01 4.276671271840073452e-01 4.103823424042181145e-01 3.708442382573528540e-01 2.211790659427615990e-01 4.038747418150607782e-01 2.788778813809363877e-01 2.322661790023374528e-01 2.923542072279812776e-01 3.532870562546082671e-01 3.785623384637094579e-01 2.591911835150717547e-01
2.441778122447044730e-01 3.192413683763986598e-01 4.783281366667836432e-01 2.815889764127173511e-01 2.686786266329444506e-01 3.545148771118787900e-01 3.674872125201583684e-01 2.900156101982098167e-01 3.562885346078855653e-01 3.967816303540103728e-01 3.206477046105490336e-01 3.222495102637790154e-01
3.748070291715948632e-01 2.409529379994095055e-01 3.718088109379296125e-01 4.448419227452041769e-01 2.864303256803530928e-01 1.555881283758802636e-01 4.965716437341960998e-01 2.533583313018514249e-01 2.480225603559593206e-01 5.532243088788519891e-01 2.426813441372214220e-01 3.317126566815518651e-01
2.765702378974368436e-01 4.296178957070109772e-01 2.722105908718159273e-01 3.472357337450298065e-01 2.701296419115907788e-01 1.923654628905235309e-01 3.499064787454468917e-01 3.363310330178578278e-01 1.966543449586066472e-01 5.791723977359033437e-01 2.563611975292256484e-01 4.934449849895445328e-01
1.376320605059752622e-01 3.950723298315909071e-01 4.996627357382268930e-01 2.200016127353491280e-01 4.417171513477118339e-01 2.999115207757533930e-01 3.246361089694299595e-01 4.278081214345846872e-01 2.760353610331209850e-01 2.767094600183814812e-01 4.735157710940348097e-01 2.272977665158439353e-01
3.238231057026441650e-01 3.339121721610478488e-01 4.048029560555318485e-01 2.822459642818904157e-01 3.043091612597447759e-01 2.975446346481886994e-01 2.821660737802359487e-01 3.093357652558705873e-01 4.362690811812978131e-01 2.107521819284234044e-01 3.490722164448570863e-01 4.657666873002520580e-01
5.136091384830425710e-01 3.532962368796449537e-01 2.591607107748844507e-01 3.171356995836239756e-01 4.779054542390374083e-01 3.765850981537857134e-01 2.423260333734838512e-01 2.438380093752489097e-01 3.911104734370526304e-01 3.864182859503185186e-01 1.986322660795581119e-01 2.399825936703227081e-01
3.226131540680905463e-01 6.074370612878527975e-01 3.246829964677283575e-01 2.319902387073212724e-01 3.841621245087114001e-01 2.597390619153305824e-01 2.884045856621134107e-01 3.185681149639589815e-01 3.370733998121615560e-01 2.833679370954654275e-01 2.918405681373966165e-01 3.501207573739003043e-01
3.953864360641748954e-01 4.397134329218722049e-01 1.851822503858321367e-01 4.094652683093347734e-01 4.110316864114407220e-01 1.468296402824184055e-01 2.060098740980924048e-01 5.261332920472553409e-01 3.731571464877791455e-01 4.286922974309094192e-01 3.269010344900080689e-01 1.514976410708660792e-01
3.192244860836098153e-01 3.281062663530111556e-01 3.406191931893484126e-01 3.511077964923939865e-01 2.677833535719655322e-01 4.683072377646623763e-01 2.716301098466531450e-01 2.636162450968335680e-01 3.369661549215249852e-01 5.400708354457496307e-01 2.775506141496776880e-01 2.350177070845679284e-01
3.346397935539940915e-01 2.392377749993696290e-01 1.166160741242053961e-01 2.850969716050605340e-01 4.555301026925626662e-01 2.538353826765959442e-01 4.717882307663609498e-01 3.621160179842498605e-01 4.401097572749211873e-01 3.736517400500045105e-01 3.725986113531607469e-01 2.947795429195303463e-01
