-9.527545455145132181e+00
-1.171089919763884168e+01
-1.030621199746872918e+01
-1.071508476338756921e+01
-1.096923476476298909e+01
-1.142088248268375850e+01
-9.619825194905335053e+00
-1.079820403902429149e+01
-9.469137570568992857e+00
-1.099676268478330243e+01
-1.087633401041780168e+01
-1.164928564885365425e+01
-1.001355669126560066e+01
-1.030893776963942621e+01
-1.057876463231356112e+01
-1.182686497824492022e+01
-1.071830727696598196e+01
-1.048170272460940389e+01
-1.063407420499217260e+01
-1.069459933341158830e+01
-1.042584000259146215e+01
-1.199427751678964249e+01
-1.024433159381542602e+01
-1.256697110699087361e+01
-1.257647145060399296e+01
-9.648738041930563725e+00
-1.156378395867191777e+01
-1.039948045030572921e+01
-1.034687992188261241e+01
-1.185514970478865315e+01
-1.149651420058374818e+01
-1.033083732759665629e+01
-9.170778496669129254e+00
-1.111760993740374381e+01
-1.053277842018423982e+01
-1.068395918719492244e+01
-1.144182999448581661e+01
-9.302301148778456152e+00
-1.090603594234818807e+01
-1.047910361420771608e+01
-9.496137000590294974e+00
-1.190860888769030446e+01
-1.176687767752599711e+01
-1.064083030790415485e+01
-9.898297944469064191e+00
-9.397889670501438530e+00
-1.152985164958401754e+01
-1.020846479246531580e+01
-1.053817381517723106e+01
-1.152353176071840046e+01
-1.005540326032655685e+01
-9.640605475148563031e+00
-1.123313253886114538e+01
-9.341396468904765271e+00
-1.123782952183840678e+01
-1.180816962875072029e+01
-1.087518227977039587e+01
-1.028733942751422070e+01
-1.088326373636146904e+01
-1.180237495084714716e+01
-1.225556425999990218e+01
-1.034277320507059628e+01
-1.086412229201592261e+01
-1.294021674791664545e+01
-9.078382878974455394e+00
-1.117808123166740764e+01
-1.142092888814319274e+01
-1.150220695963075990e+01
-1.027017894584907509e+01
-1.081133598796816386e+01
-1.002912210446912056e+01
-1.132000073292290843e+01
-1.079737343279461115e+01
-1.082861325709384381e+01
-1.176407354263538352e+01
-1.022300759969318484e+01
-1.069517823371410081e+01
-8.604810569113608310e+00
-1.109134668621476116e+01
-1.135053918845214760e+01
-1.112846837001076672e+01
-1.009923435741474051e+01
-9.627170257550815791e+00
-1.079260274970715372e+01
-1.180363259952886246e+01
-1.103414301325356561e+01
-9.196455683840813577e+00
-1.197800686573676821e+01
-1.025035488797061767e+01
-1.081993261369229309e+01
-1.095113326034915957e+01
-1.059649426404654626e+01
-9.559892695074353242e+00
-1.290305559793193169e+01
-8.701138835549693695e+00
-1.069628764968005896e+01
-1.274160145081624407e+01
-1.293930901490765706e+01
-9.416147344633111871e+00
-1.014635076896219523e+01
