1.410270013493634088e-03 1.145379524502018395e-03 1.468347999287291966e-04 2.741971391887595755e-05 1.210564539803300752e-05 1.018067101277090171e-05 4.202526815338650430e-05 1.905005193590345882e-04 5.237394383566974657e-04 1.183476909877487085e-03
4.088248596672261866e-05 6.934113443353751602e-05 3.112066823193397158e-04 4.231946620789181664e-04 4.482470476122664849e-04 6.153201196364421754e-04 2.681225767345359209e-04 2.642866345860548976e-04 1.851725580324101790e-04 8.256585235343710490e-05
1.633625207321653266e-04 8.039285613767382856e-05 1.027648652210472543e-04 2.330567662075465059e-04 5.002208984035557641e-04 6.586139994440349697e-04 9.362329510569813822e-04 6.173611284405391020e-04 4.623013942433663371e-04 2.221447408065837126e-04
9.899434931129114709e-04 4.091239436397818801e-04 9.893834022875046697e-05 2.301273044323351631e-05 1.063732235643499206e-05 1.812601343832809272e-05 6.768610023913246699e-05 3.388304330368858432e-04 1.938606398960204553e-03 3.248401028760669780e-03
5.313249797695594398e-04 1.109118774475953992e-04 1.230100731117930171e-04 1.002611323700790713e-04 6.428253201090056265e-05 8.611340535888136968e-05 1.290851795630238482e-04 2.485714618317860325e-04 6.863430606762999878e-04 8.738403074591204146e-04
5.277725788087562694e-04 6.818086605586808893e-04 4.035608591953631502e-04 2.797902549582104983e-04 1.410490003535886294e-04 1.099159048366751303e-04 1.637440389840864765e-04 1.714680749841241130e-04 4.202959855912535218e-04 6.539955987279205294e-04
7.006958035379801445e-05 5.287527342030662455e-04 3.251213244483746809e-03 8.236749264488174224e-03 2.284774123693590359e-03 2.494239696996102961e-04 2.659329412166000823e-05 3.897808109529793548e-06 9.675106686131728685e-07 5.313990890670860317e-06
8.678927773222758733e-04 6.768278222201701668e-04 3.711495855919257330e-04 1.917398240225713570e-04 1.173376794549958930e-04 1.015491860802211776e-04 1.360343345776026487e-04 1.195564246894555778e-04 1.909712949478372431e-04 4.619709444755207110e-04
1.150639443352928845e-04 3.096032870643654258e-05 2.200667561755271663e-05 3.574096543245746180e-05 4.768412639373156039e-05 1.153630514457032881e-04 1.815141551314986001e-04 1.066389643399339717e-03 5.200901408878085431e-04 3.453729840697911352e-04
3.838793354596789715e-04 1.903865965901744683e-04 9.811989186993390355e-05 2.134935259684781188e-04 1.599346740221350928e-04 1.752633857006222304e-04 2.762263907032540592e-04 5.027868116304200653e-04 4.926299085163955401e-04 2.827418986282458535e-04
7.036380108510795033e-04 1.270552184099854598e-04 2.257504182488725256e-05 6.919203047646610030e-06 5.532703037552822290e-06 1.760137918270855727e-05 2.386937653513223029e-04 1.513534044427469706e-03 2.231471014788589252e-03 2.493819223375580603e-03
8.986391036681505746e-04 1.881391417745968946e-03 2.118096992265112825e-03 8.567449636963455923e-04 1.921757433289398458e-04 6.841109347627674696e-05 4.075916167209227921e-05 5.076511742256978831e-05 5.630224883076437412e-05 1.579242296206621800e-04
3.676445230739197254e-03 9.612144739932845664e-04 1.692383588089463081e-04 5.289876200108861878e-05 1.202297101384032075e-05 9.854687863408545569e-06 1.317633174484580593e-05 1.519840152983349733e-04 1.088436208152383051e-03 2.503411849246551645e-03
9.716416173146090202e-04 5.971903435106482505e-04 3.353219571875516833e-04 1.491229646552772749e-04 4.827483818419260457e-05 5.557744988332022655e-05 1.008319624589492058e-04 3.640829585284186399e-04 4.314626959751515032e-04 1.165963163966290310e-03
5.091470880398683060e-04 7.190333943185832095e-04 9.747099637145235831e-04 3.998111615279014851e-04 3.851495988840984491e-04 2.077047674188247652e-04 9.421586268796715595e-05 6.785728812733719936e-05 1.021611838593026875e-04 2.876087215526883277e-04
3.844792076064882779e-04 3.513347995598470634e-04 2.354641613271129174e-04 2.141955000329117287e-04 3.008056020385544435e-04 3.296949433433595412e-04 3.283508140461602180e-04 4.380862274281877391e-04 4.245689022017979210e-04 3.311422827108909746e-04
8.991927334030942970e-05 1.198051722010722855e-04 2.536434636857152146e-04 4.054343214850943860e-04 4.753637680094954321e-04 4.582050303364988784e-04 6.133849690767682883e-04 3.013048341984309411e-04 1.325644614031376751e-04 8.427237834124118483e-05
5.336282117158826395e-04 2.890477297172419397e-04 1.085337612009719101e-04 8.141119324333287216e-05 8.943373000891468227e-05 2.009102247919430614e-04 3.306335138156325554e-04 6.269268294286651621e-04 9.731053153442580182e-04 1.087046069258471286e-03
1.083399352576771679e-03 5.201479266589269929e-04 9.246214798452260901e-05 5.883781800750397016e-05 2.929081837491562392e-05 8.980853172738550202e-05 1.236654774601650083e-04 1.637313581808716759e-04 5.884731191824592051e-04 1.109808686022757153e-03
3.937964777180213050e-04 3.342237187982500081e-04 2.970234563436028718e-04 2.231233591943268546e-04 9.810842235211939997e-05 4.360878380667262196e-05 5.696249723203389553e-05 1.282440396249270517e-04 3.287587273239968863e-04 4.476686954712427941e-04
1.223894841547521578e-05 4.014874275074112938e-05 3.337666316020809006e-04 6.047255913617681153e-04 4.259616668538013283e-04 2.586958975225031794e-04 2.295539148724402726e-04 4.340279949270742498e-05 1.095962607780405079e-05 9.148981700223966619e-06
7.406837318395480653e-04 3.977257974172754718e-04 1.561041985793423770e-04 1.044939337055746803e-04 6.052699637169485638e-05 6.914075803154444097e-05 9.154669388586290577e-05 4.005365258203308007e-04 5.705124816473514668e-04 4.919263944072401092e-04
9.173887153462735285e-04 5.471478246703186847e-04 4.113386252368600861e-04 1.635707255287776620e-04 5.165433682201146142e-05 4.488773683358315402e-05 7.159288090736934927e-05 2.990349906430663819e-04 4.572394662978700717e-04 6.501467751039172399e-04
5.571305533791103849e-05 1.069035487904944690e-04 5.506448504737308097e-04 5.666327314256925469e-04 3.793922084589185185e-04 2.311577992617970014e-04 1.669262193368244130e-04 9.047499254733318340e-05 5.050985812356474023e-05 4.552314453109626981e-05
3.251219213944428867e-04 3.287497612137898432e-04 1.780342931820687476e-04 1.307347330117128502e-04 6.693306398890247868e-05 1.481382016215680437e-04 1.992615677224636602e-04 2.518566959932470937e-04 6.633680178117071962e-04 7.628568687956488285e-04
1.959598729674494319e-05 2.230061096125858120e-05 2.636136181123725498e-05 1.662000054147806584e-04 7.349919078163132764e-04 1.568035175090988541e-03 1.545704642947545206e-03 1.205104512112938455e-03 1.807948786234823914e-04 4.240235109887416788e-05
2.554364289216692636e-03 1.166829689728345922e-03 3.313241795704732111e-04 6.160300308161916079e-05 3.459988713587974974e-05 2.925206943492755500e-05 5.251656434376551574e-05 8.564591433216219929e-05 2.558017523823395895e-04 1.463879776962934490e-03
4.622611991705411822e-05 2.029665279503130461e-05 2.497909327431726827e-05 4.095603683644446352e-05 1.411665509179599570e-04 9.072498064692295595e-04 1.444145207223683286e-03 1.075033873647388569e-03 6.678653418753631053e-04 2.613231725089168651e-04
1.218971792344513251e-03 1.032441457608600796e-03 5.530527889175126466e-04 1.263917484043906826e-04 6.368405306946791006e-05 5.923890856086164104e-05 5.043720245530264974e-05 1.502375584651984616e-04 5.089008386531199959e-04 9.683760311293079662e-04
7.928404284258150662e-04 1.677203257931388590e-04 5.179575272117660934e-05 1.358989638866457202e-05 1.287342709645924463e-05 2.051491726229699857e-05 1.151009666065061461e-04 7.401166176319154194e-04 2.882535917924721348e-03 1.724631778557462981e-03
1.096598562029944373e-04 1.252947043958478807e-04 1.592054927549349367e-04 2.295318616669594588e-04 3.992991608473744143e-04 5.475567615765051339e-04 8.900688904656544904e-04 7.117746129895958021e-04 4.274987405131081409e-04 1.623306162863920083e-04
5.619973365646920298e-05 3.331331684886006724e-05 6.510987013634140076e-05 1.177754723338846814e-04 2.271517392783902215e-04 6.194717489338137477e-04 1.340281246174478179e-03 1.154897798203442577e-03 8.270906615242184850e-04 3.515626909280206679e-04
7.844902998475319954e-04 1.415948740816463068e-03 1.469791303568869500e-03 4.407038398430891961e-04 9.082909250597562462e-05 3.892805417596465568e-05 3.224107692334991754e-05 5.436522186156689078e-05 1.272319338282803841e-04 3.789511576737909998e-04
4.553376547743534378e-05 8.889387241274868199e-05 1.265608779678822958e-04 3.657955539642267890e-04 4.985439094567998544e-04 1.267297706514130748e-03 6.805398481405833429e-04 2.327967905685413073e-04 7.710809597888171048e-05 4.233697274540479730e-05
9.058309913102464744e-05 6.277769711288144370e-05 9.044689216136506983e-05 2.276071735053676842e-04 4.305816414729099766e-04 1.160414686202964479e-03 9.746091561286925270e-04 4.606641410141020941e-04 2.797607502118942802e-04 1.322466330678230789e-04
4.329721503945221407e-04 5.049859682668337950e-04 6.921848558643801117e-04 5.805419679463604985e-04 2.572297189487803785e-04 7.970768987229164503e-05 7.635324868759154867e-05 6.965973966220795246e-05 1.715027505703348057e-04 2.683243555243820843e-04
4.574412295187109081e-05 6.251209663154277453e-05 1.078171250874555045e-04 3.144467428431232405e-04 1.717959297144403940e-04 2.612410634167259735e-04 3.460208310334179135e-04 1.923213979984987317e-04 1.220060820682674485e-04 5.807534738650337475e-05
5.527819430388770418e-04 2.962944501811661142e-04 2.154681475347326042e-04 2.095281745160457697e-04 1.616601193483197137e-04 2.215971052100993398e-04 3.626489756800264919e-04 4.413115886312488903e-04 5.125412497390699571e-04 5.619454517552559258e-04
1.404125840391445010e-03 7.896844557234355749e-04 2.320991355034398912e-04 1.135780782917168621e-04 5.290471085570099712e-05 5.245617244900279823e-05 1.331046328215436121e-04 2.888461988858340634e-04 8.356021303185080058e-04 1.545440416525323268e-03
2.505811882095106309e-04 1.940147977799435363e-04 1.784439627794455496e-04 1.745363720274450752e-04 1.333559620485997600e-04 1.555283535987017434e-04 2.726291175417957765e-04 3.874764242408359170e-04 4.999933839954131664e-04 6.446503078770943456e-04
4.435442929667466813e-05 6.739140649191298447e-05 2.169399782066293639e-04 1.892149550217871786e-04 2.593600548564817536e-04 4.571563838982341233e-04 5.012271226168183141e-04 2.901833309719928779e-04 1.790998109276700941e-04 7.658066236879977108e-05
7.666817304649002239e-04 6.537625044757137049e-04 1.191412949217939259e-04 2.082444864566010485e-05 1.356629550873598633e-05 3.255953084625965458e-05 1.264415674923788314e-04 2.942413901286867789e-04 8.995777015229657319e-04 1.296672989342055994e-03
5.638233174863692654e-05 8.415897002488669843e-05 1.672076413721810054e-04 5.952341028188813795e-04 9.906391241400148637e-04 1.127336993553920176e-03 8.425902387960795305e-04 3.286815396951308092e-04 1.825920129657925049e-04 1.211421802719772639e-04
4.759321198371472953e-04 8.017310017086363505e-04 9.481664996214807586e-04 5.098923840318101124e-04 2.157021513464503894e-04 1.200738482511184486e-04 8.488918332550383201e-05 6.493538645141816250e-05 1.167826727761494280e-04 4.174895664564759641e-04
7.824638346626522052e-05 2.241541413734420081e-05 4.506321201446902895e-05 3.166616691625347190e-04 3.981254141776837275e-04 1.052367650049956804e-03 1.188915678867597794e-03 7.190836367600223411e-04 2.635201104196032546e-04 9.502804480703778544e-05
1.983351385903347423e-05 1.276400860708473600e-05 1.705201588246950547e-05 4.191612737779024420e-05 1.691630517425826100e-04 5.063942912539807486e-04 4.974939243628398542e-04 8.925827847737811700e-04 5.881043927753008826e-04 7.009768861723735922e-05
2.414723362783629114e-04 2.649733558559789603e-04 3.856110500562866489e-04 7.433639707791402660e-04 5.543910733737499996e-04 3.965865135660699746e-04 3.626250522916587334e-04 1.595888689856554644e-04 1.415163878436463641e-04 1.580425979625792480e-04
9.843248130189628255e-05 1.831044003372937117e-04 4.857264854946431493e-04 7.172111660018981420e-04 4.930105966994912476e-04 4.702282030293129236e-04 3.148971037015032941e-04 2.006549528101830003e-04 1.043290170442300242e-04 1.053335823182981304e-04
3.442810063907850832e-04 1.802415543708692084e-04 1.177370650231556164e-04 8.183981789237052993e-05 2.318722056891780840e-04 2.457313666149416476e-04 4.517070168104543181e-04 4.586476659356704465e-04 3.751376949940452748e-04 3.776430540283746452e-04
3.456625221445234801e-06 3.727947441605015261e-05 4.320070364126994472e-04 2.525782347474564166e-03 9.258931042588902649e-03 2.845566103590305932e-03 2.615194259589560832e-04 2.493767769956821152e-05 4.175762738795670607e-06 1.710872490359661571e-06
2.726281518286951438e-04 1.716091886351219572e-04 3.337762162799886938e-04 1.531486019392772904e-04 1.354439220477695813e-04 7.369365616427448645e-05 6.558702612954536650e-05 1.251561383080935944e-04 2.461020577252087237e-04 3.274202135388079799e-04
1.773226221554780090e-03 1.428405904499356702e-03 2.401989290269476360e-04 1.193298520722375780e-04 4.160936466699034460e-05 4.787583686083946071e-05 5.329044726574571380e-05 1.369980396882369822e-04 4.011626050156238553e-04 1.145157461865084318e-03
2.061351406599863889e-05 1.660283194858960348e-05 2.077977700863171728e-05 5.593484752893767290e-05 2.783452176392300350e-04 1.260164406507491763e-03 3.079481215934523966e-03 1.880938768123627388e-03 8.949434828230605444e-04 1.452991030816000516e-04
3.080840440908091558e-04 2.140854098461119443e-04 2.146552402115128823e-04 2.018906181755040921e-04 1.718696424422424748e-04 2.022401310776370139e-04 2.438009670396743206e-04 5.565399267319844382e-04 5.129870755202153116e-04 5.523439182663661103e-04
1.831495433167346651e-04 5.969321862324793041e-04 8.822206243575420872e-04 4.107439303289925348e-04 2.129605013410055148e-04 1.339365054375855294e-04 1.026271837171516043e-04 5.200841598985797857e-05 4.690956398134114874e-05 9.312536660654075231e-05
6.506835797308644330e-05 1.419186111604769346e-05 6.775021740535816121e-06 7.839658996617170653e-06 2.967824580446793532e-05 3.312247944640071395e-04 1.834637844017547766e-03 1.732682202409536109e-03 1.598280663399690099e-03 3.902253397468111542e-04
1.149136779303235886e-04 6.321859162339667952e-05 1.248905105171040466e-04 1.705764475250703884e-04 1.760765700193196953e-04 2.461688565903008118e-04 5.044056712518719910e-04 4.260961282999401107e-04 1.492361104253367269e-04 9.162011250064299090e-05
2.029130546863953726e-04 1.441644306860847885e-04 1.583648400420840745e-04 1.023572967714054063e-04 2.699383765131049308e-04 2.910638171957792412e-04 6.065910672034844969e-04 8.241997642688680958e-04 6.664872508353614916e-04 4.728896826692792791e-04
2.235770573601643656e-04 7.867612303424775116e-05 5.833686323026245004e-05 7.968397691745922968e-05 1.690666700386720582e-04 2.889963223638426196e-04 3.944205512701994465e-04 1.226632447412741474e-03 8.158341945844792623e-04 5.324003361031791814e-04
2.318646490324772591e-04 1.118077112477995757e-03 9.233350409487186541e-04 6.849830904681501265e-04 4.358341671046516916e-04 1.018224317296051386e-04 4.579491037812621917e-05 3.223122405434623324e-05 4.389596718509308152e-05 1.319622236524916085e-04
3.914406121835628007e-04 1.140528385027997712e-04 3.697043603064117235e-05 5.480624871466579584e-05 1.639761667124962690e-04 2.139877606975355438e-04 5.478084391781657281e-04 9.990195952399938753e-04 1.040234826717217594e-03 7.062386534899649237e-04
6.733699550632861030e-04 8.708647007723201118e-04 2.967608183826636365e-04 1.212607677362045807e-04 9.307955030732734363e-05 5.578268880455013607e-05 8.744268156627048381e-05 2.053937149257224672e-04 2.423581770608253651e-04 5.621873283888073744e-04
3.129850017120056993e-04 6.990874241667042663e-05 2.897993602965984997e-05 2.237714686639831807e-05 2.946164034439657822e-05 1.506384681991015083e-04 8.428160349711274774e-04 1.500932199200989432e-03 1.625308466104320726e-03 1.054809573477275518e-03
1.798993538780604745e-04 7.059622864098775595e-04 1.106799989159809724e-03 2.271850629308315266e-03 8.379683287190765060e-04 6.195461545247177900e-05 6.587082527180743108e-06 2.887636196547097423e-06 3.081197741890190540e-06 1.304169503000423175e-05
3.620748022130514565e-05 6.253623762617464984e-05 1.317281423515169231e-04 4.004698767601807641e-04 6.616688721637125833e-04 6.605965954728106569e-04 6.118505306114435010e-04 4.298447188650557794e-04 2.234073899324213780e-04 4.860578654751997250e-05
1.768463568345318126e-05 8.445085536035771775e-06 2.793044362145869546e-05 5.795216608018376837e-05 3.173863393475443817e-04 2.902036109260079048e-03 2.509119282000754972e-03 9.056094402890635994e-04 1.250010879890812087e-04 4.203720121335381720e-05
1.184136476686600831e-04 1.054434611391565096e-04 1.340682336095164607e-04 1.526991507878733268e-04 3.136029947064507902e-04 3.818060850158980723e-04 2.910990014522496288e-04 4.242158582086528280e-04 4.282570122929549869e-04 1.549886981959736120e-04
3.919377219176291359e-05 1.844353953361553241e-04 3.718030368205286454e-04 6.506653656046946631e-04 1.389700826728110456e-03 8.814681084561544824e-04 6.350846478410391216e-04 1.073974987825201033e-04 3.435090610265495843e-05 2.080564482713481502e-05
4.135056124442928636e-04 2.697823989695854910e-04 2.601933503845679113e-04 2.244086471249576750e-04 2.142205556789807943e-04 2.229945691696200855e-04 2.317555348871734458e-04 3.526634964046491245e-04 5.233059243644133055e-04 5.651372531276686265e-04
2.729092991983322869e-04 5.924551672590822136e-04 7.510500938413121764e-04 1.339811190528683972e-03 4.590810453084911351e-04 2.522675063634020843e-04 8.567951229002809745e-05 1.885324623129841634e-05 6.611267892007060565e-06 2.137512955712262674e-05
7.216697497589231102e-04 1.216831829226930209e-03 1.672154740591965923e-03 2.959351699599473660e-04 7.494495056982821996e-05 4.851219848592279221e-05 9.338625037647193226e-06 7.014650395772357351e-06 2.043553119444067452e-05 3.101859509805102535e-04
1.320571623902454966e-04 5.895025367404214310e-05 3.144123853938697962e-05 3.355996717050235221e-05 5.260769841341566232e-05 9.300949012559842197e-05 4.597657300205694941e-04 2.111066322631704757e-03 2.345324925470031966e-03 1.322549431136037365e-03
1.306091395575471143e-04 9.655346973467523802e-05 1.194727799115801934e-04 8.570751378700184643e-05 6.554343759786688390e-05 7.322460871271402555e-05 1.139402421276209689e-04 3.128627882954239056e-04 3.998614190170308698e-04 2.105021655313842792e-04
2.065130044354840367e-04 1.758063240229316287e-03 3.145088821709256070e-03 2.318812726835911293e-03 6.744030714142789642e-04 1.653038358518636611e-04 2.705233030180327085e-05 9.757864556757951297e-06 9.719276875191891425e-06 3.592075523649416059e-05
2.329494733260915190e-04 1.909440192957355756e-04 2.366989861042333198e-04 2.426709884088244112e-04 2.466481289067106375e-04 3.831179451500565654e-04 2.290038069482376712e-04 2.399812276344141446e-04 4.119883511777711754e-04 2.580475312443960396e-04
4.318053841207353315e-04 4.553375919809741633e-04 3.853086350354446442e-04 2.804304800935730475e-04 8.044308112190245118e-05 5.436580146525979196e-05 8.613033730543272063e-05 1.778596182546708128e-04 3.188312679806978509e-04 3.571512847525355121e-04
1.149546511525580148e-05 3.489783293193337438e-05 9.450673721335342569e-05 4.702891131131224211e-04 1.033059410177510464e-03 1.947102747377481985e-03 1.623695570269352876e-03 2.626431416866053864e-04 2.636523689492424572e-05 1.224444962031106018e-05
1.945681959107216981e-04 3.055133365322794609e-04 4.452996298590481306e-04 7.131786291555031621e-04 4.223081010925598157e-04 3.623235747972094567e-04 1.096033947020472784e-04 6.282099346582617721e-05 8.555908304625867047e-05 1.940581638050079872e-04
2.712963019894369557e-04 1.366760920039693206e-04 4.196478513883073369e-05 4.271633230648490319e-05 8.621389966994887348e-05 2.236235609522343939e-04 5.501461355811413127e-04 9.071205949706765423e-04 1.203796942388157560e-03 1.024719549028113661e-03
6.631840223461221977e-05 9.686874729001730992e-06 8.313087441393491429e-06 1.380995888921504745e-05 3.723583605612258566e-05 2.920504069216483113e-04 3.654844174800750997e-04 2.298805137459185700e-04 2.059895618723363189e-04 1.190732145469399638e-04
1.842731978899606325e-05 2.505191519264005691e-05 6.939670404546844750e-05 2.078086383963334907e-04 7.181173507335247928e-04 1.483942058670619825e-03 1.805166978889344992e-03 1.182562338882242863e-03 2.982503677832740630e-04 4.623331441378139686e-05
9.814324272319311255e-06 1.571439525595764877e-05 3.445331120156220413e-05 2.015095578277361222e-04 1.769753721167855896e-03 1.587945950992701149e-03 5.379326031420565615e-04 1.751041270147953922e-04 7.159717411731975024e-05 7.296628008445418738e-06
1.719834700582145031e-04 8.638424191808135688e-05 1.179217478430425223e-04 1.835376414284522106e-04 3.875894456070160541e-04 7.057981885937369753e-04 7.775916741100002451e-04 5.161635949019662689e-04 4.581547326497109780e-04 2.407048386655570094e-04
6.933854471883437582e-05 3.323444594817544852e-05 5.464111533085054274e-05 5.821449491652556989e-05 1.885585938049638515e-04 8.182117328556394583e-04 7.033248900904155070e-04 4.225145265717585551e-04 2.163690601112754693e-04 1.254701367128836656e-04
6.766251245721375250e-05 6.686614050849220409e-05 8.563505724775899897e-05 2.344587055229161278e-04 5.739064809058159328e-04 9.507131571549420034e-04 1.088916512127537746e-03 7.895100455295415032e-04 4.116852638179954033e-04 2.182687104712120317e-04
2.741646991481171667e-05 2.668554505645415672e-05 4.815827916769182740e-05 1.902696210736241336e-04 6.182054855444381325e-04 4.357111579520056717e-04 2.896825375414327345e-04 1.746687165917842042e-04 1.221264911190019008e-04 5.291361691263964513e-05
3.639521766523523202e-04 8.978819458761854323e-04 1.026734681085416864e-03 6.352883363787577677e-04 2.906329908830516950e-04 1.296336552223478517e-04 7.486074306308633357e-05 1.007125954022721436e-04 1.648873570195176909e-04 2.409769896637031523e-04
2.507562755256628143e-04 8.903640503055735515e-04 1.373930369206481997e-03 1.722876559144380024e-03 6.996698276463313377e-04 2.693381682043726735e-04 1.227642496733578675e-04 5.208582072318918498e-05 4.147793052987346107e-05 4.820430171026364653e-05
2.763677854848929139e-04 3.584214292679005660e-04 2.318622874271715787e-04 1.909771953006730925e-04 1.399380621637563347e-04 2.312550108966987528e-04 3.919806193761263941e-04 3.294505236245343148e-04 4.827523118349436927e-04 4.006665237267565045e-04
2.856117915467069369e-04 8.833271929139241961e-05 5.383144464423213264e-05 5.062218550694858559e-05 5.806282078329820778e-05 1.713291141973621097e-04 5.006466719237609789e-04 1.540588681102576319e-03 2.025425928265830056e-03 8.481510665885541199e-04
7.793704248449227919e-06 1.750143397445766847e-05 1.610208714550511334e-04 8.451349790214168767e-04 1.010644954948234416e-03 1.022595880188806663e-03 6.927700948621358292e-04 1.608754398284059216e-04 3.517717223971322024e-05 1.026230280237779425e-05
1.179783383898054625e-04 8.844636504992645803e-05 1.290175762524143721e-04 1.342001015191685422e-04 2.631117053917281104e-04 2.601227585346810312e-04 1.656521699759297536e-04 1.416741465421319710e-04 2.020155918409454702e-04 2.163944814126327282e-04
3.804049257140251143e-04 5.282962610134790985e-04 3.691257437812060999e-04 1.739884317776635111e-04 7.642212439089854977e-05 9.422976845714841428e-05 9.635966128435543003e-05 1.774332179749858599e-04 3.808070925991479555e-04 3.695211412042372556e-04
4.572050356143526374e-04 2.281038883983278656e-04 1.022234630145865648e-04 3.957284925293196867e-05 6.779861239146971847e-05 1.411605602223626240e-04 4.154200079857897675e-04 9.321905728185597879e-04 1.432264100223093646e-03 8.067687190787807029e-04
6.011560784901956141e-05 7.573802709499788865e-05 9.734096242662083377e-05 3.375381696300350275e-04 2.606556712329404228e-04 3.462439551526394206e-04 3.746858526981287755e-04 3.128039219451089672e-04 2.159793181375406035e-04 1.034749413720441379e-04
2.018375160083203679e-04 2.628528928796038003e-04 2.417550146200161270e-04 2.828733701678676584e-04 3.897264032028385913e-04 2.977170211670232894e-04 2.278667105715316446e-04 2.320963231598197540e-04 3.520628411084003140e-04 2.126177102828752006e-04
2.559744027391024426e-04 4.497307761397167513e-04 6.206609057296848123e-04 5.026945814227238045e-04 6.328502769590329787e-04 3.896259827816694107e-04 1.352512061042878213e-04 1.584868984746134210e-04 1.237679076847547741e-04 1.273993006938541116e-04
4.001922138346695958e-04 1.947867411544192920e-04 1.587918286281440243e-04 1.217041184999905672e-04 1.673633805960013192e-04 2.669813784264914885e-04 5.323336826245466920e-04 8.103932624165545960e-04 7.416212927528227769e-04 6.035883192606934658e-04
9.728816865643687367e-05 2.571272502126277504e-04 8.642871563118765697e-04 1.518243632239357939e-03 1.215452453374717655e-03 6.392533210192671584e-04 3.130290296377824500e-04 1.042871825549330974e-04 4.651813650645964356e-05 4.398136837880716550e-05
4.266788078189289878e-05 3.408944203007171011e-05 4.912080370453614112e-05 1.581875579456094275e-04 1.870532886551304103e-04 1.592352790197905377e-04 1.236022018169866522e-04 1.735517275664338909e-04 1.713947024982533411e-04 7.885327451578403170e-05
