-1.068669613522611961e+01
-1.091700485103234364e+01
-1.102974794339424491e+01
-1.079887480012659218e+01
-1.073288393172462563e+01
-1.086291398241763240e+01
-1.092100273381850251e+01
-1.056029087300613689e+01
-1.093017590450765830e+01
-1.047348343754680400e+01
-1.065449418253303904e+01
-1.087119733264717070e+01
-1.079998552799986555e+01
-1.117455456283012971e+01
-1.094086748112047403e+01
-1.046879016815284480e+01
-1.088024846383184219e+01
-1.097782441173546175e+01
-1.118157323918366330e+01
-1.071114171529602999e+01
-1.058797202821032712e+01
-1.095410855215145673e+01
-1.079857493876588137e+01
-1.090219017733563689e+01
-1.076110331574607315e+01
-1.108136842480656981e+01
-1.099017946187417039e+01
-1.081286343837813924e+01
-1.163144255926888349e+01
-1.118165171208629616e+01
-1.080601310351107713e+01
-1.082754932246824886e+01
-1.077624460444469712e+01
-1.090509400431686160e+01
-1.084327036032394531e+01
-1.128799683221920702e+01
-1.096345104417509120e+01
-1.097601166734728828e+01
-1.055438438256722300e+01
-1.079273594968337946e+01
-1.084005854578544614e+01
-1.069803959768576540e+01
-1.095394016542553750e+01
-1.102692880516737794e+01
-1.051658853232904178e+01
-1.050048045981627887e+01
-1.096502116819621975e+01
-1.085229529623117983e+01
-1.062748059871045037e+01
-1.088897162730806123e+01
-1.118143047912124821e+01
-1.083332636657631376e+01
-1.100817717050738942e+01
-1.052749123224224981e+01
-1.049756786650868001e+01
-1.082547565759641728e+01
-1.097266656520728034e+01
-1.083314513348203612e+01
-1.060387035388212063e+01
-1.113883497027170399e+01
-1.049680850863927795e+01
-1.078336934080515874e+01
-1.082278232031792520e+01
-1.036378454743944566e+01
-1.092872067282871029e+01
-1.091560806989799737e+01
-1.109269702373584465e+01
-1.121161456882785146e+01
-1.041064582415899409e+01
-1.051413821379076197e+01
-1.114029852121511333e+01
-1.105330763991766041e+01
-1.120972009315169338e+01
-1.094918923373760578e+01
-1.072623569682784606e+01
-1.111249169016435090e+01
-1.130291489214332046e+01
-1.046757852824089774e+01
-1.084942052203393281e+01
-1.124456145384087868e+01
-1.089190019355616279e+01
-1.062833274981590037e+01
-1.101329954054456550e+01
-1.081694999959494830e+01
-1.087526987642126919e+01
-1.062169795506821757e+01
-1.114647007364125741e+01
-1.063008682093241752e+01
-1.128843228326793557e+01
-1.107506711254131204e+01
-1.079817562927090790e+01
-1.076702297183544843e+01
-1.052182394087235018e+01
-1.051542762503186879e+01
-1.108973241696930856e+01
-1.100017512891453286e+01
-1.106574884236188794e+01
-1.073721896063976011e+01
-1.060965114185359859e+01
-1.080997448083374479e+01
