3.161934688294380791e-02 5.458350378196689251e-02 2.815391202056749531e-02 2.297737592987659366e-02 2.258341991721102282e-02 1.885206478358075408e-02 3.347543288873933154e-02 3.807588950015872165e-02 3.260760598204683058e-02 3.592641383787412851e-02
1.247301105396090258e-02 2.073977272035892189e-02 5.500864182931081842e-02 3.078267130885856129e-02 2.626986244785452229e-02 5.153728672004431743e-02 2.118299687089914354e-02 3.136958958126541408e-02 4.654387042319040046e-02 3.216221846295909403e-02
3.837164635956424874e-02 2.117798760636964775e-02 2.341367849111734151e-02 3.511080750187237781e-02 3.691811709854866258e-02 2.816629809772772455e-02 4.071176365577497402e-02 2.963209218405548143e-02 3.347551182228991618e-02 2.795718587162611748e-02
2.316431494236290134e-02 3.168834316926545658e-02 3.352270138328923565e-02 2.830087646889119929e-02 2.280419774300746286e-02 2.536349886729708999e-02 2.678737111953293643e-02 2.653453339557952650e-02 4.489216825106950165e-02 5.540053143997056978e-02
4.054417917969084517e-02 1.082430343079813194e-02 2.899610155623702501e-02 4.385889180443905411e-02 2.717427931990822054e-02 3.028186567778539534e-02 2.855377763895668164e-02 2.617225289730030699e-02 3.940090938911766649e-02 4.459671792021661918e-02
2.221113326591446849e-02 3.809201770969959655e-02 3.126293433464433225e-02 3.544302562385661520e-02 2.641782031272671416e-02 2.595147829941987783e-02 3.507538768500552406e-02 2.179080150976512101e-02 3.845132735061826401e-02 3.957317478492524548e-02
3.621121311446648394e-02 2.898197366930476554e-02 3.635814235672029521e-02 6.891010861636956419e-02 3.714614620045222915e-02 2.624699920886330168e-02 2.933530557619647844e-02 2.791977040193759779e-02 1.189994508388917890e-02 2.333622163876353933e-02
4.470409180179342468e-02 3.410434583496493172e-02 3.140441271904127751e-02 2.899960927266009500e-02 2.627221960947056720e-02 3.038879398971805132e-02 4.126454705527939082e-02 2.172543590144034725e-02 2.198347196612562837e-02 3.529598589768939004e-02
3.741899131651281463e-02 2.356683118668161103e-02 2.952315711429687531e-02 4.265239278758600067e-02 2.489755298528547114e-02 2.418410827802528959e-02 1.690685696290815387e-02 6.956685239849130786e-02 2.179236825607093475e-02 3.504628168843196973e-02
5.072946358214084489e-02 3.165962317637151247e-02 1.385616512614890050e-02 4.730406529855039205e-02 3.026498839567699078e-02 2.164087718830157853e-02 2.881084659846137180e-02 4.730144936454548643e-02 3.463045807875314575e-02 1.758413359681632732e-02
3.676536307275363874e-02 2.928877977070014002e-02 2.910699368220587627e-02 2.662870859829245124e-02 1.798272963076417291e-02 1.815066163342286126e-02 3.793870451592883108e-02 4.697914314192334906e-02 2.802243506768119924e-02 4.968691327934160462e-02
4.325762780474380620e-02 3.572073083484816891e-02 4.224733772724169334e-02 3.876210851143363501e-02 2.551709962936164755e-02 2.332834441620869337e-02 2.847215428332357939e-02 3.798857686619259988e-02 1.980169262216768117e-02 2.278595725952939355e-02
5.702926122319523089e-02 3.522883463057061015e-02 2.218338482464959904e-02 3.247573723536183177e-02 2.649186339428783593e-02 2.610868164561849780e-02 1.399717124094366355e-02 3.352985510443710904e-02 4.286130007416006499e-02 3.008282409633931953e-02
3.651390530728372552e-02 2.809441234969765194e-02 3.482899929915270198e-02 3.918608169913485179e-02 1.930199465354702493e-02 2.354146867340178861e-02 2.955454504110696656e-02 4.144983855016655394e-02 1.821458622364861835e-02 4.726470128600917392e-02
3.096029355183988960e-02 3.143009585549451368e-02 4.772638673491278599e-02 1.857889939443516103e-02 3.382281501322934730e-02 3.911323319095941914e-02 2.798041162060335707e-02 2.131804791055070744e-02 2.666785068282734317e-02 3.955177649731622669e-02
3.422004772936872857e-02 3.896866032494877147e-02 2.575412376440214951e-02 2.427922504892361666e-02 3.734204714656384066e-02 3.289024815776595695e-02 2.597397080943383840e-02 3.715163677777091888e-02 3.441986750473439299e-02 2.358728150258043027e-02
2.988418116825214757e-02 2.820598710238328422e-02 3.667867848912816087e-02 3.691422611431317835e-02 2.883769062924389573e-02 2.299252440841543718e-02 4.586595456808034710e-02 3.536660737137525823e-02 2.573293926316823355e-02 2.483299598499881869e-02
2.891718289771496100e-02 3.465529596448513328e-02 2.527854418780898713e-02 2.608770496454380222e-02 2.656114121707135386e-02 3.678105403256957950e-02 2.837557875522036741e-02 3.054280293187532080e-02 3.498444751087495530e-02 4.140767349430839184e-02
3.886189954929255425e-02 4.238266872431858262e-02 2.069171297288695602e-02 2.515977373066554529e-02 1.563519456281835251e-02 4.771979351533930935e-02 3.097999690168246403e-02 1.749167700378338741e-02 3.875794400999935801e-02 4.151646958699062306e-02
3.045208927646346833e-02 2.787412630790546408e-02 3.182029557449147367e-02 4.347973689655688923e-02 3.406273147100708637e-02 1.634047519445019914e-02 2.110716116899226391e-02 3.364377449008738863e-02 4.238807575710301645e-02 3.663239441816156655e-02
2.129626984703763756e-02 2.376314562071371247e-02 5.313358590215490340e-02 4.567382015296971021e-02 2.592113658102273774e-02 1.979355881926173760e-02 5.376356452445422984e-02 3.452461278122369998e-02 2.202835705391293503e-02 2.455018512229185934e-02
4.543799336626609675e-02 3.895899450940163572e-02 2.465660311867489893e-02 3.374010317842898038e-02 2.810018256397312300e-02 2.579764472053722169e-02 2.014884662325076153e-02 5.055873163344908050e-02 3.325438668010113202e-02 1.823239573578949724e-02
4.439416703463217040e-02 2.633613204754211429e-02 3.855105873032770025e-02 3.853404964229529411e-02 2.103252284898322888e-02 1.989575528228107459e-02 2.480661657512658186e-02 4.624383359080853906e-02 2.827831498853727171e-02 2.999470526410089044e-02
2.048509891252339385e-02 2.057603458153910506e-02 5.646177196221164457e-02 3.511402113745132336e-02 2.727905715370796194e-02 2.691205679703776929e-02 3.683404343428589578e-02 3.632190235645441079e-02 3.122820491568139775e-02 2.817747340448720217e-02
1.695647446131307023e-02 3.284285839428356668e-02 3.354969074680749785e-02 3.406614716639044110e-02 1.741469970983353446e-02 4.222920661416160182e-02 3.158593351091243395e-02 1.906603765835501035e-02 4.525180501859979443e-02 4.700280095386676071e-02
2.592517595755831905e-02 3.350204922946075498e-02 1.722563594964308595e-02 3.317737974559155367e-02 4.224466617333359764e-02 3.624591154526772552e-02 2.814312439210416364e-02 5.288846330217061159e-02 2.761634749849187220e-02 2.225748720159971203e-02
4.831111325317736377e-02 3.459490236660349438e-02 3.403876387879419679e-02 1.978835560098039445e-02 2.641722330243350195e-02 3.237543114042807507e-02 3.545875768145448359e-02 2.000641345780879155e-02 2.195080731983771460e-02 4.633646111557461478e-02
2.409237271909516268e-02 2.291953959899143897e-02 3.096315967974356750e-02 2.299189188813121135e-02 2.414216485772488138e-02 4.997995505344694778e-02 3.872618783832788847e-02 2.767353402064399309e-02 3.460876864813559883e-02 4.210210307585789818e-02
3.177000618709000662e-02 3.605579978373946864e-02 4.179510167573469159e-02 2.272794543888391472e-02 2.592521105021209499e-02 3.495078445237501108e-02 1.933748285325717631e-02 2.910011685365609946e-02 4.010833063690340261e-02 3.417831285667283225e-02
3.602779343300877707e-02 2.713963203421005527e-02 3.363722751143229106e-02 2.670754762036996188e-02 2.717693650529205349e-02 1.819848990835556263e-02 2.615913073880673026e-02 3.626750620983171247e-02 5.811225706293469268e-02 2.960965635012494795e-02
2.387831400663811485e-02 3.317084108062202941e-02 3.256760375749592762e-02 2.937129874476869518e-02 3.221481828765281052e-02 2.792296255360688512e-02 3.881737782154445066e-02 3.498767151679764431e-02 3.698154283771247497e-02 2.379008284856708524e-02
1.780174266321292789e-02 1.684121699422833421e-02 3.827732202566683228e-02 3.326937123106259858e-02 2.449334949375356688e-02 3.517877200161483031e-02 4.582205352291078559e-02 2.857523132661080045e-02 3.525613740349752001e-02 4.548516872702866587e-02
2.981825984574096658e-02 3.453909756922994567e-02 4.825118537496844717e-02 3.515076049605783681e-02 2.214558454478237487e-02 2.228888349107759417e-02 2.732147660928359312e-02 3.193620532563828246e-02 3.001195511701220536e-02 3.423278825296430933e-02
3.111298459586477744e-02 3.835908084449346500e-02 2.394510653315303633e-02 3.322627078631355813e-02 2.107081009667104154e-02 5.297181842217799086e-02 3.758390444833445421e-02 3.049513911209120534e-02 2.420731620692519875e-02 2.391558176999547536e-02
3.480151993099254298e-02 2.484292206856559410e-02 2.585259047658553314e-02 3.241595752431772337e-02 2.558283952527057314e-02 4.775652073479400017e-02 3.783178285825639087e-02 2.487841485707113082e-02 3.092226894147095603e-02 2.993877411178658132e-02
3.334156675044615270e-02 2.665817901477019261e-02 3.566884362999998836e-02 4.215480655713583352e-02 3.550624676660988494e-02 1.907367923344285843e-02 2.765290998395417837e-02 2.383585139916048062e-02 3.857713705719335862e-02 3.234171553296666390e-02
2.316523877828837244e-02 2.606950528977490522e-02 3.176874833615030841e-02 5.466955471034889991e-02 1.239261399381524562e-02 2.519257779075446263e-02 5.061921995362538007e-02 3.262918814363480885e-02 3.806427648520394058e-02 2.926739606613976835e-02
4.071304009274995250e-02 2.653416413787608105e-02 2.733090262025476141e-02 3.601841123541645734e-02 2.495070404976591771e-02 2.893135605209355699e-02 3.735216186865814025e-02 3.116068447747027959e-02 2.838021225213608473e-02 3.234725093475354640e-02
3.554317189736225929e-02 3.658730878973846801e-02 2.559956093883085371e-02 3.250805994679092925e-02 2.538538727371923709e-02 2.353677592236724792e-02 3.338118707521785244e-02 2.750067756468278085e-02 3.464544389960860782e-02 3.896994908186689893e-02
2.194221535053380093e-02 2.277025359290470868e-02 3.266321144978309721e-02 3.964249610596921880e-02 2.671704857342995301e-02 2.677799791226467135e-02 3.582510578591446143e-02 3.012058541220036939e-02 2.998436132500394841e-02 5.075337331267613938e-02
1.566278476949381146e-02 2.551311538303490528e-02 5.660638602537719499e-02 2.033846569527794634e-02 2.181318178271163255e-02 4.173823290173914180e-02 4.265377734242679214e-02 3.010127214523103389e-02 4.145067555148563426e-02 2.912617633712855092e-02
1.967567296024120768e-02 4.911745071635247040e-02 3.671336896304059488e-02 1.656471860027480467e-02 1.519182252363544990e-02 3.237196395206123900e-02 4.004420631912244954e-02 2.600314256516875200e-02 4.500977017253394996e-02 4.302213822474092175e-02
2.079893760942519432e-02 2.453674949728899476e-02 2.705422562536303685e-02 4.072407249576034255e-02 3.291190644161261225e-02 3.525210564315738038e-02 4.004793276085985565e-02 2.551915185915711037e-02 2.901222863024020132e-02 3.929796257606166243e-02
2.164566470938239506e-02 3.084462327675716042e-02 4.511422760187083769e-02 3.425335829030609625e-02 2.631750921604808849e-02 3.104826438695568874e-02 3.315048004403998994e-02 2.123081842626007090e-02 2.669556283852420053e-02 4.724441111936322768e-02
4.560664002777979620e-02 1.227722349993873134e-02 2.035159054466965933e-02 5.568907108069708761e-02 1.889626371295614893e-02 3.801303028751581992e-02 4.394306614296619728e-02 3.911181365912988483e-02 2.897889162818271386e-02 2.444700203057009052e-02
1.940521323819388577e-02 2.433409588774155391e-02 2.934192842013067307e-02 2.944695237692131207e-02 3.966587710518053311e-02 4.308167615765391006e-02 1.695136255718743962e-02 3.900120678357757442e-02 5.793154164390811045e-02 2.305881380895434887e-02
3.794855264264693911e-02 2.430408708919469529e-02 2.653215403929610680e-02 4.793645270441704298e-02 2.929344448093142150e-02 2.505585264029140669e-02 4.238544500050883679e-02 2.531603847698477711e-02 2.650910464983276954e-02 3.138217692509345791e-02
2.202625845870798127e-02 2.561321090749084373e-02 4.195899428177961993e-02 4.088423844291585313e-02 2.330012875244672627e-02 3.254220981602872625e-02 3.411186003910492148e-02 3.465075263824051593e-02 2.693508223125101048e-02 3.322592447961961876e-02
4.221016623713344518e-02 3.286882822774284119e-02 2.510815312011074538e-02 1.627081919476545957e-02 4.258617133555139128e-02 2.584498878546120232e-02 3.935383930778498657e-02 3.530048123017789918e-02 2.616808643988527069e-02 3.063483797142441817e-02
1.949289135039003473e-02 2.811653200716270409e-02 3.358232754997535902e-02 3.073222307653266511e-02 7.179320902270763805e-02 4.028831923043892094e-02 2.489647256221476715e-02 2.332037118619601293e-02 2.754275810726423968e-02 2.478568894882114682e-02
2.721571377127061236e-02 1.446218595900370697e-02 4.913279140674124690e-02 2.760515232362144300e-02 3.928622059825418594e-02 2.574931029868030019e-02 2.085291193837687795e-02 3.245588998539638420e-02 4.158036715433290065e-02 4.176614553126133111e-02
3.709334448957080782e-02 5.009017536159950795e-02 2.006285133196784518e-02 2.857735510050440908e-02 2.167148779993238392e-02 3.490943037900608170e-02 2.608266499760223886e-02 2.957966005768254691e-02 3.150849885465750733e-02 3.594500907778949012e-02
1.652554764445754790e-02 2.938072589408534038e-02 2.859856948192409515e-02 2.417158454856041180e-02 2.913136880621979702e-02 3.870919882804048362e-02 4.881587138185253943e-02 2.867544780351891087e-02 4.236886500713225173e-02 3.146552535930252636e-02
2.850993108043099397e-02 2.457472220834058113e-02 3.352846400294187679e-02 3.670948110909075940e-02 2.857234399646960132e-02 2.729796982543795589e-02 2.434646144380172433e-02 4.254962937578925242e-02 2.851591212369270281e-02 3.978189005821974877e-02
2.523125347716253380e-02 4.118080468417944368e-02 4.997255180237969441e-02 2.787294008565835424e-02 2.276237780956735790e-02 2.747867057387266831e-02 4.282598651014700442e-02 2.880451771323623567e-02 2.241930439386320348e-02 2.902117906074508369e-02
2.805494655368085885e-02 2.815365161141403921e-02 2.688530400715645127e-02 1.902927298755451024e-02 2.003007773796867258e-02 3.879699719669640889e-02 5.292324780359985992e-02 2.346874986083077180e-02 4.631192762859606682e-02 3.704977102689403085e-02
4.423436194403686933e-02 2.076439502093491846e-02 3.935951365578520267e-02 3.953597543243436707e-02 2.214629907704577377e-02 2.163608153474104456e-02 4.744545806997391146e-02 4.712464099386098892e-02 2.030888509351283511e-02 2.049644062940434580e-02
2.498117306918237399e-02 2.755535894214853482e-02 3.805287947575930474e-02 1.852412402639933703e-02 3.811195141504137435e-02 2.312725018287239281e-02 3.495607009104931273e-02 3.836273092586414690e-02 3.290454175337813314e-02 3.746688893514454194e-02
3.532342972542994175e-02 2.484920559934232845e-02 2.507001836964371094e-02 3.119843248800689695e-02 3.771877206049307346e-02 2.758689955087467380e-02 1.966896481561639792e-02 5.378423707282249666e-02 2.923249408012299974e-02 3.333387501841632294e-02
2.060064031957020356e-02 5.632998459538795383e-02 2.780582132765995265e-02 2.673089312160528003e-02 4.389316526059621609e-02 2.836343824953678483e-02 2.867108885066864746e-02 2.619207399293655911e-02 2.605244716887932660e-02 3.356701873431298250e-02
4.322976541164414571e-02 3.086017151717670645e-02 1.346949498577226442e-02 2.560964706037441307e-02 4.688954383967674361e-02 2.138484832923917903e-02 3.288566475197863409e-02 4.227987438472002868e-02 3.445978007292609807e-02 3.019968954277933715e-02
2.832811951536790690e-02 5.135726991540678910e-02 2.896171598999236485e-02 2.305525779866994876e-02 3.390286985688803489e-02 2.321207825855999690e-02 3.094115843627301757e-02 4.158647454340751171e-02 2.204468707964578333e-02 3.315947989292991616e-02
3.384414394369411605e-02 2.554037046854195497e-02 2.889023727189123092e-02 2.677337563286099481e-02 1.798468553429898378e-02 2.991399769126483477e-02 4.577287416075893900e-02 3.289296391601814751e-02 3.373192110614399442e-02 4.132956168316118811e-02
4.601926747164235970e-02 3.857954339089730150e-02 2.147521738168317942e-02 5.554871739237206285e-02 5.042630470962140149e-02 2.445341148839674100e-02 1.817242852450762572e-02 2.407792431822990131e-02 2.270731335768786524e-02 2.302194154578212845e-02
1.919754066203985948e-02 3.067876105695635167e-02 3.024900517093366895e-02 3.952579617547697516e-02 3.783430558282711159e-02 3.018564338539997394e-02 3.093522913272894054e-02 3.495962633068987885e-02 4.447726837528262478e-02 1.923247253652392297e-02
3.643211575658835549e-02 1.986638812141091476e-02 3.324735171650886056e-02 1.851378516359193302e-02 2.402215190417053559e-02 6.541303169402531981e-02 3.739495895978472290e-02 3.737224460160319672e-02 2.161095537843050335e-02 2.957133049129009525e-02
2.541813352972246629e-02 3.066076132476616353e-02 3.352201527871514347e-02 2.520929014286325126e-02 4.337878987055952817e-02 3.621273901145387331e-02 1.743751000306582172e-02 3.327010165276807901e-02 5.130161354849638311e-02 2.253608636895299694e-02
2.632766099101689281e-02 4.505821582971733519e-02 2.889386288536049952e-02 2.817492893563728826e-02 4.918296474970197674e-02 2.558260392899726343e-02 4.642503902769885837e-02 2.900188665648964839e-02 2.335304938317373999e-02 1.812250161200458856e-02
3.108385921010183711e-02 2.483664581027254792e-02 3.220921928118167243e-02 3.222655617103240000e-02 3.229037442686779474e-02 3.130680056155008689e-02 2.536112024338763732e-02 3.012303295710177381e-02 3.605680682231753031e-02 3.730266951263717934e-02
5.951082010893791324e-02 3.074289057685681420e-02 2.254078398032232852e-02 6.389312866560861726e-02 2.656263672915777641e-02 3.322633964807029244e-02 4.603455894858706626e-02 2.832275429089142760e-02 8.254449461448494507e-03 1.912261333141450012e-02
2.806447388884202379e-02 2.660859544053908315e-02 7.076871005788372415e-02 2.706607928659520920e-02 1.657602464502524325e-02 4.876409016780782618e-02 2.556990033099713205e-02 1.631235300143205752e-02 1.993194786798747203e-02 5.519108480831091956e-02
1.790281246214450034e-02 2.433823040278102964e-02 2.883801207933634966e-02 3.570766849539198928e-02 2.969884167858556634e-02 1.876626710239720844e-02 3.190164527592697502e-02 4.969382661477707991e-02 3.468075218439473084e-02 4.832169154483025031e-02
2.308050515250675838e-02 2.286428045400444586e-02 4.366426803882698937e-02 3.714509174572434846e-02 2.619451742633029448e-02 2.216199448692281887e-02 2.382875833768678675e-02 4.428211147619439542e-02 4.688885834255256818e-02 2.845971681059115271e-02
2.659816323297658006e-02 4.747271636034761100e-02 3.955578048317913431e-02 4.037842878840566113e-02 3.155345027153051707e-02 3.392436907447529681e-02 2.701486751313345730e-02 2.421368140261944552e-02 2.073734996228846980e-02 2.534185117972567389e-02
2.907636060828894947e-02 2.749215470419453730e-02 3.663409605894847598e-02 3.078098587047633020e-02 2.780308806476617517e-02 4.762773175539226911e-02 2.060493873513050828e-02 2.095962746911438079e-02 4.882291884622526335e-02 2.917538005805751788e-02
3.280187689064954781e-02 3.242593494997582371e-02 3.255611214397112485e-02 4.766267158698828110e-02 2.185521196564856050e-02 1.656802648968486516e-02 2.876559375788889650e-02 3.881429185463912412e-02 3.775526242205463900e-02 2.902977305987503726e-02
2.610217240902456062e-02 3.632172470993304259e-02 2.590372419107083574e-02 3.983032805337848037e-02 3.068122750673620697e-02 3.702011153863379866e-02 5.446656075469919617e-02 3.452024079666819040e-02 1.579166616190037092e-02 1.975253531986063266e-02
2.410272252077924268e-02 2.730106243775637723e-02 3.309328784081073949e-02 4.488764551925596147e-02 2.457089469131101822e-02 4.796649430181563339e-02 2.600655336839939602e-02 1.666483571176811951e-02 2.782915945722959014e-02 4.918521996421163639e-02
2.432990200658032703e-02 3.484167924013245599e-02 2.041206893957762253e-02 2.390798497431220401e-02 3.210472987191675953e-02 3.381086530835580861e-02 3.429650463808394528e-02 3.044993789909120757e-02 3.529092170740086298e-02 4.560452770729310490e-02
5.343463696227202658e-02 1.744351573109438613e-02 1.793265198223370493e-02 2.342837858788677716e-02 2.452574774495834900e-02 6.154527413290740434e-02 3.853418464910248614e-02 2.339284713199322324e-02 3.316038548820552517e-02 3.340951543996509288e-02
1.752590288811300620e-02 2.756150828231329966e-02 3.391702078102978857e-02 2.895996078771644749e-02 3.632754007542227104e-02 3.681261029539605739e-02 3.552918355650900445e-02 4.177381134909344262e-02 3.706731207138662387e-02 2.137146103829944480e-02
3.432627749439721293e-02 2.961471295276674534e-02 1.701518831285517980e-02 2.465138331721380277e-02 6.831985051277812693e-02 4.014676774034781070e-02 2.556659629109347270e-02 2.688475560652910448e-02 4.511198425846986437e-02 1.548696034320222285e-02
3.607550860946620586e-02 2.156504674186736012e-02 2.850961108902030916e-02 2.884855218853041650e-02 3.291864348773536342e-02 3.880538104063117194e-02 3.639507109334715051e-02 2.518233442249687495e-02 3.518871653814756306e-02 3.008489316870624486e-02
3.726900456149635776e-02 2.399407305017565648e-02 3.303928609073049361e-02 1.602246942454432777e-02 2.653960966010409511e-02 5.881500256261552179e-02 3.284737266992410892e-02 2.858147530181654947e-02 2.839858810568813771e-02 3.419292482065184463e-02
2.154289003696697666e-02 2.637635912051331313e-02 2.497420223032344178e-02 3.327722913176517361e-02 3.534984785373425364e-02 3.434524997142203440e-02 3.613065487358446681e-02 3.327487697760937724e-02 3.029325266528250932e-02 3.787005761268599086e-02
2.674155044388173280e-02 1.944138768636486519e-02 2.047125832437802356e-02 3.583954041327665208e-02 5.665729476604498827e-02 2.863086927912875113e-02 2.713473918904985016e-02 2.758484291101679503e-02 4.027283326697427002e-02 3.725753431681530503e-02
2.269661055505060865e-02 4.179147587130601499e-02 3.923005138835338607e-02 3.288356071477673004e-02 3.238386604254361867e-02 2.815213712870538731e-02 2.185027377557640510e-02 3.236777577943926454e-02 3.696655847915607945e-02 2.689361288963985561e-02
3.574545553362862976e-02 4.046968690816556136e-02 2.900884816173468495e-02 4.650663994827065884e-02 3.212780196860309800e-02 2.635531120063309279e-02 3.270596516727711234e-02 3.078110877268651346e-02 2.594354150543613097e-02 1.677599482279020643e-02
2.108178043265230769e-02 3.956952842189279812e-02 3.336913204633323859e-02 2.988538641163830667e-02 1.966438322451218371e-02 3.349560984269483316e-02 4.237136907423689342e-02 2.271143441256616782e-02 3.990802690855039386e-02 3.417844492577494508e-02
2.931198735841697781e-02 2.307764623062879411e-02 3.026201682168885160e-02 3.403339810728410464e-02 2.209903570258717892e-02 2.824978224859654025e-02 2.957159447073913483e-02 4.025818840730610582e-02 4.554402944786631324e-02 3.256097079005828426e-02
1.723254140376674279e-02 1.811938203580292298e-02 3.851048753114993950e-02 5.097818075015171646e-02 2.692813689581437242e-02 3.286486337483836284e-02 4.678366238129086363e-02 3.286557155894141713e-02 3.193463463229862659e-02 2.494794294394659523e-02
2.640764800308052773e-02 2.219184480034786314e-02 3.469829749646446970e-02 2.485020182886909026e-02 4.340099678331450772e-02 4.160320262544078829e-02 2.305444100581656094e-02 1.903420138111983420e-02 3.662025618288481527e-02 4.753133168087008559e-02
2.218746786907955376e-02 4.037036521881315343e-02 4.059450314066086196e-02 3.078328981715806878e-02 1.974505164087848874e-02 3.315650914640805302e-02 2.642844362319337476e-02 3.159639607288829144e-02 4.543659851130803229e-02 2.660709725521848493e-02
2.832183727353178998e-02 3.467191570047352400e-02 3.504638890627091719e-02 1.779199062907549367e-02 2.812420793215052867e-02 2.987510242791011766e-02 3.221555994860495625e-02 3.469793312844288158e-02 4.609238223502935133e-02 2.864128887708142918e-02
2.180364200036416858e-02 2.588245161097283212e-02 2.403025682635350282e-02 5.263769265220091809e-02 2.073527525981884445e-02 2.914611791396782420e-02 3.651888937446216843e-02 3.515720373358064560e-02 3.986528387922372990e-02 3.204020503772478379e-02
2.562267317797349911e-02 3.869451171420098395e-02 2.828154741586665771e-02 2.816911428931730133e-02 4.344845514619728039e-02 3.221488807003618227e-02 2.194661620592126480e-02 2.544910345574467186e-02 4.860594168989983838e-02 2.532359530876590603e-02
3.264670258725649310e-02 3.847223203288748644e-02 3.425884959704500465e-02 2.127171333337803116e-02 4.263169768569083362e-02 3.972610222194909724e-02 1.691058212327221921e-02 3.612898398260418198e-02 3.211546691988070856e-02 2.274982452531812763e-02
3.503063857102629158e-02 2.621821645428177791e-02 3.243190708389364491e-02 2.668789232811592804e-02 2.873088937347525323e-02 2.842500641250711446e-02 3.503176067047289455e-02 3.716882007661387322e-02 3.012952735888312431e-02 3.264628788081655464e-02
2.948216461086434342e-02 2.816383447232055637e-02 3.781620194978436988e-02 4.120854833485398244e-02 3.366785353595717900e-02 2.887667208675456093e-02 3.552094745912855178e-02 3.111523905345940991e-02 2.467243211637568795e-02 2.351142246173537273e-02
2.508305029736783084e-02 1.853287637262775872e-02 2.267456625936953643e-02 5.143957301627343631e-02 3.854950424591732649e-02 2.730883582230231310e-02 1.951666589962315276e-02 3.540759177535117430e-02 4.890224097601830744e-02 3.432533649692633831e-02
