-3.808975495588915905e+00
-3.953548708859175420e+00
-3.874127915394654398e+00
-3.883924974312221501e+00
-3.917026495255357510e+00
-3.932318340662954714e+00
-3.822226990321246465e+00
-3.848191046188500941e+00
-3.805239232385865478e+00
-3.911479475496148162e+00
-3.899099283390855319e+00
-3.943244404419870008e+00
-3.857933388490533133e+00
-3.871917712804626710e+00
-3.892666534219846763e+00
-3.943036788535975834e+00
-3.878454765551234473e+00
-3.865003078848062934e+00
-3.879387499116447202e+00
-3.890257282292358898e+00
-3.868427077655836044e+00
-3.965811624506461186e+00
-3.859197540038073804e+00
-4.025176594378113037e+00
-4.012586700542687623e+00
-3.830376506161963679e+00
-3.960064482576657330e+00
-3.865558597939362961e+00
-3.873970157682436355e+00
-3.975145496096937237e+00
-3.924344678697050171e+00
-3.880629853776402793e+00
-3.800641962453468636e+00
-3.904456797117390465e+00
-3.868401180291451524e+00
-3.898764658221080204e+00
-3.914024081249524833e+00
-3.800323426668662297e+00
-3.892949050925295307e+00
-3.884660089580841635e+00
-3.810652821586981709e+00
-3.946644525181982388e+00
-3.953575869410999033e+00
-3.892388922697358034e+00
-3.843344049555966979e+00
-3.803904495118113349e+00
-3.930180485023953008e+00
-3.848440617407926645e+00
-3.879682650748012662e+00
-3.935719709389627674e+00
-3.840201165339792944e+00
-3.828460456051447025e+00
-3.914966660088897932e+00
-3.802735965909921134e+00
-3.909575655766089675e+00
-3.959191551755322003e+00
-3.900934529993977051e+00
-3.857582155885919128e+00
-3.866247013605318195e+00
-3.951000932954396028e+00
-3.985323283444027531e+00
-3.880157031565806491e+00
-3.889538510891922041e+00
-4.045974320174815730e+00
-3.777646765677690421e+00
-3.916063936837275605e+00
-3.926557471325830662e+00
-3.938037854230834967e+00
-3.861534546516869337e+00
-3.894436244222958532e+00
-3.855293424712314287e+00
-3.924647964156999791e+00
-3.909933257378532367e+00
-3.897185890679446985e+00
-3.970208043988176616e+00
-3.856554184758377524e+00
-3.887147878590683447e+00
-3.757573147859404550e+00
-3.910695368484690349e+00
-3.940043976674004078e+00
-3.921351138660084779e+00
-3.867143611194895580e+00
-3.824691241534241115e+00
-3.898918726717427674e+00
-3.966179340842411527e+00
-3.917837598554100964e+00
-3.799466088918777906e+00
-3.967008169101447379e+00
-3.865678861593798477e+00
-3.906200738818462082e+00
-3.915503191886632095e+00
-3.875805201693217850e+00
-3.806266982413152533e+00
-4.028441658316655349e+00
-3.764480272179966391e+00
-3.873703450163422435e+00
-4.025413017093094403e+00
-4.027871050568506028e+00
-3.801201209226495958e+00
-3.852934189868352455e+00
