4.974036828723616896e-03 7.169233648660928472e-03 4.040588511788528563e-03 2.124299281874235824e-03 1.697682563199577957e-03 2.000650214255442899e-03 3.847657172650673259e-03 5.159796526682405501e-03 4.517326142417813981e-03 4.176948617941001959e-03
1.246712337285501042e-03 2.144317031169358512e-03 5.699981004025944306e-03 4.579512226624399794e-03 3.588611196100431697e-03 4.765118974617429774e-03 2.900973085415137469e-03 4.349316045129707035e-03 6.797889489305552341e-03 3.669144560062898887e-03
3.989446585784876126e-03 2.346676642011828913e-03 2.489135498983829908e-03 3.928805644472973743e-03 4.719062195097468125e-03 4.062202269101820688e-03 4.692696727550363378e-03 3.986810368157740758e-03 4.009234815016406335e-03 3.969855208536589471e-03
3.377968990661304582e-03 3.402931533145577697e-03 4.020508500799580519e-03 3.487610963960925334e-03 2.505386706566269106e-03 2.310941172365639940e-03 2.526716578771922780e-03 3.493505966585224668e-03 7.272844692444222284e-03 7.871237506898469058e-03
4.312457049599054473e-03 1.259425866956905352e-03 2.471768544875823769e-03 4.899522570224693757e-03 4.360424528332761118e-03 3.186588402609517520e-03 2.589075134350338290e-03 2.952053777528489131e-03 5.777977953790851967e-03 7.716439590326206605e-03
3.089038654301124245e-03 4.189809464132356748e-03 4.523717177766347665e-03 4.197674486351581601e-03 3.070184269132195803e-03 2.877381578777935336e-03 3.312741314336413792e-03 3.072112277479208987e-03 4.475923723443196549e-03 4.439894412640370443e-03
3.483071824086056249e-03 3.811645378109093305e-03 5.962528262381794168e-03 1.091194618035554176e-02 6.080774070670847374e-03 3.299889610033100718e-03 2.892598936048360915e-03 2.231237336664308474e-03 1.318174361559528275e-03 2.121167149647843354e-03
6.663187525580179307e-03 5.053860491205594725e-03 3.622424166329818798e-03 2.986006959747310521e-03 3.111416322965391938e-03 4.246634483838897765e-03 4.637555224470274635e-03 2.474754753874819357e-03 2.282288724801055050e-03 4.402858930119724241e-03
3.487903324292644484e-03 2.738979785867662504e-03 3.513188703710503485e-03 5.161196063488429631e-03 3.165793502043400855e-03 2.111198561321752862e-03 2.511138676548338618e-03 6.686093532399394260e-03 3.656936997676178604e-03 3.374494275176245957e-03
4.359792096528650011e-03 3.034456547463975674e-03 2.006605503645478468e-03 4.376359988973880025e-03 3.709851968103485085e-03 2.577021584200098105e-03 3.936107090035148061e-03 6.393082218464294850e-03 4.226977447473244907e-03 2.669612973828840510e-03
5.335137955741728159e-03 3.922380959686513902e-03 3.303961962302971039e-03 2.364856193037293431e-03 1.553843186070986157e-03 1.965051718260651687e-03 4.715129772097181524e-03 6.321646810001441130e-03 4.628605984779512322e-03 6.260198232275660316e-03
4.801422532144563292e-03 5.807417498307205009e-03 6.166854562017373871e-03 4.911396554640436174e-03 2.842913576115409582e-03 2.602753120753835935e-03 3.590205850888058756e-03 3.925254169701390509e-03 2.249557991169571017e-03 2.445925263580587747e-03
7.415739008155459132e-03 4.658851922356695673e-03 2.756974806681107039e-03 3.630746724674597473e-03 3.248281566381998157e-03 2.426766112707678599e-03 1.628376645936992217e-03 3.267720552566806547e-03 4.886086646435898288e-03 5.242400443929103038e-03
4.794467766924576102e-03 3.769643900253732277e-03 4.428196232405994318e-03 4.261199315228007128e-03 2.242642231259994214e-03 2.428807853933981960e-03 3.510569954877128598e-03 4.393228776769185322e-03 2.985564137454683499e-03 5.126809678359649236e-03
4.227346623296358852e-03 4.434662861461051604e-03 4.832669113835324354e-03 2.651275291848303149e-03 3.857132307843702014e-03 4.995522603002693421e-03 3.457256247812236574e-03 2.246918764047421777e-03 2.933442861671188041e-03 4.454337554256404715e-03
4.292170338460085145e-03 4.758801140405947289e-03 3.175399908784221677e-03 2.921162992544295168e-03 4.204616031441174746e-03 4.116807119839524694e-03 3.572831211435523874e-03 4.386158007840885303e-03 3.978720632827353713e-03 3.101976159386234892e-03
2.994955463369687338e-03 3.698167501525890296e-03 5.093963966148791142e-03 4.717650580923448550e-03 3.174804487512072632e-03 3.043888511411971601e-03 5.752501580132135181e-03 5.099441016532582291e-03 3.052361853778636294e-03 2.476427398254772705e-03
4.193246903149771415e-03 3.803252009898873843e-03 2.812330630270083991e-03 2.765201123453593819e-03 3.256590412862985298e-03 4.278206720502602568e-03 3.620980422981028447e-03 3.679073784014618136e-03 4.682592307334150494e-03 5.416997361984742312e-03
6.193629392844754965e-03 5.109703443228621501e-03 2.412462627144103776e-03 2.150604304710371055e-03 2.383016070067436182e-03 4.869877868374016677e-03 3.290314716171523039e-03 2.039959752636304018e-03 3.944669891873024692e-03 6.028495252167731175e-03
3.391850733214816626e-03 3.039148901100360324e-03 4.554215555654851470e-03 6.424557121552772199e-03 3.960777640811512755e-03 1.593972090196404305e-03 1.853336123820413040e-03 4.077298953084866270e-03 6.618555401141521834e-03 5.273947198563203390e-03
1.662923289505942835e-03 3.054726020202206890e-03 8.513567196811466092e-03 7.446101516158225644e-03 2.882503780286354428e-03 2.506885213913449383e-03 6.305834279412806005e-03 5.344474159453115741e-03 2.559425473344325696e-03 1.702451840441204485e-03
4.995975305979475853e-03 5.264615162955362145e-03 3.516972775693100618e-03 3.720367021315952941e-03 3.089601009407680343e-03 2.631407574364780667e-03 3.042373053960769139e-03 5.687392633195449514e-03 3.859003523347947183e-03 2.472749327559074697e-03
4.782674018225156407e-03 3.983410134667985693e-03 5.064937269967219845e-03 4.621869364086691155e-03 2.291645493483557110e-03 1.866448152116064688e-03 3.057471973164334680e-03 5.467132286863060631e-03 4.033466130185145958e-03 3.749938084340943920e-03
1.748853580962442516e-03 2.665715962349117420e-03 7.315002103563234513e-03 5.741008823197988643e-03 3.113184680608409218e-03 2.984179035866056651e-03 4.497348177503189201e-03 5.253297523079898494e-03 4.171789484020499428e-03 2.542894258430320083e-03
2.505502061209859826e-03 3.592227807648617609e-03 4.517159424323645422e-03 3.973519432145273568e-03 2.600428200421047061e-03 3.818889954297527509e-03 3.074481534622135193e-03 2.646080914192082585e-03 5.485763849066866565e-03 5.603053309263714664e-03
2.553538202047208987e-03 2.970702725142497676e-03 2.237334304590722547e-03 3.911226183010483790e-03 5.738627076470494484e-03 4.840581138022814582e-03 4.351871436374480165e-03 6.287953066273600095e-03 3.682490938299281223e-03 2.449781060901214894e-03
8.105759361831794269e-03 5.182764475994050893e-03 3.315636547505287045e-03 2.069941631076725221e-03 2.960610577807141781e-03 4.423916213338029493e-03 4.019825754156419045e-03 2.071483899295375845e-03 2.388030495190560619e-03 6.169046206820604991e-03
3.126780299043296647e-03 2.464544064529501036e-03 2.569733283472481859e-03 2.351091359843939833e-03 3.271603812485335619e-03 6.698310027449744589e-03 5.753668040158107719e-03 3.686647265565067260e-03 4.564270270947850573e-03 5.097864739645107876e-03
4.209002985958466662e-03 5.057710424786810745e-03 4.945152652956681313e-03 2.931981613532834950e-03 2.732329714232400140e-03 3.044894680062058996e-03 2.383290867782902542e-03 3.357716709741438536e-03 5.041690195450072506e-03 4.765276453125884618e-03
3.788126753778762665e-03 3.471413843969560920e-03 4.032084072412185638e-03 3.230020234260398953e-03 2.467780598464205857e-03 1.687806024335444929e-03 2.637160156182660493e-03 5.630096172712517263e-03 8.397328119968280880e-03 4.661451489151703133e-03
2.537530712152010620e-03 3.693562149603219630e-03 4.276621395597825746e-03 3.746750984440701347e-03 3.513622212840109785e-03 3.561177207979510356e-03 4.980911849995843868e-03 5.350496459979189878e-03 4.367920671427581031e-03 2.602233786168911024e-03
1.961324827446541373e-03 1.763320433356810584e-03 3.738929629585956062e-03 4.259595374810583313e-03 3.344360938699299061e-03 4.522915942821666840e-03 5.731315429876802404e-03 4.274299021553235392e-03 5.045405312162585046e-03 4.753441544557367691e-03
3.613968866061494610e-03 5.000197526767441794e-03 7.214432893337356135e-03 4.803825123818408066e-03 2.335853187942240478e-03 2.065159087929292325e-03 2.867131624912705977e-03 3.954158324916346584e-03 4.079875348587309360e-03 3.927201372164466735e-03
3.631813587238724890e-03 4.662971259818917379e-03 3.268478188163958381e-03 3.073241113384505771e-03 3.086762852862824473e-03 6.722378566607397493e-03 5.988071480248062864e-03 3.464602572488620531e-03 2.215722803009616097e-03 2.408677557764383852e-03
4.072520329076595447e-03 2.944719038206914351e-03 2.673814344776414935e-03 3.164577127893317479e-03 3.833948477389517891e-03 6.322782908853017032e-03 5.112306837069644991e-03 3.067589213326153089e-03 3.351808708200587107e-03 3.958233543949736186e-03
3.713760732553761986e-03 3.174923234885760216e-03 4.764108191094585873e-03 6.166610769204607448e-03 4.366955109259146491e-03 2.137487152347016493e-03 2.383391973993857684e-03 2.977194190463174593e-03 4.874527169719517113e-03 4.549846764988512392e-03
2.152276297449413033e-03 2.943519006616233946e-03 5.273644894195494634e-03 5.532715905470195900e-03 1.511559295765859930e-03 2.163644879876332108e-03 5.502965603185692653e-03 5.841732165323767351e-03 4.469532153008147837e-03 2.895639290804537334e-03
4.918315441604552765e-03 3.456568194692876544e-03 3.221761856348257132e-03 3.689969669665977593e-03 3.123141631801083090e-03 3.556274342544173475e-03 4.526804734045142969e-03 3.975475726824918843e-03 3.493047484084587078e-03 4.307618677751246655e-03
5.092412526183124136e-03 4.433351227085644865e-03 3.366137235979017525e-03 3.305699315495302677e-03 2.763123400394088686e-03 2.710352279736830128e-03 3.407840728067895123e-03 3.538589469441970510e-03 4.412980800459625173e-03 5.291131323498963861e-03
2.769826305889112189e-03 2.389061510831470923e-03 3.994620451519889995e-03 5.167028841586759208e-03 3.490606326398949799e-03 3.078861894667509792e-03 3.725597715733073266e-03 3.740580157579016969e-03 4.585851748322294918e-03 5.699672460420677524e-03
1.670683073147672011e-03 3.200332468787103063e-03 5.927329703909280968e-03 2.863642398033308147e-03 2.416901339211423652e-03 5.015233489093143607e-03 6.238864132999987107e-03 4.899121276894165787e-03 4.830652066036525590e-03 2.760482918839659173e-03
3.233850736690280746e-03 6.231652186455736118e-03 4.644187704853638271e-03 1.744471543527314561e-03 1.434996374864858353e-03 3.169215892928081268e-03 4.824926648892793012e-03 4.270899373445912958e-03 5.698581518119235322e-03 4.889051597686723191e-03
2.568258191837206189e-03 2.435460456465556728e-03 3.282504747166765414e-03 5.107580504611501475e-03 4.760667031181642014e-03 4.799671155470934883e-03 4.599716129442255746e-03 3.262359262202217235e-03 3.566283737052222593e-03 4.148406677065151656e-03
3.008566911720152778e-03 3.773708893237506280e-03 5.991052626303327092e-03 4.857369341424764599e-03 3.346303271084374691e-03 3.531527419946212370e-03 3.297320685599663698e-03 2.502292347237995013e-03 3.321456660447805360e-03 4.753873613195600673e-03
3.152999267630788270e-03 1.295980318861554527e-03 1.751927820240391795e-03 3.868003596573156826e-03 2.967796500050172686e-03 4.296889578197463783e-03 6.431330793956703193e-03 5.297583007379256734e-03 3.359050754279618509e-03 3.118373717250713488e-03
1.730558983988696826e-03 1.970941224668487732e-03 3.024371639601019374e-03 4.298359016385703418e-03 5.804577376087881324e-03 4.663113393404265741e-03 2.296955700320006677e-03 5.312679013889284527e-03 8.369742596886182301e-03 3.421840558262368836e-03
4.356138264190294491e-03 2.919784707534674000e-03 3.463250175969880343e-03 5.421847175073401560e-03 3.908754212781053589e-03 3.247954243141810016e-03 4.373254652717239663e-03 3.264075873663391161e-03 3.115693703129761120e-03 4.044898704115037873e-03
2.299445683435305532e-03 3.134647267064276030e-03 5.719066733784615615e-03 5.477537183917809138e-03 3.078082545943238747e-03 3.549522696281060419e-03 4.406751144610663272e-03 4.550256732407837422e-03 3.595686797317306643e-03 3.164858873090047302e-03
5.919870499875972900e-03 4.305487495539240053e-03 2.388228259437929525e-03 1.863025250908446721e-03 3.941264003059804892e-03 4.115447418940720165e-03 4.848045875613311503e-03 3.954854075848890371e-03 2.946370345497010580e-03 3.829135278045540589e-03
2.194515997571189897e-03 2.705237854352197154e-03 3.418414211793739492e-03 5.197815349376476261e-03 1.126969167319033863e-02 6.788724113586174641e-03 2.813950165347337776e-03 2.368682618325936885e-03 2.629158173222483161e-03 2.473161718233312430e-03
2.457662900009386676e-03 1.649948987341421551e-03 4.666645403663982963e-03 5.019343975706576193e-03 4.276591677855670626e-03 2.280604930697326810e-03 1.868829470370777721e-03 3.558850245187581730e-03 6.819916368856271567e-03 5.702825414616918831e-03
5.870364569111047662e-03 6.098266838650068418e-03 2.777517568350072047e-03 2.593394463227736719e-03 2.628969479036521485e-03 3.789795159104298629e-03 3.207328986370519726e-03 3.228108582475875191e-03 3.566732023176862748e-03 4.557621906007445697e-03
1.998788864607688436e-03 2.656008966189666969e-03 2.969855664912405928e-03 2.836662884028971765e-03 3.508392340429538660e-03 5.682716321505827152e-03 6.623612130481204910e-03 4.639691767616806531e-03 4.763996237129254109e-03 3.287142468694164051e-03
3.160358737516750192e-03 2.785437700933611916e-03 4.003682971243892330e-03 4.866025227206901248e-03 3.552288540767103205e-03 2.782320912249056262e-03 2.975221695767507959e-03 4.818158767108081386e-03 4.595318910614827612e-03 4.578352126784232361e-03
3.162377519883559016e-03 6.279617786768861357e-03 7.403023988936474273e-03 3.565367190072166615e-03 2.324504059115498761e-03 3.391057050540448835e-03 5.371709453215191624e-03 3.831474987477526475e-03 2.385263583633355500e-03 2.495482236652189854e-03
3.770487222247674575e-03 3.068136602900333344e-03 2.347133202728824124e-03 1.674137787989359982e-03 2.256383543117279709e-03 5.445547013881625251e-03 7.001755022944413862e-03 3.879086470247150586e-03 5.367058370198151719e-03 5.161759733830549417e-03
3.594026200928609419e-03 3.393223799572107208e-03 4.869873493657110239e-03 4.246279618949190884e-03 2.333437758982993479e-03 2.705642466958506007e-03 7.246913324454009458e-03 6.816545798295163723e-03 2.387832417186650132e-03 1.954532085855765784e-03
2.883929913448865946e-03 2.972531537585057677e-03 3.691155942133067525e-03 2.822937368421599407e-03 3.606272746434845567e-03 2.984631186653329687e-03 3.995901383578238236e-03 4.862471716568693425e-03 4.701458897234738268e-03 4.015914415827616900e-03
3.770507093834996395e-03 2.737142220657868413e-03 2.777288079191635606e-03 4.134991583908288228e-03 4.513668264498229936e-03 2.914382332548632812e-03 2.643340699760839217e-03 5.640162460200888461e-03 4.639280855235775394e-03 4.082005216093194215e-03
3.454815382626466071e-03 5.929019551523650317e-03 3.601316860289008673e-03 3.148222268568806083e-03 4.843573989622053030e-03 4.022194391602958163e-03 3.057796208131675735e-03 2.743877340544978536e-03 2.779674253317006034e-03 3.216430816552197543e-03
5.453091765383666356e-03 3.070947567358408604e-03 1.466081403685294115e-03 2.462057426025671038e-03 4.502754748754077274e-03 3.317056599291389601e-03 3.977617663008907456e-03 5.399489964688920264e-03 4.745906796797549204e-03 4.635561871031226161e-03
4.517177206486314850e-03 6.363764626271547695e-03 3.695402647538309406e-03 2.475726181164454674e-03 2.863712444472363890e-03 2.858376963486194619e-03 3.772307953825505475e-03 4.449200556181664469e-03 2.995026793457400503e-03 3.436275596428294693e-03
4.466223708200404638e-03 3.281512652143345719e-03 2.932089638735337761e-03 2.362268349964055832e-03 1.984190949180382121e-03 3.583965026457958808e-03 5.980880412985944104e-03 4.920852007855013380e-03 4.579149184430447717e-03 5.438796890309786046e-03
5.901032600936273464e-03 4.532222486690992008e-03 3.176587498406969589e-03 8.465304107939254641e-03 8.705000288808457248e-03 3.110793530423688197e-03 1.550468023473298117e-03 1.583076228942955407e-03 2.047540393329272401e-03 3.366710646139073858e-03
1.680170864393844624e-03 2.767270414899865392e-03 4.282925284075966670e-03 5.615732585987225772e-03 4.918236675014106551e-03 3.626845667375434065e-03 3.847774780873185543e-03 5.387837876219003959e-03 5.183935356849489820e-03 2.157667943404987208e-03
3.903819088071595368e-03 3.034866077547929229e-03 2.602428763174489262e-03 1.577580054389041316e-03 2.819343819482297321e-03 8.468350273669211781e-03 7.117320254188014284e-03 3.919552295379560847e-03 2.323638494456814300e-03 2.859358307112357025e-03
2.689957208335791525e-03 3.262492853913224067e-03 3.831990410269387436e-03 3.889837626288768831e-03 5.432847578579684360e-03 3.939013456939205980e-03 2.178676705948043562e-03 4.062363301349053608e-03 6.303940344135731261e-03 3.383539139908407854e-03
3.138703005142194462e-03 5.186024400842986423e-03 3.826242272445421790e-03 3.552359584395049005e-03 5.167711843616416487e-03 4.388003892572357734e-03 5.585527255727598672e-03 3.712841965232220685e-03 2.114941324127776225e-03 1.698888007029189691e-03
3.695331055589289298e-03 2.870623848348958888e-03 3.584285454399863645e-03 4.260384550906115737e-03 4.230786393924718634e-03 3.503829513622916739e-03 2.861173869584132841e-03 3.532940493773596268e-03 4.973601655770308952e-03 5.145856589058810278e-03
6.036880334289732725e-03 4.453861928511762200e-03 3.278011516367478669e-03 6.431267219272878560e-03 4.152821574077894713e-03 5.003816628953820789e-03 6.188640210728586083e-03 2.631186664819379871e-03 7.932286302541274132e-04 1.915444488191165749e-03
3.850811453342984671e-03 4.266151073928855370e-03 8.164914925643458263e-03 3.518919843158580408e-03 2.204805399174644513e-03 4.635802336999584120e-03 2.994647512156717664e-03 1.717213637451361430e-03 2.511990122224426730e-03 5.839189344691160868e-03
2.059448730317272550e-03 2.205392461348047468e-03 3.628878501097380915e-03 4.813269970487264564e-03 3.151218870867231962e-03 1.936914239301224319e-03 3.399443796192171477e-03 6.456656684712475808e-03 6.395350986205189728e-03 5.131164691300680453e-03
2.082864093240459000e-03 2.653585151910017089e-03 5.860783303120218647e-03 5.642658653538902731e-03 2.901028654466724678e-03 1.913004018795899132e-03 2.684847834744023224e-03 6.562034047771066192e-03 7.538783147939749282e-03 3.532461399518564693e-03
3.543053917759611364e-03 6.496649860609179580e-03 6.406936959874377259e-03 5.318902632977668896e-03 4.277279452330699956e-03 4.051105150217853938e-03 3.142495830621857243e-03 2.414371501473919039e-03 1.899743810005402123e-03 2.357416772064942125e-03
3.355580627222202496e-03 3.284891657177341044e-03 4.036133104589301537e-03 3.798068684669237902e-03 4.159830774587268236e-03 4.571577140834720901e-03 2.241398864465083199e-03 2.357346364199472410e-03 5.212376337069907911e-03 4.539611777100680499e-03
3.511236062871786814e-03 3.968208029737955132e-03 5.294432151562774441e-03 5.579279897366962344e-03 2.318639995364549840e-03 1.516137557713980767e-03 2.941445870915260913e-03 5.593586142067082274e-03 5.465608630103439315e-03 3.676328522999029475e-03
2.658016063817051494e-03 4.351830869353343761e-03 3.984902042704484282e-03 4.337165434652384861e-03 3.874645023118878685e-03 5.752198617854965140e-03 8.594519011652521079e-03 4.485584153965742858e-03 1.512564242451947720e-03 1.578397034116541886e-03
3.601502699712282821e-03 3.022184291391909541e-03 4.177752083656620548e-03 5.393075353539561120e-03 4.329053674154670697e-03 4.987779682003896410e-03 2.554190421744725534e-03 1.682905273663587616e-03 3.161662743605199097e-03 5.823081994595954991e-03
3.771938900582622219e-03 3.245055513560269993e-03 2.110416532424813814e-03 2.423778459341857650e-03 3.622822117740376845e-03 4.591573603959245298e-03 4.242511202703812961e-03 3.773431208701877662e-03 4.771525962213994665e-03 5.714302112687898172e-03
6.370582106727382642e-03 1.993294702438333683e-03 1.159664733644852038e-03 1.622116289932228235e-03 3.828917507782665132e-03 8.953663138592202544e-03 5.472204569962915016e-03 2.609015117516227771e-03 3.543793695634457099e-03 5.802081798024156037e-03
1.636970516233846214e-03 2.656969097660820747e-03 4.030721449622657812e-03 4.140160586824511227e-03 4.523241359904246056e-03 4.750038555405801041e-03 5.212907268924767135e-03 6.317408237715092453e-03 4.638703297881834747e-03 2.142162299918818052e-03
3.115675806664704693e-03 2.159325639323161818e-03 1.549098032028385641e-03 3.223624800841630444e-03 1.056568306615025821e-02 7.166589773982573464e-03 2.946842678697172979e-03 2.950414137484856127e-03 4.119570042002970896e-03 2.666407224414318270e-03
4.086466781290848393e-03 2.586217938704722056e-03 2.748939886500503804e-03 3.242559359668887448e-03 4.471838144189961735e-03 5.290330739007977415e-03 4.423535328869632188e-03 3.191240848281710202e-03 4.009937509734131517e-03 4.295599482156952156e-03
4.789288168598187546e-03 3.404495463298042729e-03 2.634425091859858830e-03 1.572389366479493879e-03 3.177286674798991076e-03 7.643944643990463125e-03 5.444125145244804211e-03 3.133795442775699769e-03 3.119953165606750931e-03 4.205729961257616972e-03
2.643741065015510570e-03 2.514653923488863446e-03 2.794941552313654886e-03 4.069033350503003035e-03 4.693304358544043986e-03 4.671622469856771820e-03 4.536156579574152081e-03 4.217379134394429879e-03 4.138529274929888049e-03 4.204245996637796280e-03
2.829592166459269677e-03 1.576488504059740800e-03 1.982193184508435155e-03 5.286631071563928363e-03 8.593330554526115717e-03 4.229256354311160954e-03 2.673139787365237836e-03 3.280001761211952249e-03 5.710135547613271433e-03 5.411044236647495273e-03
2.769690832290622705e-03 5.085156865764491746e-03 5.868776574744619112e-03 4.658746927666370871e-03 3.672106194529435597e-03 2.822899856553009318e-03 2.587034385437179777e-03 4.032624480254757247e-03 4.542329667753791829e-03 3.105898723857719590e-03
3.740473492787795180e-03 5.013927251258938622e-03 4.668015827664989681e-03 5.626884982816107543e-03 4.127914928506958708e-03 3.273335120851600909e-03 4.032613391516331504e-03 3.698445199993951379e-03 2.537809770815619478e-03 1.957713644274941805e-03
2.828447203819076626e-03 4.725068580185652796e-03 4.803249200331901128e-03 3.298694304232901043e-03 2.313638549528195757e-03 3.666366853076879432e-03 4.688803329145161715e-03 3.563331269708053944e-03 4.197782437080120090e-03 3.569971166876946631e-03
3.035577931783051131e-03 2.642512501265005271e-03 3.485397877178159423e-03 3.782486112123494785e-03 2.703897544271742504e-03 2.804671399142363158e-03 3.642343037441451124e-03 5.914311266029834667e-03 6.765593152322991327e-03 4.482501161941434067e-03
1.350943334364702007e-03 1.904678028930210367e-03 5.470493587443303954e-03 7.511281642082241403e-03 3.893286998863451295e-03 4.029840401146480428e-03 6.139911002241567675e-03 5.346028467504501322e-03 3.752168166036927432e-03 2.086196318882349576e-03
3.515840240610831283e-03 2.254976139522874706e-03 3.012412480509386089e-03 3.658053244147017359e-03 6.285061353361538587e-03 5.412466238369004548e-03 2.455845182027086883e-03 2.056205000801405568e-03 4.849470930254450550e-03 6.716283910778840342e-03
2.588633227064974368e-03 5.274256881025834488e-03 6.216649944863640760e-03 3.749777936137754265e-03 2.231504084392339077e-03 2.864281660765918315e-03 3.212814182129437000e-03 4.608760768373403038e-03 5.344935949132772687e-03 3.065220998401293941e-03
3.493181151526765678e-03 4.333343868035375267e-03 3.882725971990459539e-03 2.195568235356504423e-03 2.637016040787723732e-03 3.299143505531927124e-03 4.172018847925191426e-03 5.199985844918924606e-03 5.892623913245034761e-03 3.772303485727464614e-03
2.168144134990823528e-03 2.442291330684623861e-03 3.632542496905683156e-03 5.721375864701564590e-03 2.897982009614785432e-03 2.856171548116273086e-03 4.175968127813205720e-03 5.290323845330312247e-03 5.249696264117986039e-03 3.635770842234081930e-03
3.027972282364739531e-03 3.904729614701379220e-03 3.519450263136430102e-03 3.921296593258129584e-03 5.625187555423377672e-03 4.009716396779270005e-03 2.453763713864944886e-03 3.242996971776246004e-03 5.359762098863402394e-03 3.521777795225685889e-03
4.102187748421703278e-03 5.245022680778009712e-03 4.081465177779540487e-03 3.022518822536291762e-03 4.843211568543985372e-03 4.400010644363350210e-03 2.469261089642914558e-03 3.399572154633602808e-03 3.406184129511883023e-03 2.901451598192707811e-03
4.123560512178067392e-03 3.472113062755157603e-03 3.571593361760667940e-03 3.129868126678509322e-03 3.157300168760738060e-03 3.494067149751560551e-03 4.576058739124930566e-03 4.772932229218400900e-03 3.981062124819343719e-03 4.004749896752708704e-03
2.954798638452315988e-03 3.639255835101321522e-03 5.278490926298633548e-03 5.795461186616673518e-03 4.383004134408332794e-03 3.727737538752224321e-03 4.354120641252912267e-03 3.793002064113208845e-03 2.751221887078670377e-03 2.408265062473629713e-03
2.211314681435705854e-03 1.446080141938533821e-03 2.636412077237392567e-03 7.459181212020207438e-03 6.452256567955335503e-03 2.871751527106539050e-03 1.969342536620843909e-03 4.310168943311414730e-03 7.758197443788097947e-03 5.208117688427447815e-03
