1.915322183895215025e-01 2.821584579479395893e-01 1.810029281106257104e-01 1.698330555045708679e-01 1.707915625056392050e-01 1.415859240253515838e-01 2.139913358371098306e-01 2.230454281097491720e-01 2.001122796237016221e-01 2.259468099457900003e-01
1.241257023671067661e-01 1.464283161661643073e-01 2.698795546398663481e-01 1.957049815959341910e-01 1.761519359513264993e-01 2.661429332228827382e-01 1.518470731080934777e-01 2.187167506528482630e-01 2.403412749464306497e-01 2.106614773493469261e-01
2.320207715708998142e-01 1.570111856885495760e-01 1.682659878325473146e-01 2.101452063097672962e-01 2.195598301071615965e-01 1.872214794016061057e-01 2.372587742002520428e-01 1.849113597229755102e-01 2.227587637734006754e-01 1.808466413928401240e-01
1.661848974989331151e-01 2.075475994505953103e-01 2.018259529757347459e-01 1.944225231549335520e-01 1.718567503607353331e-01 1.706315175499295567e-01 1.811566179177232505e-01 1.878334841231710794e-01 2.410311390552738742e-01 2.775095179129700718e-01
2.530200396653539130e-01 1.015207570941137893e-01 1.890044158194496560e-01 2.380262164791722701e-01 1.834214023320399622e-01 2.084225797489231702e-01 1.754549697296866051e-01 1.748008956755380261e-01 2.454654204796124506e-01 2.308633029761098798e-01
1.582695651175018703e-01 2.420426074056977739e-01 1.881789402303648551e-01 2.258917579272287646e-01 1.821270870191202262e-01 1.679976889102157422e-01 2.282404124027138104e-01 1.573363622103844950e-01 2.241983159343632070e-01 2.257172628424092276e-01
2.118492880502044207e-01 1.909798368995012097e-01 2.218788064001538107e-01 3.003549994551599212e-01 2.241673480137181818e-01 1.860821821696848621e-01 1.831204708756690169e-01 1.963675927889058093e-01 1.138458110708718968e-01 1.713536642761321893e-01
2.437648463426007051e-01 2.143951800579932399e-01 1.968222262265496569e-01 1.884720914315861640e-01 1.866710595254622573e-01 1.942578647864321439e-01 2.387319990913860379e-01 1.580410250519913018e-01 1.663364243367714823e-01 2.125072831492273995e-01
2.100439551066396737e-01 1.603113427555544479e-01 1.988651775304035585e-01 2.342766853186113440e-01 1.719598706212986383e-01 2.023941204709406860e-01 1.240271601202804774e-01 3.344113191961292086e-01 1.473174378161683229e-01 2.163929310639741144e-01
2.575415796463602081e-01 1.885943589771442441e-01 1.213468152526129551e-01 2.737262494565780302e-01 1.752023792486256948e-01 1.780091686380182170e-01 2.012095667995982551e-01 2.374928910965851958e-01 2.282133220141259466e-01 1.386636688703514753e-01
2.114915861562754185e-01 2.024052528489863056e-01 1.910825727079676628e-01 1.768609805941880608e-01 1.503078373892828834e-01 1.488898620476533097e-01 2.172563472762228387e-01 2.533388762053040422e-01 1.865672543313705301e-01 2.617994304427493923e-01
2.418403934738863892e-01 2.113141377238786922e-01 2.434860827328306498e-01 2.176357887879721009e-01 1.791448460945142540e-01 1.786756599533342316e-01 1.823975571367588699e-01 2.316402963462521891e-01 1.519436142415341306e-01 1.619216235090384925e-01
2.808030025834413190e-01 2.015017015104222375e-01 1.702999686240266042e-01 2.171625561495673096e-01 1.708790090634706160e-01 2.057841340828350796e-01 1.240581677615514300e-01 2.008178469624428697e-01 2.362155917550730899e-01 1.924780215071709433e-01
2.046862930906582223e-01 1.950203565388057003e-01 2.091410359636445837e-01 2.220619117879968352e-01 1.540042730995374864e-01 1.805491313044529644e-01 1.785748761802360418e-01 2.529726847294237468e-01 1.437440122160103528e-01 2.592454250892344825e-01
2.032110056016598054e-01 1.903199877359159076e-01 2.634730760315459608e-01 1.416820999372374046e-01 2.210435811451142429e-01 2.186423153286497223e-01 1.905098844089343491e-01 1.703424148169890850e-01 1.728909024056737853e-01 2.278847325882804031e-01
2.125177120362699013e-01 2.220068745252401499e-01 1.833029749153207710e-01 1.747594657568834753e-01 2.172638733151671109e-01 2.068113720924536492e-01 1.831007934282689043e-01 2.183247081763774189e-01 2.085954172270664819e-01 1.733168085269531922e-01
1.917675221796852347e-01 1.907273786272947191e-01 2.227849847818191009e-01 2.146411140214896374e-01 1.949714760078222475e-01 1.649236575576375485e-01 2.523457636949434368e-01 2.102123890483873492e-01 1.852751694181323239e-01 1.723505446627880966e-01
1.887202484804670621e-01 2.175287431574711994e-01 1.713104192518129232e-01 1.858590271334650823e-01 1.804934538058337312e-01 2.216510650973118057e-01 1.871219126213311545e-01 2.013243838047050205e-01 2.072887481035710355e-01 2.387019985440304026e-01
2.278229371339068332e-01 2.424324302893419159e-01 1.468545501122592301e-01 2.119488649335600217e-01 1.301315446273042797e-01 2.602207621022938344e-01 1.889184817974575714e-01 1.356344813758526835e-01 2.316829818920601858e-01 2.243529657359637774e-01
1.910114384823122236e-01 1.870544705661213447e-01 2.065372103098692680e-01 2.389886798090973818e-01 2.131256632789915728e-01 1.342755695696726537e-01 1.604048671828935957e-01 2.070565339002356231e-01 2.391131373432889007e-01 2.224324295575177690e-01
1.487864407594274296e-01 1.718046088636591695e-01 2.761996592834629061e-01 2.434549920836350245e-01 1.905419811448247069e-01 1.452682342869784649e-01 2.754336001415595425e-01 2.066919266829149171e-01 1.689346015298834880e-01 1.728839552236545174e-01
2.508079541623543518e-01 2.156134963475714594e-01 1.823948675877046233e-01 2.168456065008776412e-01 1.745968442037301172e-01 1.994423931495074853e-01 1.551837129036838514e-01 2.588882921480744059e-01 2.016364823309789167e-01 1.445903506655182025e-01
2.460751755784545414e-01 1.773056277553754223e-01 2.315653622201800932e-01 2.190450619202737315e-01 1.588888242809275153e-01 1.678523885384562986e-01 1.663348758370547520e-01 2.556615189445406444e-01 1.884338017429978418e-01 1.888373631817385490e-01
1.565126285232485148e-01 1.510927584427613490e-01 2.864510927071888813e-01 2.067354476580026690e-01 1.963654931925712388e-01 1.776288552855088965e-01 2.166941679675229437e-01 2.231056195477423010e-01 1.982478219968420441e-01 1.871661146786125218e-01
1.444086151272473417e-01 2.268298891206320111e-01 1.914709595255351671e-01 2.365230612498445684e-01 1.418021078032888072e-01 2.313235515283646737e-01 1.935856036206469732e-01 1.501257685940381448e-01 2.415472258092871138e-01 2.423832176211154210e-01
1.713450724849347462e-01 2.130461580186500947e-01 1.409828990475133215e-01 2.165291399786227478e-01 2.253000713782353781e-01 2.261029206145842574e-01 1.848688694693892687e-01 2.686879514863351193e-01 1.814728962438895699e-01 1.716640212778453300e-01
2.550674331316980514e-01 2.119356794547391232e-01 2.090874667325797187e-01 1.475752422017100884e-01 1.940388959735744323e-01 2.008274463612158833e-01 2.190207151776559225e-01 1.557841048501111547e-01 1.593082667563783250e-01 2.473547493603384384e-01
1.754514464304574028e-01 1.658701581317737206e-01 1.973690466989682368e-01 1.656685580695810012e-01 1.738648520522343977e-01 2.615639432474653470e-01 2.208745212638727751e-01 1.957919477552503285e-01 2.059390883248702342e-01 2.376064380255279995e-01
2.116113617861570262e-01 2.071775458737729059e-01 2.422850128136451175e-01 1.654296431447307425e-01 1.743757834002304663e-01 2.189111364552484007e-01 1.463641249745190609e-01 1.992436571931068545e-01 2.261643312925395444e-01 2.084374030660496313e-01
2.243102031418062747e-01 1.771053348478023315e-01 2.173414615081833978e-01 1.800799580425074264e-01 1.855944665396022097e-01 1.418259504071971433e-01 1.885582602214255221e-01 2.097769574429124706e-01 2.885075504374643440e-01 1.868998574110988242e-01
1.683404575164383077e-01 2.093725537305849149e-01 2.036970144850950293e-01 1.940078586943820016e-01 2.065089517454038459e-01 1.803882952465009071e-01 2.355893239177994369e-01 2.079500813658369807e-01 2.254693001460375823e-01 1.686761631519204940e-01
1.423045711665895108e-01 1.411489392947664623e-01 2.244358445464034180e-01 2.020016254488514185e-01 1.844289438561590444e-01 2.100887088057381002e-01 2.426171224134940907e-01 1.971784223935464653e-01 2.091456437920048428e-01 2.466501782824480626e-01
1.922006431496142698e-01 2.128841253298160430e-01 2.546618548092797196e-01 2.135324176228423909e-01 1.661897661012048388e-01 1.636112608513439481e-01 1.824949052069764766e-01 2.078111820547831889e-01 1.953126890748030364e-01 2.113011557993349498e-01
1.976692772761653449e-01 2.306994552033025392e-01 1.641348714567187339e-01 2.290321525196444274e-01 1.499330093500837457e-01 2.806471238858077033e-01 2.119943462402969214e-01 2.009917712196191419e-01 1.718196801660515360e-01 1.630783126823112938e-01
2.230063652468216584e-01 1.740407715509172393e-01 1.722520849919598751e-01 2.124675789147275617e-01 1.740123843991517871e-01 2.584009502933286018e-01 2.158264212046418218e-01 1.755561170272650351e-01 2.076643512630443889e-01 1.867729751081423917e-01
2.082859467810409537e-01 1.801837872057998613e-01 2.173465094723521229e-01 2.323723704401750023e-01 2.197257618628546960e-01 1.459273024125125884e-01 1.963502346183968461e-01 1.644615839258802281e-01 2.359942426167002671e-01 1.993522606642877393e-01
1.676630561146779386e-01 2.024703970915367746e-01 1.858116644612438917e-01 2.990027460118024893e-01 1.072598338250933259e-01 1.674488817711159427e-01 2.596125589263703626e-01 1.996665449818971483e-01 2.384478687117661810e-01 1.726164481044956678e-01
2.349569553592928961e-01 1.826965899017967687e-01 1.825019949629205218e-01 2.189579435821942810e-01 1.725386024558732412e-01 1.961355032132511833e-01 2.194145447226323875e-01 1.971640888127169366e-01 1.972987799019639554e-01 1.983349970873571066e-01
2.101580778828860685e-01 2.274756411572067538e-01 1.716092654082642388e-01 2.112484525281502767e-01 1.762844559611012052e-01 1.659006752827089370e-01 2.160608755913008827e-01 1.798326865774004246e-01 2.149743206742624479e-01 2.264555489367186258e-01
1.551294510211032041e-01 1.761452141642381730e-01 2.022113421994167770e-01 2.282611270373166024e-01 1.895100886169817644e-01 1.786237509510753829e-01 2.116167259019576252e-01 1.998200382002096320e-01 1.902577225201928512e-01 2.684245393875069885e-01
1.394106031398045231e-01 1.695970011947326994e-01 2.810936001144088703e-01 1.518572394188785757e-01 1.712477823507983221e-01 2.275872940809260392e-01 2.395260624427650586e-01 2.027787758093821391e-01 2.274121682288165192e-01 1.894894732194875031e-01
1.557173230997172253e-01 2.661015705878643223e-01 2.075563993508248162e-01 1.494201361670103867e-01 1.375652884345709426e-01 1.919693687069454757e-01 2.330929220003895297e-01 1.856846746088388067e-01 2.368143716463702586e-01 2.360779453974671815e-01
1.531010522650150252e-01 1.881334818222314409e-01 1.781320826722426476e-01 2.342408146885330278e-01 2.085464356519395046e-01 2.088589567569524297e-01 2.309534916371999147e-01 1.763212407798001868e-01 1.895547684548372636e-01 2.321576752712494196e-01
1.560566011059090763e-01 2.059048024987699121e-01 2.389499760149913221e-01 2.127481222891677293e-01 1.897934829473510998e-01 1.899798379926807002e-01 2.097914246227666479e-01 1.637847056458571204e-01 1.743866971755712592e-01 2.586043497069374086e-01
2.788348217330745005e-01 1.042851048402076569e-01 1.353664963562412615e-01 2.900510313665448647e-01 1.346527040150048427e-01 2.456165741284364323e-01 2.258233702800749865e-01 2.307397616766937443e-01 2.027176837751568927e-01 1.519124518285648873e-01
1.599370081237506958e-01 1.598596113297155730e-01 1.939478991602573699e-01 2.033700837373976777e-01 2.199841962908777593e-01 2.450670793340893883e-01 1.397656183684909958e-01 2.285120158679114222e-01 2.761176518651238809e-01 1.734388359223844045e-01
2.230836023163711990e-01 1.785600916259950377e-01 1.764588829596370201e-01 2.539271194998130587e-01 1.894483573560020451e-01 1.748896848337458954e-01 2.419057913012034322e-01 1.695259710199139569e-01 1.964961896996066937e-01 1.957043093877111339e-01
1.605731446423855346e-01 1.816043323843490320e-01 2.330189499403075015e-01 2.334180607460432932e-01 1.696685936785563564e-01 2.078409085534100864e-01 2.029123588769456421e-01 2.217024340231610047e-01 1.806346464743885660e-01 2.086265706804532882e-01
2.340912249929166244e-01 2.044945799536197484e-01 1.869995254593334599e-01 1.252050643096218885e-01 2.609697869642561563e-01 1.713878271513752938e-01 2.345807644805901204e-01 2.059744771402641506e-01 1.736489888779888802e-01 2.026477606700338441e-01
1.515478403566309917e-01 1.842862064929352839e-01 2.096693686163433323e-01 1.939996783323916785e-01 3.168541921585093513e-01 2.261588038954008562e-01 1.857833898350917390e-01 1.656941928354458415e-01 1.819010427814586606e-01 1.841052846957915989e-01
1.876944061589737589e-01 1.131169852486398342e-01 2.901215804853700120e-01 1.739260085880141582e-01 2.445751983596964607e-01 1.675783218622299564e-01 1.423675844395601020e-01 2.143215017323594207e-01 2.303876264059833423e-01 2.359107867191738706e-01
2.115067552346828195e-01 2.697430714522860984e-01 1.475137199989922931e-01 2.106786786628430108e-01 1.540445029114377307e-01 2.222783939875568604e-01 1.785505785881170149e-01 1.911363694334105578e-01 1.950367256214895761e-01 2.195112041091837607e-01
1.357235176875999372e-01 2.052989172397828577e-01 1.814424066387299583e-01 1.741334073847675690e-01 2.036308643285373587e-01 2.144740549102967520e-01 2.655775711114481963e-01 1.866681050202917413e-01 2.355546186037850154e-01 1.974965370747619742e-01
1.829055888861982337e-01 1.712017604910715529e-01 2.123340907993073734e-01 2.153577809189755055e-01 1.914622779905479910e-01 1.917490402068153521e-01 1.621868019920232884e-01 2.527820392291967866e-01 1.836038128329947339e-01 2.364168066528705425e-01
1.734837266870754291e-01 2.376456407122127246e-01 2.578383072944632204e-01 1.859188122695994705e-01 1.734929291216061598e-01 1.803163505550242351e-01 2.425201278517361281e-01 1.921132655969022829e-01 1.621094017308668256e-01 1.945614381805138016e-01
1.968450483847506705e-01 1.898790553358548350e-01 1.738072988010448405e-01 1.537685296499731180e-01 1.625252771022909215e-01 2.169463441120133562e-01 2.742643715436884344e-01 1.669893263487028379e-01 2.546645280952116730e-01 2.103102206264691187e-01
2.564641396286664321e-01 1.534080688757212263e-01 2.373476598182249486e-01 2.146216295697545295e-01 1.605258701030206070e-01 1.730784219937307189e-01 2.481099496472210508e-01 2.561856007318498718e-01 1.593145317733455912e-01 1.409441278584636636e-01
1.666936320500297108e-01 1.779346239914066374e-01 2.397215034928746880e-01 1.386906049074345670e-01 2.542935792112678284e-01 1.568508398130783743e-01 2.136500582211148802e-01 2.257736416843783012e-01 1.957592996660851847e-01 2.306322169623291063e-01
2.088903942284442705e-01 1.679019864200012591e-01 1.887196715296284022e-01 1.968916381378449376e-01 2.197687470527779907e-01 1.941387414383361487e-01 1.425622703712311756e-01 2.838467392807472178e-01 1.819870967857680488e-01 2.152927147552204934e-01
1.483961700808016926e-01 2.915691460078091435e-01 1.715412264533903164e-01 1.791147399229632287e-01 2.482187112122489769e-01 1.783823076175123090e-01 2.049808308442978566e-01 1.770791615590662782e-01 1.682518717424383026e-01 2.324658345594710906e-01
2.311439039800088358e-01 2.035005142530718070e-01 1.216337000134976032e-01 1.688471067422093186e-01 2.537518395995455034e-01 1.578709169918470767e-01 2.185429066055545877e-01 2.242621375746552959e-01 2.175856212894224928e-01 2.028613529501866741e-01
1.798342873896308647e-01 2.717640954952205146e-01 1.851733721640591024e-01 1.587871619254790090e-01 2.200533754129937181e-01 1.606655606419665483e-01 1.969418827265197458e-01 2.404914175476087490e-01 1.534721119063774952e-01 2.328167347901453355e-01
2.132761890852644115e-01 1.811581016684390977e-01 1.876020118016065996e-01 1.846325183426477112e-01 1.453689074695571626e-01 1.959896561969450834e-01 2.451096716838603862e-01 2.065512091632745184e-01 2.125403464070487469e-01 2.277713881813567542e-01
2.457049667915538749e-01 2.204890189451420568e-01 1.614883582979413368e-01 2.827198787631138854e-01 2.579050242050914266e-01 1.857713189243585528e-01 1.403001759501742995e-01 1.615649780821926673e-01 1.726829116787520213e-01 1.713733683616809056e-01
1.474355191513892493e-01 2.017490848782452217e-01 1.922826637053211829e-01 2.351628000133656193e-01 2.177741399687678769e-01 1.918859902799350814e-01 2.086723350319412418e-01 2.058907526844335756e-01 2.533560660764759276e-01 1.457906482101257173e-01
2.331589063727755873e-01 1.452730148759014406e-01 2.324043890198073115e-01 1.387568138842128207e-01 1.556908402595188756e-01 3.083338671634570649e-01 2.106769138224182103e-01 2.414608494745031364e-01 1.462991609357239819e-01 1.879452441916818206e-01
1.898573006839441024e-01 1.847376402177744181e-01 2.162144015792894503e-01 1.818685830388136748e-01 2.345535172620728803e-01 2.158652757261440569e-01 1.440399026095514068e-01 2.043039402083224598e-01 2.603948734113261665e-01 1.681645652627617449e-01
1.716717937037818553e-01 2.482206653892938542e-01 1.897269614624381706e-01 1.778156642862758485e-01 2.660218966328652401e-01 1.702542511155504257e-01 2.690025428000376029e-01 1.771024640939897199e-01 1.765829388957778634e-01 1.536008216199901688e-01
2.025136576840156910e-01 1.710657064883027156e-01 2.065690163698891690e-01 2.030737628509761972e-01 2.047830770109580201e-01 2.023600602660655112e-01 1.730789357659847094e-01 1.991124653435441538e-01 2.168346429131279840e-01 2.206086753071356821e-01
2.767279025000739523e-01 1.957992429358289266e-01 1.622714973379401071e-01 2.941429897224843715e-01 1.746452228298913667e-01 2.264976999482387898e-01 2.351890901305584425e-01 1.959240577828195440e-01 9.716789192043245871e-02 1.416344048917318466e-01
1.882578579120063877e-01 1.809197302990102618e-01 3.037390576663115405e-01 1.755685640677570603e-01 1.397611575950287732e-01 2.670771901322738229e-01 1.645807540810457492e-01 1.573835976403944459e-01 1.524451894791029327e-01 2.702669011270694699e-01
1.305179039855213219e-01 1.861869472719527296e-01 1.939143309571913776e-01 2.114841476598014747e-01 2.046620632061924017e-01 1.428437870885977956e-01 1.906781674088362522e-01 2.637592372747762370e-01 2.038089384791730296e-01 2.721444766679573801e-01
1.698249674166157075e-01 1.614243900568461121e-01 2.484468609743819556e-01 2.190686724423677456e-01 1.829127890759089936e-01 1.638747501024538644e-01 1.662976158924789061e-01 2.475949333674652142e-01 2.508270519522052822e-01 1.897279687192771347e-01
1.770524273488062739e-01 2.596322466818821173e-01 2.216750947287201012e-01 2.363454260368005877e-01 1.957251047986430792e-01 2.136038066982783035e-01 1.836390091886028197e-01 1.739156588318169772e-01 1.557019873237862340e-01 1.827092383626625904e-01
2.123852156465554364e-01 1.779004690866656246e-01 2.142624708187564897e-01 2.078806810319632492e-01 1.772675695715256738e-01 2.618994900590011499e-01 1.468912474336234453e-01 1.526009987659794342e-01 2.662728002041657160e-01 1.826390573817654461e-01
1.988446669547482837e-01 2.105151545459508500e-01 2.010808207418793569e-01 2.593951230849073086e-01 1.543654169638218887e-01 1.382199780925681687e-01 1.957245054286370911e-01 2.211840770949961565e-01 2.316230796259503288e-01 1.890471774665402616e-01
1.713703025026844795e-01 2.301997253439489188e-01 1.778101809890012541e-01 2.337074437713888564e-01 1.901548107983845881e-01 2.252353322961677118e-01 2.682468176130748949e-01 2.127404316100329762e-01 1.361839195935974356e-01 1.543510354817180241e-01
1.730803583678945934e-01 1.995555844769008325e-01 1.901913673207561439e-01 2.597590322567315813e-01 1.710955752746645131e-01 2.589867200802544733e-01 1.676887419566484572e-01 1.389261425607064837e-01 1.845265298553510624e-01 2.561899478500918592e-01
1.667025199885462938e-01 2.302876078858155096e-01 1.471221669907479546e-01 1.713226849798850926e-01 2.080724615901616004e-01 2.029476617821629192e-01 2.150905933808523463e-01 1.963512269081315320e-01 2.049582792374413653e-01 2.571447972562563855e-01
2.896614591734895661e-01 1.303716074584323481e-01 1.388577813169245279e-01 1.777534381465204760e-01 1.696014922813624537e-01 2.952346603302122285e-01 2.149870919464111352e-01 1.651066148655192800e-01 2.224084917929093075e-01 1.960173626882187881e-01
1.418044008022272262e-01 1.842648207798193438e-01 2.112811219725045653e-01 1.930377992545516119e-01 2.197011863104071372e-01 2.133934413172642874e-01 2.188708258368129711e-01 2.353456723922031646e-01 2.196074828339982521e-01 1.626932485002115236e-01
2.212542821844970531e-01 1.801462606021833057e-01 1.329504540016408776e-01 1.755690662193171436e-01 3.031914503302629571e-01 2.351074956823175355e-01 1.895108483817010414e-01 1.616519735425571147e-01 2.699141298089035579e-01 1.307040392466207179e-01
2.307219968920223296e-01 1.565272209203676934e-01 1.905229764627847100e-01 1.894914870885210656e-01 2.061511013470097575e-01 2.246628490079167484e-01 2.169719454445560025e-01 1.727901387369479569e-01 2.242908041884449644e-01 1.878694799114281611e-01
2.337858532438200632e-01 1.631245744338111481e-01 2.254930021838545962e-01 1.292989174029794686e-01 1.742688444070136233e-01 2.854762732726521257e-01 2.000439655130100969e-01 2.023903934959682127e-01 1.803975472791254919e-01 2.057206287677636747e-01
1.552072129601473893e-01 1.912692149695815469e-01 1.726732666546822170e-01 2.069802950580975076e-01 2.166817167564901725e-01 2.079390315190598471e-01 2.161875867837931287e-01 2.084164740302787699e-01 1.921130607317955152e-01 2.325321405360741278e-01
1.810207240996277167e-01 1.506213505745996051e-01 1.578032487459002098e-01 2.141047090728004920e-01 2.815065039890957133e-01 1.878509896277736901e-01 1.883386932855200258e-01 1.811815932203597601e-01 2.350298656814615583e-01 2.225423217028613121e-01
1.651962539785916118e-01 2.357377804327616122e-01 2.249372382842355356e-01 2.109019137544312916e-01 1.999195191973717201e-01 1.866380522253978658e-01 1.655536206902115948e-01 2.072082655661335870e-01 2.163851160132390095e-01 1.875222398576267546e-01
2.123924046510050623e-01 2.300288881009492081e-01 1.895973934574383679e-01 2.548534565555194975e-01 1.925444455516967801e-01 1.884754943341029887e-01 2.103446637581385392e-01 1.907496213635040405e-01 1.941535520000179371e-01 1.368600802276291328e-01
1.571816017266975951e-01 2.462688369470227290e-01 1.949814230830598794e-01 2.130582072994997023e-01 1.535383150932447260e-01 1.955962968602074636e-01 2.439718779497754564e-01 1.625162515423959064e-01 2.322998773605703948e-01 2.005873121375250090e-01
1.991283683979979124e-01 1.653072581212746139e-01 1.952551439024991509e-01 2.154800108661271418e-01 1.594264826969090110e-01 1.960284260711935289e-01 1.900725721772980881e-01 2.300883556252121265e-01 2.495856364456068566e-01 1.996277456958824581e-01
1.400050214968809603e-01 1.518908726990711167e-01 2.245805000315187483e-01 2.639072059655848124e-01 1.863366229105614114e-01 2.006738148796284038e-01 2.497347616420470262e-01 2.075538131542141729e-01 2.082391169881791515e-01 1.670782702323138635e-01
1.854955475001055232e-01 1.565581421546161922e-01 2.164240625967856768e-01 1.729538699275697256e-01 2.479970119023722774e-01 2.273098715864703412e-01 1.682722055517531790e-01 1.560356186494128439e-01 2.155775636841459064e-01 2.533761064467688895e-01
1.666821336946874843e-01 2.359282716142245273e-01 2.262756226697455464e-01 2.121768109526401269e-01 1.453162657848250938e-01 2.102200497683659741e-01 1.812722622213626678e-01 2.002301026150278274e-01 2.474357645560780194e-01 1.744627161230439538e-01
1.944113504816575855e-01 2.052169227785037020e-01 2.202127288835242502e-01 1.434795636000229524e-01 1.940206498094083076e-01 1.871048980603149947e-01 2.089754696358745445e-01 2.113087670362223114e-01 2.466307725658268835e-01 1.886388771486453286e-01
1.597304493942718895e-01 1.971407834924206459e-01 1.601426367137559204e-01 2.890748010141426794e-01 1.477771930005925549e-01 1.932429953906076303e-01 2.153409688088362139e-01 2.092356744355346743e-01 2.343471012832589462e-01 1.939673964665810657e-01
1.790696186707215753e-01 2.232475004633953652e-01 1.846406270195541932e-01 1.948580666501191772e-01 2.388415938177968489e-01 2.004941614959839247e-01 1.736502557891851373e-01 1.702047429107704235e-01 2.602064935912348220e-01 1.747869395912379498e-01
2.180309359717222117e-01 2.119277550058538684e-01 2.248150286303671197e-01 1.605975950133916585e-01 2.292711445860600994e-01 2.296722670726486504e-01 1.382590385114799147e-01 2.274529071635912336e-01 1.899800083377896354e-01 1.699933197070952751e-01
2.155449062357790435e-01 1.781749516961946278e-01 2.127372233456923944e-01 1.769136217477741135e-01 1.944335024216339025e-01 1.908356011522167051e-01 2.106376315400780574e-01 2.225736959783455038e-01 1.947977724192155868e-01 2.033510934630705369e-01
1.947140308344331994e-01 1.875300638207966775e-01 2.260516475220561428e-01 2.302466315667019980e-01 2.098046158975578890e-01 1.914208305809084742e-01 2.152380333550474867e-01 1.993758773698450504e-01 1.779635792464865640e-01 1.676546898061672675e-01
1.773358217545626392e-01 1.406821758383289267e-01 1.616861092509916109e-01 2.732674870949042267e-01 2.216943149435179616e-01 1.957426147934752947e-01 1.456467686101220460e-01 2.129827271304478575e-01 2.585004285602168772e-01 2.124615520234328925e-01
