3.611995097072875222e-02 4.418314277080338803e-02 3.505085375199703396e-02 3.593128917919605897e-02 3.780742801476907194e-02 3.342730762564383173e-02 3.952108555009064411e-02 3.828469914273167213e-02 3.599762577802469860e-02 4.146115622261975497e-02 3.250213302522474840e-02 3.663434049447276963e-02
4.159274195628824555e-02 3.576876239385551326e-02 3.348376363815460527e-02 4.468125374524921367e-02 3.140700555890996865e-02 3.841531619118998542e-02 3.914364429877471852e-02 3.534221471810378157e-02 4.069559850663715533e-02 3.373985409632396237e-02 3.606073515780357230e-02 3.686961249066303403e-02
4.050198507899142875e-02 3.449659666357894616e-02 4.059054963376482195e-02 3.441468791100429914e-02 3.966687793103833987e-02 3.635577649505365716e-02 3.463468552168950249e-02 3.876039279475761851e-02 3.713536713621306412e-02 3.754534667553056232e-02 3.569659870694475573e-02 3.502407150161650912e-02
3.672272132511355397e-02 3.504571165058617543e-02 3.854576993324557860e-02 4.049083651879901991e-02 4.311224819498467309e-02 2.826835493440638461e-02 4.025671308148330574e-02 4.027347319838725515e-02 3.505631383909244697e-02 3.815237843328882911e-02 3.634857781559214240e-02 3.654925480031336049e-02
3.762888321601570718e-02 3.927732686268948364e-02 3.223682355552603962e-02 4.133088299215656458e-02 3.475617220461052481e-02 3.939138536285111125e-02 3.608645858239951237e-02 3.479055248460211774e-02 4.113205280189755758e-02 3.261802748091803539e-02 3.936756999876152990e-02 3.719970972540688481e-02
3.746661577523148490e-02 3.512873032567024462e-02 3.591945141242368356e-02 4.381975832970139845e-02 3.627069271710537529e-02 3.570869861316126187e-02 3.622030881467640240e-02 4.107196760745748104e-02 3.120066792841082182e-02 3.797023869520328027e-02 4.047901154028523546e-02 3.587757628424537854e-02
3.574841692358495665e-02 3.645419166307960895e-02 3.636192249853471836e-02 3.611950952674193582e-02 4.148642382629375708e-02 3.401735442324819308e-02 3.560106965680683022e-02 3.814317027907722368e-02 3.938430346921160952e-02 3.442493687083907072e-02 3.663915102377026528e-02 4.069474899887528391e-02
3.605420871219385676e-02 4.104412361522122299e-02 2.893059729825696660e-02 5.401873493528716597e-02 3.035280452535386517e-02 3.881099663561347196e-02 4.013978751119581800e-02 3.821370595491693084e-02 2.967772957039187254e-02 4.644893759522324833e-02 3.495179944765042235e-02 3.619827285616470519e-02
3.365477490704783109e-02 3.924277711036340544e-02 3.985994907632627732e-02 3.127903717067980621e-02 4.071853516588715832e-02 3.715546569896877732e-02 3.714856188230136746e-02 3.741920038038534790e-02 3.569724107571026206e-02 3.431976752460038499e-02 3.894939662808372810e-02 4.088239622525335903e-02
3.520138334811390851e-02 4.046228870630529106e-02 3.756069296421907927e-02 3.536408238805767434e-02 3.877792993957224904e-02 3.809863188819481716e-02 3.532395502673638110e-02 3.647621602717077832e-02 3.585457188571847253e-02 4.145351813369294036e-02 3.407404462835682268e-02 3.648009545099337864e-02
4.240694610376569140e-02 3.661673317639538988e-02 3.365726659354351807e-02 4.045410716937902079e-02 3.435331745524614760e-02 4.144781710890917820e-02 3.088534741533412176e-02 3.994642345528390259e-02 3.943969565875300037e-02 3.501013607378093695e-02 3.812545925870702845e-02 3.469547637940881279e-02
3.948270873686880039e-02 4.078435318751417321e-02 3.317702995448934544e-02 3.816167011806659293e-02 3.482654443277804351e-02 4.386955684426836061e-02 3.008853206755815815e-02 4.416763375911187534e-02 3.544008951041374700e-02 3.469181986294862796e-02 4.421537974408738109e-02 3.067721606063711706e-02
3.853951746353510149e-02 3.812246654480338365e-02 3.678832763642478354e-02 3.552000322217832573e-02 3.562935331257890276e-02 4.025975561336993247e-02 3.576604690040468409e-02 3.861715313785291093e-02 3.580235912855977282e-02 3.505707190172351745e-02 3.874068846448078945e-02 3.555558712701475249e-02
3.410049741542398732e-02 3.848268553542281978e-02 3.802349985082500994e-02 3.425322729111373449e-02 3.837609455391893104e-02 3.577256301066337324e-02 3.862827751974389628e-02 3.750187949191098602e-02 3.726708262782260639e-02 3.315004568051040101e-02 4.191104356605165893e-02 3.762511641552222785e-02
3.549118079868058412e-02 3.543655515757322683e-02 3.685198184986503145e-02 3.985559519101390669e-02 3.480235198232706217e-02 3.767838209167294339e-02 3.525370128083932936e-02 3.980134863163702769e-02 3.528717588805926897e-02 3.714392076059977454e-02 3.648098433843367100e-02 4.041308969938667978e-02
3.926283513132337172e-02 4.215911675922167506e-02 3.158252161978272743e-02 4.248086979234703964e-02 3.001696171879314132e-02 4.534126116465458933e-02 3.722627119623865555e-02 3.195108132845593529e-02 4.087237714915194914e-02 3.953253986838513312e-02 3.504135903648207540e-02 3.440947983079896411e-02
3.487860839248919931e-02 3.925755472095207588e-02 3.931324480513426894e-02 3.294288591476353389e-02 3.639826847393724113e-02 3.750751022774488630e-02 3.941801232308467934e-02 3.933326845484468037e-02 3.349273363457952457e-02 3.429343627507717984e-02 4.238840921461561190e-02 3.747746923864304913e-02
3.752896856841483886e-02 3.170662508105345778e-02 4.456343864824682116e-02 3.712979410564466037e-02 3.463392418948085805e-02 3.410359920921839788e-02 4.211996136469894209e-02 3.788675118928189200e-02 3.433856038560233193e-02 3.973567715546170998e-02 3.485151903665751477e-02 3.861141210009189084e-02
3.107327815772553681e-02 4.314989807226541491e-02 3.784354463243996824e-02 3.192400462945446660e-02 4.276796690932449518e-02 3.347151690998329682e-02 3.925324925054590741e-02 3.937483961539992722e-02 3.428399787688739264e-02 3.694519153764511815e-02 3.439462377826441736e-02 4.375261302580541606e-02
3.696155783486031188e-02 3.802113475310885810e-02 3.589113773608728492e-02 3.281454808655075855e-02 4.531857511553617074e-02 3.580760976804200912e-02 3.656433132145097548e-02 3.505131303615714039e-02 3.832749993832371832e-02 3.807779119930889550e-02 3.673436020058245405e-02 3.628093717022953107e-02
3.132448470746855562e-02 4.133077070425015404e-02 3.503812795862302348e-02 4.197876777163055129e-02 3.090541413972427293e-02 4.213585059543929062e-02 3.728748277540738787e-02 3.250281430381499193e-02 4.056529043366931264e-02 4.011005422991321262e-02 3.349031908885453934e-02 4.183855255656923622e-02
3.359832362515045856e-02 4.007012928360854237e-02 3.783642240868047985e-02 3.828443236453647758e-02 3.330991760381007277e-02 4.338379669254423254e-02 3.443636295668299485e-02 3.402799914958758859e-02 4.192372141075646069e-02 3.591858650758542049e-02 3.964783819661980152e-02 3.456116969124800598e-02
3.513484600818710113e-02 3.650551836347225992e-02 3.987019222551951153e-02 3.442696710258312531e-02 3.458601762459506679e-02 4.375126303545507495e-02 3.485377799699754947e-02 3.545307289425011360e-02 3.887120745984578435e-02 3.548166188099140250e-02 3.467149172376014082e-02 4.266753527231055554e-02
3.772813913125160068e-02 3.525420634745663612e-02 3.642992029710310359e-02 3.741971495075452347e-02 3.745400392649932131e-02 3.647737947554643284e-02 4.072239632169244450e-02 3.433779228071533879e-02 3.582079425850027282e-02 4.103878403987504947e-02 3.286652116960595699e-02 3.949677099238720068e-02
3.928369547417337460e-02 3.711952129131881883e-02 3.839521919702699321e-02 3.401793802089484592e-02 3.984567484707947360e-02 3.524451058519737640e-02 3.921056656604297863e-02 3.321957442097078772e-02 3.779569904613340470e-02 3.599590389973023052e-02 4.375878625212804157e-02 3.237660884186197019e-02
3.683832760682942409e-02 3.850341364305753106e-02 3.744026586752056962e-02 3.608898471715982215e-02 3.815623493180819031e-02 3.451991256583306772e-02 3.965979986307404531e-02 3.610551628812756764e-02 3.957875713821213531e-02 3.612707681019404482e-02 3.582332853836280723e-02 3.559756366830534730e-02
3.775888615646887103e-02 3.697207326755900386e-02 3.502796460245717614e-02 3.702176439082597442e-02 4.003130535777266186e-02 3.484619370903857538e-02 3.650942263986747122e-02 3.991168241857796090e-02 3.449638090221915365e-02 3.635863774976218210e-02 4.003114881348451143e-02 3.555684790597912065e-02
3.360807137831305080e-02 3.594924347171125911e-02 3.664027566434911037e-02 3.823429663999299705e-02 3.607254209164554443e-02 3.782844308654067372e-02 3.573250366286465085e-02 4.077921231406917563e-02 3.274554105628700584e-02 4.190099987701097900e-02 3.094292277171659458e-02 4.725347614848203481e-02
3.924806040659432199e-02 3.752381499845894308e-02 3.585668166614346120e-02 3.534694711130619699e-02 4.029076088786295862e-02 3.554796520091697831e-02 3.561015806791033300e-02 3.926208863739959892e-02 3.337345078068298249e-02 4.165253251908838938e-02 3.767444247416155273e-02 3.383062475193127777e-02
3.692754192980640671e-02 3.477985281193160527e-02 3.951166985852670038e-02 3.467742996566588326e-02 3.801988787523795377e-02 3.827682627599869603e-02 3.978966983474314933e-02 3.231125132105160808e-02 4.015376792908652293e-02 3.343858533890879670e-02 4.118439149415058925e-02 3.656084073592601180e-02
3.521239501634954028e-02 3.779145315442795916e-02 3.451332802324358351e-02 4.926395959402995323e-02 2.874308974827066016e-02 3.767445726912414111e-02 4.172960292738450011e-02 3.493872254658868942e-02 3.944001104219020670e-02 3.384032442261289408e-02 4.066380776898460142e-02 3.601100126212859742e-02
3.591515412435607874e-02 3.973521482145031536e-02 3.470575967298313025e-02 3.692674508360890145e-02 3.862633061475714141e-02 3.640588561656708799e-02 3.665967460476636519e-02 3.732303404989258805e-02 3.647193056932603039e-02 3.931194748847329640e-02 3.394887071242347343e-02 3.812301458141456600e-02
3.650724948665774044e-02 3.505716867671421905e-02 3.965072663225884669e-02 3.482263831595171916e-02 3.802791613504324236e-02 3.980567835030150714e-02 3.408282891176412505e-02 3.669842962418629062e-02 3.702138944559665162e-02 3.967579386493249455e-02 3.596635358213410433e-02 3.723253384508006664e-02
3.754099379760748867e-02 3.659767579722016106e-02 3.478755422055730684e-02 4.470197102502537073e-02 3.189039320648707349e-02 3.510693262874509113e-02 4.611877331217778542e-02 3.259571972553948482e-02 3.545285605619587221e-02 3.884613294132924222e-02 3.911022089147905834e-02 3.545378687796820610e-02
3.841176292638270873e-02 3.682943713786711315e-02 3.208809928799867539e-02 4.369032668849844037e-02 3.805052028512418555e-02 3.503793654460041901e-02 3.412155159057198711e-02 3.813813976284242957e-02 3.999284563544519555e-02 3.380474539802529738e-02 3.896111745586202518e-02 3.758387910191571951e-02
3.363963548384631824e-02 3.845682229602072344e-02 3.475648031655127757e-02 4.016325998024133231e-02 3.610215874813850478e-02 3.663790818962164852e-02 3.949940807820515043e-02 3.481211954252844132e-02 3.600973686719247113e-02 4.103969943713794283e-02 3.324055422282452821e-02 4.095971571294967917e-02
3.831081281341534861e-02 3.704691920327521371e-02 3.576349891685776800e-02 3.668869605733220129e-02 3.896336192055904063e-02 3.479098615848900955e-02 3.501840239484413364e-02 4.140037934125868901e-02 4.398665645395455348e-02 2.994477388720969899e-02 3.451233550349042112e-02 4.307613419516791858e-02
3.018031747207293447e-02 4.133475075713006347e-02 3.739086801978080271e-02 3.793777271174897381e-02 3.812799199134845468e-02 3.495396766177363140e-02 3.667874214725338339e-02 3.587203620313163949e-02 3.778622004462222489e-02 3.657298154668600643e-02 3.740546349754364508e-02 4.203012005974213899e-02
3.161815927521858388e-02 3.979569022093421005e-02 4.305153458721590332e-02 3.160655383839842264e-02 4.099873465345339751e-02 3.528745030425884527e-02 3.485332565480683820e-02 4.196421483921351087e-02 3.586270064903640531e-02 3.428768533557376152e-02 4.229183418862657307e-02 3.660710908137733421e-02
3.685253348024586373e-02 3.835174905776127935e-02 3.448172130761453097e-02 3.613502278176419086e-02 3.907236570781372903e-02 3.975707909873384821e-02 3.334806182891013326e-02 3.847431067666505500e-02 3.637130514369719958e-02 3.904273079557969706e-02 3.457032642455548643e-02 3.827407372670734581e-02
4.012495463916487815e-02 3.637939610687538489e-02 3.917060071182740244e-02 3.040892258957497360e-02 4.555839959539653705e-02 3.267520988091623946e-02 4.028598304871659069e-02 3.735250382964790811e-02 3.529885173609694643e-02 3.897076550201786921e-02 3.423282902073831319e-02 3.688211519793550136e-02
3.718462073031072318e-02 3.346786909869139959e-02 4.578369871431996890e-02 3.674679473304611615e-02 3.554306955849413641e-02 3.573168906057953842e-02 3.716474800447733956e-02 3.604637273109822376e-02 4.148765727807045278e-02 2.924037409767397955e-02 4.841929906803801170e-02 3.364751988186166082e-02
4.088882879530255504e-02 3.555287720797700723e-02 3.402194420319101104e-02 3.828809156791117274e-02 3.829682068211631013e-02 3.796720256182751357e-02 3.468909192996936369e-02 4.398540768703408654e-02 3.105901300396653533e-02 4.137850596217131777e-02 3.237729991901466819e-02 3.903973442727660254e-02
3.502772258024351715e-02 3.755834361988574788e-02 3.645472315664750884e-02 4.097325834654792776e-02 3.204104366617843702e-02 4.019412122718502706e-02 3.648054646962602121e-02 3.577461791475120001e-02 3.699865555588083277e-02 3.670947686701705320e-02 4.167470670440204250e-02 3.566152433117467102e-02
3.935018555543977337e-02 3.746977219964341826e-02 3.578664650818844106e-02 3.522726719185707844e-02 3.799293321576537041e-02 3.844973034743619233e-02 3.584710422507730865e-02 3.790463611135626992e-02 3.333642993952581901e-02 4.240025806868329833e-02 3.345292527022034751e-02 3.801647459286852659e-02
3.371166954959059492e-02 3.908448370452777265e-02 4.092400607888857511e-02 3.509871814827778685e-02 3.583431567122062622e-02 3.538672595962406159e-02 4.101775563835358129e-02 3.671373289647787003e-02 3.442334659719338552e-02 3.767402212908217002e-02 3.795503997706371757e-02 3.753004853871422936e-02
3.609391972367790441e-02 3.535961368100119101e-02 3.498837193438273513e-02 3.805552640042918905e-02 4.315949965098370145e-02 3.124688398075764831e-02 4.136270737572076556e-02 3.483062417746300016e-02 4.203763503653092787e-02 3.114932766697134717e-02 4.104400506998991116e-02 3.862930087563604814e-02
3.694110986695106624e-02 3.452213408582239379e-02 4.058947447491755706e-02 4.108746848938046869e-02 3.496324447502494048e-02 3.489232628913290640e-02 3.745390277665164303e-02 3.567019894725480950e-02 4.308773119749753633e-02 3.045752880355382178e-02 4.487906599120089490e-02 3.373517715822207247e-02
3.578242219466075402e-02 3.786048812562847060e-02 3.544333235841399393e-02 3.891407212215976241e-02 3.759338307553791031e-02 3.493577735362717041e-02 3.673093688636804716e-02 3.690359890484339739e-02 3.858536475930843257e-02 3.790035337727976072e-02 3.109446930985491561e-02 4.431386707289008270e-02
3.426329955306278707e-02 3.889879589676722982e-02 3.158620992292641289e-02 4.703886323505720307e-02 3.387225583970535775e-02 3.506660121669057800e-02 4.157507780278695692e-02 3.457100075133781591e-02 3.800741068797747202e-02 3.662156519290868384e-02 3.476849060857536283e-02 4.137570796780066368e-02
3.702849393004162964e-02 3.904480885840373727e-02 3.200988872515646982e-02 3.672698859559951623e-02 4.338525911166692811e-02 3.224663522909664015e-02 3.865650842492916045e-02 3.801512647583401433e-02 3.721625898140158012e-02 3.635311902369801201e-02 3.403020090162446609e-02 4.255023621636919162e-02
3.816646805196747400e-02 3.427974394778384587e-02 4.070187732834563976e-02 3.399697946184679354e-02 3.711067409144599288e-02 4.173939746514489235e-02 3.192738987200594014e-02 4.012782920542864312e-02 3.795324221620380994e-02 3.567886516166081379e-02 3.702385283853729808e-02 3.674973589846172034e-02
3.396198580438621745e-02 3.760842812346576469e-02 4.024041005474159050e-02 3.575637197348584262e-02 3.647254946541491488e-02 3.801281060262442363e-02 3.754215201751402026e-02 3.828468572102905476e-02 3.121697445161091683e-02 4.289046793852382966e-02 3.983253085588127351e-02 3.491130687780716335e-02
3.321347787207459129e-02 3.716903335277006032e-02 3.702620683304801152e-02 3.651611344303775514e-02 3.569887706814704742e-02 3.883802252548664707e-02 3.563896388441110952e-02 3.909833785348221236e-02 3.762701663312122830e-02 3.568731454733408553e-02 3.759378202892608295e-02 4.082074477159985254e-02
4.315363185548498626e-02 3.169901818578826913e-02 4.295261240227879473e-02 3.182076842170290798e-02 4.304608360113874183e-02 3.283615978817495951e-02 3.433532899184032344e-02 4.618457123464355524e-02 3.462099111322261558e-02 4.028285013287814104e-02 3.292995978667086210e-02 3.642360775333897127e-02
3.529394132858656302e-02 3.568000400339950418e-02 3.911677413793451102e-02 3.406866933197481850e-02 3.991497295368830883e-02 3.925256791447657989e-02 3.213152414097786291e-02 3.793787410321803472e-02 4.282653184670025953e-02 3.340213507391744108e-02 3.517644216482306019e-02 4.194463799347725869e-02
3.818198155914139663e-02 3.442549425278113029e-02 4.335791052137608070e-02 3.175806483719818829e-02 4.349643542452859973e-02 3.483442915463312584e-02 3.758687865540038392e-02 3.532886542618481063e-02 3.851833301260169234e-02 3.476781530213274296e-02 3.809742480757470628e-02 3.594414596241907178e-02
3.648811897053828857e-02 3.769421348059341648e-02 3.505415754658451621e-02 3.708517853473847214e-02 3.739922234189579919e-02 3.563594930235090830e-02 4.181034986260791925e-02 3.606806336282442765e-02 3.178678188419042927e-02 4.683232589165407800e-02 3.229716930677489772e-02 3.910165901473457162e-02
4.047394094457393982e-02 4.044191108304453358e-02 3.062700661169983143e-02 3.720517013019700170e-02 3.951814481328172479e-02 3.412010978631764557e-02 4.706077267676234133e-02 3.546739860739534650e-02 3.128186831119000866e-02 4.585174777225194120e-02 3.424640569994917561e-02 3.527719549395066240e-02
3.017804018961640564e-02 4.751306628939622190e-02 3.086630198595102445e-02 3.879313250163939075e-02 3.627636411860198778e-02 3.847392939584420163e-02 3.851806370119986028e-02 3.296397028906904864e-02 3.717978092885448893e-02 4.133031528552746914e-02 3.403576912938611337e-02 4.338513148964522059e-02
3.507875076202295744e-02 3.366911985224232962e-02 4.133980367116317500e-02 3.791434920691343774e-02 3.602942858236229257e-02 3.598534510992476565e-02 3.439006764635343244e-02 4.021123443899365935e-02 4.011216186989483012e-02 3.548731892461654686e-02 3.353659849635736573e-02 4.288533257417989630e-02
3.799176861067894012e-02 3.885762816991912560e-02 3.533524324443726439e-02 3.856600780038602766e-02 3.608415516723944422e-02 3.749164082235788981e-02 3.481410793518285168e-02 3.775339069520369101e-02 3.836943392350077725e-02 3.482604171592502962e-02 3.849851790718984701e-02 3.556962728455805023e-02
3.569647381978338641e-02 4.400880249539881883e-02 3.348439286352389299e-02 3.385233627133508311e-02 4.375629439483859351e-02 3.365400473936768638e-02 3.789323956743911176e-02 3.730330114209384068e-02 3.555519569725519580e-02 4.282241666278342740e-02 3.466111678345656227e-02 3.495912903995672394e-02
3.474956938753089725e-02 3.770955848721750658e-02 3.877741909361522715e-02 3.604624557647102823e-02 3.449690064321478400e-02 4.081736585313218424e-02 3.361297938653293182e-02 4.030730484152007104e-02 3.451766555437718598e-02 3.698127052645401591e-02 4.091665916443978229e-02 3.632386138908783035e-02
3.344195345279641490e-02 3.888822264611670187e-02 3.492354961249656553e-02 3.787993560711893498e-02 3.519104765535444740e-02 4.236179337489150848e-02 3.202133033522007455e-02 4.338547119593456208e-02 3.535919573218571088e-02 3.420374110549544155e-02 3.637466470039866367e-02 4.314288654098154957e-02
3.526884040744954207e-02 4.235661811442106850e-02 3.329532827859021243e-02 3.696717809233614205e-02 3.790581639512571877e-02 3.692838733001853335e-02 3.773038065489083687e-02 3.589878511886234608e-02 3.580886187488781236e-02 3.794426174897343185e-02 4.528594651425599249e-02 3.187062809276738212e-02
3.479810278471906493e-02 3.752972315688732352e-02 3.332787952833823203e-02 4.533123791699441435e-02 3.739918204407493424e-02 3.321366626575442127e-02 3.958775327097945745e-02 3.916888403456095236e-02 3.304496509699304807e-02 3.741720726522803492e-02 3.869895003142011236e-02 3.758880479535547936e-02
3.674118104780881022e-02 3.669213394574885601e-02 3.656754825903930223e-02 3.846588454985469530e-02 3.835158108278910460e-02 3.374993701338022817e-02 3.999152690489842649e-02 3.682183902814541859e-02 3.388067467489624257e-02 3.476260570395468125e-02 4.516061746447180142e-02 3.529876521553322599e-02
3.748887304447793417e-02 3.352717241503020557e-02 4.606515691813828361e-02 2.916238105270911249e-02 4.463608298856377304e-02 3.349605157717494563e-02 3.850493425452073543e-02 3.598924368461869222e-02 3.727215545448985673e-02 3.796834241025278528e-02 3.878934881425223635e-02 3.534770013082411122e-02
3.925490798570799994e-02 3.489405449247474228e-02 4.079279986891776871e-02 3.293738783214886917e-02 4.258600215162890862e-02 3.164481394873499415e-02 3.638885566655503112e-02 4.419255793657557441e-02 3.518527674361147939e-02 3.686232647271527052e-02 3.559709488504585184e-02 3.690693723883198274e-02
3.584638006531448012e-02 3.924643577639701231e-02 3.490730778875852230e-02 3.820521179454808985e-02 3.746464658228975536e-02 3.670049812372401521e-02 3.743794835213345995e-02 3.732759430359682690e-02 3.525092930911621902e-02 4.082801586156029061e-02 3.604591575847181789e-02 3.519672875079257746e-02
3.224985304215607224e-02 3.712456627779672086e-02 4.338875572458778668e-02 3.425488929316025666e-02 3.687408932657144922e-02 3.485540496117082304e-02 3.946875189115858773e-02 3.751865863405375728e-02 3.360795723397682483e-02 4.012507871090815331e-02 3.778647004430384093e-02 3.924409549038958972e-02
3.880471119352393167e-02 3.745354241466930523e-02 3.450643600239842318e-02 3.835162744809860608e-02 3.828508492607085589e-02 3.598135780918260140e-02 3.664087530589937164e-02 3.855308177506995559e-02 3.399359393864462286e-02 4.123102558537317108e-02 3.564162822085475274e-02 3.509026711205614352e-02
3.801161212959629221e-02 3.625215125476422690e-02 3.916560025753783314e-02 3.274710082052907645e-02 3.636149081822792617e-02 4.226729829641297231e-02 3.559989783703232380e-02 3.925893907698535523e-02 3.324167271668732743e-02 3.774416281624536768e-02 4.157276534920897881e-02 3.419608879608790342e-02
3.916656768802227045e-02 3.708387396625859728e-02 3.734737150308822112e-02 3.468265739449066104e-02 3.743132689916963546e-02 3.967435075626432606e-02 3.381549254362285067e-02 3.825502199532870851e-02 3.534633741496264608e-02 3.821902076307730212e-02 3.948438750792788304e-02 3.420246086064425428e-02
3.594169434436866178e-02 3.451923384925892346e-02 3.902961110286612412e-02 4.163992227457318646e-02 3.393983292823862796e-02 3.608008372251916146e-02 4.022374155474120472e-02 3.599506637400314707e-02 3.802239591762564264e-02 3.511057399562969583e-02 3.876809555794710066e-02 3.621100550748311553e-02
3.888560382628666878e-02 3.305744738726622972e-02 4.076319375214246254e-02 3.892169306331250134e-02 3.538856233334373297e-02 3.393197057807231104e-02 3.857411542854057018e-02 4.200963735249549358e-02 3.192586673019877364e-02 3.949312763917367519e-02 3.742413490224318767e-02 3.597675027764361821e-02
3.328506595702458715e-02 4.058647839562205817e-02 3.502771383526033511e-02 3.671745278828209696e-02 4.095996736087981899e-02 3.447516561581352723e-02 3.698666498149896786e-02 3.701608713980188148e-02 4.069632134642879595e-02 3.230637560945033571e-02 3.950855411552060131e-02 3.811211044097153472e-02
3.571193060663374608e-02 3.592686593976272130e-02 4.056674763502141068e-02 3.531085167713985534e-02 3.511461772517643354e-02 3.942508723146463667e-02 3.249520658572702114e-02 4.726376630997072142e-02 3.149112412262997096e-02 3.801651972972430737e-02 3.773040731637500311e-02 3.819181980108855151e-02
4.014426191964583918e-02 3.687829172595102206e-02 3.474709519099977717e-02 3.959078128404064367e-02 3.552868440341926115e-02 3.572807528256308901e-02 4.021910753519641890e-02 3.677228105534815356e-02 3.568190692483706739e-02 3.434202584207243780e-02 4.313414729168645045e-02 3.284382246581881576e-02
3.880200399450345339e-02 3.714480223936020981e-02 3.932903865422070905e-02 3.260802121040188434e-02 3.998167376745460910e-02 4.093140679225620165e-02 3.097712322529401832e-02 4.148705940752291099e-02 3.688951965525426313e-02 3.516375001979145376e-02 3.921362331886984326e-02 3.395563448534315298e-02
3.767856861579872707e-02 3.502929510136082447e-02 3.760544665882762511e-02 3.595222604522476523e-02 3.757986538576828239e-02 3.828081364610529808e-02 3.597326847669999467e-02 3.765918715181881815e-02 3.653525894017458503e-02 3.523945921588993863e-02 3.830793820533855837e-02 3.804333171505255157e-02
3.779601085066582739e-02 3.555552902644584096e-02 3.845835810936203136e-02 3.715856114008812827e-02 3.660460404776564453e-02 3.585523157878976741e-02 3.851615599905824222e-02 3.505164495793356566e-02 3.439797198108516391e-02 4.323535593493170459e-02 3.683674368087481305e-02 3.566186803580991688e-02
3.399073432559463620e-02 3.855270128047644240e-02 4.061663926956492199e-02 3.611693335556459550e-02 3.564079557045939095e-02 3.893562665999397709e-02 3.451591695628566936e-02 3.861048877595428530e-02 3.515982452512764894e-02 3.959865860593620585e-02 3.894636432809876064e-02 3.473566279708534266e-02
3.374704984691432458e-02 3.824432605869932528e-02 4.233645182183273098e-02 3.192949880734742563e-02 4.004079994573338241e-02 3.478057473012358819e-02 4.061869556414728771e-02 3.420112541606021989e-02 3.585010118223001113e-02 3.974047337493414461e-02 3.566020203584684134e-02 3.895399642255179679e-02
3.833863104492229307e-02 3.733580603334311909e-02 3.666068540852324142e-02 3.995607297680710962e-02 3.095074698808437941e-02 4.095828272783277185e-02 3.578587979404890262e-02 4.149683402786250724e-02 3.646265246368979307e-02 3.408060424870588967e-02 4.010959726370841999e-02 3.425129655263828982e-02
3.372860601818366416e-02 3.720790705092493628e-02 3.732999219699600912e-02 3.807009535553124158e-02 3.442200344130828121e-02 3.901286626200016483e-02 3.549457913979249535e-02 3.712833887894084750e-02 3.577259111624922494e-02 3.883942902514388174e-02 3.826109486727467812e-02 3.949926306458700909e-02
3.036066000348491140e-02 4.010788775292309372e-02 3.758233055052438015e-02 3.453440641946593087e-02 3.763072099968171186e-02 4.185266956579497544e-02 3.596725949532415811e-02 3.292273554758837900e-02 3.826601210768811739e-02 4.055879703119760066e-02 3.286300848868507762e-02 4.581357351944186779e-02
3.368745713580464929e-02 3.992549938381704383e-02 3.813102656445349625e-02 3.297126764468310406e-02 3.903043111762348472e-02 3.787013526108959360e-02 3.745716447910665825e-02 3.298310817296933040e-02 4.189189223040571536e-02 3.455255398578779141e-02 3.665767145154252143e-02 4.071674381903780254e-02
3.743646920110989956e-02 3.875773396911102314e-02 3.768621182211620568e-02 3.858900167322881075e-02 3.260325697775792730e-02 4.127664028991535200e-02 3.567727350402218750e-02 3.561300424368910728e-02 3.715248453601226880e-02 3.727233998654708863e-02 3.924537353040075810e-02 3.383251797199985506e-02
3.448244286625808813e-02 3.690444516212208065e-02 4.169221762673006731e-02 3.510320081458226382e-02 3.561573819765143090e-02 3.753501548523753562e-02 3.827412956025771917e-02 3.529388415396291639e-02 3.712308682234958385e-02 3.888806667898076636e-02 3.623291193065338728e-02 3.747380234606494803e-02
3.816094248719753557e-02 3.366155328395645935e-02 3.912388784349133536e-02 3.946026568855903749e-02 3.914348545040700206e-02 2.995427616212652244e-02 4.498170523654711900e-02 3.424078008633028858e-02 3.455941089356043966e-02 4.452838163500773966e-02 3.313922414513201936e-02 3.778409020033606652e-02
3.251873528885664694e-02 4.189477562229244889e-02 3.393461332349982651e-02 3.882781945341028801e-02 3.751720594188442254e-02 3.358242889417517585e-02 3.899237490095105313e-02 3.918162624477121436e-02 3.095049501358607472e-02 4.693364607638932096e-02 3.147964406273628252e-02 4.320288299812293648e-02
3.213894712724472275e-02 4.036243459131021866e-02 4.324960265911732826e-02 3.159689710300177951e-02 4.055375761798361844e-02 3.490706069360515612e-02 3.710395654712177888e-02 3.919008536244847352e-02 3.546709037136201031e-02 3.541035367990454791e-02 4.198774852671287305e-02 3.558219389332274718e-02
3.601318368778142626e-02 3.585685060719681627e-02 3.928695546059959853e-02 3.560870620642305612e-02 3.710992996478961609e-02 3.630826188884804517e-02 3.692010526950429555e-02 3.597929330742436621e-02 4.151607934594433308e-02 3.210930896604284601e-02 3.829938257404142538e-02 4.008077494129525659e-02
4.307241026069946743e-02 3.743498155379230280e-02 3.419943032234933761e-02 3.562800039769745825e-02 4.143032602753476956e-02 3.806186178309284296e-02 3.450750089501229689e-02 3.524416586468374218e-02 3.929325419383732088e-02 3.963472527985894417e-02 3.366106891888692720e-02 3.457628275651925681e-02
3.480473231517453025e-02 4.550859864581592584e-02 3.656525538051426383e-02 3.299639893077024183e-02 4.026309557805098777e-02 3.476381569913749442e-02 3.760446006048107775e-02 3.673327727454911429e-02 3.782450439028037237e-02 3.658310852916424327e-02 3.583602605394064361e-02 3.692738205653871286e-02
4.058251111506319675e-02 4.077793112650791862e-02 3.189220007680820118e-02 4.014955376592602154e-02 4.067662521821011762e-02 3.297658134198815788e-02 3.411548628383816173e-02 4.252747063523353022e-02 3.707339584875800342e-02 3.809175068401352698e-02 3.798057537069769035e-02 3.153124397141291585e-02
3.758615453884203012e-02 3.726585831969267404e-02 3.696554603318032151e-02 3.807969047959580688e-02 3.383393623965504082e-02 4.249770424193454604e-02 3.430397772884297147e-02 3.569215830161639319e-02 3.629362525916511595e-02 4.391884310426482502e-02 3.524750959684096879e-02 3.449932674908419428e-02
3.805560722666483098e-02 3.865840393084171711e-02 3.173081076224666675e-02 3.837793490427850174e-02 4.131984100389760745e-02 3.277430498570384904e-02 4.091477763123380074e-02 3.517141829947059706e-02 3.932229505920261520e-02 3.592726296283655502e-02 3.858595294014566246e-02 3.544303022716391999e-02
