-9.414053880076650671e+00
-1.006523046926740150e+01
-1.013008466200532354e+01
-9.663402820872818211e+00
-9.573477322156467295e+00
-9.763153779909416130e+00
-1.005292872833984497e+01
-9.082590326889226517e+00
-1.010750962492138605e+01
-9.038546595780838189e+00
-9.362201912750224508e+00
-9.809501049223797509e+00
-9.718882996117850226e+00
-1.052601955326340644e+01
-9.974566073090443297e+00
-8.852334702227228291e+00
-9.792884621769715636e+00
-9.990621770581318728e+00
-1.060238980436093748e+01
-9.448452615350102946e+00
-9.272592400649726230e+00
-1.003664793549457812e+01
-9.661501240942314439e+00
-9.900691757579446417e+00
-9.637405702297193955e+00
-1.031555098928680536e+01
-1.010481251913897793e+01
-9.678723724763974801e+00
-1.149640932694317108e+01
-1.053508813983788528e+01
-9.601963478453670930e+00
-9.749529496725957145e+00
-9.562682816394371343e+00
-9.902811087469642004e+00
-9.711967662362811282e+00
-1.072310673387729274e+01
-1.013351413630851461e+01
-9.982786976137255408e+00
-9.040494894564899298e+00
-9.624262569168980264e+00
-9.833657271750734452e+00
-9.519399072097279202e+00
-9.967181409069187481e+00
-1.015747062473593232e+01
-9.190332599220814913e+00
-9.059687690344890854e+00
-1.000528425117078335e+01
-9.732697323187117888e+00
-9.276372059291793093e+00
-9.945064598763680763e+00
-1.058550267374285703e+01
-9.729195400915589431e+00
-1.012753385351238933e+01
-8.994058473863347558e+00
-8.970924979476047056e+00
-9.755692648640026832e+00
-1.012856494439346200e+01
-9.718178491711020328e+00
-9.219380377276721106e+00
-1.044579108411624091e+01
-9.018173571716850745e+00
-9.618959442947637939e+00
-9.680613092157349442e+00
-8.778053069641789108e+00
-9.930100565097513154e+00
-1.001454026904223582e+01
-1.033136135417109891e+01
-1.062007443667506656e+01
-8.697668581213726213e+00
-9.291967110189588652e+00
-1.066950883524550164e+01
-1.027167161832126041e+01
-1.058913046681469616e+01
-9.973458724538403430e+00
-9.504348928696540355e+00
-1.035490547375514048e+01
-1.083206941402665713e+01
-8.959851932110177941e+00
-9.735847892708420659e+00
-1.079388461211997274e+01
-9.837823844660134043e+00
-9.426849938546451924e+00
-1.007802725280568268e+01
-9.733854409677892505e+00
-9.764566673162120125e+00
-9.280427240478067219e+00
-1.038861059650497687e+01
-9.258747465652318098e+00
-1.074374767655149299e+01
-1.023299273542851751e+01
-9.693186811459460372e+00
-9.603345542773938703e+00
-9.017308300835860990e+00
-8.982021191000795213e+00
-1.032608785992514733e+01
-1.009439907479384324e+01
-1.025546871803647164e+01
-9.431560915768672615e+00
-9.163301737455936902e+00
-9.730895296158029950e+00
