6.636667144036485777e-02 1.460024771923268683e-01 5.872406329409912695e-02 4.464097173641515259e-02 4.561020992170844446e-02 3.605225907437888122e-02 7.725391206344092709e-02 8.754464921304899727e-02 7.214860877357369418e-02 8.318919009267505826e-02
1.727796642416864689e-02 3.689735050821554146e-02 1.561026420595575948e-01 6.241727111351273727e-02 5.155573536185529410e-02 1.523696409280463349e-01 3.961238379898685685e-02 6.305587205593399247e-02 1.175388129307779750e-01 6.710887751357907938e-02
9.514376591126878779e-02 4.048543144472091515e-02 4.567204612102619687e-02 8.135453585233591578e-02 8.561478020905087527e-02 5.773195046052691237e-02 9.997228141172120885e-02 6.362349856741941756e-02 7.426484815511225079e-02 5.936303309291936919e-02
4.485346533524724871e-02 7.140359174560925726e-02 7.720831559405461064e-02 6.087522699727537789e-02 4.550531267390198892e-02 5.356833515730016065e-02 5.940352150909772311e-02 5.410196777116210720e-02 1.036872957247907401e-01 1.446818436639638605e-01
1.011185816105579505e-01 1.759417070059190319e-02 6.256156167304129101e-02 1.082363208580695291e-01 5.632424395076221502e-02 6.580097653424119009e-02 6.157792067827135701e-02 5.510879066264129378e-02 8.934158804518482766e-02 1.035391268594436642e-01
4.311178480597782636e-02 9.251619055021424731e-02 6.779392069208652061e-02 8.073063011429956748e-02 5.431963131641705245e-02 5.379752035025264778e-02 8.498365081775116625e-02 4.225227883067397133e-02 9.012858351037435212e-02 9.403309832155457015e-02
8.817805120031164956e-02 6.253894527969880435e-02 7.585394152706770310e-02 1.858267129328330103e-01 7.810334553491635190e-02 5.450334575802743414e-02 6.714466362159990376e-02 6.249573788729939627e-02 1.909768483686280147e-02 4.690904649477631305e-02
1.091053768699953713e-01 7.413286309003032371e-02 7.039882991405504997e-02 6.438471237475551501e-02 5.378232306764153814e-02 6.577335309116234818e-02 1.048798710424666270e-01 4.221932442160081234e-02 4.183657478620346482e-02 8.012938232773297864e-02
9.173629610893499486e-02 4.347614142768671530e-02 5.700708198843861679e-02 1.049911624057006665e-01 4.919070004485456143e-02 4.323805850597760292e-02 2.929404814677270819e-02 2.372212310311025973e-01 3.918542847864657508e-02 7.616571933401540540e-02
1.392528440629936526e-01 6.625829500007388018e-02 2.317923354122152640e-02 1.355626030895229484e-01 6.391962715598446809e-02 3.789605208786162027e-02 5.828908943554106381e-02 1.167409551386641153e-01 7.392318258099805917e-02 3.173228971776345664e-02
8.165926503926430879e-02 6.135211705281887196e-02 6.672906998450706118e-02 5.731976454695558720e-02 3.230299756905594122e-02 3.183991903896490200e-02 8.902496560710651541e-02 1.175595024781687786e-01 5.629058779258783174e-02 1.301675200280186795e-01
1.100055446152336108e-01 7.848684642259586008e-02 9.854715479196327066e-02 9.262656993157719620e-02 5.125983007480502951e-02 4.524754076959937310e-02 6.187508853499856798e-02 9.506690302543624460e-02 3.665495560269876885e-02 4.422362042828647394e-02
1.537646206488810507e-01 7.539242321740229069e-02 4.135327148376509443e-02 7.833633690528915561e-02 5.652821659662628229e-02 5.584842804435335983e-02 2.350271825113232904e-02 7.832039187759243237e-02 1.043204702929381306e-01 6.083668291368177217e-02
8.166956147723851422e-02 5.528384477365465288e-02 7.823667155295396802e-02 9.435489678915298661e-02 3.492562666237834096e-02 4.546616839682243727e-02 6.414695354432989327e-02 1.094218231721110490e-01 3.374027617672505086e-02 1.231748336867442284e-01
6.469052037255662579e-02 6.637515000079113880e-02 1.328425895218586228e-01 3.446812906236200458e-02 7.506793107096218498e-02 9.361640413607187627e-02 5.792335214782942665e-02 3.890763240483965241e-02 5.466265459151577882e-02 9.874137703860352833e-02
7.771823639503649961e-02 9.391528073606077165e-02 5.192595450260830553e-02 4.840761088193083761e-02 8.996814078225731648e-02 7.376927372255945303e-02 5.220579428843730163e-02 8.832802935968386837e-02 7.933689844933834723e-02 4.586408818916684615e-02
6.717881327916797041e-02 5.952769087979205287e-02 8.433547953560670274e-02 8.628312253429307188e-02 6.122170868024542217e-02 4.478926235240775211e-02 1.172268406359986970e-01 7.889385863509568164e-02 5.203188722827677137e-02 5.221547316902180880e-02
6.069488741982515673e-02 8.192467634879072036e-02 5.283950171170479632e-02 5.426927014976971192e-02 5.541709399354757815e-02 8.823712986370028932e-02 6.012167523865316610e-02 6.528134025693758946e-02 7.907748313141696461e-02 9.943234469252905383e-02
8.492632659035054266e-02 1.094709703435514797e-01 3.982499828946756137e-02 5.246258159170888447e-02 2.824578275912376438e-02 1.304657556526458428e-01 6.398230624741101102e-02 3.024767546917855876e-02 9.622894498733336466e-02 9.550592165707630365e-02
6.778062372786394785e-02 6.020312757366744205e-02 6.848671850033047348e-02 1.062846604503710768e-01 7.779570125754807497e-02 2.871874597266019236e-02 4.083581133265930252e-02 7.628890842154653629e-02 1.021292681514908707e-01 8.278546294618814583e-02
4.290225448030154237e-02 4.673339632881835792e-02 1.337721314280941320e-01 1.074061000758756157e-01 5.082883088299278151e-02 3.702850513578365144e-02 1.467869131411664307e-01 7.502234046082553731e-02 4.321677193415809221e-02 5.345545433976973265e-02
1.183480785518822576e-01 8.828083410959375321e-02 4.759189406127789512e-02 8.131831990269690336e-02 6.089779055173588640e-02 5.267675206627768503e-02 3.754768541422402739e-02 1.351024782858397666e-01 7.091872651239858327e-02 3.216056661583470422e-02
1.176441609926870274e-01 5.281672811646445642e-02 8.890560591747981301e-02 9.405233215063815710e-02 3.932121088870268316e-02 3.525108726275574811e-02 4.956527938053857663e-02 1.243376511967750481e-01 5.711209612658467438e-02 6.302178348392527274e-02
3.838129713753502675e-02 3.827341799090683283e-02 1.558651640085382817e-01 7.509583346112314040e-02 5.555655324252192773e-02 5.795813310213760589e-02 8.549843059973134818e-02 8.202854629527984998e-02 7.028530329005849842e-02 6.160279411824537421e-02
2.962487360570176254e-02 7.623532836248483879e-02 7.564493492266022301e-02 7.900222515214005981e-02 3.200177467868037945e-02 1.072766893537070443e-01 6.895794387598527808e-02 3.348161456696050614e-02 1.090561771612478664e-01 1.153887533335309634e-01
5.549321356924463711e-02 8.286171176225899659e-02 3.120565590537648093e-02 7.212950019248592914e-02 1.017811938627185275e-01 7.988971097910332886e-02 5.623289538867699833e-02 1.434764899106315550e-01 5.574640349539053408e-02 4.229342756799807368e-02
1.150465444598581660e-01 7.648557983617440548e-02 8.259664378088649173e-02 3.787934713250026147e-02 5.444577728784310428e-02 7.333811321858657584e-02 8.424735655724885364e-02 3.698475926735979302e-02 4.143980265428318099e-02 1.155937025896338899e-01
4.758044764585138420e-02 4.682242793490742211e-02 7.281643055834757794e-02 4.677695922746855084e-02 4.701382834330068011e-02 1.278147884283813707e-01 8.753843301055126702e-02 5.538681724757395924e-02 7.846419585370929817e-02 1.033791572362985356e-01
6.729556956517009081e-02 8.134215520200230309e-02 1.028012413010792880e-01 4.398200573681786130e-02 5.418639609744313468e-02 8.625231845129109620e-02 3.700898188412433953e-02 6.142820375940623301e-02 9.540172691798853855e-02 7.623812403852023301e-02
8.501512017923323894e-02 5.751468670187111221e-02 7.728534783822786636e-02 5.660405329003051489e-02 5.942078997376205179e-02 3.411778405513381240e-02 5.320035130461926720e-02 7.931297194038394727e-02 1.536241932512570352e-01 6.101156873784249757e-02
4.802164984809070836e-02 7.606425845583301981e-02 7.309220841029483162e-02 6.288882050136813950e-02 7.267002246788627218e-02 5.937967557539017283e-02 9.148191251855432304e-02 7.808274307427279237e-02 8.718187078684577762e-02 4.793807698568339215e-02
3.131698969664389182e-02 2.892064101619053543e-02 9.359501168916743719e-02 7.674686679932346545e-02 4.670568939769494804e-02 7.782436883476466505e-02 1.164039275758542991e-01 5.697996117878302569e-02 7.866103007315773665e-02 1.189639752333786771e-01
6.475952437543751328e-02 7.539662331135972562e-02 1.201544903826612110e-01 7.878425616864090375e-02 4.310357142297806254e-02 4.487023562605314819e-02 5.947951216451061174e-02 7.264337309598600800e-02 6.490036729485335054e-02 7.964019257531751439e-02
6.755786848750204576e-02 9.199366273607000044e-02 4.859206969728342707e-02 7.932636617700272730e-02 4.111526029335939303e-02 1.409877990365728528e-01 8.261116017852182525e-02 6.462051117076919593e-02 4.976049286413330996e-02 4.739950678220173491e-02
8.073532936651263425e-02 5.062345713909558592e-02 5.432734617297806101e-02 7.511283697707227258e-02 5.175804632053745968e-02 1.205754280451279137e-01 8.606204527601410414e-02 4.950765102690445063e-02 6.938381205309630817e-02 6.523320868960963415e-02
7.534807402746118710e-02 5.564411844895868209e-02 7.965157104482753492e-02 9.944444017571679728e-02 8.166967113856236915e-02 3.607726679152586935e-02 6.143392386580118214e-02 4.880249446126781743e-02 9.384196610017807305e-02 7.075593932020349253e-02
4.607766188407733804e-02 4.946610831202363778e-02 6.589577736623980497e-02 1.629801688780606606e-01 2.030852790897891974e-02 4.874566599866371475e-02 1.306156187824110693e-01 6.882147083537729082e-02 8.732270791269686194e-02 6.356942883713521952e-02
9.998894731920539292e-02 5.396179819029606889e-02 5.748898611567674483e-02 8.759395785811296964e-02 5.093788267132304259e-02 6.104126697262540757e-02 8.856174150603568496e-02 6.849944153590949159e-02 5.884428832459340231e-02 7.126476884373267318e-02
7.931336656235500604e-02 8.532951607515666670e-02 5.311868021646839327e-02 7.472203346934055967e-02 5.254018432629087298e-02 4.755303799168558720e-02 7.799297497108087507e-02 5.793169763009915763e-02 7.819373975879330418e-02 9.042569700779864994e-02
4.204545082431788289e-02 4.265546222566597018e-02 7.278500487880222580e-02 9.621375357795947103e-02 5.332102967956889317e-02 5.529264122076470861e-02 8.712471289232487370e-02 6.385131224983328635e-02 6.188405091332874197e-02 1.401218185751293976e-01
2.478781522520766625e-02 4.959350332470944395e-02 1.640210353009252664e-01 3.701574702984296306e-02 3.915433582745599800e-02 1.017927423585103797e-01 1.010616164225080493e-01 6.121853990100301068e-02 1.044629439829094369e-01 6.302784268981773130e-02
3.594683178476160146e-02 1.312125176484271738e-01 8.246138302108661777e-02 2.676474810721291009e-02 2.481070700751671076e-02 7.298235087844560931e-02 1.005440175768759492e-01 5.101974750426718774e-02 1.101057594181161642e-01 1.058335096298232969e-01
4.042276370068961094e-02 4.905250467689546007e-02 5.640294986543232386e-02 1.011978971793072446e-01 7.029836593192893834e-02 7.844827755777421252e-02 9.880649317744280569e-02 5.080561227283791892e-02 6.122337685955310527e-02 9.972215594885598666e-02
4.147098336196022167e-02 6.427564671965806109e-02 1.119916273847837013e-01 7.451684355192422782e-02 5.249954573778312789e-02 6.996354384529865356e-02 7.740833258014873097e-02 3.940115332014518246e-02 5.442589272480986146e-02 1.296525704721974703e-01
1.307340337680450992e-01 1.921483033102568128e-02 3.560067023039571732e-02 1.628110861791308983e-01 3.547015895168101340e-02 8.205066103642104369e-02 1.009224723607189539e-01 8.520460977954474879e-02 5.594958978260569649e-02 4.926321932662188624e-02
3.569572159232053260e-02 5.092950013292239786e-02 6.870654077891985567e-02 6.200696440918083974e-02 9.069935773277623681e-02 1.126861646382740639e-01 3.015186376151333253e-02 8.588843932037673601e-02 1.538880966030602426e-01 4.312258226514064513e-02
9.199017331663514319e-02 4.679564637799863563e-02 5.312181034782916672e-02 1.271353153888699627e-01 6.013839325205656144e-02 4.943024935107465101e-02 1.113735336870452924e-01 5.171620104990715117e-02 5.285165518066169826e-02 6.927063282469908545e-02
4.353738305135126246e-02 5.115881717441687904e-02 1.004147720575928326e-01 9.710390415978428780e-02 4.539784170079687320e-02 7.390321723078886740e-02 7.753258926921474670e-02 7.850842576309588483e-02 5.692130012447570164e-02 7.867888475642981216e-02
1.019959439877989177e-01 7.091129361654494034e-02 4.993660723661803857e-02 3.014368472731060802e-02 1.193465684798610260e-01 5.254001443093422874e-02 9.191789818346077223e-02 8.184312238894658753e-02 5.192127276292282656e-02 6.350381154136999773e-02
3.696449126450798012e-02 6.288046646447850718e-02 7.789095154408361144e-02 6.264688847508539937e-02 1.978237195996991882e-01 8.713821506033925246e-02 4.931615223313279284e-02 4.946329198144056721e-02 6.037268027194329922e-02 5.172960018877094390e-02
5.445254083273940587e-02 2.590416782471895857e-02 1.451958981606707721e-01 5.646921344678662580e-02 9.331215665140449311e-02 5.415266528672887242e-02 3.868800986355233618e-02 6.859329694311830372e-02 9.577497244312004054e-02 9.599723076304565728e-02
8.040039835099879739e-02 1.332681321308770983e-01 3.843394979931892552e-02 6.349157044165348873e-02 4.332631458017206783e-02 8.487404986132170148e-02 5.300203463451967634e-02 6.262810908563651302e-02 7.047249529800796164e-02 7.988916196181891638e-02
2.941067340850433282e-02 6.646924019930092187e-02 6.298317083701217289e-02 4.975493170309737423e-02 6.019735281789719006e-02 8.792823381152928275e-02 1.232663466866576324e-01 5.865422963441593168e-02 1.045670024081817306e-01 7.018450900439507367e-02
6.139248665479897504e-02 4.865344102647674307e-02 7.488697280058081995e-02 8.546346313254768456e-02 6.011681361287114778e-02 5.688551449351061939e-02 4.985790943418581811e-02 1.091177270233580354e-01 5.929299140216855168e-02 9.652008836771297506e-02
5.222026648451134206e-02 9.484139835657898199e-02 1.260989018416168728e-01 5.745323678358348063e-02 4.424772561054865494e-02 5.772926158018606979e-02 1.080087020379310314e-01 6.090291873038795878e-02 4.439189141230105717e-02 6.720967442223760302e-02
5.763317608271448234e-02 6.308607737995158837e-02 5.839166676450725790e-02 3.551283634502168385e-02 3.570684599691592576e-02 8.819778694323984758e-02 1.389384060287870981e-01 4.533091861139058182e-02 1.199136862210035820e-01 8.368262763215103539e-02
1.256835993419108399e-01 4.043937562767482147e-02 9.310061150569265420e-02 9.564592851312664346e-02 4.175883859742293702e-02 3.823822889749553533e-02 1.140296626626500498e-01 1.134856098971124688e-01 3.537269644936087004e-02 3.953942093950310599e-02
4.953267131062753792e-02 5.682066390877072576e-02 9.429637439980202707e-02 3.577049414402692223e-02 9.921381187128654189e-02 4.607361921474674438e-02 7.861258678179337822e-02 8.742247890563889512e-02 7.050255073204053646e-02 8.780605836812047094e-02
8.493146071898632909e-02 4.959977963015829716e-02 4.852642804969756890e-02 6.795393123798969259e-02 8.962153870160258218e-02 5.547632648351632362e-02 3.651430177734114185e-02 1.561493307264200103e-01 5.947320470099878853e-02 7.238665662975080073e-02
3.907005653249858573e-02 1.646694455320945050e-01 5.496326116130659939e-02 5.202342055509774632e-02 1.132581848036341987e-01 5.821433170698153692e-02 5.796241956376906035e-02 5.410568133323089002e-02 5.504950771335134080e-02 7.687882638061066531e-02
1.073876816548936380e-01 6.698239544766107501e-02 2.111998676173862388e-02 5.193215361148313669e-02 1.277659153001718395e-01 4.113246877944149588e-02 7.086167181347829969e-02 1.029442243370513044e-01 7.502556788441701319e-02 6.219313233620760162e-02
5.832953926686920004e-02 1.348577968582996278e-01 5.915407825322858970e-02 4.503422728408285058e-02 8.237559074687286764e-02 4.593697988252845588e-02 6.562532057722719747e-02 1.032193958050018345e-01 4.380686764159488766e-02 7.534906898202370362e-02
7.481291408833672107e-02 5.276811254855646310e-02 6.502254212998337390e-02 5.864366811035390953e-02 3.268853555350399731e-02 6.376677370590103089e-02 1.152793845596144784e-01 7.053537361987201326e-02 7.380737527092726125e-02 1.000429536671956499e-01
1.152471221818917868e-01 8.998796828016510096e-02 4.042804906161470008e-02 1.431856779443307359e-01 1.197000030806638221e-01 4.791245490062155665e-02 3.575371256565654937e-02 5.111122090211156488e-02 4.711052602258224142e-02 4.550307592909477034e-02
3.555013389269576218e-02 6.926229671257964904e-02 6.659525721341714999e-02 9.178140103650965498e-02 8.737770647263110035e-02 6.586087789632351364e-02 6.613244081624396198e-02 7.756718070995070879e-02 1.141681896122084261e-01 3.570454384838460393e-02
8.590481585190387626e-02 3.939840147196294745e-02 8.101401464701916966e-02 3.275240544034248302e-02 4.574509523497030661e-02 1.811955055407191983e-01 7.854966176402350397e-02 8.802711918235728294e-02 4.296916412882291481e-02 6.191785276406942817e-02
5.172822667382435263e-02 6.927991956079807001e-02 7.866492909810521295e-02 4.964157231313024582e-02 1.064109494323731975e-01 8.499326758157944861e-02 2.999286660574810789e-02 7.168365396254247623e-02 1.357163112449600306e-01 4.282646787896784990e-02
5.338745261624870675e-02 1.166562173595608320e-01 5.820592568925233440e-02 5.799336649008543509e-02 1.347335628851511757e-01 5.081710781933501675e-02 1.207700214995125199e-01 6.292338827660295952e-02 4.392973358897607483e-02 3.053330159261448754e-02
6.829870274334447211e-02 5.094538976172625216e-02 7.319360206377324707e-02 7.168129547008110503e-02 7.189029199956870064e-02 7.030615477028508142e-02 5.257058180570561845e-02 6.563792892944127211e-02 8.238497289343030272e-02 8.633800488168082155e-02
1.708816590447967410e-01 6.133849443247511163e-02 4.054872350863163166e-02 1.971972523884547857e-01 4.974771751504967338e-02 6.836891994698507391e-02 1.184000396484925777e-01 5.452435866573863282e-02 9.539120448657055842e-03 3.204644094694607259e-02
5.355630808598943471e-02 4.818833482362927523e-02 2.109778485796560132e-01 4.788567009807652430e-02 2.747486869472082205e-02 1.457567377427571587e-01 5.081034174809829357e-02 2.394992905054466742e-02 3.500578189614018954e-02 1.610852056187427883e-01
3.366291618022457938e-02 4.733591274854818953e-02 6.047664396383783947e-02 8.369203533486518909e-02 6.278292716639732873e-02 3.301812049986958819e-02 7.152669137979003611e-02 1.256841727061092651e-01 7.328572199446541091e-02 1.350212154145590815e-01
4.711568934924312974e-02 4.541743410554706373e-02 1.092218447388328684e-01 8.544815362823793281e-02 5.411016283588679365e-02 4.510292022643602045e-02 4.800300068770158718e-02 1.069426610357263052e-01 1.144431375834457643e-01 6.004283496882228954e-02
5.543053181905419763e-02 1.194053012023801180e-01 8.871499160165477460e-02 9.487850403074343797e-02 6.918849423052331193e-02 7.747236644103065728e-02 5.760145733744904961e-02 5.085954608309749270e-02 4.062769349365364518e-02 5.324265934971785658e-02
5.906483461536510271e-02 5.780095452383973709e-02 8.699703295905053535e-02 6.391195522379458649e-02 5.716127269227108676e-02 1.306746558572932926e-01 3.780959571488593657e-02 3.801904162737013149e-02 1.314957670401519785e-01 6.083820401890271956e-02
7.636541796375262425e-02 7.131711241836043158e-02 6.978358033930662230e-02 1.267116082612631534e-01 4.203969587586996182e-02 2.821717480286131674e-02 6.099923057677324179e-02 9.254348732073267025e-02 8.602052225192174939e-02 6.132856478958648161e-02
5.615561276810966673e-02 8.987706992590907551e-02 5.292230111370381518e-02 9.960368336142616519e-02 6.715442378717025040e-02 7.997397891998850317e-02 1.392415503717971959e-01 7.538835058294446334e-02 2.640973447815091538e-02 3.749114450371756474e-02
4.646091199804387728e-02 5.387236074965744831e-02 7.423700856469481191e-02 1.135002232449186799e-01 4.811234489734413783e-02 1.301494858273601340e-01 5.325528905751139574e-02 2.700875713551285917e-02 5.613486962232384220e-02 1.308006411377839739e-01
4.924571469069249918e-02 8.569787136030167229e-02 3.991631143681329680e-02 4.812045540244089259e-02 7.068445625120846343e-02 7.577578512998947580e-02 7.736569811594581902e-02 6.405007369310647403e-02 7.851948022616009326e-02 1.150682495550185702e-01
1.497245463830262080e-01 3.233849713697648648e-02 3.094563222545963430e-02 4.431925650095555613e-02 4.884366851448270624e-02 1.667040983415404853e-01 8.340411034447814398e-02 4.729231056791156906e-02 7.664744153767999446e-02 7.083817230095597328e-02
3.163782699125026326e-02 6.007609054941512317e-02 7.992806518162462459e-02 6.124058749706609572e-02 8.394643207505245175e-02 8.558576648613508420e-02 7.809440773102768740e-02 9.928933094397085490e-02 8.690858980597991612e-02 4.086052600426005876e-02
8.502521721937796040e-02 6.642426571530712920e-02 2.987383447624033031e-02 4.490088669074811245e-02 1.831940265251251199e-01 8.442792893492243045e-02 4.829903945204945537e-02 5.654790179403501593e-02 1.244899440282093844e-01 2.839838842858566359e-02
8.632041266296881787e-02 4.250339075721100424e-02 6.232664836240967010e-02 6.209751740227673761e-02 7.240264587708600263e-02 9.002733433086712589e-02 8.340568189333680271e-02 5.121716080876180521e-02 8.209603350844321690e-02 6.513661720074348516e-02
8.707085394350899676e-02 4.976964639045251826e-02 8.232226071339131257e-02 2.798095958385289628e-02 5.195189348650959549e-02 1.584806839769429265e-01 6.844614621149336386e-02 5.949271999847582926e-02 6.115114621364212827e-02 7.678973643326471310e-02
4.265079833132998793e-02 5.597671726217428451e-02 5.133197164581117938e-02 7.615124483794591392e-02 7.965548407414965726e-02 7.593989817347485127e-02 8.363192839401691059e-02 7.348840417179916540e-02 6.496096509470029867e-02 9.376893422678972412e-02
5.672796339605942761e-02 3.750170377538564193e-02 3.836489143003501967e-02 7.922248438699469597e-02 1.497152585283038628e-01 5.897248098833256236e-02 5.834812210054622639e-02 5.907092169943835291e-02 9.597114372233203627e-02 8.704543073815765308e-02
4.414449143494141720e-02 1.028904398368865047e-01 9.008754547791569811e-02 7.171417461007020822e-02 7.443257058268773485e-02 6.110452487246084696e-02 4.209201688912708739e-02 7.291117777013000900e-02 8.778362162795735890e-02 5.566079095172039859e-02
8.515654093507639411e-02 9.638473132190715498e-02 5.932760863182817007e-02 1.203557324626226971e-01 6.942324108913444647e-02 5.258793653863885753e-02 7.551730969781104974e-02 6.835656152727266621e-02 5.387062828922024871e-02 2.978227878319697486e-02
3.975324238166960678e-02 9.694327582730320747e-02 7.424418979809514763e-02 6.413674627330831490e-02 3.607998586210045544e-02 7.513015027447558780e-02 1.055970538900706246e-01 4.408453174784432438e-02 9.767054562836503806e-02 7.750835543350065304e-02
6.432316034504582947e-02 4.616134289845249400e-02 6.694843859607310654e-02 7.998275901425845602e-02 4.388404245070072485e-02 6.189500802389131390e-02 6.364781544245837197e-02 9.360997069199042397e-02 1.100812105808943731e-01 7.138734469931326543e-02
3.140501004566147170e-02 3.174834145895984866e-02 8.793711706704777920e-02 1.308496874817567657e-01 5.334183406917260284e-02 7.271106791478107456e-02 1.182942278930265156e-01 7.102256269497757291e-02 7.450569785258695510e-02 5.355896643224238723e-02
5.252819660693788806e-02 4.431691989821150146e-02 8.690135206143409508e-02 5.070680939827618139e-02 1.045869893284151475e-01 1.005013661326259744e-01 4.453879907590899134e-02 3.381556953606394689e-02 8.270885388351974232e-02 1.197119205971694800e-01
4.180290468095030493e-02 9.628676091072380094e-02 9.466020096096813830e-02 6.573352053433395570e-02 3.845763224472581454e-02 8.093493316508373892e-02 5.468314504012602995e-02 6.764237588452257088e-02 1.163681837535789770e-01 5.418161826573922313e-02
5.879503795828158741e-02 7.966656424893334143e-02 8.293301745312081641e-02 3.255214239661964604e-02 6.160838465799906016e-02 6.659335083772049968e-02 7.130536879375443116e-02 7.561018136807651224e-02 1.156403940770496935e-01 5.965647268809606135e-02
4.230703396532837363e-02 5.176145739423615444e-02 4.766684179991397680e-02 1.537568829929860104e-01 3.908203251183674232e-02 6.108922390149267023e-02 8.516489577051862547e-02 7.693224219584730850e-02 9.187322619008733704e-02 7.150870764388148060e-02
5.135887431865953506e-02 9.717741324507471468e-02 5.966081770096777481e-02 5.669371710079708360e-02 1.084585410872529326e-01 7.068749215702233024e-02 4.008744154459811110e-02 5.118614788795778497e-02 1.320854183374626789e-01 4.988834373032491332e-02
7.149053382870364237e-02 8.967910070578476167e-02 7.733609012224806900e-02 3.991560886884089332e-02 1.039713480283911834e-01 9.481577172456731595e-02 3.046894201960601359e-02 8.898571875490612904e-02 7.207837488215225463e-02 4.397193622313873285e-02
8.137532705217542794e-02 5.430435957737362457e-02 7.449581121266383998e-02 5.674744960997081533e-02 6.251503755779722060e-02 6.017343349615827952e-02 7.973145483418930812e-02 8.650457172613199019e-02 6.417748321052114957e-02 7.293650517462681171e-02
6.637821953321376700e-02 5.998112369051402520e-02 8.677578158976892442e-02 9.785306668079851722e-02 7.446551302292775398e-02 6.115267123278418648e-02 8.313736053241685409e-02 6.909558663864708017e-02 5.055250839122634593e-02 4.805198542856643773e-02
5.231704733631091508e-02 3.440060475524812228e-02 4.424650739645465125e-02 1.347096716036493280e-01 8.671234730049384720e-02 5.739427837572055185e-02 3.774550888390265646e-02 8.030569413250357447e-02 1.213126159616683131e-01 7.713142695082947364e-02
