2.923474956415273440e-01 4.213488431764523812e-01 2.778236885880097651e-01 2.476678960785033135e-01 2.532428014934204885e-01 2.213289714220379734e-01 3.183996666643907902e-01 3.340430978247362348e-01 3.049321175023073094e-01 3.288654216086125404e-01
1.593096509405905470e-01 2.261004590076791110e-01 4.331099471546331903e-01 2.874841067118436011e-01 2.615223025151612868e-01 4.301859201653227549e-01 2.299038700538445501e-01 2.913250549347953244e-01 3.803609266087782936e-01 3.006977619073537555e-01
3.502550939355284498e-01 2.339773821705441459e-01 2.503150846847893018e-01 3.234919704171009269e-01 3.319194082176116778e-01 2.747499041587154744e-01 3.570217930079131463e-01 2.868745633974364440e-01 3.136445019350892482e-01 2.777502980752734052e-01
2.435063956454491807e-01 3.078657741942274484e-01 3.148902984038458586e-01 2.849971514223440527e-01 2.493060009940521460e-01 2.681966024424922712e-01 2.820809379311289833e-01 2.682045112411335364e-01 3.611728651910499632e-01 4.197794625342792241e-01
3.633915359051590466e-01 1.549408822581110068e-01 2.922079677240243534e-01 3.676382623082729562e-01 2.724100278900419281e-01 2.964636717393641652e-01 2.849514037472224981e-01 2.705672176197885248e-01 3.387670906611384147e-01 3.586619401468767454e-01
2.387082248941038432e-01 3.471343225928680276e-01 2.950367478155472289e-01 3.244409099161059684e-01 2.698552527833399384e-01 2.663069517430664002e-01 3.346170009607192242e-01 2.367026765077741568e-01 3.403923459865294543e-01 3.468055667999453417e-01
3.354253477368879244e-01 2.870924841749764589e-01 3.132756431851700385e-01 4.668062630674525981e-01 3.176457915423328560e-01 2.710730180721138138e-01 2.952124760206012999e-01 2.934151345999662652e-01 1.641429467247078888e-01 2.559108948757856661e-01
3.690351549347602456e-01 3.095869306289373291e-01 3.030227060740660061e-01 2.912818321702322910e-01 2.689956981242315193e-01 2.929161013099368382e-01 3.644281114316873516e-01 2.387431516229558681e-01 2.405739544040275679e-01 3.214163592991674534e-01
3.417519054858970673e-01 2.428126521617944011e-01 2.760910067559029790e-01 3.645662486141096892e-01 2.551112657566123598e-01 2.535431572361575014e-01 1.981170910125744644e-01 5.223057994960368378e-01 2.279359338757047937e-01 3.177649396052064645e-01
4.133982359653768368e-01 2.981551701678537558e-01 1.773356856564847206e-01 4.121287247740267334e-01 2.887992169746023130e-01 2.313533560811913969e-01 2.791446260293323212e-01 3.792580061254301471e-01 3.140161272627376432e-01 2.064108509629681842e-01
3.232522789051831547e-01 2.852409224488077211e-01 2.961541626617650302e-01 2.772886197129144636e-01 2.151618296746641845e-01 2.110206837398582724e-01 3.378931009196172175e-01 3.828847149876720701e-01 2.704795769077119605e-01 4.006241100418047041e-01
3.715919271847233363e-01 3.166488742928917910e-01 3.530550595001282765e-01 3.426935114150903017e-01 2.622575528025613001e-01 2.501900350697784381e-01 2.845796882693012453e-01 3.498303895990345080e-01 2.239882000042510701e-01 2.451647618622395663e-01
4.308392852382632032e-01 3.131764802390750169e-01 2.361943031888401046e-01 3.228397598831053150e-01 2.708891006068538942e-01 2.819176826751134124e-01 1.798095544566145065e-01 3.211267916681501688e-01 3.624215224101003940e-01 2.807855196338807646e-01
3.233171846563657748e-01 2.717231801539123914e-01 3.177451502142455420e-01 3.477161970036936056e-01 2.183448593736402876e-01 2.536465179074036680e-01 2.879820614918405797e-01 3.752214376987669242e-01 2.109955477558100589e-01 3.933078637443289671e-01
2.916933022529819008e-01 2.934756971657419000e-01 4.062895569968736909e-01 2.140386146638018627e-01 3.159991103688881142e-01 3.435561440018496393e-01 2.782975065482579669e-01 2.331449169600140481e-01 2.696699539410427615e-01 3.538351971005501140e-01
3.179591736535445357e-01 3.449983721389185964e-01 2.642766970184394215e-01 2.553526128364481118e-01 3.389176966755680365e-01 3.100737212224112249e-01 2.634791286523398002e-01 3.362204031777146218e-01 3.206263963606674205e-01 2.480957982639518944e-01
2.978836020976175503e-01 2.800301467493817587e-01 3.294016539965753942e-01 3.313058696184967289e-01 2.864203011614445127e-01 2.441950161722860058e-01 3.826495169179510158e-01 3.183892777915598438e-01 2.651427868168463320e-01 2.645818286778451878e-01
2.810203245425728635e-01 3.269764299716043654e-01 2.643106716292181746e-01 2.720659924516357075e-01 2.704792542799155930e-01 3.371244690283794476e-01 2.808264048838909899e-01 2.938062903453234620e-01 3.182266061833641801e-01 3.551635566840909419e-01
3.286448282796655684e-01 3.728432326771728977e-01 2.292196928314895465e-01 2.780611883622552405e-01 1.942335161246287745e-01 4.032404521141420561e-01 2.913857689035699305e-01 2.032897510782973038e-01 3.524452378691755317e-01 3.466363317596040106e-01
2.974707071382589607e-01 2.826975317483702010e-01 2.988779546781354379e-01 3.643864314850835395e-01 3.192034692575834720e-01 2.000008924735142135e-01 2.391817286393557729e-01 3.141249969255230923e-01 3.582545375658590103e-01 3.258017500883195194e-01
2.426676548648586951e-01 2.508397549447136665e-01 4.051775570807909510e-01 3.661436228647192981e-01 2.641413817642886963e-01 2.228798987644939888e-01 4.228261202252763251e-01 3.120483308357108188e-01 2.427830156774179460e-01 2.704926629777288372e-01
3.855888591687439138e-01 3.360150627676500301e-01 2.520049052878607365e-01 3.269606683809344050e-01 2.812173545756518345e-01 2.719672357988943689e-01 2.242789976719933021e-01 4.072898843991317186e-01 3.062082156516456877e-01 2.084688162974899228e-01
3.834159023305860892e-01 2.630656830201859586e-01 3.382282502988612771e-01 3.458551939101824901e-01 2.317896514754100579e-01 2.260415809053711034e-01 2.566456037622577568e-01 3.930410396068497736e-01 2.744017630681953590e-01 2.875153316220984134e-01
2.326969334268871870e-01 2.270629276396828877e-01 4.339877020808551866e-01 3.110509025499355595e-01 2.739891730972562334e-01 2.766541465797665023e-01 3.311115508109058192e-01 3.246959467258927479e-01 3.024116976045567728e-01 2.863390194842599934e-01
1.997301051573892317e-01 3.209127623921753658e-01 3.095221850400737829e-01 3.258388612099898385e-01 2.071038220137437214e-01 3.690585559996464315e-01 3.017863972383907356e-01 2.134966222198426689e-01 3.713600716126645995e-01 3.811906171160858725e-01
2.705116508067326730e-01 3.310839106333399728e-01 2.055227290760489600e-01 3.099686494915642743e-01 3.562330975378533715e-01 3.225194903165493621e-01 2.712151225415740941e-01 4.180384096392556481e-01 2.713530710826034809e-01 2.435538688744799118e-01
3.779277871559256208e-01 3.131199953767442867e-01 3.282295748139720803e-01 2.261991594018473717e-01 2.732098275274004173e-01 3.075121691524410616e-01 3.306288918269856270e-01 2.261188445124208968e-01 2.375824935506704316e-01 3.794712566815926502e-01
2.532211297520906013e-01 2.520743261421016790e-01 3.094865843497399682e-01 2.522566166125431719e-01 2.511579062826753694e-01 3.969010936549301483e-01 3.342238935290344770e-01 2.715845967003453487e-01 3.178931967607663278e-01 3.612006562157715206e-01
2.974700592551084433e-01 3.221645422087660027e-01 3.611105258288586639e-01 2.435270057586493009e-01 2.688477778233998583e-01 3.356004566484201979e-01 2.233249153956328448e-01 2.872365315838672495e-01 3.471005238082373046e-01 3.136176616890579139e-01
3.331604896871867005e-01 2.737895447890383860e-01 3.190236577845457777e-01 2.726606120290079316e-01 2.846679906392602932e-01 2.162342148575636669e-01 2.702944546923677915e-01 3.185781607438523677e-01 4.306294151624555644e-01 2.809614596147232968e-01
2.549192135171050033e-01 3.146943391309044991e-01 3.081149420353843094e-01 2.872353361075389300e-01 3.090665791754418912e-01 2.783954604023153312e-01 3.426470889722330604e-01 3.157586776066579892e-01 3.351890620994785186e-01 2.539793009529390799e-01
2.085282702624741413e-01 2.020370053201746008e-01 3.467416362802957508e-01 3.152736018680993846e-01 2.513632888025433276e-01 3.175386794278919900e-01 3.803164361327451837e-01 2.741174022223791251e-01 3.187934437349148054e-01 3.852902359484798867e-01
2.910625989781764344e-01 3.120601057442793924e-01 3.852009998808264557e-01 3.190874713392136131e-01 2.426834741717641131e-01 2.484605402142933683e-01 2.807624617558971969e-01 3.084484474432217516e-01 2.910298579441185085e-01 3.212040425282091105e-01
2.972108667734579823e-01 3.444769967638159347e-01 2.520525656808004777e-01 3.274576951947437142e-01 2.319894655361297020e-01 4.163344281725075424e-01 3.244971249782610534e-01 2.925213266565850345e-01 2.600430191073733743e-01 2.534165111363277934e-01
3.245930833394187198e-01 2.605128957214818963e-01 2.687573518549184470e-01 3.153001251984759445e-01 2.604415430531761833e-01 3.872266702323018395e-01 3.319025243329071229e-01 2.567332363628309078e-01 3.038762742985732235e-01 2.906562956059167702e-01
3.139753820514540883e-01 2.711408753462734023e-01 3.209304436495438173e-01 3.530578798874117186e-01 3.265622395215758145e-01 2.202199000880281921e-01 2.912798479845669641e-01 2.532482729560489587e-01 3.477735484855004611e-01 3.018116100296023285e-01
2.510923914637520626e-01 2.618206049708188821e-01 2.925867986665032783e-01 4.459592794895407275e-01 1.658952433008049065e-01 2.597257818688991082e-01 4.001577372983518011e-01 2.979518879640724593e-01 3.366771758051387842e-01 2.881330991721173795e-01
3.559583267072286006e-01 2.678570147369174759e-01 2.760260451045281060e-01 3.361425425487902796e-01 2.602413445416266180e-01 2.848514324612509974e-01 3.362465903044556947e-01 2.987670244487805049e-01 2.802287872077310338e-01 3.036808919386813632e-01
3.183275107858474229e-01 3.324978708440503583e-01 2.641500465022004196e-01 3.138034628690956063e-01 2.655135519556236501e-01 2.526164396634489884e-01 3.201320750412250948e-01 2.754245160882872745e-01 3.184835701648224826e-01 3.390509560853935955e-01
2.371784629411310130e-01 2.442689798464509343e-01 3.073271261494091577e-01 3.495520462659301719e-01 2.670626902776390699e-01 2.713878978071005421e-01 3.341069666108817393e-01 2.905045941404513221e-01 2.842280341065016591e-01 4.143832018545050011e-01
1.887879173536528843e-01 2.588812940248911287e-01 4.434786811717267851e-01 2.239834539851817685e-01 2.337103377235800195e-01 3.580039063729140159e-01 3.576797387121455896e-01 2.829551378299648423e-01 3.622177015899936126e-01 2.903018312359519904e-01
2.184558656515319108e-01 4.038978029240287704e-01 3.264225407444023563e-01 1.968432380291456063e-01 1.897788892126445470e-01 3.090595634631187472e-01 3.576680533885636670e-01 2.593684575577140938e-01 3.715068460184346999e-01 3.669987430104172388e-01
2.326259084396597454e-01 2.622357964672444308e-01 2.721212710905309140e-01 3.581248897644395690e-01 3.019159866876790499e-01 3.175041098940591944e-01 3.541086828611796911e-01 2.603000744099361885e-01 2.840571636354387586e-01 3.570061167498315147e-01
2.349992890466702233e-01 2.928241902550177134e-01 3.728022520054877775e-01 3.110642288102463682e-01 2.658003877174204277e-01 3.016364642402556417e-01 3.182830837082300524e-01 2.328324801518666387e-01 2.688486513895541052e-01 4.009089726752544935e-01
4.080552445780973314e-01 1.630389232707648017e-01 2.219752157342633758e-01 4.444154279379642358e-01 2.164247510237590211e-01 3.300950138589573979e-01 3.547372219976035468e-01 3.306803950533021563e-01 2.767214691090397194e-01 2.538563374362499125e-01
2.264625006479438207e-01 2.614209102395358419e-01 3.013422839400248243e-01 2.859691051135415663e-01 3.391294558472742748e-01 3.779412292951992991e-01 2.013722971365302095e-01 3.348648837056860672e-01 4.303587298822190155e-01 2.411386041920421941e-01
3.430971315530500498e-01 2.518378639353544557e-01 2.657514302652003169e-01 3.958954693860350371e-01 2.819808706603036397e-01 2.566030254133335187e-01 3.747670234240482734e-01 2.612498022301414924e-01 2.689770434311562486e-01 2.998403397013773564e-01
2.426351011170305161e-01 2.627530644651793201e-01 3.554984187418227526e-01 3.515317692287316387e-01 2.459558308003151339e-01 3.120428369695782411e-01 3.149553083651972507e-01 3.201394441436614113e-01 2.731768382704370390e-01 3.213113878980498050e-01
3.584396195568884114e-01 3.028078689220015107e-01 2.652989951549369896e-01 2.006213436379957749e-01 3.903772077381691408e-01 2.613222004866287973e-01 3.439507638053120320e-01 3.241344151925157901e-01 2.633835175428423936e-01 2.896640679627083825e-01
2.255942635019453635e-01 2.889001525222683608e-01 3.185930737916201072e-01 2.852676073522407707e-01 4.804548613972419724e-01 3.340058714093488978e-01 2.588240829380654140e-01 2.588694844643744108e-01 2.831199554106901273e-01 2.663706472122021607e-01
2.748687882090993240e-01 1.859160518656730599e-01 4.253343095867396229e-01 2.700564034333470254e-01 3.476712970335925634e-01 2.688356800756284137e-01 2.300607921078067775e-01 3.019215351502949618e-01 3.474137957437833935e-01 3.479213467940352467e-01
3.201394698756772073e-01 4.063228289157445050e-01 2.251205583545328182e-01 2.979320255453153932e-01 2.388423280482362965e-01 3.342149646542094121e-01 2.644982333713760680e-01 2.888893714124862733e-01 3.024741978921777763e-01 3.215660219302474143e-01
2.007242702993627670e-01 3.002180498523410734e-01 2.871392558162608744e-01 2.596942219726728340e-01 2.834002944322123740e-01 3.338756016027173978e-01 3.912951816319281684e-01 2.760674709346008227e-01 3.628237429054327889e-01 3.047619105524709271e-01
2.841883313673029821e-01 2.559904464881412878e-01 3.124513333741315568e-01 3.307520141406899983e-01 2.813141580273036402e-01 2.783702839577555377e-01 2.560182578899769523e-01 3.724610777475682033e-01 2.770518071202057730e-01 3.514022898869247347e-01
2.624905186390880107e-01 3.474502571935784156e-01 3.937806706984697258e-01 2.754434494826663027e-01 2.477483998904342621e-01 2.758549198096801325e-01 3.683195573091361807e-01 2.840215269369333884e-01 2.446804633066839429e-01 3.002102367333335242e-01
2.771181086276564010e-01 2.893066228002088014e-01 2.791810182154642606e-01 2.242301180878030764e-01 2.230826200102720702e-01 3.360893980907636580e-01 4.131011425067233622e-01 2.435526386218158645e-01 3.874682966670022211e-01 3.268700363722928381e-01
3.976813123965728947e-01 2.309012653884897626e-01 3.471137929036926528e-01 3.475192381790628837e-01 2.398160990155282501e-01 2.294527472581472660e-01 3.773917659999691532e-01 3.772450194193658346e-01 2.219995676492664827e-01 2.308791917899081225e-01
2.574382060811796769e-01 2.737691274210679593e-01 3.512650106165924324e-01 2.166239168478861221e-01 3.617669032345195435e-01 2.455790469697484157e-01 3.207874685922978975e-01 3.342882521989597455e-01 3.012744295390282767e-01 3.372076384987192643e-01
3.302545141217430591e-01 2.578047510265545350e-01 2.580901530297305957e-01 2.980888335643203657e-01 3.377224761622626970e-01 2.752561333630976215e-01 2.206617734578159573e-01 4.355545259089360632e-01 2.782685444237405492e-01 3.082982949418013874e-01
2.265978129415144593e-01 4.457737738075185918e-01 2.693468437630918144e-01 2.636051721119278546e-01 3.772453117231749919e-01 2.758275284703072261e-01 2.802848441799788426e-01 2.702071332696251993e-01 2.688951714502317847e-01 3.222164082826255438e-01
3.658778676620272896e-01 2.998747235887306850e-01 1.733971277933422372e-01 2.652766840054152642e-01 3.978512165231948838e-01 2.340814534203096153e-01 3.068017729111582881e-01 3.583592857635485296e-01 3.125877452433868386e-01 2.858921230888882281e-01
2.746435907331915560e-01 4.071507704919950510e-01 2.798563013966443025e-01 2.456062281778964851e-01 3.297243910947821321e-01 2.473998180021820814e-01 2.939172645738664658e-01 3.626865678477383947e-01 2.399081923098857205e-01 3.191068753718223627e-01
3.118408715554201738e-01 2.657954036551647414e-01 2.924981609243436087e-01 2.816929653889487239e-01 2.125959901520904638e-01 2.910128877217627030e-01 3.781964936606529992e-01 3.023179987943204750e-01 3.095603259912356187e-01 3.544889021560646558e-01
3.789154522334625130e-01 3.404567556454323185e-01 2.316014307795755678e-01 4.186360863198769766e-01 3.852934283872075927e-01 2.553140325200567995e-01 2.234673598595540989e-01 2.637283062911751075e-01 2.553341487364771956e-01 2.472529992271789157e-01
2.230847545258785869e-01 3.033656670136214983e-01 2.938986469359919917e-01 3.421534459476139878e-01 3.336674854246104438e-01 2.932625074787170161e-01 2.957420359431778278e-01 3.151433312006401977e-01 3.789158379220639028e-01 2.207662876076886271e-01
3.358370183072590387e-01 2.277236193428030242e-01 3.313277559819329254e-01 2.119645577944243020e-01 2.485206559078014521e-01 4.628250308418228598e-01 3.161130994519394943e-01 3.397825743255060704e-01 2.394038003558478789e-01 2.865018876906587630e-01
2.674597117345389741e-01 2.990845194908657856e-01 3.215821152689750662e-01 2.564097340527554669e-01 3.655713459706257940e-01 3.324051048831285216e-01 2.029654192986174999e-01 3.075988341259426884e-01 4.075462220264747804e-01 2.393769931480770607e-01
2.670112251376620116e-01 3.813800508506388631e-01 2.776104997768183980e-01 2.760242132607281240e-01 4.079986998784931318e-01 2.568494863773587156e-01 3.899041397154310862e-01 2.857284533071554611e-01 2.488590742971746872e-01 2.086341573985361908e-01
2.997926168347594955e-01 2.603578011300475836e-01 3.097652212334132127e-01 3.049294008721424865e-01 3.056802499036459508e-01 3.038554617697036830e-01 2.644836266508188705e-01 2.943816172986383761e-01 3.249071630610922412e-01 3.318468412457411532e-01
4.500772061172806371e-01 2.868413226619108691e-01 2.333574381875513082e-01 4.802999413850268517e-01 2.568852918849758860e-01 3.021080987675863749e-01 3.810344784782832006e-01 2.764650551191439876e-01 1.197329155183432803e-01 2.131982518798967718e-01
2.681565990725547355e-01 2.542275418353601157e-01 4.934863471241864863e-01 2.559011672911053470e-01 1.942658726496337140e-01 4.232858142474317242e-01 2.609423338664375591e-01 1.910196529895041850e-01 2.191866351882535147e-01 4.395280357355346168e-01
2.118409327473750325e-01 2.589413906718779357e-01 2.823846274659271849e-01 3.274533685749717593e-01 2.906331614227630755e-01 2.130946962179683934e-01 3.061030828520221458e-01 3.940093343506154144e-01 3.057050229058499435e-01 4.098343827906271164e-01
2.556375324908737312e-01 2.462146704941201580e-01 3.707097334072654848e-01 3.303659042811269986e-01 2.690417284063508774e-01 2.499692267344885699e-01 2.532909110724433921e-01 3.666414094908839183e-01 3.771082015364501938e-01 2.810206820859971200e-01
2.696835974302315697e-01 3.854338519683963016e-01 3.347262309899464161e-01 3.474207705613857611e-01 2.989796777050275356e-01 3.177541068042483152e-01 2.760496948175799048e-01 2.639074143150150764e-01 2.354205177375253144e-01 2.706241376706429724e-01
2.836297785373761426e-01 2.755722795869060548e-01 3.341232453319613049e-01 2.913415850302308874e-01 2.735341870878441606e-01 4.024771999533561795e-01 2.267890393361955415e-01 2.278119729835873519e-01 4.033853853733897488e-01 2.813353267791512957e-01
3.144752770595012903e-01 3.055553385094075813e-01 3.003008496193373400e-01 3.959766052806625303e-01 2.388696465999497476e-01 2.006307555836991663e-01 2.861735259352601868e-01 3.418917716136973262e-01 3.325212449012459048e-01 2.836049848972395648e-01
2.719594136174219301e-01 3.416799108840196109e-01 2.631102737550186643e-01 3.565403007298629801e-01 2.949983176306509858e-01 3.208879347314267938e-01 4.110303186202097780e-01 3.146014338547394318e-01 1.928314475381037174e-01 2.323606486385479397e-01
2.487596054671924184e-01 2.721582946465493369e-01 3.082691724379477138e-01 3.791356058287692066e-01 2.507349140909869711e-01 4.015815669481576089e-01 2.669317872866292518e-01 1.969815323869319457e-01 2.742406273456327037e-01 4.012068935612090881e-01
2.534417519581614875e-01 3.369249923197223939e-01 2.313485545734708104e-01 2.571971643477249936e-01 3.043450580270868899e-01 3.123668675553791241e-01 3.169913096126201202e-01 2.899184005730801594e-01 3.172210712545718847e-01 3.802448297781835795e-01
4.279121958439162654e-01 2.092702251157423365e-01 2.119922065431814051e-01 2.515145535795462184e-01 2.540097430646508503e-01 4.463175854148891952e-01 3.277039179382804646e-01 2.511046876123766425e-01 3.189239755053916436e-01 3.012509093820258665e-01
2.110747515762894100e-01 2.832951426415089013e-01 3.216103133967193051e-01 2.833380423381044455e-01 3.286586898998644091e-01 3.302412346599788995e-01 3.169286955524498461e-01 3.535769140401266997e-01 3.336716230148121243e-01 2.376045928801484575e-01
3.358185495353657180e-01 2.949751216990603719e-01 2.066088879565639580e-01 2.467508544474343313e-01 4.644008783618621128e-01 3.295606439177075631e-01 2.581758512762822311e-01 2.716123382138261877e-01 3.977399530196056299e-01 1.943569215722945054e-01
3.360097987771119565e-01 2.380447651854994684e-01 2.897172821862074032e-01 2.855887931310598926e-01 3.069366735006900937e-01 3.380893056336791158e-01 3.281393686455597036e-01 2.599006916142109214e-01 3.278341550446916552e-01 2.897391662812921487e-01
3.363999998910739420e-01 2.548270039597672065e-01 3.327705400133654789e-01 1.958636855323485082e-01 2.650355670058076041e-01 4.359200820894660877e-01 2.977301540644439193e-01 2.832751578198605680e-01 2.835659014202915884e-01 3.146119082035809811e-01
2.381400380814597817e-01 2.778157266281394699e-01 2.610139234367080396e-01 3.148945765639746819e-01 3.202017685123821344e-01 3.128302654210322609e-01 3.274327963564521715e-01 3.093401463972990650e-01 2.903468185872912222e-01 3.479839400152612283e-01
2.752083120711909525e-01 2.294347427781528448e-01 2.305532187725931881e-01 3.200400176912026051e-01 4.253293188739142305e-01 2.776790550333799734e-01 2.809778083292594486e-01 2.783272185030389867e-01 3.490989211394717184e-01 3.333513868077969122e-01
2.434426823384241156e-01 3.606585209638245582e-01 3.380544489703132260e-01 3.054162881465251056e-01 3.104763905645746558e-01 2.856073928295694286e-01 2.390368431308111385e-01 3.091751589436747549e-01 3.343391655861317480e-01 2.737931085261565700e-01
3.325336379237144313e-01 3.496770655336976508e-01 2.778437819742596848e-01 3.870775074933767712e-01 3.002030882196808914e-01 2.654103300146184452e-01 3.144923852901419514e-01 2.974126691171330439e-01 2.735288747350586025e-01 2.018206596983173617e-01
2.307063272188061287e-01 3.538867040916414686e-01 3.077771457657871301e-01 2.948633098530303309e-01 2.219147762868498019e-01 3.125677790291118141e-01 3.661271546482834371e-01 2.412872590532256223e-01 3.533939400879772541e-01 3.174756039652893991e-01
2.931512615107380593e-01 2.492196973354406375e-01 2.965462071959756307e-01 3.230921856207722431e-01 2.421653461099303739e-01 2.891222348110196183e-01 2.880441855124419304e-01 3.445582186508241995e-01 3.707135666958485398e-01 3.033870965570115708e-01
2.124044314060880845e-01 2.110993589082312272e-01 3.362814391184860696e-01 4.009006040734092169e-01 2.653899151585541460e-01 3.077129855618402909e-01 3.828990232583444620e-01 3.028687516939376767e-01 3.123118149391345688e-01 2.681316758819763946e-01
2.657194941252181697e-01 2.439064591434172424e-01 3.370290847151296010e-01 2.579537863842159551e-01 3.638447398484563333e-01 3.555505603526104008e-01 2.468931173779622124e-01 2.172423626443070466e-01 3.268601306970457809e-01 3.850002647116310683e-01
2.385090888164726475e-01 3.503396575873511942e-01 3.451120291550452412e-01 2.968392585734987987e-01 2.269717472981356843e-01 3.266410980028069400e-01 2.689477424225233948e-01 2.974609348980771228e-01 3.804822537925869330e-01 2.686961894535020434e-01
2.803933870049296617e-01 3.192623198737862822e-01 3.296685281470442264e-01 2.101031374188716272e-01 2.896065731807928589e-01 2.939393601067774586e-01 3.059959246534273980e-01 3.118072431649206999e-01 3.792921319121985713e-01 2.799313945372514656e-01
2.391359826957250578e-01 2.698988925905384528e-01 2.501674126438194756e-01 4.335675370148505126e-01 2.276853634752135924e-01 2.871886942889839700e-01 3.300009512899590436e-01 3.144363234043074939e-01 3.421324674083760509e-01 3.057863751882287096e-01
2.628491396580699413e-01 3.513558782725271779e-01 2.806472002571680502e-01 2.743554612794721903e-01 3.685853915464850639e-01 3.036115108805198526e-01 2.365156889157697673e-01 2.608923969811716148e-01 4.034260347824806248e-01 2.577612974263344126e-01
3.072702483917956195e-01 3.361822390914718239e-01 3.195718645564295524e-01 2.311995527221403779e-01 3.622459788507024214e-01 3.497367116880990001e-01 2.023970168357598909e-01 3.414634430949626820e-01 3.055512033788264081e-01 2.443817413898123903e-01
3.247296728745409089e-01 2.673395474455351195e-01 3.135662502881225167e-01 2.731575961347969539e-01 2.889293253619853452e-01 2.816583551689699205e-01 3.203563623705883434e-01 3.328771781198884283e-01 2.897824179973204073e-01 3.076032942382520563e-01
2.969050862826602688e-01 2.806265256231468830e-01 3.333785575711079030e-01 3.509089123801915067e-01 3.108549510420277606e-01 2.834414051784248656e-01 3.271892232325416261e-01 3.003232139890458785e-01 2.619098758610816091e-01 2.544622488397715321e-01
2.666635526091279407e-01 2.202488470577035895e-01 2.442454523093209873e-01 4.065872575602452743e-01 3.318551297159179070e-01 2.791514917491511039e-01 2.263897405884983116e-01 3.228248340809692918e-01 3.868019810106257950e-01 3.152317133184374121e-01
