1.444347733681720924e-01 6.638980295520283681e-01 1.172507042789218829e-01 1.348728488293631234e-01 1.166667352554627696e-01 4.612495833498923836e-02 3.503790658769084798e-01 3.219523721440591402e-01 2.120652284800867982e-01 3.729129610603958977e-01
1.490279414779941553e-02 3.619731873049075732e-02 6.283166970678306651e-01 3.071814432919911519e-01 1.220574001424618582e-01 6.836631411614999543e-01 3.622501700650324757e-02 3.569985933991353666e-01 3.337613874160976768e-01 2.980788551495205940e-01
4.698198259537156307e-01 4.875806933723027259e-02 1.449035129696729929e-01 2.544925746029625402e-01 3.898381108531718819e-01 1.179225464653332056e-01 4.938250089267300358e-01 1.014359516795870497e-01 4.064073809380684965e-01 8.561256035757103255e-02
5.961783937852513371e-02 3.252046802179648921e-01 1.760440981866610854e-01 2.265635738961739865e-01 9.403701667567918032e-02 1.208784253493850047e-01 1.787346093258835866e-01 1.236694969934032939e-01 5.089121884305607413e-01 7.143722963108667390e-01
5.831769495378442691e-01 7.427126707169461051e-03 1.952536863844750725e-01 3.520028503743795056e-01 1.403045629661708593e-01 2.436783020335425709e-01 1.557658179417632793e-01 1.304705817022195624e-01 4.146177504309438988e-01 3.055707727342595881e-01
6.101306727124636287e-02 4.766283593522569473e-01 1.201705294620875747e-01 3.519608888280968961e-01 1.267452448463713133e-01 9.147808486300512687e-02 3.920933599293420224e-01 6.364510808383516682e-02 4.087281873663086706e-01 4.342003033479316931e-01
2.763324978173964386e-01 1.565394147552500725e-01 3.592166182620796233e-01 8.278795683089306134e-01 3.397447387601808533e-01 1.455857344973285339e-01 1.211858854847396444e-01 2.571252945648612731e-01 8.411636831471887982e-03 1.052976236425529621e-01
4.736764808077296718e-01 2.444332681230761417e-01 2.313775019475470263e-01 1.613858240692079005e-01 1.869354190207229149e-01 1.584167495710433193e-01 4.569680135008576394e-01 5.960996688669030485e-02 1.188698566931658956e-01 2.747629233585178743e-01
2.646008929791802133e-01 1.290284231464570441e-01 1.562134879161307666e-01 4.992412206817343767e-01 7.001924723574633191e-02 4.235289174514264565e-01 1.161353607035820606e-02 8.586047620489873911e-01 3.007279287025476158e-02 4.381082380915281016e-01
5.312144880039613160e-01 1.634415771591772593e-01 1.321902926310343680e-02 6.614042388374835602e-01 1.070447266130234720e-01 1.665860503677554227e-01 1.858165451232704490e-01 4.417634868473653831e-01 4.317518167137331941e-01 3.329970855602717994e-02
2.515689744895002189e-01 2.181381134559015056e-01 1.670429464539033015e-01 1.583307159258548480e-01 4.886607210921552896e-02 5.938399192623803474e-02 3.722556096240393630e-01 5.528874393568267154e-01 1.043094883230274023e-01 6.080155725529465816e-01
4.551397142240538041e-01 2.413846215471874557e-01 4.241843120562465708e-01 3.678396031347901940e-01 1.233683370791464340e-01 1.732617089684486966e-01 1.321620256747542688e-01 4.155524635861148064e-01 5.271665718795229966e-02 7.332753480014868319e-02
6.331946094933811331e-01 2.809566592010416253e-01 8.418137592891816734e-02 3.671960804916693522e-01 7.711868539056325467e-02 3.301352711588553812e-01 1.949299181900154831e-02 2.536264119861198485e-01 3.675061186869155172e-01 1.516627678067691831e-01
1.900503115395268394e-01 2.210224678006290078e-01 1.878378256479380226e-01 3.822914978312938472e-01 4.551953851901160975e-02 2.612833339163923019e-01 9.602864911571258599e-02 6.299888543467037083e-01 2.117555660593485253e-02 6.446226000122594613e-01
2.665520272222924869e-01 1.527985109501406591e-01 6.488948255418783839e-01 2.685869927220738487e-02 3.942495675454029680e-01 2.499501259875172576e-01 2.012830694221322825e-01 9.287866642125500172e-02 1.210070571388381644e-01 3.623357262855195216e-01
2.917652387654923740e-01 3.176451103305293899e-01 1.514883820542911319e-01 1.173268969758849423e-01 3.143995451807415353e-01 2.468366734797603490e-01 1.416072329764468674e-01 3.042409304934808878e-01 2.710682115765082334e-01 1.075595392572940984e-01
2.384095464712200629e-01 1.414421742966710249e-01 3.648084516828872248e-01 2.416543346472775355e-01 2.428318059908614879e-01 6.625608826648783645e-02 5.520265940267337079e-01 2.423558366406951547e-01 1.747918598771280307e-01 1.030254636257440792e-01
1.185744085655587032e-01 3.758343654062478723e-01 8.731975869492153430e-02 2.347234132024811071e-01 1.101578059491781364e-01 3.806237389178778741e-01 1.245658900270918690e-01 2.600294521225496314e-01 2.056232644289106015e-01 4.705158623358492442e-01
2.889698905168932019e-01 5.780052299524166548e-01 3.382903084107264507e-02 4.726187449626705894e-01 1.629905655245541055e-02 5.478167308415223813e-01 9.766250930633182947e-02 3.229714714633816208e-02 4.432944859463651688e-01 3.289412793348589492e-01
1.946878598763816526e-01 1.674285292744022990e-01 2.329798529770555349e-01 3.797195553764261544e-01 3.130586174109727948e-01 3.476323106776695732e-02 9.998831413536551915e-02 2.450399016110043626e-01 4.130451208160852983e-01 2.981678694339208735e-01
1.052355539195940076e-01 8.518183780911268987e-02 6.626756902890303946e-01 4.042827822391899528e-01 1.577478585620896712e-01 3.239951436780974525e-02 6.703646278789602286e-01 2.998980522890914990e-01 1.066536967905540312e-01 1.357525690726392731e-01
5.174821948997144760e-01 3.260023173533387886e-01 1.112528845413021245e-01 3.579616213258086099e-01 9.620114970740770155e-02 2.832298633493895990e-01 4.591965044099960425e-02 5.619771326591607163e-01 2.254753101250408232e-01 4.570688218713245959e-02
5.012904616125886115e-01 1.006200912412325982e-01 3.931316313204924473e-01 3.303507367579725518e-01 7.655495393536754234e-02 1.233588972672857442e-01 7.960685301853583085e-02 5.341830111727541297e-01 1.663177880041862844e-01 1.806606298243991215e-01
1.095963795329190082e-01 3.808875673467027739e-02 7.063376404039299894e-01 2.297631342297109802e-01 2.091580142632484818e-01 1.243165566722739535e-01 3.381004674518936493e-01 3.188935974795281680e-01 2.019976985059469821e-01 1.800229854749649250e-01
2.655923997557859545e-02 4.794792500427812465e-01 1.049188594883031650e-01 5.175335582836817494e-01 2.090541207874811389e-02 4.161725891153924550e-01 1.208930325773139164e-01 5.289163690646326438e-02 4.907374000378467160e-01 6.437601513824461330e-01
8.152460100835957901e-02 4.235914592479699814e-01 2.745217458937721650e-02 3.252746872481381279e-01 2.627647165118541239e-01 3.994252793148559411e-01 9.372625058894348826e-02 6.422854380847843325e-01 1.276809867817109423e-01 1.918142377309248747e-01
5.936492394141921203e-01 1.916694810505139568e-01 3.511694018502167780e-01 3.925234902417398114e-02 2.435254122631369811e-01 1.694315248920085504e-01 3.598084232661782900e-01 5.574454298484608078e-02 6.178921092942981502e-02 5.294735953404121620e-01
1.191444784605472651e-01 1.000208990776911139e-01 2.297507319305793494e-01 1.057247141809833368e-01 1.004343582967176240e-01 5.581777755266947860e-01 3.416927255574404021e-01 1.834637253235879006e-01 2.559940900669069874e-01 4.070587281042534755e-01
2.586612527466227718e-01 2.529160172940508322e-01 4.521388356591202751e-01 8.215645439581303888e-02 1.063512142746570049e-01 3.512641048490045548e-01 4.511521135474810124e-02 2.595420046396028635e-01 3.196204766532977914e-01 2.714010422785552157e-01
4.189680494806981015e-01 8.421466489626400209e-02 4.035010643709755485e-01 9.993609846817645692e-02 2.902501557000285448e-01 3.471816447604651051e-02 1.885816776323230581e-01 2.425211103086477027e-01 7.310075772004223094e-01 9.416214867043025405e-02
1.279672542521760603e-01 2.519588244382697795e-01 2.548400160761886135e-01 1.681130712646750625e-01 2.959341818300662563e-01 1.183618456260544238e-01 4.252566828779519303e-01 2.006447576633869356e-01 3.678953762300320451e-01 9.433679856925024365e-02
3.439694289648645431e-02 3.444850642139306307e-02 3.823430636275926831e-01 1.995646548907252238e-01 1.613314348806686171e-01 2.390369256855275903e-01 4.834127933423750800e-01 1.879917597987109390e-01 2.789642205754131465e-01 5.277101755756322676e-01
1.794814947577179354e-01 2.771851810977711827e-01 5.116925498161219998e-01 2.825799239033709997e-01 1.025425842015674077e-01 1.042453719898330244e-01 1.453912468767677435e-01 2.554538104971640911e-01 1.724269289875779709e-01 2.863611315532053059e-01
1.579189996872848445e-01 4.718424120868351390e-01 4.948979880436714385e-02 5.236102849224211209e-01 2.860823810479272422e-02 7.286385309790134324e-01 2.448942551208230511e-01 2.217672214921695695e-01 1.058058078564127202e-01 1.445966523954736183e-01
3.400934812142029084e-01 1.027853167314088795e-01 9.888874681012047030e-02 3.177111562308125858e-01 8.212793987831609743e-02 5.820207366078508082e-01 3.699307547263222529e-01 1.118760928370551438e-01 2.955454062887752920e-01 1.366561916285077005e-01
3.230481482950267602e-01 1.029251387206191332e-01 3.432127600947961765e-01 2.963413297971779770e-01 3.628961868517547873e-01 3.775442434815842740e-02 3.448067735403367307e-01 6.170099223635971963e-02 4.746217904832426560e-01 1.452420438189253316e-01
1.022374156460971184e-01 2.594952310858625322e-01 1.284629037077695268e-01 7.715206348187784169e-01 6.843081395384707603e-03 1.182575319219352356e-01 4.911479732671052978e-01 2.219856616131395954e-01 3.867913554567589673e-01 1.739897372227083849e-01
4.032825859172044503e-01 1.415865292967335431e-01 1.483425360495624901e-01 3.285148232537206114e-01 1.106691437055591642e-01 2.077273899444198324e-01 3.104201763343619191e-01 1.977516260180316454e-01 2.120055677809657979e-01 1.985109757090016969e-01
2.377247773046254897e-01 4.028139137956825433e-01 8.783311609549274146e-02 3.004403327600151385e-01 1.116624276055269566e-01 8.656113755204404570e-02 3.283042206713574496e-01 1.221746811488552964e-01 3.308226470015173670e-01 3.531474888895236863e-01
4.736199346244988895e-02 1.685179029589269351e-01 2.026162374897534368e-01 3.897915071410840704e-01 1.411157897701506569e-01 1.533496409255878934e-01 2.767250223254026920e-01 2.482366218987379358e-01 1.516660761482419295e-01 6.342487116207078390e-01
7.080189241158227342e-02 9.263782132905831745e-02 6.664260717677232826e-01 3.702688960204430363e-02 1.210179846858656233e-01 3.584726344224511418e-01 4.823900504092366037e-01 1.765060796548672817e-01 4.092653910931443040e-01 1.833804679463010012e-01
4.141133577588002046e-02 6.512946052381241024e-01 2.680272049918910882e-01 7.176587212425594720e-02 3.046476676183421106e-02 1.622019879822914901e-01 3.633858557486098761e-01 1.211881673802264747e-01 4.353521879200356048e-01 5.478798075692579150e-01
4.960708919579724652e-02 2.459777002434923310e-01 1.058725955770366128e-01 4.532930485404899068e-01 2.167680606608634319e-01 2.777747407839488702e-01 3.726946019514308373e-01 1.261352623724205368e-01 1.386851253598525013e-01 4.217310395364428643e-01
5.541273547474367955e-02 3.001569484721689496e-01 3.990727047567683705e-01 2.764510411368339970e-01 1.702940031079225314e-01 1.919414629128285144e-01 2.687898910972296718e-01 1.023201975551134985e-01 9.800729118831047471e-02 5.661923230516792138e-01
7.220590170580909462e-01 3.808689053871943449e-03 1.029561644969925575e-02 7.054006545203946876e-01 1.930829503600721073e-02 6.382978303184984048e-01 3.979091781919232296e-01 3.303738767253423525e-01 3.821264844985508558e-01 4.661925152645327725e-02
8.589226057016352556e-02 9.842904564277328572e-02 1.797081785725481995e-01 2.126618524685195688e-01 2.618746979382207130e-01 5.414420258749348402e-01 3.152812242811296045e-02 5.317417206172024846e-01 6.467620937004752157e-01 7.431506030821652398e-02
3.638797423821786281e-01 1.190817069855262256e-01 1.288535025385328658e-01 4.960151027574405957e-01 2.112938904357996861e-01 1.080672665279879124e-01 4.970601010076610149e-01 8.040483145014323818e-02 2.420535124225957624e-01 1.663196393639445048e-01
6.369588556864108631e-02 1.469708399118729303e-01 3.595827174826344841e-01 4.756196471371392231e-01 7.523939353414457742e-02 3.268209057763294401e-01 1.754842895699652017e-01 3.807804170631340357e-01 9.775249784562790867e-02 3.388613730310913730e-01
4.417602145335471353e-01 1.801922330173746090e-01 2.400872098158403356e-01 1.354843250185593442e-02 6.525452018256245879e-01 5.557892801907976521e-02 4.882260065258429149e-01 2.219751801963217031e-01 1.605432722785964106e-01 1.724032244958095539e-01
7.653837031428280258e-02 1.654862292484588493e-01 2.769265395250501416e-01 1.742738326350811162e-01 8.260801508092050494e-01 4.202948724172387296e-01 1.308577492668248632e-01 1.075228893847654243e-01 1.648524416234753986e-01 1.484631788869000824e-01
2.563340389213171755e-01 8.864228848733479368e-03 7.359232634692791652e-01 5.104792361463088984e-02 4.981465305446152736e-01 8.363722116284480479e-02 8.959412284948818639e-02 2.839382863467981855e-01 4.481151206848715818e-01 3.233192860745610631e-01
1.925999311612096032e-01 6.789123407951160871e-01 2.967723757603689394e-02 4.730320452501732276e-01 3.933184762893763425e-02 4.473957968068147939e-01 8.147695440997176908e-02 2.298875904806748083e-01 1.636640753475155363e-01 3.227235329849141854e-01
3.688218544333688592e-02 2.704516225881385405e-01 1.395307553535146683e-01 1.243598495411125104e-01 2.202730477615467974e-01 2.864551846934929036e-01 5.829664877217310970e-01 1.301959729159292145e-01 4.066411525760985635e-01 2.387222665379230557e-01
1.340853995594495640e-01 1.510573326460302457e-01 2.440437242786253624e-01 3.387028663697942976e-01 1.443647797360698148e-01 2.653063011027809170e-01 6.264010159294808311e-02 5.550257111185178394e-01 9.125762102322515501e-02 4.562980550760329379e-01
9.386623981961438046e-02 4.775398860316638072e-01 5.713746700720253591e-01 1.294696266180528632e-01 1.552456238367578845e-01 1.267825313348667216e-01 4.268094929492047274e-01 1.530062418373100697e-01 8.243755736033619996e-02 2.490469507054867138e-01
2.039323478910891607e-01 1.575556422813562674e-01 1.620576268565802891e-01 5.294046349749288033e-02 8.585059421822317793e-02 3.547357292535730511e-01 6.941587353956333306e-01 5.049466813922755259e-02 6.008231875361660368e-01 2.457779619735087073e-01
6.113479964256037791e-01 3.449504179655519392e-02 5.662840927787677892e-01 3.117311695277789063e-01 1.195033586493054467e-01 7.235564005769558327e-02 5.687165462765336743e-01 5.257958735764234337e-01 5.411851150160848500e-02 2.118305350578122276e-02
1.068380415095822600e-01 8.497107960100497293e-02 5.011983489291713667e-01 1.908666851189599889e-02 6.319166817731407537e-01 4.589870224527059506e-02 4.185530716351389957e-01 3.140089794028422809e-01 2.154413265270753164e-01 3.586943157192106213e-01
2.923220039734268916e-01 1.185912449376382016e-01 1.569177104941795187e-01 2.256264457264087475e-01 2.665629061776639275e-01 2.360234690276842850e-01 2.795592869074817188e-02 7.090166670198617682e-01 1.175067692709656914e-01 3.365265745305595080e-01
2.647816971715710732e-02 7.536014727725314222e-01 1.378849692811636996e-01 1.996502045897731725e-01 4.947253711162440948e-01 1.157516369694617797e-01 2.302611116024794735e-01 1.472799251214341465e-01 7.105987342674152663e-02 4.672509724314572455e-01
3.717262158228304969e-01 2.845855736384027557e-01 2.641727921213905469e-02 7.745308920403781716e-02 5.270390850592017173e-01 5.164394762330475064e-02 3.676519161878697428e-01 3.204429288220778105e-01 3.061314696720869866e-01 2.102975664963849523e-01
8.034187711907193885e-02 6.358440075195492813e-01 1.699472776410914099e-01 9.760482719323791689e-02 3.356345316440921267e-01 9.250458200207638260e-02 1.884891226444926626e-01 5.015820346409738395e-01 4.155011245114125645e-02 4.641827844573227502e-01
2.731962087617559876e-01 1.400287201962297778e-01 1.682850859053243719e-01 1.790951255358070870e-01 5.205447087372837983e-02 2.102916537170402556e-01 4.393060927137704130e-01 2.375728946803951913e-01 2.643191649882974392e-01 3.656643578452163923e-01
4.810702014423310913e-01 4.608765912665478415e-01 5.786665231538888621e-02 7.485223464052315201e-01 5.512231356320633768e-01 9.982539282788220614e-02 4.306390383190401155e-02 1.219257030364597899e-01 1.094866397313572354e-01 8.965209681784848395e-02
5.687334638275001741e-02 2.737584901199247023e-01 1.484571779855125007e-01 4.309344578580373564e-01 3.261409932948055035e-01 1.792522062165110008e-01 2.678736357824421654e-01 2.085196166460232814e-01 5.476840485386298418e-01 3.436645125530261163e-02
4.501612293110039409e-01 3.301082731811309096e-02 4.725794585714820362e-01 3.642481434638571158e-02 6.840772300994669985e-02 7.349835687504671089e-01 2.924799190011745376e-01 4.231348851370521635e-01 7.326055425481969863e-02 1.681398118980876877e-01
2.305415418026098562e-01 1.330740565484407611e-01 3.456897682607664724e-01 1.038318882248252528e-01 4.204316176104824221e-01 3.035700044536362996e-01 5.551177772179283210e-02 2.445141276013412246e-01 5.689307099815579249e-01 7.053885101049384154e-02
1.052585927671523813e-01 4.744970450787179272e-01 2.414652093939086697e-01 1.404601898432252804e-01 6.446544661002848731e-01 5.148570294786814633e-02 6.335461261711997638e-01 1.026072937770037830e-01 1.998887668324177136e-01 5.574732914121747346e-02
2.404619227934230163e-01 1.092650432917030151e-01 2.645038100231599243e-01 2.148568909968333607e-01 2.307002655934763113e-01 2.363942592516526942e-01 1.211228562821755200e-01 2.197209271372645989e-01 2.848255067729010825e-01 2.990153299073344817e-01
6.642508920488217061e-01 3.772337305216300618e-01 8.397505940388484691e-02 7.780458467661062194e-01 6.876019793505973310e-02 4.175652933282319457e-01 3.195565150964022050e-01 1.930620771085101717e-01 3.258220916751443895e-03 2.771444109674898321e-02
1.728301475756045258e-01 1.820634075478423930e-01 7.389125813757203565e-01 1.208571557338177505e-01 2.825024320598705854e-02 6.345371899131673210e-01 7.989173686543005193e-02 1.354747603973194270e-01 4.448686538922655420e-02 6.751324747176312702e-01
1.916052324549070984e-02 2.246650296396788260e-01 1.508235844818881788e-01 2.712114610480036436e-01 2.126735772178545980e-01 5.963785113786844450e-02 2.774979698433485686e-01 5.426154450035891585e-01 1.615716747467089709e-01 6.596630414065880466e-01
1.641744710873862534e-01 7.082605684871390306e-02 4.927509295746667073e-01 2.722065016759774303e-01 1.498866197779125942e-01 9.921957704319082916e-02 8.610079062424304264e-02 4.867312216758372667e-01 5.346107938292201656e-01 1.459778197554642276e-01
1.066686913430312106e-01 5.595899877241201636e-01 2.763411468644358382e-01 4.047252038376853989e-01 1.749318446722922527e-01 2.986182391268428771e-01 1.394709346089445523e-01 1.612731689351603326e-01 6.224112443250866267e-02 2.146108851664722539e-01
3.203783006224181773e-01 1.259016417178199509e-01 3.584186164355388504e-01 2.909509274186442562e-01 1.311991985093363955e-01 5.754864131815068395e-01 4.216324543889769794e-02 4.356795530106549047e-02 5.889824229276336975e-01 1.166332556459387243e-01
2.524878988008568137e-01 2.673454646197497286e-01 2.044704085331545407e-01 5.548001480122566331e-01 5.300283898119859116e-02 4.445484040276385246e-02 2.232139876758128805e-01 2.855786371425143022e-01 3.842594820985832382e-01 1.675765765233195315e-01
8.457799125666062845e-02 4.205863667818793283e-01 8.032637895426181229e-02 4.611688942283945769e-01 1.437171092073734335e-01 3.828243126638093408e-01 5.932271622851824633e-01 2.782898068802932001e-01 4.108806243809018377e-02 9.919510212965598761e-02
6.792533973673647862e-02 2.866410734299277840e-01 1.345837144570911914e-01 6.037728605381191826e-01 5.101225285990644565e-02 6.049129518194881205e-01 8.825511736524105366e-02 9.778603585729979397e-02 1.548052590275525719e-01 5.958884469496771308e-01
5.345467119276497286e-02 4.808361867205283025e-01 3.514626695179665777e-02 1.291674979607762008e-01 2.418292021127003699e-01 2.225762666865550576e-01 2.763351464533139734e-01 2.217149542927540906e-01 2.329291952658312237e-01 6.101167582269834133e-01
7.258967416796704430e-01 1.199375099772713622e-02 5.181949862715411886e-02 2.080373243242895631e-01 6.457610230923149786e-02 7.942074280185449364e-01 4.761081407972446167e-01 8.221773944962042224e-02 3.658729927885170374e-01 1.280167412568396224e-01
4.917452937315295453e-02 1.605450191760282863e-01 2.657096220197440184e-01 1.683492596197413704e-01 3.179449546988604158e-01 2.898156405454700435e-01 2.859982255518950245e-01 4.048866530656455298e-01 3.171266552854503096e-01 9.369339942859099268e-02
4.591990204518976437e-01 1.161085400495383835e-01 8.749395840275019098e-02 1.567891723235637635e-01 7.832080877050444645e-01 3.397827781277565351e-01 1.695138102230163146e-01 4.708225414743565790e-02 6.481643068889959558e-01 1.455350282345875892e-02
4.573171623240335770e-01 4.855959650272317907e-02 2.542455366237145187e-01 1.432281792584580715e-01 2.697781397103765633e-01 2.841736262686530012e-01 3.797663189543563078e-01 8.153906801703082741e-02 4.200382142662322793e-01 1.058960014538728872e-01
4.690804019444752004e-01 5.726149917853821936e-02 4.553220712919892055e-01 2.345676431434056547e-02 1.018134706619447660e-01 6.325982049264370355e-01 2.246512319034875138e-01 2.168421152467900903e-01 1.742692272423020661e-01 2.324867085606872052e-01
5.058162028168588370e-02 2.585826069453476261e-01 9.619737173229045424e-02 2.742287378718284985e-01 2.567480955689820932e-01 2.682559204955649590e-01 2.625885342791195454e-01 2.944327226823854615e-01 1.385610461308052210e-01 4.519749428543718972e-01
1.567809448771436132e-01 5.382237640435684478e-02 8.701160914785842360e-02 3.148800461904311954e-01 6.952373993898631754e-01 1.256746371921110828e-01 2.405073629596523876e-01 1.113539253184759048e-01 4.374203551162274550e-01 2.855010142830141651e-01
7.769724208003736532e-02 4.528352152038602751e-01 3.109762258578471772e-01 2.552418312408702983e-01 2.139115633313599940e-01 1.853630034852073727e-01 8.330415152733018636e-02 2.832946058590639637e-01 2.631619181566324794e-01 1.923947044925864991e-01
3.467620257476191625e-01 3.641547086696623192e-01 1.489682636383069525e-01 5.152189299449065896e-01 1.802467152485559554e-01 1.587879593204987727e-01 2.699676220774643864e-01 1.553728186243368836e-01 2.226697469737534685e-01 3.519751656502407428e-02
5.950096169510027400e-02 4.991575130294286233e-01 1.472840473635665393e-01 3.170084710902678626e-01 5.904073172511348222e-02 2.314024694518625469e-01 4.537741593852304134e-01 7.258927696383686567e-02 3.987929769583270501e-01 2.682148992611768090e-01
2.451254631199623057e-01 8.794645332121772685e-02 1.774128144656176576e-01 2.963216231833410430e-01 6.721463498902273404e-02 2.587568776880576626e-01 1.487964587275356632e-01 4.181776525137651523e-01 4.985001373005729097e-01 1.819920506567943574e-01
4.319387687354944716e-02 6.087811202115480519e-02 3.743669373527544475e-01 5.979277497951132059e-01 1.383369542090828463e-01 2.642967749688030499e-01 4.746062097394427859e-01 2.120893098854176040e-01 2.550150923802175784e-01 1.043462144865998920e-01
1.382145552736153971e-01 5.528815366904977352e-02 3.942500281026110609e-01 7.216429822124265092e-02 5.586307563436297974e-01 3.816837729579495297e-01 1.045719096656750335e-01 6.073100725163340513e-02 3.585654949574053618e-01 4.563203688421220150e-01
8.362402472496162364e-02 4.298482876190036217e-01 2.835068367739249640e-01 2.925112895955431225e-01 4.182272283333108437e-02 3.608450725831896522e-01 1.172127623254553969e-01 2.534813171014435040e-01 4.420386985188578532e-01 1.380154804971269467e-01
2.440174018136467560e-01 1.840246820404722594e-01 3.937959374773624122e-01 3.231664276606938807e-02 2.690384288719460115e-01 1.354409720570480813e-01 2.845783033391263706e-01 2.144768930689390229e-01 5.210685327802996314e-01 1.305716636843899658e-01
6.292287273515718982e-02 3.247397182048500919e-01 4.702931528029089675e-02 7.298135717975391401e-01 3.156709079027843895e-02 2.843305781142568822e-01 2.456363976630276669e-01 3.116431605683729344e-01 3.402616990362953286e-01 2.425976146811084089e-01
1.568272757552420238e-01 3.329636329879432921e-01 1.736097870939995735e-01 1.753881878900255264e-01 4.498859993372837374e-01 2.024727697807710003e-01 1.524228525688260949e-01 8.742109604640323217e-02 5.651128353287671047e-01 1.009237265960694907e-01
3.032498938440274516e-01 2.307228218924358976e-01 3.526000716606071950e-01 6.891840457691920940e-02 4.285411168079459321e-01 4.683791628613703795e-01 3.138215425447177243e-02 3.794098698220635946e-01 1.523070961578955607e-01 9.368443277235716238e-02
3.269381810389062615e-01 1.054893304644677482e-01 3.251019035228485121e-01 1.085572223054972890e-01 2.318776909283531973e-01 1.580522100946902819e-01 2.817352915608966057e-01 3.052445624130261659e-01 2.039194424575739850e-01 2.119329005246184394e-01
2.355239472840087167e-01 1.430346289568711349e-01 3.639443212578167275e-01 3.472160566961736139e-01 2.681025892814877798e-01 1.651262870152762352e-01 3.026006592159058983e-01 2.019215462068582045e-01 1.497496590545917827e-01 9.502420189698941588e-02
1.545244112024302674e-01 6.177822181762578774e-02 5.748430144131189135e-02 6.248252066853947628e-01 2.891256604567964961e-01 1.957461028013164350e-01 5.436958826426474545e-02 3.624772040308429921e-01 5.313353666276467990e-01 2.404550416695240000e-01
