4.224225812786434053e-01 8.194677883732890411e-01 3.841160046806147421e-01 4.039385319512373007e-01 3.835318092196804418e-01 2.473456160969092210e-01 6.158365196399321340e-01 5.938863298262748724e-01 4.967198326493670324e-01 6.327349862840596639e-01
1.438845788294625394e-01 2.287581070430155239e-01 7.995388058153635180e-01 5.861750976805167879e-01 3.942195120980348522e-01 8.309946218698250897e-01 2.182691065873705039e-01 6.212976151340670050e-01 6.013637168739978112e-01 5.754988380683443427e-01
6.997960307097651489e-01 2.528669949220251345e-01 4.233206449875735466e-01 5.377617179351130705e-01 6.452093648258057090e-01 3.835216035212051788e-01 7.155392106974600708e-01 3.565247178647945048e-01 6.561240191781039233e-01 3.293356953581562108e-01
2.779508913565743589e-01 5.957435162498331271e-01 4.559298292693562127e-01 5.091270615824632362e-01 3.454053180715320748e-01 3.880327796673718188e-01 4.603314884685916764e-01 3.901970086443468655e-01 7.283844539258896855e-01 8.488976527640471614e-01
7.724269009895007310e-01 9.757482043290179041e-02 4.908094904880032638e-01 6.169541130372127036e-01 4.150851853287248483e-01 5.269380938563599237e-01 4.339416528874523449e-01 4.011902159348827990e-01 6.622458927575678445e-01 5.828336342873903231e-01
2.817043788199579124e-01 7.046706233764103988e-01 3.862277766389627387e-01 6.165333893832281031e-01 3.977810747010480652e-01 3.420133244998746491e-01 6.467095325678513529e-01 2.872120238276777981e-01 6.597768520939084613e-01 6.773710240910777447e-01
5.584788219114688035e-01 4.380390506384843619e-01 6.299117464007006895e-01 9.110081419256591539e-01 6.151828913954822120e-01 4.257454110975364414e-01 3.923464105339318775e-01 5.451341292605029754e-01 1.050568243707255961e-01 3.790965724655043223e-01
7.026000194451101910e-01 5.267889477761236172e-01 5.141715775401021205e-01 4.396775987490377791e-01 4.687636601414640336e-01 4.363906037316150344e-01 6.913610319500482770e-01 2.794972666558880880e-01 3.861132811384561103e-01 5.546360128721539162e-01
5.460347366792788204e-01 3.974535514317871776e-01 4.332697407228009445e-01 7.196179933935666906e-01 3.020557814659730056e-01 6.695634182509448973e-01 1.234094985801010291e-01 9.271779139688416382e-01 2.030318920622800893e-01 6.783854734444270118e-01
7.395042354101033499e-01 4.608168480592162441e-01 1.327702752126053154e-01 8.181458045409076840e-01 3.676356875273679159e-01 4.455641984991893234e-01 4.667900331084399723e-01 6.822610999286047306e-01 6.770148988642381571e-01 2.094969188493431278e-01
5.376984715570559681e-01 5.026473322989948311e-01 4.474745294224237169e-01 4.369786941691722326e-01 2.558447541330628461e-01 2.827299910345373313e-01 6.348398481971293528e-01 7.538009323038836751e-01 3.613410180999837573e-01 7.866444287837573990e-01
6.900478611217364389e-01 5.247929991052033838e-01 6.690778777374903896e-01 6.294441994112076610e-01 3.891991762287280721e-01 4.539618868642237293e-01 4.022396764642448552e-01 6.630010021801038267e-01 2.663385877644485200e-01 3.118967331226202289e-01
8.015160718708809195e-01 5.661637835808495112e-01 3.268282891891424180e-01 6.293459614797827228e-01 3.138691747739936755e-01 6.018671627075471431e-01 1.591140324002640605e-01 5.434671776630547457e-01 6.276392078350994108e-01 4.301891384993897782e-01
4.759347791820203732e-01 5.045088533258281771e-01 4.700646703503822410e-01 6.404615239173581109e-01 2.440056024355185815e-01 5.420374686126996355e-01 3.482527284089571573e-01 7.997064568678793339e-01 1.667360966863900562e-01 8.082918202129751872e-01
5.476780392418948429e-01 4.330662487647620185e-01 8.108221813632364716e-01 1.878756711487253317e-01 6.488009007660974214e-01 5.308897807463410778e-01 4.832718921400797063e-01 3.438281499484919790e-01 3.884947466948356354e-01 6.252723891855443972e-01
5.692064560580196719e-01 5.900378677465053512e-01 4.281037262124326448e-01 3.822136723868578834e-01 5.873551754277441805e-01 5.298616663668336280e-01 4.153680511064785086e-01 5.793608763259603389e-01 5.513644394070995602e-01 3.671280689620836646e-01
5.209651310453368156e-01 4.142984059799620922e-01 6.262883347523733324e-01 5.242685799009054737e-01 5.258042142760140925e-01 2.924834077228758433e-01 7.527729790184637393e-01 5.271041821070111544e-01 4.562990282385761542e-01 3.597157369584694786e-01
3.831863165299429497e-01 6.344513551490034153e-01 3.322827591247923262e-01 5.179179996772423911e-01 3.703659504227303501e-01 6.383785196891409441e-01 3.923309057377588616e-01 5.410541934134351916e-01 4.898160987149216550e-01 7.002159015410467369e-01
5.674922025316404550e-01 7.690632935992207653e-01 2.110182089587650245e-01 7.027904498609014450e-01 1.465165770974121151e-01 7.509260441360052774e-01 3.588851975779765446e-01 2.103157025497381372e-01 6.828506476248624724e-01 6.001416760634779024e-01
4.770901829548814810e-01 4.471796886250137271e-01 5.157950646034163977e-01 6.372086598177146843e-01 5.866260677623392761e-01 2.146351324755494117e-01 3.592814011814959851e-01 5.268994126576909132e-01 6.613403718984580681e-01 5.739440180234471889e-01
3.617414479970632035e-01 3.323414756541085424e-01 8.191986327326344908e-01 6.580936095405319763e-01 4.408774288205691838e-01 2.079001892309007005e-01 8.235829671173697797e-01 5.806883361510914998e-01 3.667825856464024259e-01 4.087933271093283638e-01
7.310434923235495930e-01 5.997793642250086599e-01 3.720177719847356235e-01 6.223135117145942585e-01 3.479416580491784261e-01 5.627547470186695655e-01 2.443776676475028220e-01 7.587607717039157595e-01 5.173463681019245808e-01 2.436646472309325351e-01
7.207366015642755475e-01 3.555786765233763802e-01 6.474424059324638270e-01 6.004455136681567939e-01 3.122051251285092865e-01 3.931355082806598511e-01 3.186466358432983870e-01 7.415056735566596391e-01 4.472887264274625352e-01 4.630151330751330896e-01
3.751416128450847376e-01 2.256106013488841378e-01 8.438824972054269624e-01 5.199103657851004145e-01 4.945845474412940423e-01 3.936193659459809036e-01 6.070153345015607549e-01 5.923677065244933315e-01 4.859418609129669830e-01 4.619261074892152541e-01
1.865386453573774361e-01 7.067082662418157080e-01 3.609312922488181474e-01 7.308850085966297483e-01 1.656922977383414874e-01 6.654453557871623515e-01 3.908015974867756759e-01 2.675501508073395707e-01 7.166776146171041084e-01 8.087697711186434546e-01
3.216555763428171621e-01 6.689615194956238797e-01 1.900201752250060550e-01 5.978761712415233687e-01 5.437202350272125617e-01 6.511784326668121903e-01 3.451917834895444348e-01 8.069720041058012772e-01 3.994486843681581689e-01 4.749754180375164725e-01
7.789060048496848632e-01 4.732036378381718755e-01 6.163365181405284776e-01 2.262774616150035611e-01 5.280033897619558214e-01 4.499561226372360556e-01 6.226624274408585347e-01 2.756211525233579485e-01 2.885974970606229872e-01 7.404357881325770441e-01
3.839677158400903179e-01 3.555293706853472901e-01 5.121593043351428953e-01 3.647394024606568919e-01 3.558356070606040200e-01 7.564964961392686149e-01 6.112400464766704067e-01 4.646008587851923055e-01 5.386330203898588298e-01 6.567981778271623217e-01
5.396790881372937054e-01 5.359971186691612210e-01 6.881329920333604244e-01 3.256203614920981648e-01 3.674239277222396405e-01 6.165971970206622910e-01 2.431623912735402793e-01 5.412505738859714199e-01 5.909200485859336105e-01 5.512163011797517331e-01
6.656409029406220590e-01 3.282785094926147784e-01 6.547070111024430039e-01 3.543388757569466141e-01 5.673954479488072522e-01 2.138285017282733624e-01 4.775139843197856448e-01 5.328402793796576109e-01 8.577760677954539004e-01 3.476804195353849769e-01
3.977900941785008637e-01 5.336341846676828649e-01 5.370344740602179812e-01 4.481025329840914728e-01 5.723952744337823528e-01 3.836192550305339566e-01 6.696552709480909638e-01 4.842031644494897424e-01 6.282003304930752208e-01 3.453654187545359688e-01
2.190949310309259768e-01 2.194369504349655275e-01 6.389904523375224965e-01 4.829633999538384681e-01 4.388822646878052236e-01 5.217360062174341007e-01 7.090830598839978904e-01 4.713757891463050131e-01 5.607211996432270862e-01 7.377159466639751084e-01
4.607540301006520789e-01 5.572420254129656358e-01 7.271578422092540572e-01 5.610614020707616056e-01 3.577275467150875521e-01 3.616283582676252384e-01 4.198472092627214547e-01 5.370252321453315991e-01 4.530865090909338422e-01 5.644698447246532247e-01
4.347712086204919002e-01 7.014715373655431296e-01 2.535782192653408540e-01 7.346356055417806452e-01 1.939669131830406013e-01 8.564829546470038579e-01 5.346134714605470517e-01 5.074531436529645667e-01 3.653485104663979910e-01 4.176784357968957861e-01
6.079511261460591731e-01 3.625643370878329774e-01 3.546961808658732895e-01 5.899597285735016516e-01 3.230910265484053800e-01 7.716131960251492172e-01 6.334509453778420784e-01 3.739868998455537774e-01 5.729300402115589108e-01 4.097565193182244880e-01
5.938359140669253744e-01 3.594075428904516811e-01 6.097055266778332872e-01 5.719085122288476430e-01 6.256256494780139121e-01 2.224929578367714766e-01 6.117578290606437985e-01 2.827377642186439388e-01 7.032403043037093182e-01 4.192879992381574050e-01
3.593792774973155746e-01 5.409277489345762913e-01 4.045740325271286464e-01 8.801902753807235857e-01 9.511368851703487504e-02 4.014277330165977320e-01 7.141658850318635121e-01 5.072459616269855420e-01 6.419568340868710976e-01 4.550185633809084029e-01
6.545097176079874846e-01 4.151128632748983804e-01 4.245799051695049453e-01 5.986897712529455351e-01 3.721596879808716229e-01 4.913840199011812460e-01 5.843506118098870106e-01 4.812677762414094840e-01 4.956839759685081614e-01 4.822616707928157331e-01
5.208055199268398772e-01 6.539060574169788254e-01 3.340519712179026990e-01 5.760980436447670217e-01 3.751652248298303904e-01 3.339948539093259838e-01 5.984254670647439767e-01 3.887640388817212855e-01 6.008976281506610562e-01 6.178911949572220008e-01
2.487530461172508534e-01 4.510885852718943823e-01 4.866953226994812920e-01 6.453286290997427566e-01 4.148838137802907666e-01 4.312517298582142500e-01 5.567641661805177167e-01 5.307632801567532255e-01 4.322340911396089780e-01 8.022373356962533286e-01
3.007720891725385037e-01 3.499529767661312407e-01 8.210076502762584383e-01 2.228099541147185725e-01 3.914562570255885054e-01 6.231234225773943924e-01 7.084784883065566863e-01 4.569097005976205939e-01 6.583590835448831502e-01 4.671303776183115541e-01
2.329195436538738229e-01 8.124350578365489017e-01 5.530608260075090543e-01 3.074146176666726626e-01 2.045809710796137049e-01 4.452772311939439120e-01 6.257964579647455894e-01 3.882362689171175996e-01 6.792988386160998537e-01 7.509801870638822541e-01
2.540679884523395216e-01 5.291142899787195653e-01 3.634041138315221575e-01 6.889007253841828993e-01 5.006378349063176358e-01 5.569973180502254539e-01 6.324677771344801025e-01 3.945395696441262867e-01 4.121983827264672495e-01 6.676719998916242904e-01
2.691288243877368314e-01 5.760329632504050945e-01 6.512421921956267346e-01 5.555347185188936887e-01 4.503889236681007380e-01 4.749471967448984366e-01 5.487253833296746874e-01 3.596003042854899467e-01 3.529863541821880446e-01 7.614131394369946237e-01
8.527041067486469395e-01 7.305231456440719473e-02 1.240744140321790867e-01 8.435166093562778133e-01 1.601978291218207895e-01 8.051287796956945186e-01 6.542194624236901124e-01 5.997151617084864883e-01 6.389931277667786347e-01 2.483981945820198933e-01
3.331411939856748772e-01 3.509466408562549322e-01 4.615093856945480244e-01 4.956005050374706067e-01 5.441514200305879179e-01 7.462828513142367726e-01 2.039298775005823905e-01 7.427917500003335949e-01 8.104124181269075633e-01 3.112339574533973252e-01
6.258015256145663674e-01 3.850389127714675119e-01 3.986835338943575113e-01 7.171780906915093956e-01 4.958340461774057850e-01 3.681328125846106136e-01 7.179777234722661827e-01 3.204740038234212274e-01 5.250228358452415645e-01 4.458565151251563385e-01
2.883735868665946445e-01 4.246853364330032687e-01 6.240167672168414059e-01 7.043614344523227988e-01 3.105584720476783911e-01 5.972788353396596417e-01 4.559261092238577895e-01 6.378937086547504798e-01 3.505272404344719206e-01 6.063785093308220464e-01
6.816858073127938233e-01 4.647228653931878006e-01 5.296675837434496881e-01 1.327000351331213412e-01 8.129933088844987221e-01 2.686664852429248018e-01 7.118641464536050734e-01 5.070645528025063964e-01 4.383332902935198061e-01 4.523019247403805010e-01
3.118108862727269059e-01 4.474508928985453382e-01 5.565620690435912898e-01 4.647114663674127844e-01 9.098964855955714581e-01 6.717921783664528856e-01 4.017512462618249014e-01 3.694001388844212475e-01 4.426921505752623998e-01 4.239324857341853492e-01
5.447698094036927952e-01 1.069313431256639912e-01 8.605281509757127800e-01 2.588369467671198243e-01 7.182416929628245850e-01 3.298909994706900051e-01 3.381527833806783345e-01 5.627913768611615408e-01 6.857107006481333311e-01 5.941461964043167621e-01
4.799526420851794040e-01 8.282033599357945253e-01 1.978618394276142334e-01 7.020021263645581655e-01 2.269020949507316587e-01 6.858758943437802680e-01 3.227798130267310328e-01 5.158632789382828765e-01 4.452071977911841172e-01 5.953517531361471882e-01
2.190868898381538865e-01 5.514370260849114080e-01 4.118025802225618870e-01 3.936027823022655303e-01 5.030802494682566905e-01 5.671793703306352574e-01 7.714755221862672485e-01 4.000758630802974114e-01 6.563066992156502133e-01 5.259530172710120688e-01
4.058665338000496670e-01 4.264570731719170005e-01 5.260863751015827372e-01 6.068119996453901210e-01 4.182585404467729084e-01 5.460507708080830636e-01 2.845021519559477463e-01 7.544518762877731044e-01 3.406426762620327064e-01 6.908720025204502235e-01
3.437474629734060261e-01 7.069135715408766396e-01 7.654470406479718658e-01 3.977191781441860030e-01 4.322998203307328313e-01 3.949842355155570583e-01 6.710259313477363596e-01 4.315863915453720945e-01 3.247533528569527261e-01 5.315230150971972378e-01
4.886381806452826382e-01 4.362477322405042268e-01 4.410082080294024931e-01 2.646636008042725363e-01 3.363603971244567004e-01 6.240454242624731140e-01 8.372421492857308190e-01 2.565382637150758205e-01 7.824120207097824409e-01 5.328440231830223750e-01
7.887411518185554193e-01 2.133022290685269717e-01 7.617131011306130794e-01 5.885984790573064451e-01 3.890489834189928553e-01 3.060525003192108850e-01 7.643644164583278666e-01 7.386771959543363408e-01 2.775902505361318440e-01 1.719116922379871903e-01
3.699001017061023244e-01 3.302852768972028286e-01 7.212758360249397205e-01 1.579512207721998629e-01 8.008996026131337542e-01 2.447986468989536424e-01 6.653978850652377819e-01 5.876385104895163192e-01 4.995422661380812257e-01 6.223106533946356489e-01
5.707731098860870933e-01 3.847734391934555243e-01 4.357303176758409169e-01 5.092600207724216066e-01 5.469378451086118753e-01 5.224768586109795887e-01 1.916533328525112378e-01 8.453489204856844408e-01 3.874577060897820280e-01 6.055884493246199707e-01
1.865724311127344714e-01 8.703499293786530755e-01 4.190282315977120198e-01 4.837577087433714285e-01 7.170699428660770591e-01 3.809568282156255981e-01 5.141936881131845549e-01 4.266354734524525072e-01 3.030083137506546787e-01 6.984274527695446544e-01
6.312329705624455389e-01 5.641829783947716059e-01 1.888773383641327852e-01 3.240790899543622428e-01 7.370957604579648770e-01 2.603494292499546892e-01 6.284474437376756928e-01 5.920817263866946512e-01 5.801189083871738372e-01 4.935343545048203051e-01
3.207036615800707979e-01 8.031893879185932894e-01 4.569681424774184597e-01 3.495489455081501329e-01 6.037798154827076491e-01 3.416500946847454423e-01 4.737065133688955210e-01 7.209154933847669033e-01 2.333347225945243686e-01 6.962032230001200528e-01
5.524446390341123392e-01 4.131240911473514910e-01 4.477463791654261449e-01 4.614057801735514941e-01 2.596984216353475650e-01 4.947120681168390988e-01 6.790335358762364937e-01 5.203445361195320196e-01 5.444068510531232530e-01 6.270836976784914807e-01
7.089684594457552613e-01 6.953874667831747569e-01 2.754367653188414256e-01 8.679520981797095303e-01 7.545962157551612259e-01 3.587588405470466535e-01 2.413676055354638805e-01 3.874639550888010486e-01 3.714728611043393025e-01 3.385957322417296744e-01
2.788476476206299126e-01 5.526343047774533446e-01 4.231276142446507849e-01 6.742579926251204281e-01 5.985317250649564436e-01 4.616417202056656288e-01 5.489020342486248261e-01 4.950602736631452561e-01 7.498209618200989413e-01 2.171757257296489385e-01
6.873931694319115326e-01 2.083663136201893973e-01 7.019442671774482889e-01 2.227909791492700409e-01 3.163700851822675020e-01 8.599816970268800986e-01 5.776120891428865312e-01 6.677079473405220789e-01 3.079114890365642898e-01 4.499219628920614888e-01
5.142469103199661662e-01 4.031359293162223856e-01 6.122704491730571741e-01 3.608322084048941614e-01 6.668752862699335315e-01 5.795455959921060884e-01 2.677310911554874329e-01 5.316198598067805037e-01 7.631327037697690496e-01 3.006099657917935541e-01
3.679978521505634093e-01 7.038782507079230921e-01 5.259412869341044683e-01 4.193601535563165061e-01 8.084352508659248260e-01 2.595905039546119175e-01 8.017877089115892364e-01 3.608065722886485971e-01 4.814571950743171680e-01 2.707452255559958942e-01
5.231006331210253935e-01 3.699513751782104176e-01 5.455277023189648578e-01 4.987989023517701570e-01 5.143564421048305579e-01 5.197243229393464503e-01 3.875825572094043769e-01 5.031058960345153874e-01 5.629318130635655448e-01 5.749203556783673008e-01
8.207858073155940293e-01 6.402870844931342065e-01 3.363674754711948323e-01 8.837728143832200844e-01 3.020008135934139637e-01 6.646582488201057126e-01 5.941275049834787714e-01 4.863379647728760524e-01 6.639429409174885111e-02 2.052679920752391862e-01
4.574247697103500654e-01 4.698605989946031403e-01 8.620951586181804238e-01 4.116497355201904074e-01 1.953145895502820528e-01 8.024332649414240848e-01 3.203123088065391588e-01 4.126789929929619571e-01 2.419425176863051474e-01 8.262880631791607033e-01
1.583452161073454767e-01 5.139661359469172019e-01 4.289446552772208099e-01 5.529264381367472447e-01 4.986731979568466144e-01 2.796354409543253539e-01 5.594370233390619784e-01 7.471486616196695296e-01 4.438948573111696216e-01 8.170283733507028856e-01
4.443351541978999841e-01 3.011662807453263646e-01 7.150590440699390316e-01 5.529472117382823182e-01 4.245218583155476733e-01 3.560591854209066986e-01 3.313106860373065121e-01 7.121862971682298982e-01 7.428538438899232599e-01 4.195604384166372047e-01
3.652365162245968522e-01 7.571998940027356850e-01 5.571157934521062671e-01 6.550920450240449444e-01 4.565625437198994607e-01 5.747483030120046354e-01 4.120133507916718396e-01 4.415390063520092667e-01 2.826127378850444849e-01 4.978798095358796805e-01
5.926269182924777112e-01 3.949310033060156044e-01 6.228211075091383275e-01 5.693074312858399377e-01 4.047075076372657065e-01 7.672413529274355604e-01 2.423825083260648383e-01 2.466821868753127922e-01 7.753366776220530499e-01 3.839633062184061307e-01
5.353128009757608385e-01 5.481313907814951980e-01 4.909776370037062798e-01 7.543475837881167267e-01 2.676865726879649188e-01 2.460993140952331681e-01 5.059146922219749376e-01 5.630616980138334338e-01 6.407354536809279910e-01 4.477328567509833990e-01
3.282200813882767965e-01 6.665784908294327682e-01 3.203826510241529757e-01 6.941998556681013843e-01 4.181254924433550624e-01 6.417866146330881705e-01 7.782856928715613520e-01 5.607965033515192044e-01 2.308217191215805875e-01 3.608028986689282291e-01
2.956208655181812861e-01 5.643931381934470526e-01 4.080620534330769988e-01 7.840317059579017256e-01 2.582073113991693591e-01 7.847708524841910949e-01 3.396186743642380934e-01 3.492318284804830641e-01 4.365272887399463952e-01 7.795362814293617104e-01
2.632327594720890174e-01 7.069695450555639749e-01 2.160617013911382833e-01 4.067545705127868505e-01 5.257217041115538336e-01 5.081872085826947272e-01 5.574363297125195515e-01 5.065196399242277714e-01 5.211608971966340542e-01 7.879556440407963214e-01
8.548391388399461110e-01 1.289426041133727996e-01 2.716949715200630555e-01 4.896709544428236027e-01 2.908562844110409440e-01 8.928723929913123802e-01 7.092007642428992398e-01 3.282620890847779416e-01 6.295071852506590737e-01 4.041536151031003277e-01
2.543396317412733865e-01 4.403017988382660897e-01 5.460752098516916675e-01 4.482404082107046550e-01 5.901888382079795159e-01 5.667233397336263190e-01 5.631124853191769031e-01 6.553454829762271894e-01 5.893295276747978484e-01 3.463432774462659181e-01
6.938319590011814419e-01 3.804192122076869298e-01 3.333879937512426173e-01 4.422172063136665665e-01 8.867435815986375314e-01 6.123038077542797275e-01 4.533694101127980214e-01 2.494556832218213505e-01 8.106696688849901467e-01 1.376014771537058534e-01
6.915366491148796646e-01 2.513409561053170371e-01 5.375890814532499062e-01 4.177567465376468836e-01 5.501026216469193653e-01 5.625913280270229411e-01 6.370930300824730885e-01 3.226896255076822650e-01 6.659480569263859229e-01 3.633519045984144880e-01
6.998343700813818291e-01 2.725496452936753689e-01 6.905149775521965960e-01 1.781014565512186454e-01 3.721232417238962698e-01 8.013179651567408079e-01 5.123170537889625287e-01 5.007455378547622793e-01 4.556089357401448825e-01 5.168868162570252611e-01
2.562966118657032943e-01 5.410905881121220729e-01 3.485380780807098011e-01 5.541943070840313901e-01 5.384714158952473850e-01 5.482422120441073909e-01 5.436447694043003986e-01 5.703861846759874510e-01 4.111281269339280842e-01 6.880077059038725018e-01
4.348035712340452275e-01 2.671208764617035714e-01 3.362223301294010591e-01 5.922143134264283848e-01 8.376898671553334452e-01 3.951552921626174109e-01 5.226354648097845113e-01 3.716909303019192423e-01 6.783095715083214960e-01 5.641577828104510361e-01
3.150906252071089542e-01 6.885650190674275084e-01 5.857179133248541225e-01 5.367528798379292976e-01 4.976316600949080016e-01 4.685603324885632137e-01 3.263676185197085799e-01 5.614123325027409184e-01 5.438069239804610433e-01 4.760946949762978053e-01
6.141217463047786707e-01 6.258904559946012469e-01 4.244998652946643247e-01 7.294402113753144512e-01 4.629795873043770493e-01 4.366128423734263464e-01 5.506752252878088782e-01 4.324714471518226744e-01 5.088690826794373123e-01 2.144395362337639388e-01
2.782137662934800471e-01 7.191252740825158085e-01 4.225549059939611718e-01 5.893624825618273277e-01 2.768419790675924474e-01 5.174241176812633958e-01 6.892585209050183792e-01 3.053652507693617735e-01 6.513019999649816150e-01 5.505517026799984226e-01
5.268994821676122875e-01 3.346855762246796484e-01 4.594837642265014455e-01 5.730390946155139442e-01 2.944509812921681791e-01 5.400882979181813592e-01 4.231284012056080734e-01 6.661531113743796029e-01 7.192613474923066352e-01 4.628099434830543757e-01
2.427669784050550117e-01 2.846859322357949695e-01 6.357957500610100787e-01 7.810155010145372056e-01 4.110114271603285685e-01 5.455491215767981350e-01 7.031610388263034306e-01 4.955945013177533998e-01 5.360452844100214165e-01 3.643744649923943424e-01
4.146968962886911081e-01 2.700862543923756576e-01 6.477777635746646556e-01 3.038843182473920379e-01 7.573632534145076090e-01 6.416649181837985605e-01 3.666847293230389715e-01 2.835652639384793616e-01 6.225325887222133980e-01 6.917440139148411937e-01
3.274385872331896929e-01 6.727699896088650267e-01 5.620520658060255137e-01 5.700126349082581534e-01 2.343543836526736923e-01 6.238563645699658489e-01 3.807272031723906158e-01 5.362909012653531704e-01 6.812106999254452511e-01 4.112871698578340895e-01
5.256908019067894067e-01 4.648706699942296017e-01 6.479612342085887544e-01 2.055386873475145704e-01 5.516065979549775733e-01 4.079828567555153218e-01 5.632457708956386533e-01 4.997197533204844611e-01 7.330259203461606532e-01 4.003577072700826855e-01
2.855804662189720400e-01 5.950516707651186676e-01 2.488882915034834609e-01 8.570805305891432413e-01 2.042371674120023739e-01 5.631734223728523947e-01 5.270161204508672093e-01 5.846250146952158833e-01 6.074320051542000387e-01 5.269153108381370298e-01
4.343332995752787751e-01 6.019227164537714891e-01 4.542592548361764626e-01 4.564165310277361609e-01 6.867820931833739095e-01 4.854567643297676427e-01 4.287999278934575553e-01 3.337589867595460724e-01 7.607644219841409594e-01 3.575060039567541370e-01
5.778932286487536985e-01 5.142577283341976946e-01 6.174241402464003547e-01 2.983602695280755945e-01 6.737841260564050305e-01 7.004827479318022077e-01 2.034007058661647660e-01 6.384335907126162946e-01 4.297603187946862358e-01 3.462031438809064499e-01
5.973915655093812171e-01 3.637430935528795373e-01 5.961623270177809353e-01 3.681660996339452541e-01 5.155491798370341883e-01 4.357244118546796940e-01 5.602315713124901286e-01 5.801370442564968144e-01 4.870220894492596209e-01 4.958726175760620469e-01
5.181172647073589710e-01 4.160311254934899727e-01 6.254859443088953697e-01 6.132341869592513595e-01 5.479376954080310558e-01 4.445088806510081314e-01 5.779612493459480582e-01 4.847082168810628588e-01 4.261770862260814141e-01 3.458383500188703108e-01
4.306786633936757758e-01 2.865138174692281603e-01 2.775100925701776688e-01 7.968447867441512678e-01 5.704281625287285218e-01 4.813620368916194381e-01 2.672218210816033057e-01 6.263658745961371288e-01 7.401393152699673461e-01 5.229354294547098325e-01
