-7.278248309589265830e+00
-8.466555112444716258e+00
-7.531282694257245502e+00
-8.021653707641121400e+00
-7.984180769373442565e+00
-8.569230484167265516e+00
-7.039343558605189344e+00
-7.997298708991571914e+00
-7.020345739744699998e+00
-8.049995715895386539e+00
-8.033180685879619531e+00
-8.396693078317673198e+00
-7.396206162785389004e+00
-7.550256463973045840e+00
-7.681079960349402214e+00
-8.495601300737964934e+00
-7.839489714544018106e+00
-7.644107964590100224e+00
-7.801085547257025077e+00
-7.900728557774140626e+00
-7.621318100596737644e+00
-8.687486143451565113e+00
-7.546023587308079428e+00
-9.055952449728161824e+00
-9.203734339501002282e+00
-7.199656740924350373e+00
-8.347930283789811057e+00
-7.619448959705407809e+00
-7.560274815705352758e+00
-8.605470318809338437e+00
-8.315606438807122913e+00
-7.502052831995885462e+00
-6.810319320771361262e+00
-8.026968814293679699e+00
-7.722658617450854024e+00
-7.789014516314627379e+00
-8.371500553922562204e+00
-7.044981385356529735e+00
-7.933481730132648124e+00
-7.622499219946548443e+00
-7.008490772960591642e+00
-8.974631695510144169e+00
-8.535143741291957298e+00
-7.828976920720082333e+00
-7.275838140515157093e+00
-6.938997331489693110e+00
-8.362113242400962321e+00
-7.664214916405049927e+00
-7.717109471717436442e+00
-8.341442967656243823e+00
-7.468671176288973257e+00
-7.050134023752676171e+00
-8.132479079107286069e+00
-7.111493216356645775e+00
-8.359462457827007142e+00
-8.468197443926166912e+00
-8.087577198331928230e+00
-7.599043860197083333e+00
-8.311289613529066145e+00
-8.571239119572013010e+00
-8.861210417392079819e+00
-7.593031050382715641e+00
-7.916597668842387137e+00
-9.297930247648555024e+00
-6.742520470448723380e+00
-8.302582589591322559e+00
-8.458577776985700680e+00
-8.550335177082637017e+00
-7.520956180716586559e+00
-7.973635522998574032e+00
-7.419013303799996351e+00
-8.227228520404445078e+00
-7.821985957465544814e+00
-8.084833987371533581e+00
-8.537031544606563216e+00
-7.694666408035198302e+00
-7.746082600729026879e+00
-6.398599225529600254e+00
-8.061596554223129374e+00
-8.201681296355916473e+00
-8.041683323960933549e+00
-7.401285500142671836e+00
-7.238246472271143261e+00
-7.912122452376708637e+00
-8.510916444298036510e+00
-8.118179510981823555e+00
-6.928838714257341991e+00
-8.709937252908071414e+00
-7.491335763983118845e+00
-7.916860892468680078e+00
-7.945958073523879506e+00
-7.776874649045915078e+00
-7.108575799411514851e+00
-9.275058433170187300e+00
-6.455793165920461263e+00
-7.770207884721249236e+00
-9.399717778012011138e+00
-9.380416002499231354e+00
-7.019451109514667664e+00
-7.571197215228542277e+00
