-4.576556622155259824e+00
-5.126616372890061335e+00
-4.643079825129422744e+00
-4.967105897140371873e+00
-4.424565686553645349e+00
-4.283911515717168328e+00
-6.049529496563400777e+00
-3.655596181896448638e+00
-5.900359639085405838e+00
-3.822137237192738013e+00
-4.604969273540596930e+00
-4.674736717231010807e+00
-5.023587619782017732e+00
-5.386736263020820203e+00
-4.674840483454303808e+00
-3.075964020916332142e+00
-4.463189670604261750e+00
-4.492262296760512363e+00
-5.693089329984146296e+00
-4.219810009154821628e+00
-4.884187884995339957e+00
-4.986218386260016899e+00
-4.418508142862172861e+00
-5.045539491495992124e+00
-4.386735172617743928e+00
-5.448700268486198262e+00
-5.263482420970731823e+00
-4.633274610998378229e+00
-6.312890429068350073e+00
-5.916617769768085289e+00
-4.022670746972753619e+00
-4.488469937738375215e+00
-4.331344739572510427e+00
-4.951392875900492818e+00
-4.385551516492064650e+00
-5.480008393004508704e+00
-5.553027464426532944e+00
-4.362658771274795733e+00
-3.515963304807863121e+00
-4.319430009911378932e+00
-4.954317072284185386e+00
-4.573455747978199426e+00
-4.558141022334385895e+00
-4.939749966964233963e+00
-4.246529117099838047e+00
-4.333741795242423755e+00
-4.602167956658745673e+00
-4.306773799357675792e+00
-3.890704502147769084e+00
-6.157188139733998256e+00
-5.805183232335452637e+00
-4.663105803374904212e+00
-5.201832464928481059e+00
-3.429681547232980243e+00
-3.853384333026619757e+00
-5.141648905450350249e+00
-5.162157478056765392e+00
-4.272500780384060448e+00
-4.017999897903230533e+00
-5.716438156518149682e+00
-3.584803140584010617e+00
-4.503469698386470377e+00
-4.494971770251816601e+00
-4.341175702999496622e+00
-4.713221746932336309e+00
-5.743200993533179144e+00
-5.209008982209123673e+00
-5.780235394011183914e+00
-2.921665083613844249e+00
-4.796587255077919387e+00
-6.532745814154761632e+00
-5.636937295308765528e+00
-5.800955426141700677e+00
-5.143200846963578599e+00
-4.262203421660909264e+00
-5.178797397177636874e+00
-6.143755610354380892e+00
-3.765013732438814209e+00
-4.436329758194109019e+00
-6.903841074529088573e+00
-4.624015190045782653e+00
-5.140156723329948996e+00
-4.585562148484568112e+00
-4.857762462707441387e+00
-4.247760779271813725e+00
-4.503894738297250733e+00
-4.990621397732034836e+00
-3.956046492834364159e+00
-5.405104353903336545e+00
-5.067809633307919448e+00
-4.921874831447655474e+00
-4.571342525332007689e+00
-3.667945360792532306e+00
-3.501677765300593048e+00
-5.499709470629191799e+00
-4.804801810607384205e+00
-4.862493524628180630e+00
-3.736812681488370647e+00
-3.678079533027922121e+00
-5.110681652540938202e+00
