4.671055722302252210e-03 1.091603381907098498e-02 2.531902859021904653e-04 5.896305057932205298e-06 8.177620837873643704e-07 4.420953138170060128e-07 7.320132939572640611e-06 8.780485962795363329e-05 4.041064493517580020e-04 2.360569379936610680e-03
4.616464278669446548e-06 2.895573864466405225e-05 1.679810257299779687e-03 1.517075918127417950e-03 1.065935905145718419e-03 1.780107612389161039e-03 8.532729986561202813e-05 8.294429951188156153e-05 6.338526812493409717e-05 1.646488282268384977e-05
2.339710970329802835e-04 3.599959799359101116e-05 6.250898047461210917e-05 4.552657559065212954e-04 2.034249690325649201e-03 2.548413346777406076e-03 5.981328731591304196e-03 1.966707967534794734e-03 1.388902741543648119e-03 3.134255108612814885e-04
1.345167253547132919e-03 1.322233845048513502e-04 7.205207855300270928e-06 3.622303375554803819e-07 6.579012927490771966e-08 3.803145619692333022e-07 1.522809996518734646e-05 7.301718422158641605e-04 3.211851753217333932e-02 6.805893357060262272e-02
8.058959280624765700e-03 6.792356991021296863e-05 6.810062472904472933e-05 4.575120069749419657e-05 1.030863469445331566e-05 1.604463352436346664e-05 3.875911306893173287e-05 3.261149610933653355e-04 8.261106075028546575e-03 1.827766587878278809e-02
1.427588353019246682e-03 3.070093273466393061e-03 8.167573642641697039e-04 4.246492042898231014e-04 7.784828913296591875e-05 4.478261076487875531e-05 1.408970177377136311e-04 1.397987307848816700e-04 1.505421047996872378e-03 3.369858678295629181e-03
6.418509638075349573e-06 2.337253922475559175e-04 1.088047832672942028e-02 1.250014951521977447e-01 9.382061635800633195e-03 1.267238335185711935e-04 1.466656536468040509e-06 3.157552415993558795e-08 1.235008355176610786e-09 5.890045325305859733e-08
5.933814482714568767e-03 2.421529465145038761e-03 5.107205516274653748e-04 1.190161179476291079e-04 5.020162246891324249e-05 5.081236874884583062e-05 1.440756222291281316e-04 8.169461677026307073e-05 1.932919065257837773e-04 1.513417734666546756e-03
2.146347128995886239e-05 1.012288209660614477e-06 5.184124809575502504e-07 3.206907870693114902e-06 5.986139146613522559e-06 3.899554321927169745e-05 1.066678206241635391e-04 9.415057710822795703e-03 5.457734194452302243e-04 2.149810788481367808e-04
8.214613251446549079e-04 2.756651682982873860e-04 8.327697527259039550e-05 5.566268374786385821e-04 1.308319702273101767e-04 9.851862109665204944e-05 1.931104123758608886e-04 6.931860911840927609e-04 5.956778931021621806e-04 1.751665215907204673e-04
9.866880868534811094e-04 3.985697946274884148e-05 1.383095877997534730e-06 1.329746166924099890e-07 1.062329673568627183e-07 2.563601284016653414e-06 4.081134958383327276e-04 6.280599955534101921e-03 5.930093198279472698e-03 1.096142768036789672e-02
5.253809223994092281e-03 1.435255225770280807e-02 1.971084561133781485e-02 3.330435466548571991e-03 9.243906380291428695e-05 5.847642736402520799e-06 1.860175790887791590e-06 3.833483458385215910e-06 4.347471549923804955e-06 8.928925501939411629e-05
3.475882613941767840e-02 2.172408337190751253e-03 3.863066695782442608e-05 3.930052551776762464e-06 1.697455549782374378e-07 1.345464250343943277e-07 4.657152438735577505e-07 1.180215119465245478e-04 2.920879310875189663e-03 8.965722992046403980e-03
2.972841057882156472e-03 7.053777498817455447e-04 2.498549216822298154e-04 6.974645498046528301e-05 5.447218497427421921e-06 1.082471958613515469e-05 7.521269683467875634e-05 1.864557911976132392e-03 1.328481606463598804e-03 9.662759900889822742e-03
1.495254590941075485e-03 3.021784949788672205e-03 8.184837399341974781e-03 7.080763008578836110e-04 8.531370588793619038e-04 2.457605631813365591e-04 2.933950409725615037e-05 1.039113485463895161e-05 3.454196270312241376e-05 5.452869655323927230e-04
1.285198990889780801e-03 1.181014254364607698e-03 3.815026653820774872e-04 2.850705549295436212e-04 7.026777714640757488e-04 7.626210857031613666e-04 6.473953010174934202e-04 1.441797978297948814e-03 1.328521996945592962e-03 7.035757892740922758e-04
2.530856759119065027e-05 4.345063827293987820e-05 2.670792008699575306e-04 6.368605726702755102e-04 7.878659930330404607e-04 7.654375360638483641e-04 2.669257477504852465e-03 5.885000092728908793e-04 7.479674234001238429e-05 2.358250981832774393e-05
1.976223876364758582e-03 6.717524888562223908e-04 6.079119367699941366e-05 3.036843219666699944e-05 3.747802894680854875e-05 2.596104595708643992e-04 5.232344880468314894e-04 1.961055874187658636e-03 5.741020504732529534e-03 9.846917116938884093e-03
4.821640371329912432e-03 2.011433824288698900e-03 4.151567506288416433e-05 2.396382492656012680e-05 6.962863738178922403e-06 1.034047537030160835e-04 8.563498301660714754e-05 8.037604858283940235e-05 1.280604339344361929e-03 4.097847367764586093e-03
3.969764512372581187e-04 2.870181062269359885e-04 3.291836040087768958e-04 3.445147274741767931e-04 7.891825748827506503e-05 1.247405579869656145e-05 2.084305969504984745e-05 1.119011393888240895e-04 6.856563508648973399e-04 7.636588460234524246e-04
5.160099950503682398e-07 7.269521845385730298e-06 5.430283704967351580e-04 7.083126993798133982e-04 2.202555487025415306e-04 9.577081954891489702e-05 1.962264717556882262e-04 9.085555890566854529e-06 4.993382823332355578e-07 3.608844185381942245e-07
1.640251080989343175e-03 3.303299821806347574e-04 2.656184062345521925e-05 1.358941178017599039e-05 5.049736743201211932e-06 8.704718716928526394e-06 2.357406776170833511e-05 1.132962188447068442e-03 1.214536939251954425e-03 5.699267703775473494e-04
2.986882103601144322e-03 7.146611098477900510e-04 6.465908609431915768e-04 1.480666733245362921e-04 1.278588307613856598e-05 1.134048422121333576e-05 4.127605677146920822e-05 1.146990037279257448e-03 1.146120490069842167e-03 1.500749541404103413e-03
1.302705878251423026e-05 7.120763103770060692e-05 3.630859413716369926e-03 1.382228701573978268e-03 3.160073705136524588e-04 9.068417375524254925e-05 5.548896128790886044e-05 1.824039332981646240e-05 6.857635386396570271e-06 7.810642874756700810e-06
4.096767804338494754e-04 4.846897133394487698e-04 1.211285427874141731e-04 7.410923331531225195e-05 1.285741337962044005e-05 1.165492174172695568e-04 1.837873367514134373e-04 2.873100013360973420e-04 4.412464236566357272e-03 5.490628382042761144e-03
8.974566483279409362e-07 1.144394175781684722e-06 1.383968209160768110e-06 9.792754440586772988e-05 1.213994252186376306e-03 3.964560217821392653e-03 3.932886985405274760e-03 6.670719178299595875e-03 1.617405908433545275e-04 5.658604977292389919e-06
5.204979301432575284e-02 6.586237789348921290e-03 4.453731355804034509e-04 4.537929112663552838e-06 6.772807294853924798e-07 4.499915287831635450e-07 1.811844879960010010e-06 6.235039372860860453e-06 2.519838098708734918e-04 2.237723444968223521e-02
8.712262682485855925e-06 1.357950994491001348e-06 2.418900722827193013e-06 6.799400968761220657e-06 1.389061661318945922e-04 6.285545611150162616e-03 6.155608583410784873e-03 1.931157008039570281e-03 9.432467923130322552e-04 2.997293014802837607e-04
4.683481531938963986e-03 4.606698958238372547e-03 2.493106689254996969e-03 8.790428194944536241e-05 1.706310617455640652e-05 1.688926430540932256e-05 9.313230092056776975e-06 1.254885758508673857e-04 1.367769313255396465e-03 3.237318551616537917e-03
1.300895653444642842e-03 4.307509286738273941e-05 5.212644372018427512e-06 2.911728543834509244e-07 3.246942371537197461e-07 1.330577824257397684e-06 1.158360277438519683e-04 4.829531535767607117e-03 5.528241105382486476e-02 6.468611408484296714e-03
6.057632051907402065e-05 8.655226782957609738e-05 1.318262105714820527e-04 2.464708045228317535e-04 8.099098211021655766e-04 1.624499622737644823e-03 7.780811374867003215e-03 5.753753553727163420e-03 2.338118035218836668e-03 1.770372690218568264e-04
2.016223229989280345e-05 3.358373496343513257e-06 1.294748992798435277e-05 2.723448116139255619e-05 8.468453578797125868e-05 1.006290531911358021e-03 6.574308870911162693e-03 4.429955654842373212e-03 3.749628886482123460e-03 1.598565563254859996e-03
1.686045327289711340e-03 9.439010534514858872e-03 2.286702069345840013e-02 2.770768034074136583e-03 6.449504029932266085e-05 5.990338788048172189e-06 3.348855483744992381e-06 9.218901738062302770e-06 4.523898600930273932e-05 4.045085545350424888e-04
5.777426039441706570e-06 3.143123803015527635e-05 4.827341250750842718e-05 5.346120057824880513e-04 8.985453928295318669e-04 1.599008994091155947e-02 3.740420361754591069e-03 2.908748283092522902e-04 1.771317112594065238e-05 4.391370332204694360e-06
3.146129984176052670e-05 1.286994083546973760e-05 3.188974942900339179e-05 3.064494822816583278e-04 1.236441447078180048e-03 1.643605505521046964e-02 7.569428560154089353e-03 8.280378780153294961e-04 2.880611437423782895e-04 5.859003728114617397e-05
6.808289722513553464e-04 7.597415272708366680e-04 2.227896962841848395e-03 2.626375941418629054e-03 6.673250047758214195e-04 3.915949383108476451e-05 4.047328755264656039e-05 2.971321052426083027e-05 2.352165376913874326e-04 3.453265481675980852e-04
2.459537800611002796e-06 6.719865347783649050e-06 3.468291889428710154e-05 6.492054781902340758e-04 9.406309690797445356e-05 1.708311243968029490e-04 2.338825343148646593e-04 3.060310368462930094e-05 1.073538102701118978e-05 2.687906784611445734e-06
2.874142228403290308e-03 5.782966750960558339e-04 2.757019514440590046e-04 2.894715929414834769e-04 1.281122644408928444e-04 2.724265171644102922e-04 8.966136597478661365e-04 1.164336442218475787e-03 1.556864632763842659e-03 2.236062156338228420e-03
1.061431702057662012e-02 4.145493986348696390e-03 2.420869013168537251e-04 5.748608570082050924e-05 9.234251912080906774e-06 8.857829379132243103e-06 8.140478754164880593e-05 3.401041252726775209e-04 3.735465227298213117e-03 1.318231237857738804e-02
3.171955102361903090e-04 1.720219160161545150e-04 1.388951817224377610e-04 1.086642578159199412e-04 3.481667097093323320e-05 4.560032660269204541e-05 2.056175847083760975e-04 5.108309569565696370e-04 1.204541096031641135e-03 3.819699189024773883e-03
6.315542239548826892e-06 2.369302665549389116e-05 4.305602870823357388e-04 1.332131527553300052e-04 1.503853307505626034e-04 3.058827414261381457e-04 2.292689875901811846e-04 4.779339472451438745e-05 3.029682861903091324e-05 1.110470884399278927e-05
1.402433106086271516e-03 2.976307108243526640e-03 1.599229135434265120e-04 2.610609327314371298e-06 6.531820902801712757e-07 2.957235607679905223e-06 3.326858994370761460e-05 1.180311656467770385e-04 1.712505544232718153e-03 3.953737470924922025e-03
1.352531316276630818e-05 3.443453957640824867e-05 1.793817927227266227e-04 3.423781122395030182e-03 6.032878180356068820e-03 6.613349577419712008e-03 3.880048136090646221e-03 3.805768886946681311e-04 1.292060042809674628e-04 8.773974775829986765e-05
8.874149255794411056e-04 2.149405976137017636e-03 2.874216056608799863e-03 5.507278733137711130e-04 5.940290355636880222e-05 1.910119050094186678e-05 1.398915667547373822e-05 9.760252585027464850e-06 6.138469261999174927e-05 1.432527564266235145e-03
2.924471824697294104e-05 3.556134948567499650e-06 2.299528660340791633e-05 1.592559591198241522e-03 6.979555378568088903e-04 2.975483149895844989e-03 1.986311239823589959e-03 5.251691678493784115e-04 6.068905045683293365e-05 1.090215770844909168e-05
1.706600056892068723e-06 5.505329477920409645e-07 8.049474843698141581e-07 4.512462789057627047e-06 7.649415285806995487e-05 5.923514439852929419e-04 3.859262896643440291e-04 2.782162081040126782e-03 3.722343833665919203e-03 4.800160926475878503e-05
1.952740998199742816e-04 2.072638962472026576e-04 5.942718247426917325e-04 4.737960859426664645e-03 2.175947216445966743e-03 1.029325677892090974e-03 1.042437724927386140e-03 8.368847874604977747e-05 4.954820131336613783e-05 6.465029728220240794e-05
4.487833507062870660e-05 2.280822129565296646e-04 2.556638115123028698e-03 4.181769041171983468e-03 9.905584727337099233e-04 9.307599886355852597e-04 4.288427767980432866e-04 1.996134664666325879e-04 4.293550651464268255e-05 5.421742549539857831e-05
6.101073306591878881e-04 1.963893505807742562e-04 1.068022862451058636e-04 5.491985921627167929e-05 8.546567630112845504e-04 5.104478538411857166e-04 1.379591223842252133e-03 7.765122542865473664e-04 3.550903932082335687e-04 4.364643333780992293e-04
7.881657994555019965e-09 1.285845825360426428e-06 1.279080267246896364e-04 4.613475211730534709e-03 1.601039832096403936e-01 1.440055184266058989e-02 1.358068383167031180e-04 8.987347144370947314e-07 1.264703163362096362e-08 1.261648812949008645e-09
2.503123200074443559e-04 1.121885849262369396e-04 8.118284071958293624e-04 8.886217044598518366e-05 6.491765936981298358e-05 1.038581011186238848e-05 6.000282394910314192e-06 2.462079998851060436e-05 1.384225228086972644e-04 3.079844049264614725e-04
1.609247873282036029e-02 2.334172942137996420e-02 2.806897884024897052e-04 4.530045337897969384e-05 2.884215702345026431e-06 3.455595072550429449e-06 2.733232208707294838e-06 2.537437303078535317e-05 3.298450886570267041e-04 4.468894987885462834e-03
1.179906091762466544e-06 5.302449658472217031e-07 7.392282224593399768e-07 6.922249652502662906e-06 2.428128809483461373e-04 4.845607065161253169e-03 2.721482358374827451e-02 6.662915373607480179e-03 2.808370636199168137e-03 1.201024267679758268e-04
4.724117252106153019e-04 1.601560843909663045e-04 1.868076274552587460e-04 1.878217202229947040e-04 1.275173183462078804e-04 1.989777782244500268e-04 3.590256170519469858e-04 4.348112142264290957e-03 2.801966787058456955e-03 3.110663290170604615e-03
1.353725192435106600e-04 2.955573160711569020e-03 6.125026352622002339e-03 5.952103780883250678e-04 1.283467550634634076e-04 6.524911442378283845e-05 5.991317407997417743e-05 1.135922861793595908e-05 7.508296966595274399e-06 2.996145912334890752e-05
9.517771976552551509e-06 4.059286289899091764e-07 1.003746852181558429e-07 1.768025450881443286e-07 5.879179645659676178e-06 6.918236865266574019e-04 9.956769069328807314e-03 3.350892189468973777e-03 4.283975654025497584e-03 3.050904438878142494e-04
8.847324777554220823e-05 1.374882263639224987e-05 6.832955988356141761e-05 1.024612219557123751e-04 8.124784428919557986e-05 1.784095578012451406e-04 1.795715450958520988e-03 1.701411242133606030e-03 1.216322531675414863e-04 4.336700823089557259e-05
1.678818882840012736e-04 1.100129467011857636e-04 2.406716718265887998e-04 8.373489461477602569e-05 9.285715861684967678e-04 5.746636299133076010e-04 2.416696205059159618e-03 3.695841376935402219e-03 1.939176380785650978e-03 1.134257602653000914e-03
2.096870458257665078e-04 1.100647184520689439e-05 4.247920249499089276e-06 1.205402245914675562e-05 8.698539689200664074e-05 2.521486579048886614e-04 5.486675496733845782e-04 1.546229359542616866e-02 3.958393770643934238e-03 1.521692074204777576e-03
9.776538282138770499e-05 5.440301774163321807e-03 1.624664011851337025e-03 7.932190693208348350e-04 4.857749002520175331e-04 1.530606352633140748e-05 1.937730823568731586e-06 9.726066144225742268e-07 2.147016108264076002e-06 2.929852700420521497e-05
1.092541747946068837e-03 1.241934839391128313e-04 1.124862820502192704e-05 3.451726512414907014e-05 4.258660889133818704e-04 3.130867665515240966e-04 1.618634308065353914e-03 4.106051581740753978e-03 3.644257861319170205e-03 1.869254136070496548e-03
1.551617395181461917e-03 4.921900485354734588e-03 3.528150939601250834e-04 3.646086533994616282e-05 2.499494510349062096e-05 7.049595717442441568e-06 2.126403966186113500e-05 1.601839122049788112e-04 1.484153160533936559e-04 1.080875494514697442e-03
3.840561539622298708e-04 1.699186819682760893e-05 2.767380496036263540e-06 1.894250316291265189e-06 4.221761066609613823e-06 2.094601792347486151e-04 4.451201290474778027e-03 5.944924209281739376e-03 5.631486622933792006e-03 3.261509037229260582e-03
1.298041894914453410e-04 6.903685926639941762e-04 1.318077921114951855e-03 2.706525393507418220e-02 1.157222326183299926e-02 1.287947906544661611e-04 7.426368900581688025e-07 5.885454787395775341e-08 5.691389053969145681e-08 1.235043651505409190e-06
8.728944160029083378e-06 2.291456644677361594e-05 7.864305251860553880e-05 6.975222665488090739e-04 1.238230356206187696e-03 9.448892807095772995e-04 1.067011975723760556e-03 9.703417407639415050e-04 6.455256602740896184e-04 1.979081463699434854e-05
1.300385273475721832e-07 3.037652353296150623e-08 5.858872600917496832e-07 4.213287761410986244e-06 5.914285158441545719e-04 6.681239035688268935e-02 1.686407803046556172e-02 2.008080543089528405e-03 1.449929352355191284e-05 6.955511978768469774e-07
3.327098962727289557e-05 2.203102750561854729e-05 3.216148834942225384e-05 3.710788632926291557e-05 3.000754417169152312e-04 4.882763638605362093e-04 2.556841242981321171e-04 8.421835421930684747e-04 1.316329937252266012e-03 7.569395962208678541e-05
3.850975990314471566e-06 9.159355684092516513e-05 1.800395359197391168e-04 6.155191489449655462e-04 8.207776138002772365e-03 3.858879224110897330e-03 5.103903817758352265e-03 1.133966289370606719e-04 4.863670543825324438e-06 1.046039142843718639e-06
1.327674986902778291e-03 4.206689068107805096e-04 4.446018367099764581e-04 3.308065270436550331e-04 2.992030312577240582e-04 3.114153857984776905e-04 3.041887465099419653e-04 9.202234165195695556e-04 2.694433884824957211e-03 3.235416003883613990e-03
5.518306263196622648e-04 7.591307956864760216e-04 7.194268361841212999e-04 2.502514301013700464e-03 6.242369441433793002e-05 1.298457000529321113e-05 2.531882308440144199e-06 2.609879704296654079e-07 5.990038873408319978e-08 2.880599534238773721e-06
5.470155921214809496e-04 1.220645324717300594e-03 5.106819982461670467e-03 8.411906992956106905e-05 2.413970398351680533e-06 2.041626381195518868e-06 7.676660056635560337e-08 5.409438346431633100e-08 1.420166612476577988e-06 3.377608847396385851e-04
3.884177316722595819e-05 1.618252676946270581e-06 2.087614647730202023e-07 2.061014054914650733e-07 5.010295868064692947e-07 3.757202419338447037e-06 4.422184909833377811e-04 1.420173220948297427e-02 1.412308430262982327e-02 1.025600210935419601e-02
4.878651252071316961e-05 3.078542047228699741e-05 7.144915650285682996e-05 3.180999310985837370e-05 1.492977775416784568e-05 1.627921390109945379e-05 3.947698169485296457e-05 5.377987284157170972e-04 8.165687856671877132e-04 1.307125494557785693e-04
2.897046071475184079e-04 1.613584341804565059e-02 2.081092644921185217e-02 9.092869614159263328e-03 6.177133503398042451e-04 5.162301319505227287e-05 1.485869395260181925e-06 1.847498620852167942e-07 2.382017667710526387e-07 7.134908137427586733e-06
7.807311211138047793e-05 3.825353046546333172e-05 6.466637080395632711e-05 7.261768835055759717e-05 1.102914458090505285e-04 8.213352379338299423e-04 3.032955929747866526e-04 3.493893736693792101e-04 1.119091478799569446e-03 1.521043162967346187e-04
4.191264982964359857e-04 6.452266364530088311e-04 7.916115672113270682e-04 9.496089361939654555e-04 5.380069672047840899e-05 2.056458414062381273e-05 4.601434783923043833e-05 1.534978821715402692e-04 3.373666434041601588e-04 2.707913493809863169e-04
4.801876888454559751e-07 4.079419571887474763e-06 1.859167865288936371e-05 4.984657374820275055e-04 1.751137768436129448e-03 1.188363401390939329e-02 2.478466183429257549e-02 1.388532309731616704e-03 7.779002047888535751e-06 7.048752331354712354e-07
1.270156166591414641e-04 2.411561169593908957e-04 4.822951813114019167e-04 2.098105969521887534e-03 6.930576386313881850e-04 9.802380495785739146e-04 6.361981290440236320e-05 1.973556016958843233e-05 4.200805689380751758e-05 2.601509575858990922e-04
5.128303573016119435e-04 1.689302360473606099e-04 8.277041401326654292e-06 6.891988157679895943e-06 2.852524067842605380e-05 1.773921000353929315e-04 9.583642195922393182e-04 2.439149891616046451e-03 6.419974505585890161e-03 9.507321605503623804e-03
1.939977229910524358e-05 4.935230824366939748e-07 4.192390866583864879e-07 8.298648896345040107e-07 3.835433276723568319e-06 2.051376271238003566e-04 1.091429922918233823e-04 3.026767436563284456e-05 3.428805162797334119e-05 1.876974084426600941e-05
1.641800984856046298e-06 2.816672134564466985e-06 2.073396627748752124e-05 1.373389626116011935e-04 1.572031245434186422e-03 5.943678832171088965e-03 1.107011982071902899e-02 9.407285331807558465e-03 1.171076556777790167e-03 2.136976213254859042e-05
2.992435019994199639e-07 5.750148739521700186e-07 3.371125549117719831e-06 3.340727035860475871e-04 2.852405959330377161e-02 7.302945261851510016e-03 3.856712122957827609e-04 4.477168817698081647e-05 2.325130886028215261e-05 1.639420459517011305e-07
2.557959032876206047e-04 4.041727344464532721e-05 7.838725999848551664e-05 1.881326888001934577e-04 1.039255215840410645e-03 3.644824695992860634e-03 3.712641280431595511e-03 1.216409807566245106e-03 1.340836732516440715e-03 3.817620564678228848e-04
1.602780335254755468e-05 3.686113567127189977e-06 1.593713181807392593e-05 1.560406851123710405e-05 2.703483401995955527e-04 6.613083505420650279e-03 1.765726675735087041e-03 3.768390091747032757e-04 8.526453843068034682e-05 3.669158105545026739e-05
3.085366626719807402e-05 2.839777355822425731e-05 4.301930896298655202e-05 4.196490872433085179e-04 2.119913746957893721e-03 4.469180015282459874e-03 5.575279044541871752e-03 3.181602923365709802e-03 1.092276060725250880e-03 5.321362906841338837e-04
2.964738640730123925e-06 2.998514178443761133e-06 1.038930095910729746e-05 2.572976493313457180e-04 2.497792886441043379e-03 4.556964262848185970e-04 1.584148238102382929e-04 6.262678435886836212e-05 4.784048760336499545e-05 1.042761954520777800e-05
6.379047613460490408e-04 8.403041880257165752e-03 1.118112183182732797e-02 3.548452386326884662e-03 5.665028920674431128e-04 7.825138698237064775e-05 2.041104798193280032e-05 5.091473605708726345e-05 1.537334357890818499e-04 2.633853408250520865e-04
5.639629782269668700e-04 5.104540748020970978e-03 7.488088714165646274e-03 1.385575652478829127e-02 1.305225049843362212e-03 1.211789740078897615e-04 2.673418396555852077e-05 4.640561074198325269e-06 3.317566908052405963e-06 7.286884000478880285e-06
3.352998377643440654e-04 8.820812103644415239e-04 2.996560539232632396e-04 2.012751461531400732e-04 8.962274694865145349e-05 3.337283393428633121e-04 1.231547410608168063e-03 5.703103517788860564e-04 1.463401318475909731e-03 8.319503391989416415e-04
3.069451859482911983e-04 1.459973940428768072e-05 4.748291321066606533e-06 4.538606722029708491e-06 5.698531049672158788e-06 9.450613303211816455e-05 1.255203168170485224e-03 2.014567373057817024e-02 3.705981938156027722e-02 4.103242782244492272e-03
3.737495009625077919e-07 2.943923070106227175e-06 2.862936877754692993e-04 3.259233248881551054e-03 1.636923874523525408e-03 1.568917376398577422e-03 1.263473879233382915e-03 9.088128714535383991e-05 5.815534353669820153e-06 5.440725210334243043e-07
4.418120816634606797e-05 2.066654748476840555e-05 4.740823801617026739e-05 4.239219713768418464e-05 2.630748670825834904e-04 2.386310065818898990e-04 7.615538054981283128e-05 5.722925826159912878e-05 1.599418524298393133e-04 2.316331095616089677e-04
4.639364569538913089e-04 1.304943956314106061e-03 7.066836615238068125e-04 1.340540514101897320e-04 1.733198405866770656e-05 3.276057733217282325e-05 3.126379115327967756e-05 1.439205382947977786e-04 8.464821186720201994e-04 5.023153166406541578e-04
8.216323027748983435e-04 2.773576209405952142e-04 7.415461225361376948e-05 6.432338772643384049e-06 2.323309986444190714e-05 1.134227205712711074e-04 1.236760029014217187e-03 6.073078080688426410e-03 1.462527033154663487e-02 2.654333282276891137e-03
7.913452512079536630e-06 1.982293799697757317e-05 4.061331384789049881e-05 8.585155378299741489e-04 1.913856064967279461e-04 2.277545756739078641e-04 1.764360011291698940e-04 9.231268792350194239e-05 4.933200455242663362e-05 1.481469977123590876e-05
1.131584209965180862e-04 1.713582516035108748e-04 9.771274468163497593e-05 1.438792353754908223e-04 4.903378400378518654e-04 3.275281090793337262e-04 2.178442111464474367e-04 2.742396893892885628e-04 9.269881994621639171e-04 1.701714377884873137e-04
2.759370791346426569e-04 9.565468003934330223e-04 1.923373246808864285e-03 1.122535823045837456e-03 3.245424520889360516e-03 1.528052210573050329e-03 9.182498826950722510e-05 1.409164746112393245e-04 5.865899517048430161e-05 4.875638116783647595e-05
1.195338034833694522e-03 2.138644812831270645e-04 1.544003277090797474e-04 7.537840055873729767e-05 1.581309359726782739e-04 4.482359363441427991e-04 2.310544987653177437e-03 5.352003920535325192e-03 3.577144478578301971e-03 2.452777485107918414e-03
5.435011822615651197e-05 4.652956173230830697e-04 6.375747614905615326e-03 1.465990097006141836e-02 6.299176600263735500e-03 1.443523227548028538e-03 4.756949345701899298e-04 5.496865801904639591e-05 8.549944246860118619e-06 7.652727513061375770e-06
6.420068197499858170e-06 4.528462960019657335e-06 9.694699566886338688e-06 1.449017237138800981e-04 1.070723229490871714e-04 5.190205373071074991e-05 2.644945199502950577e-05 6.494544939038414020e-05 9.348339467309535196e-05 1.928263551551425998e-05
