2.502297123731250794e-01 2.783611849997994492e-01 2.460485546017892600e-01 2.429192949517385847e-01 2.445188633018915147e-01 2.343935733412005895e-01 2.566864180535387563e-01 2.594095546656636775e-01 2.520508133773010639e-01 2.629048737748328479e-01 2.286642879273240170e-01 2.438128686317907745e-01
2.678556039422512747e-01 2.475548102681843221e-01 2.384419088000227782e-01 2.700902569864034874e-01 2.297703701696274803e-01 2.525150884900489445e-01 2.587152939928371032e-01 2.488680052447364011e-01 2.594159154797047728e-01 2.336290653842274800e-01 2.415991404567754408e-01 2.515445407851829573e-01
2.622364971666606426e-01 2.467488841187078785e-01 2.657999470710746825e-01 2.464727298813528533e-01 2.611035374643410067e-01 2.461924220849540379e-01 2.397429450367142834e-01 2.529018772720502684e-01 2.505595845411482947e-01 2.477279183547101693e-01 2.406295871320472124e-01 2.398840698762381984e-01
2.460643351129485068e-01 2.435170961653823907e-01 2.644747531635979199e-01 2.729159191616614688e-01 2.664216735183713158e-01 2.099914175944201100e-01 2.522790261123567523e-01 2.601373556148549593e-01 2.452049997456585695e-01 2.496295569574304429e-01 2.448665229516205633e-01 2.444973439016984162e-01
2.581788335056165451e-01 2.582867154569727930e-01 2.332677885155314823e-01 2.619844201735093692e-01 2.443593220337368921e-01 2.563065357388080168e-01 2.432782169236089032e-01 2.392396434483196055e-01 2.578316152525519378e-01 2.335538747481379629e-01 2.570904592939222688e-01 2.566225749092768682e-01
2.507139256472589728e-01 2.465426464083439739e-01 2.556804718441481050e-01 2.832257009005424986e-01 2.547417429181959569e-01 2.460689727132693849e-01 2.427576855194838734e-01 2.518071541501655242e-01 2.167617362782895962e-01 2.430571464836671358e-01 2.591872443737526788e-01 2.494554580245991193e-01
2.491468834216536421e-01 2.453809069515457408e-01 2.452474103961927998e-01 2.473688283163952006e-01 2.622743502290996731e-01 2.350379216069881927e-01 2.406054382441782102e-01 2.535453861356949945e-01 2.598681080665944387e-01 2.429626130266931416e-01 2.522931633508269100e-01 2.662689902541383602e-01
2.388215147346068878e-01 2.602611813710216104e-01 2.218277587662460804e-01 2.980671660966056069e-01 2.313801582683295832e-01 2.636799097209088782e-01 2.617389183500032357e-01 2.517204984081892194e-01 2.156572611232107084e-01 2.730075033752338842e-01 2.389791912925223194e-01 2.448589384931113000e-01
2.467695231618497465e-01 2.618645415345487448e-01 2.591789847033318939e-01 2.280980090020706674e-01 2.585741032253432437e-01 2.512990515923981816e-01 2.499427966074098673e-01 2.449240647590806286e-01 2.369189773113173914e-01 2.356852925283807743e-01 2.584998227173433971e-01 2.682448328569290164e-01
2.420074099772874243e-01 2.664871946523334478e-01 2.594497892528829786e-01 2.526162743646149789e-01 2.616733689932749796e-01 2.571226770192736044e-01 2.412843760061683385e-01 2.430430570665059187e-01 2.428603717599772116e-01 2.601220440818858837e-01 2.331234377075980524e-01 2.402099991181848859e-01
2.744532802871028632e-01 2.523949993583328721e-01 2.362320105560502814e-01 2.565347139353180150e-01 2.372036998983206857e-01 2.534223154036344128e-01 2.189984994762312343e-01 2.540433591231543442e-01 2.600654358405697364e-01 2.482903278748811449e-01 2.566178281629591940e-01 2.517435300834521827e-01
2.549596800056903034e-01 2.609507680744769798e-01 2.332539771927911731e-01 2.493483027488460069e-01 2.422505464626634741e-01 2.704233461941726313e-01 2.274548984646770355e-01 2.719341886424549437e-01 2.480076446068876228e-01 2.463424409697517192e-01 2.680389659789861323e-01 2.270352406586017557e-01
2.592453235779047516e-01 2.581928140072863309e-01 2.497154525054507967e-01 2.428158588876330737e-01 2.449297102914295143e-01 2.623374238114135060e-01 2.491330812217937285e-01 2.536040851176670219e-01 2.412146198186784773e-01 2.388232031731527261e-01 2.526272151067583405e-01 2.473612124808347024e-01
2.398289275841367085e-01 2.511357087369719965e-01 2.503645085737626341e-01 2.362583900772085577e-01 2.505508277635939418e-01 2.462153252219108357e-01 2.594986599710449870e-01 2.544505416014035681e-01 2.511378834760721324e-01 2.381294072362951653e-01 2.685252381171475689e-01 2.539045816404481015e-01
2.436631209432985612e-01 2.418786600760418071e-01 2.472281953828080747e-01 2.590576628552675453e-01 2.402861797949497613e-01 2.490491383199968101e-01 2.430109855321563872e-01 2.601782271720647355e-01 2.451802395060210804e-01 2.527786951294946904e-01 2.526543822213516144e-01 2.650345130665634485e-01
2.599767930696083029e-01 2.695766117200698586e-01 2.288797832226694695e-01 2.582024370822926240e-01 2.219463794926210265e-01 2.733683044399845552e-01 2.482577116625696301e-01 2.317474560726283661e-01 2.621459012381298637e-01 2.628404717319802741e-01 2.419488490086766641e-01 2.411093012587656736e-01
2.489334134420131683e-01 2.605332657664251039e-01 2.549711722501250555e-01 2.276115983541852905e-01 2.385454452918611412e-01 2.504563608326558777e-01 2.622482873780067059e-01 2.559783778485217320e-01 2.321994142719237542e-01 2.380524484627948023e-01 2.711508594246907489e-01 2.593193566767919567e-01
2.458975603352887840e-01 2.285560591159304100e-01 2.724664541068410051e-01 2.500694489315524183e-01 2.368958344578663555e-01 2.369324338602982194e-01 2.697727101561711027e-01 2.591012799754290885e-01 2.445376321254071894e-01 2.581258868590570743e-01 2.448438001927817076e-01 2.528008998833813359e-01
2.331006928887944807e-01 2.714151157467947773e-01 2.542788431907732627e-01 2.336280744498411277e-01 2.652062785100773867e-01 2.417786678777338050e-01 2.595382905202079926e-01 2.571245923728463501e-01 2.350783629547078257e-01 2.422540200125589405e-01 2.376798161565972234e-01 2.689172453190729062e-01
2.480698268077394242e-01 2.478221663948294851e-01 2.400399376779742133e-01 2.331113250440443041e-01 2.782471518723743653e-01 2.518913128783693001e-01 2.493090932584500208e-01 2.425417752710604113e-01 2.574929770686625874e-01 2.566075538877127249e-01 2.499829170165733250e-01 2.448839628222216069e-01
2.260370671452650859e-01 2.621714273056918731e-01 2.438954218150690134e-01 2.633010801022114267e-01 2.253848351874106481e-01 2.637918213986933935e-01 2.475312806492735995e-01 2.355872051836186143e-01 2.620546384261875916e-01 2.671367516507177631e-01 2.408916678270744405e-01 2.622168033087908245e-01
2.277921930900541070e-01 2.568837297280274212e-01 2.568422120653623963e-01 2.578662250604188411e-01 2.426519113641486813e-01 2.724695347672222434e-01 2.428320520776394986e-01 2.404551088531840242e-01 2.669730053643475376e-01 2.513179186024241396e-01 2.536036948590855156e-01 2.303124141680863990e-01
2.492405683160798247e-01 2.526936522631403337e-01 2.582625665693185635e-01 2.398276775441380571e-01 2.410583502531750411e-01 2.708816272114726864e-01 2.422439280618757240e-01 2.413135328437865379e-01 2.497747527740389883e-01 2.418955097892687423e-01 2.421770224052303688e-01 2.706308119684787683e-01
2.494529142204127137e-01 2.405273436022709321e-01 2.446199045983596387e-01 2.519808322783013699e-01 2.561196974463254561e-01 2.557507362372651860e-01 2.652555007839161316e-01 2.423680535096249256e-01 2.450372292317206935e-01 2.596652516038900349e-01 2.342685691431977968e-01 2.549539673447180910e-01
2.640679867943950265e-01 2.557287682658377359e-01 2.577650798750406036e-01 2.372576507925860112e-01 2.561653154740062277e-01 2.388761472633620375e-01 2.489594035402316607e-01 2.257362319087527491e-01 2.477310247418517686e-01 2.497608557668154483e-01 2.778349043028961463e-01 2.401166312742233910e-01
2.452510609632159999e-01 2.547676352860821503e-01 2.545630518601826875e-01 2.491953420749362658e-01 2.561555593594528335e-01 2.454972907138026628e-01 2.639234371058174489e-01 2.537122271309394383e-01 2.612062055399059224e-01 2.430388555119797900e-01 2.372762064539908344e-01 2.354131279996976300e-01
2.519116082960777270e-01 2.459113487755446303e-01 2.400321113281543850e-01 2.490235164444200289e-01 2.599351753480499405e-01 2.434411404734585505e-01 2.491310592001338142e-01 2.591743263449571844e-01 2.423860932342585817e-01 2.486826235383331474e-01 2.620692765787832057e-01 2.483017204378235865e-01
2.357149222346995032e-01 2.421003728779383413e-01 2.427386065042256846e-01 2.545332113362149817e-01 2.461731958697105371e-01 2.553872470015550178e-01 2.477161011136819746e-01 2.650327301494470045e-01 2.351417288864977584e-01 2.640202555489303826e-01 2.303948656332229505e-01 2.810467628438744758e-01
2.579039970796208614e-01 2.517524077535163718e-01 2.431679322320653980e-01 2.414368419309334268e-01 2.575540342905089375e-01 2.431839721648307862e-01 2.420421088753424710e-01 2.545035331024623204e-01 2.411576069764087005e-01 2.692240293740817414e-01 2.564182578834838244e-01 2.416552783367362789e-01
2.486788149378362789e-01 2.392948184219985674e-01 2.573900418348382679e-01 2.427673540111914552e-01 2.585133415199163953e-01 2.591655868928705586e-01 2.605900622804699918e-01 2.294947658562380699e-01 2.545230788409543754e-01 2.361393100873902806e-01 2.648160370482539605e-01 2.486267882680379127e-01
2.383183683734090563e-01 2.495133820484576326e-01 2.446658813376272334e-01 2.806268455807163775e-01 2.139961009563559613e-01 2.460181200298046100e-01 2.669530693654905695e-01 2.505924249879244448e-01 2.590816603850710775e-01 2.424344769478874728e-01 2.620473490135745709e-01 2.457523209736870995e-01
2.459831816624736267e-01 2.588804761186241921e-01 2.418571013935851555e-01 2.510434928705069235e-01 2.574934449290338101e-01 2.516030943176250645e-01 2.495608792548576482e-01 2.526586266638154998e-01 2.493275535708894819e-01 2.558627173637578189e-01 2.356254974748106801e-01 2.501039343800146586e-01
2.439226748748500317e-01 2.403398099718054293e-01 2.554698110235339437e-01 2.437639250395242096e-01 2.558075004107065453e-01 2.602439088463719963e-01 2.392873218671776048e-01 2.475188211629198165e-01 2.530806735824455700e-01 2.631373217513620633e-01 2.489602130282174419e-01 2.484680184410880122e-01
2.511944615789557522e-01 2.487220790291864159e-01 2.456919002745275582e-01 2.702358992621703981e-01 2.282407178239685419e-01 2.405146236945731597e-01 2.744652003323027056e-01 2.327239171410881990e-01 2.404638311346701807e-01 2.570203085025831724e-01 2.622324971900512613e-01 2.484945640359298435e-01
2.598933841263227906e-01 2.477259942644412516e-01 2.320464768439766123e-01 2.711963660861718139e-01 2.523609821207956072e-01 2.337149533252848854e-01 2.288783945838148148e-01 2.490007271463600125e-01 2.601276916498033720e-01 2.427621836316895265e-01 2.608982943708270108e-01 2.613945518505189081e-01
2.327917125216736882e-01 2.500529098069095291e-01 2.414712567744904115e-01 2.630902999643683904e-01 2.515120685124062616e-01 2.549489431761892133e-01 2.596442910262759529e-01 2.446204605822075162e-01 2.459788668145174717e-01 2.622302199115754684e-01 2.359314988901406451e-01 2.577274720192407331e-01
2.643011864063008476e-01 2.542654437636189257e-01 2.472257919486328115e-01 2.506684677207644540e-01 2.558330974521235701e-01 2.392076326366321948e-01 2.442329743618721627e-01 2.690720529378642922e-01 2.662814988197556021e-01 2.111709386916773845e-01 2.286444764742144864e-01 2.690964387865478202e-01
2.263787742201749942e-01 2.652868200429779333e-01 2.592714839667314974e-01 2.599528245356803047e-01 2.520112649827612739e-01 2.372291889792787489e-01 2.393169284189864965e-01 2.396940602387704622e-01 2.480072944396610468e-01 2.506992585217054925e-01 2.556797410112321423e-01 2.664723606420363877e-01
2.243907938179584838e-01 2.552859563833290713e-01 2.706633319204000410e-01 2.333896662864513860e-01 2.597116742597760375e-01 2.434230504985581134e-01 2.460056984059833252e-01 2.675767599590718748e-01 2.490257392908105383e-01 2.428480943021049665e-01 2.657266592291844809e-01 2.419525756463742350e-01
2.494034011935047090e-01 2.519059389356037570e-01 2.357678725870772096e-01 2.458780621909600339e-01 2.596211097948989965e-01 2.623962043777306463e-01 2.373388189572349649e-01 2.546510663598101631e-01 2.498777100621947245e-01 2.581354091286324204e-01 2.409382968513625878e-01 2.540861095609849296e-01
2.643487968671507371e-01 2.493217609360763865e-01 2.521798630106349970e-01 2.214702947508702668e-01 2.722563658499378425e-01 2.384270899485841089e-01 2.637404031571868313e-01 2.525311253017763491e-01 2.461832749513721552e-01 2.520904863925907957e-01 2.389549320453646097e-01 2.484956067884559749e-01
2.530295444361989055e-01 2.430172016280364999e-01 2.878237188622244647e-01 2.553889296780666451e-01 2.436235118445553571e-01 2.357665662807663376e-01 2.454183836697982346e-01 2.398789525035099901e-01 2.568037425565432574e-01 2.171173126816142440e-01 2.817044987777916898e-01 2.404276370808921537e-01
2.623004941294594383e-01 2.440061101792802556e-01 2.348517071545013490e-01 2.560717964720861106e-01 2.601904180851990489e-01 2.614558654764315704e-01 2.475514308587728474e-01 2.715083223028337267e-01 2.253541445619873795e-01 2.541849187576929459e-01 2.266937773938730860e-01 2.558310146278794939e-01
2.404738819073580502e-01 2.499077648401666907e-01 2.481920180709633050e-01 2.587941151418063912e-01 2.281039943105351853e-01 2.549884897304488529e-01 2.458436945468205903e-01 2.447482316195140339e-01 2.508362615186813804e-01 2.574021234207409803e-01 2.719719080880482753e-01 2.487375168049130725e-01
2.642028472709049280e-01 2.559398860663102404e-01 2.427616737405074165e-01 2.406973780335429636e-01 2.510398442279309639e-01 2.549443477762996513e-01 2.429968535198921142e-01 2.480282735311545861e-01 2.348365694981479346e-01 2.656439622185020610e-01 2.403469663013394764e-01 2.585613978154646109e-01
2.393540058321763919e-01 2.616411633743669363e-01 2.688648892356796938e-01 2.444543570431901847e-01 2.417167696926993681e-01 2.434307963436732059e-01 2.633735028789432331e-01 2.472018299422583110e-01 2.365649152565167390e-01 2.491749514729462711e-01 2.535972982311777146e-01 2.506255206963693971e-01
2.422464342706313611e-01 2.310494937419778627e-01 2.370163725356906059e-01 2.532494281952909487e-01 2.730855746949104601e-01 2.323915103779546354e-01 2.672849751792030215e-01 2.486082609579783331e-01 2.678550940678753878e-01 2.286366443621435374e-01 2.638219327832781458e-01 2.547542788330719454e-01
2.468133323952820812e-01 2.415605260031861157e-01 2.709113169145207500e-01 2.694687331903269367e-01 2.436587281980068520e-01 2.348266650646993470e-01 2.477185188742768718e-01 2.443711056834614037e-01 2.671629503948779183e-01 2.257267717124369077e-01 2.714358916660017940e-01 2.363454599029240211e-01
2.540402879250575618e-01 2.586957983137361805e-01 2.485988066293029486e-01 2.600745579272560892e-01 2.506105086962513440e-01 2.382653299757264975e-01 2.418161508307893337e-01 2.479589738157281786e-01 2.524004744486360030e-01 2.478536236548533611e-01 2.258735663623899492e-01 2.738119214202742735e-01
2.375577655466930560e-01 2.510091103086045661e-01 2.307764661493194591e-01 2.812089315573439441e-01 2.428205281669429949e-01 2.466585569835727521e-01 2.651645336748084669e-01 2.457750564736382315e-01 2.506218948312054495e-01 2.459569952217421362e-01 2.400894499714428532e-01 2.623607111146841753e-01
2.565742746784712147e-01 2.502519224202858772e-01 2.221302229241059467e-01 2.415666653731476377e-01 2.654944636885736009e-01 2.327631082547448327e-01 2.536003608788290342e-01 2.569347685835207673e-01 2.539883059957674383e-01 2.486549987156820851e-01 2.435615669159028052e-01 2.744793415709805284e-01
2.514606851227379480e-01 2.394040801623985582e-01 2.581859191706525891e-01 2.396103930072496224e-01 2.516889097210884829e-01 2.652139817020183754e-01 2.348514220891391169e-01 2.611384319137164400e-01 2.560672949347909122e-01 2.464509995963382882e-01 2.483802429035922021e-01 2.475476396762859022e-01
2.294439995978375113e-01 2.489287919091090484e-01 2.630304187046098030e-01 2.502712541031716365e-01 2.506692355739390532e-01 2.585755530812589575e-01 2.548221656193805362e-01 2.508074898610233028e-01 2.270026197872564155e-01 2.692871954049020911e-01 2.604477425420963499e-01 2.367135338154076896e-01
2.294600474304677729e-01 2.392694519799068720e-01 2.393329731949699057e-01 2.410030241468939516e-01 2.409296156622826868e-01 2.567333681148230573e-01 2.524429390171653576e-01 2.669515568730729260e-01 2.610293329424124842e-01 2.541834012070748328e-01 2.575221789934807881e-01 2.611421104374566649e-01
2.683905431576937284e-01 2.305834077825076878e-01 2.621651479875214408e-01 2.285382924707017871e-01 2.610514127333700696e-01 2.291408585344445470e-01 2.404321879442843646e-01 2.831635288023292563e-01 2.543279941704380542e-01 2.607122111754577309e-01 2.347327510279448859e-01 2.467616642133060589e-01
2.461860225697548588e-01 2.440892057093365375e-01 2.541681439258336450e-01 2.420911438896055090e-01 2.613695841409414133e-01 2.549555229664070000e-01 2.302756547479328786e-01 2.524200590066526528e-01 2.690229219038827724e-01 2.374011823055993120e-01 2.424888017263817641e-01 2.655317571076706851e-01
2.557081928281484950e-01 2.459391916259415223e-01 2.766722580867420067e-01 2.404190322218415499e-01 2.764890430606509741e-01 2.450431705321992337e-01 2.502633492995811615e-01 2.369742572161376848e-01 2.479550206121613476e-01 2.338203659496799758e-01 2.483865920247144699e-01 2.423295265421877287e-01
2.453240613107587342e-01 2.486401684155186975e-01 2.374443606067161427e-01 2.463229295782968786e-01 2.502265668648865349e-01 2.518362556666617902e-01 2.683305874576023542e-01 2.486453055810380897e-01 2.323639718318624703e-01 2.790065565171707673e-01 2.361112346410465801e-01 2.557480015284439023e-01
2.584415570932987460e-01 2.499933614352131128e-01 2.113099279324948121e-01 2.346053221537119926e-01 2.546416154166356027e-01 2.512863616870295580e-01 2.888186584908801757e-01 2.513715702260854168e-01 2.341593532263997191e-01 2.778114056282298128e-01 2.429567982885912636e-01 2.446040684214271788e-01
2.282888417989569485e-01 2.776696740136151975e-01 2.227060346596659302e-01 2.494824912652374993e-01 2.435594207216625895e-01 2.555637566598989996e-01 2.488869723778758813e-01 2.330404784148479569e-01 2.484421112784842012e-01 2.711707776586100849e-01 2.479194144112931708e-01 2.732700267398527894e-01
2.415159622759604496e-01 2.365403592894465834e-01 2.638337112409055996e-01 2.562066912322740753e-01 2.436674644770582265e-01 2.395258676680040999e-01 2.387553708100818572e-01 2.652048688844213520e-01 2.651643561975811081e-01 2.452669923617245007e-01 2.375593324912697590e-01 2.667590230712754140e-01
2.598196199836297904e-01 2.627642640050571465e-01 2.495443107792478521e-01 2.563313228045502878e-01 2.452710738175767069e-01 2.456300177534200824e-01 2.362489373058154485e-01 2.477118198941009874e-01 2.516225260705289291e-01 2.416919325245285299e-01 2.540617520024650577e-01 2.493024230590815127e-01
2.424536117223170806e-01 2.681703367759575851e-01 2.328890428663492052e-01 2.343201476401933769e-01 2.684806468521251377e-01 2.428653315375209898e-01 2.544551741712801629e-01 2.552807239130854278e-01 2.535541574118950758e-01 2.721584667599084018e-01 2.391378018424542007e-01 2.362345585069077769e-01
2.410706595980115496e-01 2.520034267925428395e-01 2.539661235879172030e-01 2.429424377866934437e-01 2.356721980151907370e-01 2.579132896200422298e-01 2.380508614087637476e-01 2.593548854773493062e-01 2.429788622040532364e-01 2.561303317420685621e-01 2.685667144221462466e-01 2.513502093452165687e-01
2.379821862096506702e-01 2.537314944430287267e-01 2.389692842202389422e-01 2.535885991347269774e-01 2.459346111254883116e-01 2.703465611290798432e-01 2.371463466277252130e-01 2.714414518561638068e-01 2.398834859134152397e-01 2.359837723131520404e-01 2.441187579507793359e-01 2.708734490765500880e-01
2.381533777868931612e-01 2.594418517549034187e-01 2.318530285906831023e-01 2.423152714037405675e-01 2.500029466878855300e-01 2.513335258221612301e-01 2.539765273504133170e-01 2.474281238357005086e-01 2.514261538408559815e-01 2.644336769092463513e-01 2.796262672852168341e-01 2.300092487322995538e-01
2.356313105681537290e-01 2.464929090476843943e-01 2.414005840501468603e-01 2.843214553486492768e-01 2.593041037889081135e-01 2.420464670040071709e-01 2.594668077935043948e-01 2.554346443250403720e-01 2.300077807509907646e-01 2.448745936857955607e-01 2.519545655866282097e-01 2.490647780504876563e-01
2.541281985795229570e-01 2.521525328517280062e-01 2.552152769175946023e-01 2.588858253629698902e-01 2.543915853176850206e-01 2.357135144193092391e-01 2.536412151823054795e-01 2.385121890474689033e-01 2.283830668995593949e-01 2.371098880096168815e-01 2.789758653269763244e-01 2.528908420852635786e-01
2.490341155518393523e-01 2.343856799085144715e-01 2.717998543731401928e-01 2.171066966862884584e-01 2.677314243889488132e-01 2.359069148278696570e-01 2.556078780841958276e-01 2.469014452081275124e-01 2.577443054473815831e-01 2.591615356338617948e-01 2.621117486643611549e-01 2.425084012254645205e-01
2.607973466820705521e-01 2.452704204024953316e-01 2.613314132087485864e-01 2.345866311660543824e-01 2.592035906905285625e-01 2.234497465894526580e-01 2.455310682412893686e-01 2.753138146652296947e-01 2.503081212122736376e-01 2.481845696175168925e-01 2.449450169729205373e-01 2.510782605514214616e-01
2.372114118183827891e-01 2.523927988663103861e-01 2.418597595942040546e-01 2.556624256185342503e-01 2.559769904875497382e-01 2.559830581849105724e-01 2.564571750023443841e-01 2.556400645800484539e-01 2.483263244790244184e-01 2.633565302104258210e-01 2.420285686792224555e-01 2.351048924790460903e-01
2.297176147040672911e-01 2.496347703593071177e-01 2.715582586292389911e-01 2.402535030697413032e-01 2.423348545757140204e-01 2.386317031482101114e-01 2.567491912535431742e-01 2.512525533605969308e-01 2.391184362668474228e-01 2.641724357245240351e-01 2.600591100124154953e-01 2.565175688957915812e-01
2.532356873698495825e-01 2.501218995761096964e-01 2.400408613496519128e-01 2.551729152041989357e-01 2.565944323081243983e-01 2.495400441042156525e-01 2.492698982052216350e-01 2.554368571264992172e-01 2.418044080811424801e-01 2.634835203905946388e-01 2.437373264978101028e-01 2.415621497865844125e-01
2.506611155017397508e-01 2.434737990436398880e-01 2.473443892940672684e-01 2.250422163450913060e-01 2.422836793925131071e-01 2.698653750582561406e-01 2.535848158584138035e-01 2.588432276921580066e-01 2.392648277049622130e-01 2.571973938122805725e-01 2.695717582338806872e-01 2.428674020630040842e-01
2.614579027750485452e-01 2.533839896817403625e-01 2.486418607578592121e-01 2.373507900801257731e-01 2.473119699878598143e-01 2.542303113272318948e-01 2.346752789420588070e-01 2.482911702250709951e-01 2.448775562804940686e-01 2.589886927805653549e-01 2.640097685852045850e-01 2.467807085767335096e-01
2.350802871354161772e-01 2.348644848396237439e-01 2.593792479474469337e-01 2.710358954298025536e-01 2.458616361001156880e-01 2.518511364289137688e-01 2.673345207280040103e-01 2.526007088672502787e-01 2.531314486109347284e-01 2.404340657757697841e-01 2.501042883506924275e-01 2.383222797860265474e-01
2.540095732147715224e-01 2.373934527450739240e-01 2.648123565578666128e-01 2.580077910680762532e-01 2.395875891749726372e-01 2.340156481024545376e-01 2.546021512102003004e-01 2.663058871752654877e-01 2.327653032055509164e-01 2.562242559536319630e-01 2.536328833268465255e-01 2.486431082652933722e-01
2.345648072800935180e-01 2.570671245675471006e-01 2.450428998629521071e-01 2.532741912519249627e-01 2.670881360995726039e-01 2.447093194151032658e-01 2.521053220737651812e-01 2.527121254563850505e-01 2.606741316863034896e-01 2.308182872669456431e-01 2.530528457619065641e-01 2.488908092775014014e-01
2.453955265566310773e-01 2.480430159869999596e-01 2.596152400468217936e-01 2.422343877348149821e-01 2.364957776180326432e-01 2.534731975587716235e-01 2.360069220975477555e-01 2.804688295350837857e-01 2.313125878452365058e-01 2.538760419952723613e-01 2.551406296614177616e-01 2.579378433633694456e-01
2.611586775195094967e-01 2.495579184160503505e-01 2.435364818723856351e-01 2.560939047466157525e-01 2.449315944509947163e-01 2.460349520933685086e-01 2.623065062728313634e-01 2.481195748158941949e-01 2.419972253235916915e-01 2.383712708338539543e-01 2.688832862654169098e-01 2.390086073894816532e-01
2.569564748449967295e-01 2.545580897562563227e-01 2.584727447797227073e-01 2.367215887025134746e-01 2.619517562935759769e-01 2.621702342079771375e-01 2.281163974413958628e-01 2.598837418949990763e-01 2.490563502857168765e-01 2.419636728431461825e-01 2.524805939770860541e-01 2.376683549726072708e-01
2.531090965421548544e-01 2.411548692150284057e-01 2.488335057367920267e-01 2.458628235624835956e-01 2.534886785409409815e-01 2.559272338104455757e-01 2.483081961194128773e-01 2.510507075299699964e-01 2.462832235552560034e-01 2.428067027834538982e-01 2.561193007615414352e-01 2.570556618425188233e-01
2.540561744074310013e-01 2.475950681950933874e-01 2.559292371979689507e-01 2.491543760985210632e-01 2.443199020997258719e-01 2.406942572583116724e-01 2.473830367058893476e-01 2.370345487260063777e-01 2.406130227290023960e-01 2.746601802773955270e-01 2.584852741034772139e-01 2.500749222011845463e-01
2.315084993475364228e-01 2.548783239184427840e-01 2.665047910157647415e-01 2.514508477413758269e-01 2.458947194191209440e-01 2.557879362533140855e-01 2.414521048309279938e-01 2.542571381832297028e-01 2.459844386817160444e-01 2.623400163466140800e-01 2.550371540414232419e-01 2.349040302205399056e-01
2.411332692970405422e-01 2.583750950990622020e-01 2.701528857957893326e-01 2.330288467676989439e-01 2.568386650033416263e-01 2.423358288506028968e-01 2.586700281890548236e-01 2.352228129500430476e-01 2.423097354325802200e-01 2.579629669307756945e-01 2.487903549770944522e-01 2.551795107069206869e-01
2.521289279957532603e-01 2.514766645719208604e-01 2.476298458588284679e-01 2.525902468610443652e-01 2.218724208524754382e-01 2.591439550371125167e-01 2.534888702751531553e-01 2.722456340323595736e-01 2.513206499112904391e-01 2.407522914733454256e-01 2.569140516310587374e-01 2.404364414996688071e-01
2.375080690111397996e-01 2.475022877251939479e-01 2.471403294470522483e-01 2.486826125651697139e-01 2.344668760434277799e-01 2.504904767904715390e-01 2.408780864344217676e-01 2.493003122589132481e-01 2.487443998464488049e-01 2.659205913078027117e-01 2.656129333423868921e-01 2.637530252275669951e-01
2.243456287734321430e-01 2.571926184184397113e-01 2.493607094415844494e-01 2.431761126567719145e-01 2.550158339490116721e-01 2.695822111444780012e-01 2.426342970837859769e-01 2.306503276496290056e-01 2.494054131105302163e-01 2.644070635802698299e-01 2.400376864331956184e-01 2.741920977588797603e-01
2.457361696857994215e-01 2.622242584732880077e-01 2.526238683614990821e-01 2.323930216205319921e-01 2.532150373909309304e-01 2.508092730931170689e-01 2.471712734559761149e-01 2.317935649957742761e-01 2.621650969188928926e-01 2.437358390764809146e-01 2.528484677547345183e-01 2.652841291729783890e-01
2.538859705157920921e-01 2.639473006845721170e-01 2.594791142276703932e-01 2.553597430598849582e-01 2.328591316340070105e-01 2.591723610233533925e-01 2.409850598543374078e-01 2.392015749269661151e-01 2.461782477482581943e-01 2.517639504205212431e-01 2.571667034772610050e-01 2.400008424273732122e-01
2.378449320919125975e-01 2.504694441399313298e-01 2.673606635167250500e-01 2.442558110610549282e-01 2.433308219237412529e-01 2.511994489363568173e-01 2.549322685623575113e-01 2.449260599789898074e-01 2.516597871438699952e-01 2.583958115232136699e-01 2.484751448378575700e-01 2.471498062840041254e-01
2.522850609939681354e-01 2.389490832628322625e-01 2.613312012593672629e-01 2.623738638777569077e-01 2.535568232915353937e-01 2.193777064687241485e-01 2.665929511480606418e-01 2.386470729375100019e-01 2.425166393911612484e-01 2.723415501740159561e-01 2.403976803351194347e-01 2.516303668599407795e-01
2.381396586890102141e-01 2.679595248828938181e-01 2.396631295586530430e-01 2.548273354014167213e-01 2.436374815056095988e-01 2.341504913133188870e-01 2.491394724853253639e-01 2.546270053844045811e-01 2.271640732693052944e-01 2.804289377481992140e-01 2.366175321364033801e-01 2.736453576254647135e-01
2.275779573312136927e-01 2.600456306119885430e-01 2.740711547526617498e-01 2.340121288529670163e-01 2.593400514070335894e-01 2.434058488263267095e-01 2.530748537333614157e-01 2.566551459848350758e-01 2.447479346103869080e-01 2.448481339462445783e-01 2.641583649008331092e-01 2.380627950421506378e-01
2.529325389064770446e-01 2.484549423699580761e-01 2.586076770054929197e-01 2.442998693077806927e-01 2.467772785960262449e-01 2.417828697354178769e-01 2.468144891202811164e-01 2.456814665585129176e-01 2.619455657693496309e-01 2.315690104676005057e-01 2.560801497700557205e-01 2.650541423930632967e-01
2.723309664793632789e-01 2.550323320592122744e-01 2.393761662289702885e-01 2.463039748789636052e-01 2.696645714397960525e-01 2.556488020001340677e-01 2.367448567047183705e-01 2.392628795121065910e-01 2.575422047337136977e-01 2.562002556121474317e-01 2.329527705629877432e-01 2.389402197878852663e-01
2.516867762587573498e-01 2.855631716908889062e-01 2.538524159338720332e-01 2.348542227524608172e-01 2.546890354733508666e-01 2.388456437955230882e-01 2.471311142719279652e-01 2.455397962806614709e-01 2.498774126378267568e-01 2.456534410254638812e-01 2.427346809402168293e-01 2.495722889390480925e-01
2.592023726900131719e-01 2.618623690115465807e-01 2.327825963761105399e-01 2.600650238501783229e-01 2.592028449861980555e-01 2.301715561046644987e-01 2.345716572605979211e-01 2.697790264051180276e-01 2.602192621164894915e-01 2.575259013558569010e-01 2.477060739684482649e-01 2.269113158747792514e-01
2.462596279539445154e-01 2.508839980115911139e-01 2.487675877792934753e-01 2.524667212866736898e-01 2.399065351470314189e-01 2.674268413377437481e-01 2.391206807436660198e-01 2.444537034017476851e-01 2.516769462078128905e-01 2.776123195579233704e-01 2.443380811762996263e-01 2.370869573962675059e-01
2.489480582941943354e-01 2.419922261611109904e-01 2.193994430901755610e-01 2.446566122084685990e-01 2.627874295430102647e-01 2.391767664348091460e-01 2.670598533165684518e-01 2.531284599256223844e-01 2.670797167630769575e-01 2.534221563331777172e-01 2.580903631171219681e-01 2.442589148126634579e-01
