-3.780211896929706494e+00
-4.150252407851178660e+00
-3.890815041425772947e+00
-4.008108688422361787e+00
-4.023262585401639058e+00
-4.180944327671017646e+00
-3.736305145703880726e+00
-3.952003818369417498e+00
-3.722638551264950024e+00
-4.041454622171194444e+00
-4.029360831558682854e+00
-4.120123672030754136e+00
-3.847220773346071265e+00
-3.890950901237360426e+00
-3.936055062750676736e+00
-4.139905403162722486e+00
-3.957457014910892301e+00
-3.896190110450547639e+00
-3.942833930005996912e+00
-3.981456923217108645e+00
-3.897360210112726264e+00
-4.213549382295788348e+00
-3.874564828898006574e+00
-4.346989493870578869e+00
-4.378012865873270876e+00
-3.787721667231944700e+00
-4.135814191219518321e+00
-3.891272681884361262e+00
-3.894937607912796640e+00
-4.205068935021461840e+00
-4.085259324202900721e+00
-3.888709142142691366e+00
-3.671607831803361144e+00
-4.004763148242076021e+00
-3.925165271588149096e+00
-3.966882065249595080e+00
-4.099111526631717517e+00
-3.727322876233442273e+00
-3.981060277942292558e+00
-3.916080775304104034e+00
-3.716987396737410965e+00
-4.266291849977474904e+00
-4.170705810344620623e+00
-3.971895428311880583e+00
-3.808952085372500296e+00
-3.698778769123639343e+00
-4.110423416738761659e+00
-3.888885190696793615e+00
-3.936453693932503661e+00
-4.105877601809674537e+00
-3.847908219511385397e+00
-3.744031209526704540e+00
-4.047128776382600712e+00
-3.762460764972474614e+00
-4.096036978258598360e+00
-4.151735539876331593e+00
-4.044821797898693561e+00
-3.882439356711704370e+00
-4.060599868701240567e+00
-4.171410264994084294e+00
-4.262713038519134301e+00
-3.916742928529660883e+00
-3.976390284666614594e+00
-4.416948203783541693e+00
-3.628527597715635267e+00
-4.099444741301681461e+00
-4.139794695970460126e+00
-4.172086113958358489e+00
-3.871911670293934904e+00
-3.999490710285539041e+00
-3.858402920908775791e+00
-4.076905814048361165e+00
-3.980563960840039606e+00
-3.577662440232948882e+00
-4.194578048972545936e+00
-3.922804354438657715e+00
-3.938453908683288152e+00
-3.547365824023318126e+00
-4.025344369006544909e+00
-4.083057677061780133e+00
-4.034612678261111363e+00
-3.855821052226148904e+00
-3.792220426131081901e+00
-3.990421577932974806e+00
-4.175234142545853899e+00
-4.055703794002685214e+00
-3.713806460170739676e+00
-4.211617526868008277e+00
-3.873633219106106473e+00
-4.004651290291620036e+00
-4.010537930384662886e+00
-3.937066099357193760e+00
-3.737077137947025562e+00
-4.387699649566882520e+00
-3.566172324858222442e+00
-3.932274667786018529e+00
-4.431262559210106033e+00
-4.408897257011137327e+00
-3.712584986525882869e+00
-3.897533419554403356e+00
