-4.287693098106924339e+00
-8.920907761134456493e+00
-6.549178609174591159e+00
-6.496356442759891436e+00
-7.858639551762508724e+00
-7.787586162995054906e+00
-5.007628459916440455e+00
-5.696942359259634436e+00
-4.319264058561749664e+00
-7.493346540573376124e+00
-7.100028347163217290e+00
-8.720242694986023224e+00
-6.031409439437489084e+00
-6.498271587622408418e+00
-7.157242019822411372e+00
-8.621057676930169222e+00
-6.418522176772370358e+00
-6.235339207544019047e+00
-6.676341050085166096e+00
-6.954751788406080770e+00
-6.410102359620113432e+00
-9.093401421211769531e+00
-6.060339363676810365e+00
-1.107555782754405627e+01
-1.046918414333575598e+01
-5.060972552924014600e+00
-9.191535659038754247e+00
-6.343068611490148889e+00
-6.563843303927679784e+00
-9.558175198790056726e+00
-8.054138700432789122e+00
-6.831379605000779343e+00
-4.348413845019662993e+00
-7.490618086579932111e+00
-6.164327018060000718e+00
-7.301907769899018241e+00
-7.397236580971871867e+00
-4.117498391577945505e+00
-7.080828539127242749e+00
-6.910014567029179489e+00
-4.655813487353562152e+00
-8.377348277856009773e+00
-8.785127331565570685e+00
-7.010115528736787560e+00
-5.590438447985172310e+00
-4.405075714719314028e+00
-8.088290493878437459e+00
-5.576828986540653510e+00
-6.646133932509262543e+00
-8.435862882894999970e+00
-5.326869162413093051e+00
-5.271695464812085952e+00
-7.659664783994360349e+00
-4.000586927039232243e+00
-7.388737294497540020e+00
-9.165003663580685966e+00
-7.141399092949160199e+00
-6.032748682704789367e+00
-5.591308472650383443e+00
-8.798332488862117273e+00
-9.791080433542148853e+00
-6.670528558799228236e+00
-6.934358340005006838e+00
-1.168959723432397269e+01
-3.631254182298842004e+00
-7.555964317727879909e+00
-7.834609882106555290e+00
-8.128873820385964066e+00
-6.201828280146263417e+00
-7.053474363652929569e+00
-5.848737290647832765e+00
-7.997997314828730886e+00
-7.713426218572243975e+00
-6.981083962783242391e+00
-9.367154996814656798e+00
-5.703591173707682316e+00
-6.965970491236478601e+00
-3.073877711961862769e+00
-7.682559172263667691e+00
-8.599089772724843428e+00
-8.035578277637901223e+00
-6.385010696789925611e+00
-4.886229496833763619e+00
-7.173973225935474929e+00
-9.350439836996249809e+00
-7.729743066962970310e+00
-4.060150894414571887e+00
-9.282737676790475234e+00
-6.297878962065886377e+00
-7.445022214063635957e+00
-7.827329736671885030e+00
-6.568336557771342399e+00
-4.506181301213148416e+00
-1.114528626848592907e+01
-3.264407624941765285e+00
-6.462313787111791719e+00
-1.077519044416916216e+01
-1.097264414187409187e+01
-4.289206183723133670e+00
-5.565094138702423088e+00
