-6.651379745914722363e+00
-7.381452189787670370e+00
-7.343467720773720231e+00
-6.904821175419920465e+00
-6.850398108251497753e+00
-6.949780870834223911e+00
-7.439209785068642944e+00
-6.196499263933436197e+00
-7.492732219552117101e+00
-6.217862449330521457e+00
-6.580414431364516759e+00
-7.026020896199036692e+00
-6.978164839021250287e+00
-7.828595346196585147e+00
-7.194243028523210626e+00
-5.879664540589184085e+00
-6.972765570418716585e+00
-7.168946042436492583e+00
-7.999437320080782676e+00
-6.656484886995184702e+00
-6.599502586759566469e+00
-7.272415060440351908e+00
-6.863884497801661766e+00
-7.178377289236326675e+00
-6.848261703120866351e+00
-7.602983841307065838e+00
-7.403123105825670791e+00
-6.878979527446577258e+00
-8.869233123272167063e+00
-7.900629470892906348e+00
-6.743701886858593397e+00
-6.949357061940577118e+00
-6.739944817897208118e+00
-7.184790314671661626e+00
-6.891134880464265144e+00
-8.035947871609897319e+00
-7.513792634924680414e+00
-7.140503251614773284e+00
-6.123446549566271990e+00
-6.791865736446886181e+00
-7.092250943940269003e+00
-6.753384215606155649e+00
-7.163863613811760622e+00
-7.382642503686926538e+00
-6.533009939693045887e+00
-6.283225988311540888e+00
-7.193999528163046442e+00
-6.903793361799656303e+00
-6.460269762605375554e+00
-7.321027440890166993e+00
-8.037706533248680785e+00
-6.957358334987461035e+00
-7.391616548247054830e+00
-6.088903099637386518e+00
-6.121973445649435241e+00
-7.026226380504703606e+00
-7.465260173775493335e+00
-6.939065635560923262e+00
-6.368706426628149231e+00
-7.773799381515740237e+00
-6.155918311991198877e+00
-6.840284152092328540e+00
-6.861882607059824224e+00
-6.058189661357565647e+00
-7.174562190421260865e+00
-7.421887851894717336e+00
-7.584147008253154354e+00
-7.981749808116310518e+00
-5.717726224332577267e+00
-6.583738621093623067e+00
-8.100588339505636171e+00
-7.616917759306980784e+00
-7.973726103211475902e+00
-7.233549742881566047e+00
-6.695553215702600092e+00
-7.651975111220011172e+00
-8.255502810597963759e+00
-6.121981465237442244e+00
-6.937145374926838137e+00
-8.371362912892173824e+00
-7.056975063119802272e+00
-6.799919779947970255e+00
-7.281084500042122265e+00
-7.008432181389906646e+00
-6.927002825039223488e+00
-6.529132694752074251e+00
-7.622170584880304745e+00
-6.390822691294893332e+00
-8.043646771356403491e+00
-7.478984316737937732e+00
-6.984102578970482256e+00
-6.831356674990050060e+00
-6.143094942143044079e+00
-6.071071755960111282e+00
-7.644791936394212506e+00
-7.303147616897188499e+00
-7.489447926592060156e+00
-6.525580479816396995e+00
-6.256040280328855729e+00
-7.083300996293930396e+00
