2.009511167835828505e-01 3.496194160920469973e-01 1.788724720782691735e-01 1.314386106801468113e-01 1.184887171664635447e-01 1.022018187311765081e-01 2.205521389828217771e-01 2.518306276091282769e-01 2.103777632752373006e-01 2.356673186011288001e-01
7.145095284797914337e-02 1.053826888578007770e-01 3.182749140833784907e-01 1.967359462809387671e-01 1.614442476359670420e-01 3.039865938417690150e-01 1.266576803569517407e-01 2.283842873372409765e-01 2.844844230613026714e-01 2.031982656966714595e-01
2.504883505882488648e-01 1.247128166349041889e-01 1.372408453574270881e-01 2.128868372615240201e-01 2.385669575150613508e-01 1.839850447465662397e-01 2.622111815336679586e-01 1.795143890471669612e-01 2.343847657137750617e-01 1.760088116016591819e-01
1.472134676233958772e-01 2.058425822301513386e-01 2.096375754623105436e-01 1.893137557907903779e-01 1.447487674851646311e-01 1.383420964356158744e-01 1.486799157328091980e-01 1.735609744218646333e-01 2.942664825533840567e-01 3.483943822645124699e-01
2.761671838004524648e-01 6.082962506539593001e-02 1.670943956232124328e-01 2.677374394028215199e-01 1.841756597967009190e-01 2.030269968987517548e-01 1.474828777672324565e-01 1.445452200274201238e-01 2.761503484539247766e-01 2.727902531640873374e-01
1.376288383244711755e-01 2.631832288837029354e-01 1.918022415166378281e-01 2.409046160588728391e-01 1.636087704872990212e-01 1.448993169358055721e-01 2.331617023205682093e-01 1.386292919971549575e-01 2.421498698182402987e-01 2.440321236572471908e-01
2.166183840244220171e-01 1.871954190139825669e-01 2.452124113558279972e-01 3.903782436022713576e-01 2.500168280665185372e-01 1.708508137670313731e-01 1.664840290217841634e-01 1.684818997884116876e-01 6.789328148311561673e-02 1.368686898766357518e-01
2.899553957528477888e-01 2.310859263008840647e-01 1.889052455448119172e-01 1.709815527498234899e-01 1.740501680390450501e-01 1.980568203255217152e-01 2.688406035744858036e-01 1.273936197070189569e-01 1.304254112424898804e-01 2.203052567630711944e-01
2.100140506370892779e-01 1.398527531076257935e-01 1.949139323113028843e-01 2.699635263306591204e-01 1.529098123703531154e-01 1.718339963411413263e-01 9.288689092060789521e-02 4.125207537173958272e-01 1.316777022101445760e-01 2.234265820536811553e-01
2.928338266140615431e-01 1.727516133646965490e-01 8.705171393039090599e-02 3.158476909111096464e-01 1.573659610275202070e-01 1.446943935801481285e-01 1.981194152150861920e-01 2.792920807009041106e-01 2.413568058356172497e-01 1.106864988204641354e-01
2.342895266474198657e-01 2.037894443261787092e-01 1.778537777842709722e-01 1.390055769764670379e-01 9.521151365862118299e-02 1.089572567671518027e-01 2.384175573606708842e-01 3.047171706970825400e-01 1.881867394998535670e-01 3.095714362822845067e-01
2.687631028245611176e-01 2.323169261756844739e-01 2.810265074255784978e-01 2.354978568716296905e-01 1.588877064907645575e-01 1.507709373860994240e-01 1.724741985264393318e-01 2.490018872006841688e-01 1.192097962262128885e-01 1.320510808723466545e-01
3.446991350307427315e-01 2.149343440573002195e-01 1.481357156042622802e-01 2.184972407301300767e-01 1.521396523038917592e-01 1.779516586227721797e-01 8.423322608085020979e-02 1.963456218476082316e-01 2.606120223427240701e-01 2.024513833797175477e-01
2.143020578594414527e-01 1.938741702468359529e-01 2.175225408597991628e-01 2.397147006829440929e-01 1.185431640605983383e-01 1.445667979673245784e-01 1.622914221761953546e-01 2.851384141664156657e-01 1.215729548357255135e-01 3.024737771447191248e-01
2.082106690171954821e-01 1.916083156607515381e-01 3.035912928357706875e-01 1.158291883591587856e-01 2.309610213083238550e-01 2.398310518222611099e-01 1.804060687421869813e-01 1.348200451896703900e-01 1.500559756697904257e-01 2.446863713948913832e-01
2.224940816308776936e-01 2.423531949988690370e-01 1.677048626212843951e-01 1.532556451708540768e-01 2.284266600193574082e-01 2.120008378544385730e-01 1.739892580697280922e-01 2.318266384920273371e-01 2.123613605078625011e-01 1.555874606347009970e-01
1.738211675905916020e-01 1.850789605765918444e-01 2.474056459498706340e-01 2.307871933011962085e-01 1.811839321930214242e-01 1.437799557407857254e-01 2.986206966313525446e-01 2.294142394133718288e-01 1.692886611332524993e-01 1.406195474699662162e-01
1.880602143329682396e-01 2.243826393754756732e-01 1.480257039905905347e-01 1.635895629201484791e-01 1.664909779193156913e-01 2.389733937719044632e-01 1.800948542513345352e-01 1.998031992694396242e-01 2.177303095255966880e-01 2.728491446432264600e-01
2.571469353791687174e-01 2.722285403241354595e-01 1.140681706574965537e-01 1.766986606942477500e-01 9.798602417064786185e-02 3.056874498356880743e-01 1.784746817167249811e-01 1.030291369345655850e-01 2.413306785610818683e-01 2.533497217262434820e-01
1.768079943289086464e-01 1.675541606830762698e-01 2.193176910165274274e-01 2.834203025493831629e-01 2.185872221681391947e-01 8.616229575077455349e-02 1.110276454166795879e-01 2.068525890388017152e-01 2.831527257538137277e-01 2.471173732938961309e-01
9.069150817229520989e-02 1.428259329748696183e-01 3.492567207002146290e-01 2.979076427741529365e-01 1.639128056448824200e-01 1.140356583878608387e-01 3.436150112085538666e-01 2.333065683798349332e-01 1.458447206849195765e-01 1.186034310724162211e-01
2.858987226574300489e-01 2.383938359624112602e-01 1.707826920579382235e-01 2.170656320531055561e-01 1.529952512824103439e-01 1.747259962112684140e-01 1.330560305388443776e-01 3.081357700234009789e-01 2.019584059302248491e-01 1.169876632829654761e-01
2.749138692594151889e-01 1.731007267580995379e-01 2.583215063406322232e-01 2.370655979613336406e-01 1.223279452312086291e-01 1.189697044896880218e-01 1.423186271841143102e-01 3.001702517310174678e-01 1.880001625547136068e-01 1.848116084897791500e-01
1.059876656007845558e-01 1.207546804721649769e-01 3.586908245375849402e-01 2.335633631125123011e-01 1.822268380897971163e-01 1.536203926947696807e-01 2.346774618337737484e-01 2.484739212308703094e-01 2.045738020595866125e-01 1.574310503681579099e-01
1.151633142189801284e-01 2.255557678818186917e-01 1.911304825778148975e-01 2.484187887032093256e-01 1.135361289180857880e-01 2.462207755417130661e-01 1.766073908121122416e-01 1.231683045325210613e-01 2.773381898096882736e-01 2.828608570040575532e-01
1.431275543202127354e-01 2.055941304903925737e-01 1.077255776805693954e-01 2.250450632513153471e-01 2.559332898108861443e-01 2.465667049387933463e-01 1.815392672350463477e-01 3.255311832776986991e-01 1.694253315802204396e-01 1.395118974148656377e-01
3.138958754462458089e-01 2.219461243629898273e-01 2.001115853981466075e-01 1.135091332284048904e-01 1.790159743666626668e-01 2.081640479226738727e-01 2.303103309383654762e-01 1.181124634120070127e-01 1.263838855771461378e-01 2.885505793473578939e-01
1.575196497610338864e-01 1.367294369513173680e-01 1.755479841266996688e-01 1.327267396657877130e-01 1.561735168033971943e-01 3.178665018517886076e-01 2.491604678897659242e-01 1.885489695548012434e-01 2.148960150754223863e-01 2.708307183199857859e-01
2.166180714812771801e-01 2.219642640305680703e-01 2.731955377064913537e-01 1.430470458203655926e-01 1.514943224620166062e-01 2.171563167723428445e-01 1.157284017628958106e-01 1.900970934478308783e-01 2.511253904601418174e-01 2.195735560560711785e-01
2.342613158455049416e-01 1.692307741903356644e-01 2.318462062828227088e-01 1.657022989028483495e-01 1.554193274798684465e-01 9.481279504472792108e-02 1.651085279903891645e-01 2.335411580761663219e-01 3.643803282327605642e-01 1.856972679545765559e-01
1.391668903874409835e-01 2.117381983637051934e-01 2.126763228380181836e-01 1.920269738406054916e-01 2.046785142304111960e-01 1.680005018257734739e-01 2.627984660737278655e-01 2.269457019393606445e-01 2.422279634775164614e-01 1.397404670234397850e-01
1.023570681490676149e-01 9.666642806578754077e-02 2.307507604981019478e-01 2.051846422399758174e-01 1.691855994879763458e-01 2.202335221287585465e-01 2.771735400722458165e-01 1.977348872388876022e-01 2.227796025559842796e-01 2.779339495632150991e-01
1.831603958052429315e-01 2.288409907209839611e-01 3.104874235672427374e-01 2.295116947080951819e-01 1.307922570655171146e-01 1.212528822088550506e-01 1.617237678045976013e-01 2.146625573295602718e-01 1.997328739883780790e-01 2.198351568015270707e-01
1.939621253295025771e-01 2.579325573616323419e-01 1.495406676103773480e-01 2.302660395898192547e-01 1.261913245603742684e-01 3.446061917314452439e-01 2.399298825339244712e-01 1.954707029960686127e-01 1.324784928834884523e-01 1.296220154033691507e-01
2.365720923667170572e-01 1.546206113152855388e-01 1.470353986234993193e-01 2.053865295224841236e-01 1.658446147378712376e-01 3.090567551782604783e-01 2.364681502597622553e-01 1.574967831651648276e-01 2.019644111588638213e-01 1.855546536720919792e-01
2.103385200694041501e-01 1.609280137919555653e-01 2.356681199801128890e-01 2.699344499419080168e-01 2.355774600051097067e-01 1.087801637492408074e-01 1.631704204044456819e-01 1.414324389233198032e-01 2.656143377391721461e-01 2.085560753953315527e-01
1.283978384883397716e-01 1.915921436010963597e-01 1.963007359326685297e-01 3.651991077667481878e-01 6.983088284658128808e-02 1.321852767200630552e-01 3.001599063775325371e-01 2.169069659882958134e-01 2.554973736077618685e-01 1.439297686709105351e-01
2.629335812014514384e-01 1.716395166541129225e-01 1.683843217785407631e-01 2.252716501998942300e-01 1.551429739111148121e-01 1.904656332629852955e-01 2.363291616401389517e-01 1.967407323863543667e-01 1.904127797554330259e-01 2.026796492099747493e-01
2.263867954393090631e-01 2.442293940654970408e-01 1.582901062073585607e-01 2.098506023711081414e-01 1.541206586183114235e-01 1.411885066430381142e-01 2.175049376158976755e-01 1.710830641516803419e-01 2.257828200790824580e-01 2.515631148087179580e-01
1.276700104766440580e-01 1.445396111486780821e-01 2.033509331432877543e-01 2.570358712092808418e-01 1.810886161735950628e-01 1.616546908985182496e-01 2.116749886972252304e-01 1.985165867201953149e-01 1.943068048545264770e-01 3.201618866780500117e-01
9.299125878369610132e-02 1.460969963678063199e-01 3.420402499141942387e-01 1.249348468978420112e-01 1.420762071483264166e-01 2.496120996120310409e-01 2.783780227096830373e-01 2.097640946132814932e-01 2.483830302634972009e-01 1.657231936896427227e-01
1.389247214095210292e-01 3.200963388764221373e-01 2.158768927287842421e-01 9.925392128357576893e-02 8.128912713276739699e-02 1.721895444113550333e-01 2.549413646587744275e-01 1.840997350255101361e-01 2.716944075088271737e-01 2.616339469644619609e-01
1.236754549289783289e-01 1.572104273590112511e-01 1.622621861547274280e-01 2.632070374907216070e-01 2.207483324628789212e-01 2.224433156854059290e-01 2.514477591792400046e-01 1.631093474456248582e-01 1.828758325358897929e-01 2.530203067575216291e-01
1.334782172137949086e-01 2.054399074031384442e-01 2.776512915474113052e-01 2.290739641170587149e-01 1.757789279399941673e-01 1.804879962892159684e-01 2.056574837024978675e-01 1.346737186546244081e-01 1.582661029875105096e-01 2.994923901447534287e-01
3.166873008217523378e-01 6.378738115109407192e-02 9.452893966648447110e-02 3.416426609678969717e-01 1.060041761019255013e-01 2.605470667343446345e-01 2.570598882099454641e-01 2.530571231661307152e-01 1.818400166611310598e-01 1.248454465192958412e-01
1.029244089213709606e-01 1.079031011673708684e-01 1.734604340388478105e-01 2.075253111768969871e-01 2.481417454172776260e-01 2.728437533940219484e-01 1.086298984730049849e-01 2.675072395885628729e-01 3.555409497190474832e-01 1.555231581035992627e-01
2.387563658404450728e-01 1.583503788775092458e-01 1.636375481807192944e-01 2.955606531602221754e-01 1.860126546292900085e-01 1.591305191283192699e-01 2.675545191351358931e-01 1.523884559157653029e-01 1.829223706197909138e-01 1.956865345128038225e-01
1.257187867286538308e-01 1.652326687401208805e-01 2.679809850941291538e-01 2.676588695791578543e-01 1.496055567831191535e-01 2.033761517976742095e-01 2.104308197143789638e-01 2.387987248046106736e-01 1.711158198096015548e-01 2.000816169485543361e-01
2.725974776681748812e-01 2.087183586947312375e-01 1.558586551046256541e-01 8.663287632094968105e-02 2.932770924568314230e-01 1.636879544338806780e-01 2.609929528529865705e-01 2.045856217396358478e-01 1.518505700594879881e-01 2.017984406686969268e-01
1.188853090473159235e-01 1.691617145705777148e-01 2.124743486078567722e-01 2.004540042056563998e-01 4.130034505148199031e-01 2.690660554219641565e-01 1.607556377539274273e-01 1.337222095178991210e-01 1.629357656967444223e-01 1.595415046632388811e-01
1.604281066486464846e-01 7.310872808684674984e-02 3.442876506904057332e-01 1.733226969106732851e-01 2.720417816997648952e-01 1.296968208545379309e-01 9.533179871149043139e-02 2.092299108503793414e-01 2.736491809069935277e-01 2.689033246402612320e-01
2.347631761449703869e-01 3.239599734649953877e-01 1.205083352394085427e-01 1.908110844751109703e-01 1.271091402626909894e-01 2.342190111992089041e-01 1.648443170962954896e-01 1.832383202733340044e-01 1.865809942448854175e-01 2.339656475991002405e-01
1.006502637606282724e-01 1.897914038385816737e-01 1.639108194988709299e-01 1.489432526313671512e-01 1.980136103404063763e-01 2.409603578614021857e-01 3.174719132736454341e-01 1.875436226218341607e-01 2.625518199364497152e-01 1.901629362368145171e-01
1.648788121518471317e-01 1.481665591733190013e-01 2.201115783498847900e-01 2.365857028396826101e-01 1.852953239784754791e-01 1.714909830611209829e-01 1.381624704806701798e-01 2.879828492473294199e-01 1.856518610071583308e-01 2.616738597105116026e-01
1.531885648175453918e-01 2.795376163071781050e-01 3.177837641146937231e-01 1.719393013017674332e-01 1.373633178282132605e-01 1.683303322369988919e-01 2.818721348152651851e-01 1.915623970868938764e-01 1.328989940477381393e-01 1.655235774437062990e-01
1.954529336394942030e-01 1.712448900790164152e-01 1.336611878563910560e-01 1.000165042027053169e-01 1.289925611110475101e-01 2.482723377780033935e-01 3.416243869154721446e-01 1.552954838865146792e-01 2.940849734142864658e-01 2.313547411170693846e-01
2.826878379748709591e-01 1.348978183108675843e-01 2.605199941782723183e-01 2.179243521877926304e-01 1.176797274150549744e-01 1.429898364375534192e-01 3.065626939614939372e-01 3.119641402391298834e-01 1.259407731778802719e-01 9.883282611708540943e-02
1.424393611169896268e-01 1.587382673751739914e-01 2.598488325926299192e-01 1.154084735619299029e-01 2.792095996089016818e-01 1.341839253855585667e-01 2.181816618049221557e-01 2.453426347333967916e-01 2.040690870136173118e-01 2.425781568068813288e-01
2.082148985437180244e-01 1.433284906328789465e-01 1.684648204184615305e-01 2.005612828893700850e-01 2.372407510342461889e-01 1.802002276454983398e-01 1.147099199825212384e-01 3.403968533235993688e-01 1.829638145173297370e-01 2.239189410123771928e-01
1.325461466541548172e-01 3.546229368614818855e-01 1.575531179514732538e-01 1.652522575549138506e-01 2.833758735793689976e-01 1.771785081839560294e-01 1.951951403202977775e-01 1.521039249190409004e-01 1.427755862892112482e-01 2.393965076861015728e-01
2.614184995940687095e-01 1.878788442215817422e-01 7.457990600533231929e-02 1.367694542773744970e-01 2.897277716871276554e-01 1.385891232171335141e-01 2.248745091966888598e-01 2.476180550598016950e-01 2.306812153554764766e-01 2.078626213854154747e-01
1.789714796026593002e-01 3.281078590674380568e-01 1.752566467114191062e-01 1.306354934906813203e-01 2.152950242405540227e-01 1.395976044330784482e-01 1.946041971663179659e-01 2.696704719425099817e-01 1.305856386604021813e-01 2.372755846849410877e-01
2.262298290685958446e-01 1.674470350552546560e-01 1.695140683742354937e-01 1.531553856210862152e-01 1.059579384344504493e-01 1.900895438741696253e-01 2.887509986136858053e-01 2.198638316793847247e-01 2.219048999242987930e-01 2.570864693548385316e-01
2.952962835848559342e-01 2.461464732511503550e-01 1.373742946636998807e-01 3.607548356771509424e-01 3.294391872354687223e-01 1.578036104841663567e-01 8.019080721181726101e-02 1.004089618322318994e-01 1.311701380774813464e-01 1.614154079819763166e-01
9.802861818121701154e-02 1.798696467786870257e-01 1.956561997794247776e-01 2.677511355146550698e-01 2.369216272354700281e-01 1.811644650006953849e-01 2.111787124041657471e-01 2.264567493653274755e-01 2.940361741071415569e-01 1.089366716332168805e-01
2.536017300109318917e-01 1.273644083023099949e-01 2.348719694992813245e-01 9.879123848920076667e-02 1.276639845313798649e-01 3.833295901124969540e-01 2.414696336448696745e-01 2.439318171173455452e-01 1.119486967435671665e-01 1.770269315486178996e-01
1.643663928328912838e-01 1.675528543077458576e-01 2.195986072785175436e-01 1.748349930948792652e-01 2.672807299552506510e-01 2.201631671327428652e-01 1.111177389626275824e-01 2.082355601284222313e-01 3.148455163324178074e-01 1.520044399745046626e-01
1.548260941322351369e-01 2.881024562467222050e-01 1.915836779437566917e-01 1.673020214899484936e-01 3.090955411166228517e-01 1.661287641997576947e-01 3.165995250664676020e-01 1.643918139870660655e-01 1.358735233714084834e-01 1.060965824460150531e-01
1.999823569038806648e-01 1.481151783835971125e-01 2.056775523561143459e-01 2.107494705995648643e-01 2.127615883115554496e-01 1.986052315451393158e-01 1.500435227395373050e-01 1.929100268644491911e-01 2.370087491457120998e-01 2.441463231504493181e-01
3.310743067942196194e-01 1.949048640749324879e-01 1.411158474461133017e-01 3.557927148535832140e-01 1.648269499513789205e-01 2.400174023075287155e-01 2.675316704692878300e-01 1.625003862717618319e-01 4.462372265435171625e-02 9.761213517684269592e-02
1.804741574325920417e-01 1.860718426640134426e-01 3.883436598805488082e-01 1.675357620451861651e-01 1.037827158743815648e-01 3.094128119364270013e-01 1.289435880467986184e-01 9.392130740753606988e-02 1.136560969963082701e-01 3.278580577162076293e-01
9.463531880239241245e-02 1.566558640135082281e-01 1.888372188810795715e-01 2.313432521333090852e-01 1.985351296136676214e-01 1.083739432501708982e-01 1.763010465939669480e-01 3.103894700902973813e-01 2.225611516507715049e-01 3.123676049708373759e-01
1.230979625241241660e-01 1.339794010518275125e-01 2.964602957355138568e-01 2.512873112316277302e-01 1.636918489334214799e-01 1.148255233382056983e-01 1.349318078274369392e-01 2.975543121965799620e-01 3.098714384208790529e-01 1.743000987403833246e-01
1.651383008418279563e-01 3.113856264188767931e-01 2.529684500472501041e-01 2.634571374844698610e-01 2.009555864508344170e-01 2.275184727045002353e-01 1.693077032941574522e-01 1.430196667184922832e-01 1.135761728983497865e-01 1.526728831412401122e-01
2.086419413797002964e-01 1.605722391434411533e-01 2.197220168984739264e-01 2.086156446984250290e-01 1.723620773627642100e-01 3.006294917728421501e-01 1.124954230916174330e-01 1.200671316526020493e-01 3.132239008329040786e-01 1.836701331672300208e-01
1.880098112857048753e-01 2.154924094313622751e-01 2.171404363145326144e-01 3.054249325242273660e-01 1.175780680054465677e-01 8.587258437902184349e-02 1.749117081331523216e-01 2.505790260074544085e-01 2.625001280820711269e-01 1.824908958370277112e-01
1.390039167694617495e-01 2.534383160909198240e-01 1.752202593683007126e-01 2.613941375792540600e-01 1.800447654776914375e-01 2.550278639473022579e-01 3.393291019353055216e-01 2.225061754881320075e-01 8.212058337804098440e-02 9.191487996559095930e-02
1.612900111193887875e-01 1.888178904549648873e-01 1.859706220435140278e-01 3.018283083362585661e-01 1.641939221200296450e-01 3.005854107047782886e-01 1.346477054381648997e-01 9.085611970345103261e-02 1.650827474495102087e-01 3.067272626299406557e-01
1.565929148970853502e-01 2.352463265454444175e-01 1.104323912508043959e-01 1.395736352878319264e-01 2.069677580652725113e-01 2.158660924148290972e-01 2.249838517279854622e-01 1.935176661737281756e-01 2.145885236298886722e-01 3.022308400071302414e-01
3.572846697231510937e-01 8.894646076295374681e-02 6.629632963506447429e-02 1.076471152518351793e-01 1.561071683479338112e-01 3.833651519752593329e-01 2.546593606931712994e-01 1.352930451217679297e-01 2.292014107017194546e-01 2.211992877871435947e-01
9.116144992842130368e-02 1.576717841004496301e-01 2.201957153346692508e-01 1.957956181214924596e-01 2.374986415292941466e-01 2.245348360904676210e-01 2.390469084624768925e-01 2.750639761905633307e-01 2.364233886456569289e-01 1.226076815965080891e-01
2.338363336378380952e-01 1.516222824477950482e-01 8.081122331326738573e-02 1.453426237314734970e-01 3.946701444422479055e-01 2.793422604221339478e-01 1.591210566357864620e-01 1.335263031753426144e-01 3.160968808561604448e-01 1.056308913379551406e-01
2.487957887309851790e-01 1.284807496832943430e-01 1.675554885213684786e-01 1.756794429873055063e-01 2.170290771038788369e-01 2.501319399175589986e-01 2.303650269337275402e-01 1.546606663672726034e-01 2.374191308491090668e-01 1.898826889054998912e-01
2.586549244892022981e-01 1.488741838286269381e-01 2.151227164943561032e-01 8.631592779196407828e-02 1.564879608049030701e-01 3.559097428536492913e-01 2.185399338272314140e-01 1.867907295732561812e-01 1.600581541907261651e-01 2.132457261460853348e-01
1.279682431638372309e-01 1.637860727833964081e-01 1.491595096701010537e-01 2.136447269134188476e-01 2.327397086951983884e-01 2.211695946083222508e-01 2.279241805344107974e-01 2.166674395953036292e-01 1.936667159043446995e-01 2.532738081316669998e-01
1.572626003283733587e-01 9.443425935374558100e-02 1.136096976330912001e-01 2.373052592092724511e-01 3.589586481443344801e-01 1.849807421548050612e-01 1.589203691242840333e-01 1.677852937831077473e-01 2.746990214247532758e-01 2.520441088442327282e-01
1.399971446342773984e-01 2.639124820980703889e-01 2.549977961833905238e-01 2.225423227329977327e-01 1.941790915980898258e-01 1.660627659096349240e-01 1.390670736514311168e-01 2.133545616773235287e-01 2.331666172399257664e-01 1.727201442748592664e-01
2.158854508222151636e-01 2.547160674147031512e-01 1.938523740048850030e-01 2.947456931279486270e-01 1.932764223013939964e-01 1.775480099991129102e-01 2.162546012466683432e-01 1.850531419765027996e-01 1.687229935390668623e-01 9.994524556750504496e-02
1.331345542366487167e-01 2.767332217977623854e-01 2.039267277111241339e-01 2.083684678062905360e-01 1.200075703313831788e-01 1.892780445397518885e-01 2.731341948807037845e-01 1.495378363521588927e-01 2.505081894352556016e-01 1.953711929089215482e-01
1.848114158581706246e-01 1.403321743304196956e-01 1.912479690308336311e-01 2.242409167107881629e-01 1.354884269731217450e-01 1.774848255130368757e-01 1.819231474762654788e-01 2.627137971642879988e-01 2.973855365654992644e-01 2.043717903775768008e-01
7.689624651964364899e-02 1.068265128867863512e-01 2.571108398911370330e-01 3.308881776993957136e-01 1.817330727339416530e-01 1.961491562573946801e-01 2.966823503898327608e-01 2.265748917570226673e-01 2.076860967828843829e-01 1.194526550819621363e-01
1.767154946170662044e-01 1.210244785422038144e-01 2.039851843828039135e-01 1.613874911985794525e-01 2.924339652414241764e-01 2.545921526022069670e-01 1.338742056323063423e-01 1.156855144678527458e-01 2.342161263245479963e-01 3.060853869910084568e-01
1.367876554851726045e-01 2.675085404864350203e-01 2.616250965830009267e-01 2.133305081070389631e-01 1.092404882073379074e-01 1.957849685860872380e-01 1.673886792172999960e-01 2.093482926314419457e-01 2.858163648999624828e-01 1.531694057962222633e-01
1.878586825146725814e-01 2.142084030728968191e-01 2.314479468238693216e-01 1.103024823324063597e-01 1.711592158525968577e-01 1.729789249243785521e-01 2.149927736037882120e-01 2.284551203656127460e-01 2.877992155091808057e-01 1.807972350005981055e-01
1.240142983872594695e-01 1.727254265406248379e-01 1.456415175540078932e-01 3.519348119199088298e-01 1.244922546748572639e-01 1.767879878732053489e-01 2.231364391432247574e-01 2.303289930428835397e-01 2.623386932745539468e-01 1.885995775894746540e-01
1.618881252377670776e-01 2.329065164166272961e-01 1.743433022432780977e-01 1.926017758322779438e-01 2.756535122304525909e-01 2.004860766405291150e-01 1.430862169169214437e-01 1.508016514286699139e-01 3.062199325773144465e-01 1.620128904761628519e-01
2.253247887567295105e-01 2.313708308900279120e-01 2.339918143833683573e-01 1.388342366257826477e-01 2.527820090259805808e-01 2.494099814251237723e-01 1.106712080679039117e-01 2.332650828938813703e-01 1.787129613865974243e-01 1.456370865446061091e-01
2.262972532505552470e-01 1.677533868478235657e-01 2.147373737522413339e-01 1.602553336094480196e-01 1.816574425371944024e-01 1.828958727027564235e-01 2.243376049129808536e-01 2.420184311875792360e-01 1.942526939543654241e-01 2.057946072450550778e-01
1.785991837319347297e-01 1.798470689213950979e-01 2.525817812280927166e-01 2.624918717971624904e-01 2.179610698161213445e-01 1.865563449864407475e-01 2.304197472111032263e-01 1.996914076707689834e-01 1.550458061175845614e-01 1.368057185193981284e-01
1.337272752978150292e-01 8.054296269691427201e-02 1.290874222453021469e-01 3.414691216151690134e-01 2.615970050762058685e-01 1.759215578636625366e-01 1.016334360755601907e-01 2.235472181734271813e-01 3.196139569333268371e-01 2.328600440226173685e-01
