-9.674592598428118251e+00
-1.101496735406461802e+01
-1.023645644139839739e+01
-1.038847167142850836e+01
-1.063220610122263743e+01
-1.079087089602886884e+01
-9.804066250876273259e+00
-1.024414050542240240e+01
-9.655633293266856043e+00
-1.059753453047909844e+01
-1.050978683387820212e+01
-1.096114293815369933e+01
-1.007204856213171063e+01
-1.023165762908325505e+01
-1.041000182074490965e+01
-1.101608156957631124e+01
-1.036283772384633473e+01
-1.025248087898513560e+01
-1.035079760555299622e+01
-1.042128998126101180e+01
-1.025423229160445082e+01
-1.113774215852317440e+01
-1.014192298518408819e+01
-1.159412773881665615e+01
-1.151548665100007618e+01
-9.820320599978648701e+00
-1.100772368538378387e+01
-1.022638782538431812e+01
-1.025110009212628803e+01
-1.115360003293200641e+01
-1.082895942198652861e+01
-1.028397290898522876e+01
-9.566126801211833452e+00
-1.062769911476317297e+01
-1.027069139728751601e+01
-1.045976531377678675e+01
-1.076402241812597893e+01
-9.579152568450865601e+00
-1.050665466703026851e+01
-1.034501170767883416e+01
-9.708492048614546732e+00
-1.101183466228595620e+01
-1.101740740512629202e+01
-1.041474889984820784e+01
-9.973074943244114365e+00
-9.653832324187719749e+00
-1.084555787312298492e+01
-1.007202155519939701e+01
-1.033045101163239998e+01
-1.087856797734739089e+01
-1.000055573458214120e+01
-9.841079981634836216e+00
-1.070240841157693978e+01
-9.577533908090670067e+00
-1.065368565863866657e+01
-1.108416192435839598e+01
-1.049381639630367680e+01
-1.014951383085242753e+01
-1.030943377295759156e+01
-1.102496031275524402e+01
-1.131908222845586565e+01
-1.026820868029832567e+01
-1.047562567777642961e+01
-1.180175435159722319e+01
-9.428244562033098575e+00
-1.066996957468608365e+01
-1.078570584082440043e+01
-1.085008257223391404e+01
-1.017170991592987228e+01
-1.047139968110158392e+01
-1.005371247010247160e+01
-1.077349929723126820e+01
-1.055599660973437537e+01
-1.047618655010915489e+01
-1.110136799540287456e+01
-1.010206016008152119e+01
-1.042354890952152680e+01
-9.205513248512955826e+00
-1.063712483833211486e+01
-1.085384948253418180e+01
-1.070712892436683816e+01
-1.014803381159527973e+01
-9.790667541448023314e+00
-1.048725937605034453e+01
-1.110813115670640983e+01
-1.064172953531592825e+01
-9.542714115025733079e+00
-1.115358884641157644e+01
-1.018466659779064543e+01
-1.053324487107566121e+01
-1.062275126018853477e+01
-1.033048948692468194e+01
-9.697333764638544906e+00
-1.171763182475162779e+01
-9.263306668300019808e+00
-1.036631334679552552e+01
-1.161761382096471173e+01
-1.171335334992749111e+01
-9.638592449640347226e+00
-1.006088109044622669e+01
