5.050891912777706605e-02 1.288355470711876061e-01 4.172505957817178313e-02 2.557277281290113238e-02 2.768866438047540984e-02 2.599064750845564778e-02 5.800325192088436055e-02 6.573007195323890550e-02 5.968882310179871031e-02 6.676186312076411167e-02 1.962089002075500729e-02 2.163005953392602154e-02
9.530231887043252859e-02 3.704992214890320129e-02 3.252087041286538804e-02 8.588849681730532926e-02 2.631004809082931190e-02 3.849254647892194625e-02 6.104958454254579003e-02 5.289547094658766241e-02 5.406228523315769613e-02 1.921305975840736230e-02 2.195640991543809997e-02 5.310318248982478367e-02
6.682748326171027153e-02 5.091972678520731432e-02 6.940508422722704851e-02 4.869208816416112362e-02 6.748040791280127126e-02 3.833050998408334131e-02 2.664432657821235936e-02 4.822389106676383541e-02 5.200221731959533966e-02 3.831814959684456262e-02 2.376810387122801904e-02 3.005615878904805555e-02
3.613011300265594333e-02 3.278060668757039331e-02 6.787467647106032453e-02 1.227851210633376100e-01 6.033514304531203964e-02 8.698221728501079678e-03 3.600613164806720778e-02 7.732432494936594680e-02 4.162875451446535618e-02 3.666972516724655018e-02 3.384082701714860586e-02 3.731534199924512601e-02
6.895723631386731223e-02 5.319973882268334842e-02 2.636760187766804681e-02 5.872469094130324668e-02 4.582957100937138512e-02 5.070521510834635065e-02 3.158865329746371464e-02 3.043192600617861121e-02 5.057295064052257788e-02 2.742654195879874746e-02 5.018747784375013343e-02 6.295192242494151991e-02
4.184252987156874409e-02 3.324848489510762173e-02 5.985648285242944205e-02 1.458025209115047516e-01 5.632522788029975525e-02 3.595004742623614941e-02 3.986390950101859065e-02 3.341625012599536843e-02 9.821514625790995351e-03 2.399157347307184426e-02 6.607328278215550410e-02 5.233127339746200535e-02
4.702204053631464653e-02 2.887174007092108141e-02 3.059597249128449825e-02 4.960374440697504217e-02 6.945426059707635047e-02 2.275111532463441194e-02 2.316051661556586122e-02 5.771190053101734468e-02 7.153839790449763314e-02 3.329349668402147022e-02 4.708248459494025762e-02 9.163727248919004142e-02
2.378075208217108119e-02 2.973704807816446305e-02 2.474954433835161935e-02 1.931963883119538483e-01 3.092181905265101172e-02 5.862308661745628535e-02 9.441310472579997337e-02 3.276016673829088011e-02 1.257369548448151325e-02 7.122718624299735624e-02 3.939525318831128137e-02 2.432807654050226157e-02
4.224437810652052760e-02 7.901043818438205357e-02 6.411218245368566215e-02 2.020383433405669935e-02 4.762117322271905429e-02 5.659138402386190703e-02 4.615226274150187324e-02 2.848584529212696767e-02 1.602402838418922476e-02 2.080440959497886766e-02 6.921739304612575805e-02 9.354259443213482073e-02
3.173963766241124501e-02 9.147858657265159343e-02 7.012129043930381833e-02 4.781409793455235202e-02 7.942446768613695141e-02 6.406968268450392856e-02 2.760223801024137488e-02 2.471343347424752659e-02 4.075516896445405962e-02 6.551420468279665899e-02 2.278849445907523558e-02 1.738351355501551246e-02
1.168610887624887407e-01 4.622235423229296980e-02 2.537675010132276962e-02 5.029834373765836031e-02 3.616204400368795008e-02 3.065823654679744950e-02 1.175092202844721205e-02 4.111220292749445671e-02 7.603186550157066403e-02 4.721634714202004729e-02 4.680918380918818594e-02 5.409157364616818536e-02
5.025302905693648098e-02 6.683705159516338534e-02 2.384328764453358743e-02 2.791185934850830275e-02 4.107815923531481228e-02 7.656729812800247559e-02 2.641325272903759583e-02 7.820413801687788047e-02 4.648157584106240442e-02 4.254100900804291818e-02 6.963985688496573956e-02 2.055085253435672693e-02
6.512466570145780675e-02 6.803112546785852754e-02 4.405927856364987710e-02 2.912029044415505655e-02 3.752101657068407370e-02 7.177970260382933454e-02 5.144135761147741737e-02 4.569128304031751936e-02 2.859085551573888051e-02 2.777045178146494639e-02 4.546122269255099130e-02 4.425757260630180240e-02
2.759153299234631818e-02 4.479369101622793226e-02 4.527082751475228206e-02 2.720017854012372546e-02 3.451461963114159370e-02 4.035593694029612072e-02 6.670303451710780929e-02 6.030345018415478320e-02 3.708912938015829219e-02 3.134107662601792743e-02 9.265923576240389647e-02 5.688489191949024082e-02
3.476904658285959182e-02 2.491487097917425425e-02 4.372837710945849665e-02 6.498230591156187175e-02 3.338964390758618339e-02 3.159887493662275754e-02 3.844158894418123196e-02 6.617537183867543138e-02 4.214894480470096627e-02 4.149271358213961480e-02 5.832352561472296110e-02 8.201279096770883181e-02
7.448145248542561991e-02 9.007544655482836726e-02 2.055971073132262933e-02 2.450951573431019853e-02 2.065446311040267796e-02 1.039533260641034990e-01 4.463708927457213371e-02 1.793161989178330626e-02 7.169946792839963778e-02 8.610288991840367445e-02 2.803020888678985426e-02 2.255760424252129664e-02
4.170109806978153366e-02 8.176883005174925834e-02 5.707941447401077700e-02 1.354650200742721355e-02 1.483989972462798623e-02 4.233154839459777469e-02 8.698176059878931499e-02 5.066793651487339067e-02 1.408650670107736667e-02 2.518616346406478065e-02 1.117942489163054887e-01 7.005262259845600192e-02
2.473104353777642525e-02 2.091203948017637121e-02 1.060114990209511943e-01 5.316338527560391519e-02 1.651734659459562840e-02 2.324770586778077130e-02 9.932549662803406842e-02 6.972000657575254390e-02 3.345857632080278393e-02 5.355344790632541457e-02 4.629915424107132471e-02 4.637759138227238315e-02
3.177673937052159087e-02 9.017046973250819608e-02 5.522954835667888418e-02 2.620789079597013460e-02 6.098039041771537161e-02 3.847704437251592974e-02 6.523356190995333037e-02 5.713043851409620177e-02 2.150018506625533260e-02 2.058207590801872100e-02 3.243107952561792573e-02 7.530475445541892632e-02
4.526350521951770511e-02 4.040831557259304263e-02 2.037876626334989005e-02 2.406429419943758100e-02 1.225752717496824684e-01 5.943903045483607539e-02 3.181363280769052698e-02 3.258576989693535986e-02 6.356066180403366350e-02 6.429108356049353934e-02 4.064815825952453748e-02 3.613496779429424544e-02
2.164502731359097681e-02 5.352764137356819107e-02 4.883797867163428008e-02 5.130652314788214374e-02 2.229815641675269786e-02 6.476073106963758930e-02 4.335845678424031513e-02 2.328679112605432436e-02 7.076820029645641830e-02 8.462577564181919532e-02 3.813971811092287112e-02 4.428063876969626222e-02
1.222991167604991700e-02 5.440673592468912856e-02 7.646167810777577956e-02 5.155601938366170811e-02 4.062054681012666757e-02 1.098843458915912674e-01 3.740739306729317509e-02 2.658884838932128875e-02 8.027312116855131463e-02 6.205357630492804727e-02 3.689149958728431267e-02 1.082383141103625962e-02
4.874763491863270959e-02 5.154298277710200882e-02 6.160834759025052981e-02 2.679286853912790645e-02 3.328931544978192686e-02 9.614149610216607411e-02 3.823150759426530154e-02 2.600208806711483064e-02 3.477667966954727657e-02 2.782125197800213931e-02 3.735069936949295816e-02 9.273936241306925121e-02
4.448103957946090981e-02 2.839690303449312128e-02 3.299216703402026857e-02 4.863719317129766573e-02 5.727723959328143155e-02 6.309581420446304378e-02 7.806445238831105637e-02 3.445980811912517650e-02 3.756776596340887647e-02 5.623627839625208735e-02 2.858663668938317415e-02 4.832293417115425538e-02
6.670432489240629703e-02 7.461888473543723532e-02 5.143562607003698828e-02 2.929697245631175673e-02 4.919804992367064062e-02 3.743799246027743749e-02 2.849303760819963879e-02 1.323804057758025225e-02 2.449481112220091086e-02 5.731066608921909361e-02 1.172535532855144835e-01 3.723562285154473350e-02
3.422860136089257710e-02 6.026037006969961474e-02 5.542918408983585343e-02 4.626730176705626252e-02 5.393671511427704929e-02 4.583919201495587070e-02 7.022655603701592752e-02 6.173500689331983676e-02 6.988159044652209051e-02 3.422188367754548655e-02 1.831910777477918639e-02 1.819782449468385424e-02
4.444793735837881260e-02 3.293384403387859816e-02 2.708350687981166127e-02 4.616905887350178372e-02 6.583889616882203366e-02 3.570718575353821339e-02 4.410570612052155948e-02 6.457950165560882860e-02 3.486873939665534328e-02 4.141994106502523004e-02 7.045346641073688132e-02 4.872894645222509286e-02
3.191644982558711902e-02 1.979108764492934838e-02 3.187705368593415911e-02 5.180048923209359946e-02 4.484193063693545089e-02 4.511832853541687671e-02 4.925687814523715263e-02 7.003591194348922355e-02 3.350674971083750925e-02 4.506596946569321749e-02 3.176742757936837358e-02 1.214659293455135347e-01
6.163084535334635572e-02 5.319765462132183126e-02 2.954242342074587385e-02 3.080846862623574586e-02 5.717110787410020767e-02 3.699279955703921319e-02 3.088885115998722328e-02 4.040751860182154737e-02 3.721804872005510245e-02 9.454182712831871171e-02 5.886806865812452966e-02 3.255164190845125094e-02
3.345083730644202169e-02 3.276070897809722077e-02 5.431765566447215032e-02 3.919664088855207007e-02 5.572033921698426456e-02 7.825280611478946380e-02 6.010530423100191033e-02 2.142951127866020086e-02 3.208580702375050941e-02 3.234380026888791781e-02 7.406220437628462105e-02 4.991724041151530261e-02
2.029878626588363724e-02 2.756880254198748603e-02 5.230124759862412459e-02 1.159137425193804416e-01 1.197610443854514942e-02 2.573266288440569788e-02 8.984939814477814479e-02 5.621676484230577614e-02 4.792024646083079681e-02 3.713998526172999221e-02 7.293014113045513669e-02 3.826050120386566972e-02
4.610590649465817759e-02 6.019202772335133234e-02 3.396296122629507280e-02 4.365366092173487977e-02 6.568734819396666869e-02 5.049359604830169768e-02 4.267763703348276955e-02 4.753552797313852218e-02 5.171904290560323803e-02 5.012375622344365095e-02 2.531849879853166965e-02 3.509863221176674764e-02
3.194761569232573706e-02 3.283911024425626574e-02 4.925326211548539113e-02 3.723109485430203813e-02 5.978625596408408682e-02 6.871927325424266597e-02 3.004698681891517648e-02 3.327651863390721637e-02 5.546259499767109552e-02 7.762577344550926350e-02 4.580539203429483813e-02 3.700423576022099370e-02
3.636105068757547465e-02 3.592962907984936782e-02 4.873288499672587260e-02 8.136986389302669487e-02 1.746003394713246601e-02 3.168302050789592594e-02 1.147151994023808685e-01 2.639714399402729589e-02 2.077470922616514448e-02 5.602960978849057250e-02 7.756197795575790754e-02 4.256219269956592471e-02
7.004764818465522569e-02 2.899698635328688129e-02 2.303539718026772695e-02 1.059283480081930767e-01 5.610341612944440282e-02 1.347167623396881841e-02 1.127498889744971144e-02 4.102518360240232226e-02 7.513316057607438703e-02 3.832521517852151283e-02 5.784933957546974787e-02 8.035982816063803880e-02
2.390102893796737862e-02 3.197995833131634519e-02 3.812584939721988531e-02 7.047980035487827477e-02 5.241519879682590699e-02 5.628378397105170128e-02 6.803232683080286114e-02 3.578102207895544895e-02 4.014557646866451224e-02 6.338061130879985017e-02 3.396130826890993853e-02 4.370492095839816071e-02
9.183976943246123514e-02 4.386247068570398033e-02 3.555568374828165651e-02 5.621293338914105930e-02 5.654104348563798038e-02 2.237736659551147617e-02 2.985494186126009045e-02 1.146686580355569668e-01 7.061544547607230549e-02 5.562305710691116227e-03 9.970880375783633051e-03 8.554986092987844348e-02
2.237860299466424771e-02 6.623152021038122839e-02 7.665782648498872809e-02 6.666813416849040608e-02 4.604328271733554301e-02 2.379271344993456536e-02 2.248467735886943569e-02 2.589873164611930165e-02 3.785221359320743023e-02 4.543234455866958232e-02 6.775194512479651432e-02 7.224224791111791277e-02
1.186574805364128474e-02 5.176783666941822681e-02 9.801669092060738553e-02 2.892614279033849101e-02 4.328513417196094837e-02 3.262816467809670495e-02 4.182773986121153531e-02 8.632778226893873808e-02 4.071340256371575039e-02 3.809921377073174908e-02 8.362409288937314167e-02 2.871994741596885919e-02
5.413040703865141384e-02 4.275112116906361337e-02 2.128956238834475018e-02 3.173327961363562461e-02 7.691344738702718398e-02 7.096660200801066520e-02 2.784171681157572228e-02 4.418541087864464451e-02 5.682626488461739456e-02 5.698720897686004178e-02 3.230482059762622427e-02 4.707100708548292434e-02
7.965137928277313262e-02 5.140355502701893231e-02 2.981800063764064590e-02 1.820132616394590924e-02 7.942546633109424936e-02 4.130946135110741269e-02 6.336366961680087173e-02 5.436373011097288960e-02 4.128339218988880815e-02 4.218824488626195246e-02 2.494976002352214742e-02 4.117444529653044305e-02
3.012716275590806778e-02 3.808073116835165861e-02 1.614468224776804961e-01 5.815758525560161402e-02 2.207749654744885215e-02 2.151361983860669916e-02 3.298078227474673940e-02 3.731099638293543241e-02 3.435870134809535653e-02 1.744953396429814105e-02 1.185053463333156643e-01 4.784527741939165191e-02
8.606442081201116923e-02 2.982802881293786929e-02 1.954937559664782915e-02 5.311266457907962146e-02 8.299246093632868526e-02 6.085364493571901456e-02 5.167827435132573560e-02 9.095533340256611865e-02 2.297284146389522858e-02 2.313835919348845513e-02 1.595600151971630909e-02 5.350865141649158857e-02
2.576398136100593525e-02 4.010559307518735128e-02 5.282004711387244811e-02 5.223122602739541098e-02 2.056336796306761083e-02 4.328588741587375416e-02 4.392908213057325484e-02 3.594318122720112363e-02 4.108676901328504882e-02 6.396533136488753712e-02 1.075659854214298383e-01 4.185762630241687821e-02
8.872828470895510744e-02 5.827650436249690036e-02 2.780057526374327126e-02 2.555411024163100481e-02 4.936272035495729849e-02 5.763841774825198550e-02 3.430995461930809454e-02 2.853540125303156288e-02 3.020108419540488975e-02 7.492325064397302448e-02 3.762711972372746044e-02 5.535401353923462275e-02
2.638686777590579582e-02 7.038329714036918594e-02 1.017447741392259741e-01 3.353768112517752087e-02 2.134653252812873311e-02 3.727849912441332653e-02 8.361113679098594598e-02 3.999251412363077213e-02 2.066927728199390024e-02 4.012905849400708741e-02 6.305752706832244703e-02 4.388046530914753440e-02
2.414476278858323707e-02 1.043676292856684715e-02 1.593283680356844673e-02 6.203715277901642594e-02 1.030788078365968558e-01 2.758792610248708699e-02 6.349624155171471052e-02 6.553972441057279164e-02 6.633216994676430223e-02 2.219085889001380998e-02 6.892059997608691868e-02 7.026920428263651319e-02
2.636220516795536803e-02 3.016554846011065133e-02 9.508099555622642751e-02 9.993840848091432860e-02 2.749911419053815975e-02 1.793595979365588886e-02 3.218014625461242117e-02 4.979450412448117869e-02 6.760421901841180692e-02 2.503158456668352905e-02 8.122910875347569282e-02 3.714717949471559727e-02
6.920234944247738440e-02 5.091682359225985222e-02 4.685663606756565458e-02 7.210096935684748298e-02 4.600784342063535259e-02 2.107946062538730569e-02 2.537569046311599283e-02 4.438091506824768523e-02 5.650484578974130506e-02 2.977227482759855354e-02 1.856234702655760668e-02 9.617559326565071343e-02
3.141140933559338072e-02 2.505400510368598066e-02 2.760511204758737611e-02 1.339300726511330752e-01 4.048331034953205065e-02 3.424949819510612198e-02 8.101146763185092248e-02 4.584546322259149681e-02 3.737936279681278867e-02 2.890527567309884860e-02 3.468063859344699268e-02 6.734050814277992014e-02
6.779314983250295246e-02 2.687899051110910140e-02 1.022015707637230833e-02 3.147682476717174327e-02 8.280796138940563211e-02 2.808664086516766273e-02 4.115313501706355237e-02 6.570960664866437595e-02 5.954653252187572937e-02 3.517729840667079000e-02 3.414287133401370383e-02 1.090698127824531738e-01
4.333507590865181419e-02 3.339932736481846659e-02 4.905474599534864755e-02 3.097794085324215990e-02 5.211923113053096301e-02 7.486579920720891346e-02 2.910477683802313933e-02 6.228922334967578606e-02 6.410089336202355603e-02 3.877606397283801104e-02 3.695892723042232958e-02 4.125724075463298168e-02
1.116508600672461680e-02 3.896856496909140155e-02 8.770481422955070383e-02 4.724149055229867611e-02 4.082902158996570829e-02 6.777001423265267832e-02 6.584451140203063935e-02 3.157048906806583788e-02 1.747766106782542433e-02 9.321894211133678609e-02 7.996483878815928426e-02 1.754613728900265845e-02
1.890658782661022025e-02 1.730347080172535065e-02 2.215232059616072113e-02 2.690286444755866924e-02 3.427116221015186898e-02 5.436895052081446023e-02 5.501059816306094752e-02 8.917479585710168244e-02 7.484936617966177208e-02 5.210190673027714769e-02 7.115997500399684483e-02 6.711242604243165821e-02
8.002926252437771171e-02 2.744079793503943071e-02 4.613747514609435607e-02 2.824193811506491014e-02 4.831926996226382220e-02 1.737527408108963112e-02 2.797481488845859204e-02 1.407129594905260905e-01 6.274150118570154255e-02 4.852430084181348635e-02 2.286530799304101538e-02 4.381302855023766485e-02
4.449873880403121262e-02 3.062735976699857560e-02 3.844237553861382800e-02 3.716141217036192379e-02 7.425951000444988570e-02 4.745140611460010871e-02 1.747522654041512580e-02 5.106086931317323219e-02 1.004132792443454547e-01 2.718284005699792005e-02 2.941608091027196961e-02 8.127925496241676651e-02
4.574163226507742958e-02 5.171718430644157982e-02 1.027788461488077371e-01 4.333371720949834305e-02 1.035418578332548828e-01 4.910917155877889129e-02 3.415710456752999585e-02 2.573026203386485217e-02 2.973556794435478975e-02 2.439747776712170718e-02 3.337809797145674384e-02 3.550118003868353578e-02
4.077909677763372903e-02 3.778400441965348855e-02 2.619819123689246312e-02 3.034655251159307232e-02 3.929343809632233897e-02 5.439892763371464990e-02 9.458774371768097211e-02 3.551376986321160001e-02 2.746728903756094978e-02 1.164924684144592326e-01 3.644912462202930942e-02 4.093662965006428234e-02
7.405210048475904805e-02 3.715490476535214526e-02 6.326832583065359998e-03 1.021915871426399940e-02 3.105125775875102606e-02 5.342230367632354315e-02 1.693071609576809744e-01 4.039127209751788850e-02 2.872411945943003503e-02 1.255621009660946030e-01 3.989678001717332501e-02 3.366284570955137279e-02
3.304964454839758037e-02 9.173104403441389998e-02 1.956936779377328045e-02 2.421491848945585626e-02 3.844763047188187038e-02 5.894673731585320375e-02 3.885197622602051815e-02 1.694616283317991121e-02 4.007766557447255129e-02 9.474026481838127012e-02 5.503847523679244319e-02 7.193721881415837682e-02
3.441414438603157544e-02 2.261950632400622566e-02 7.488928910715189624e-02 6.879919460753121385e-02 2.942267935195048284e-02 1.657342845326573860e-02 2.397932810619808966e-02 8.578510633197571067e-02 8.646595797516097581e-02 2.961826652625588682e-02 3.144715335780723375e-02 9.127658510470421094e-02
7.047204665470793716e-02 7.411197911263402160e-02 4.860217903349689506e-02 5.645467335049193791e-02 4.071750142720489268e-02 3.016322291222591281e-02 2.319078000711461557e-02 3.833817888619561048e-02 4.757834295318714296e-02 3.526854650482907916e-02 4.635035717788272419e-02 4.707956305993461071e-02
3.884401239784829318e-02 9.148481429944006760e-02 2.256620181585317769e-02 2.061613249646809115e-02 7.847652775348562537e-02 4.464306106223560333e-02 4.561008251966967852e-02 4.689955830112887969e-02 6.039764862803319312e-02 9.960603722843190677e-02 2.609096848338978911e-02 1.588834613757314496e-02
2.828144191636498134e-02 4.976542254899977979e-02 5.830775969203576964e-02 2.920815641116315461e-02 2.328246580777179262e-02 4.741340391210698002e-02 3.781011620622533320e-02 5.470226628628425958e-02 3.462611143246781265e-02 5.643780278865537930e-02 1.009455393589207967e-01 4.578069423442586439e-02
3.599460683257297428e-02 3.387237980296547990e-02 2.945726186019649584e-02 4.351666122812439252e-02 5.026590663801368264e-02 7.564170211488366324e-02 3.860127228624453399e-02 9.057268946955074340e-02 3.296237980185944688e-02 1.633752205656724410e-02 3.742709597633980811e-02 9.445516879530808929e-02
2.439983881667977944e-02 5.852903809133266910e-02 2.515441312185083197e-02 2.527798805842484953e-02 3.942993376616614476e-02 5.116714526260304763e-02 5.562851585828906126e-02 3.900310105886733991e-02 4.006819374117349258e-02 8.685123710963502108e-02 1.230985079750842870e-01 1.982901759782899204e-02
2.234013167104575981e-02 2.118953272475726513e-02 3.450517471643103906e-02 1.561335257404778964e-01 6.307628475539962809e-02 3.165614839151731363e-02 7.712767784819582473e-02 5.758902985681633308e-02 1.737583450342460034e-02 2.719933008083878778e-02 5.451812466981659916e-02 4.533913354407148599e-02
4.426727150843307035e-02 5.218896586736879867e-02 6.021176717757840968e-02 6.631900219462075197e-02 4.796980986362518046e-02 3.097980152267812773e-02 4.529744831839369046e-02 2.205447614544485402e-02 1.033663869171583607e-02 2.569410918057056167e-02 1.303093387054491958e-01 5.951876000154268653e-02
2.918816826909001461e-02 3.294153440926744086e-02 7.162439731950721866e-02 1.951907652926267861e-02 5.402087280851378820e-02 3.465489369446750345e-02 4.574729212260804367e-02 4.376055649022057847e-02 5.452265145483042863e-02 7.331462157890089593e-02 6.756501009290784288e-02 3.440726100811451749e-02
6.482705954293607742e-02 4.294711906402527701e-02 5.829583454098073714e-02 3.463082056766905031e-02 4.096787504834374649e-02 1.328083688324709077e-02 3.272079468411426273e-02 1.233156647592575372e-01 5.063968945845803010e-02 3.201610098313701497e-02 3.367268682386635736e-02 5.367139023031362866e-02
2.228743730693925895e-02 4.268507180621799318e-02 3.834815284678040614e-02 5.322775241489170750e-02 5.966296684724081700e-02 6.053509414481501871e-02 6.280041532588803710e-02 5.223825320800636052e-02 4.926033579323634698e-02 7.608585112417620699e-02 3.268558591195704077e-02 1.672330131131095216e-02
1.543137534037091613e-02 4.388493415737621667e-02 1.123877003502677108e-01 3.249865667156646293e-02 1.934231113501067717e-02 2.727536101331181143e-02 6.571180895703916669e-02 4.871301755238992282e-02 2.763029061583585286e-02 6.993698257305225319e-02 8.385993511235564912e-02 4.571547927015309071e-02
5.147635084097242769e-02 4.412941750022487952e-02 3.027248999643321337e-02 5.196474816709924227e-02 6.305640786864417924e-02 4.491386204648158131e-02 4.380418818044416740e-02 4.845645666135840052e-02 3.992721041921590275e-02 6.943546836059674709e-02 3.606012404453677600e-02 2.972553563441733201e-02
4.161087540039350857e-02 4.072160850242343560e-02 2.978177618159158144e-02 1.209527604075238613e-02 2.736899301941070339e-02 9.422907665996384241e-02 6.334194041987262214e-02 4.976848985649607454e-02 2.931851890918334841e-02 6.426763889334555224e-02 9.572177634103772037e-02 3.703768488658604197e-02
6.979549809099572233e-02 6.053900216329329009e-02 3.607446697447198175e-02 2.367460531272731761e-02 4.060685478172142843e-02 5.219601180381029659e-02 2.573677872808950023e-02 2.990697724150397779e-02 3.644646206581781539e-02 7.072965998433414225e-02 7.717728444301970303e-02 4.261212321561820560e-02
1.403613615696825204e-02 1.807824305048331276e-02 6.826289086419773389e-02 1.082072341442797264e-01 3.736560304180013004e-02 4.841526813736700408e-02 9.547350855904881972e-02 5.582026524923754812e-02 4.242877113436513414e-02 3.569595956091078937e-02 4.415323148797910963e-02 2.471857315989031342e-02
3.910990593400450605e-02 2.772920947108172690e-02 8.232180160765366350e-02 6.810622408884654810e-02 2.141144587693546639e-02 1.751677009311682423e-02 5.987411648486780369e-02 8.662358668548514329e-02 2.496866680364313515e-02 4.471144609405799941e-02 5.858834829257017485e-02 4.824384199260400158e-02
2.724934217696575733e-02 4.827594656166575571e-02 3.706261187857037148e-02 5.496382986604586574e-02 8.668918842483253062e-02 3.947145142871117535e-02 4.221272682949472194e-02 6.044382767547658297e-02 6.053612486878721943e-02 2.286088811496201842e-02 4.048571344510654146e-02 4.051436357020074541e-02
3.435520060543389292e-02 4.148396016494476646e-02 6.975808050209154898e-02 3.226769800757801204e-02 2.085519403341876826e-02 3.020968350427511578e-02 3.745446506588451241e-02 1.201372700758576162e-01 2.715144573118218746e-02 3.843771721685070725e-02 6.723862982654463250e-02 6.167754693478785105e-02
5.749600586717382167e-02 4.576403274676432015e-02 3.755244277743242931e-02 5.263739150953373330e-02 3.409041519447238155e-02 3.987730320834566300e-02 7.478683649624351393e-02 4.424371820544924228e-02 2.369847341532992785e-02 3.096412725751288703e-02 8.182655570525411426e-02 3.879500731336803926e-02
5.387591307457514911e-02 6.542690462385396255e-02 5.167925580517125639e-02 2.821845384620294203e-02 7.615778997807196027e-02 6.994129407100055373e-02 2.089739659512283854e-02 5.243516309560056210e-02 4.840326126667649637e-02 3.412969420527996872e-02 3.620586145792673710e-02 2.685070296955616859e-02
4.882757915162088541e-02 3.081553401944161358e-02 3.720904952006730965e-02 4.037766288661537306e-02 5.333638165998186992e-02 5.747319321262545078e-02 4.496673070753032936e-02 4.646903438470689762e-02 3.638203469211243046e-02 3.285785674806200596e-02 5.646653321328564540e-02 6.703347695482736457e-02
5.109046984498640670e-02 4.696440642572426161e-02 5.547639007432970254e-02 4.394153123527273774e-02 3.367096712731251773e-02 3.140552598442488547e-02 3.300983128531790461e-02 2.086419266843476950e-02 3.132343767137677620e-02 1.144728389559871440e-01 6.832777729697474267e-02 4.339413714282901180e-02
1.450305573108724363e-02 5.292711283807900041e-02 9.741942354652426139e-02 4.630589648637774280e-02 3.739861011375788385e-02 5.535092992423420316e-02 3.936033008374038161e-02 4.228026454324845113e-02 4.103616368977082429e-02 7.970896175587111054e-02 5.678222233694789345e-02 1.664684752454264824e-02
2.945345790900295163e-02 6.965698684664727025e-02 9.370749424440981412e-02 2.605653001517063000e-02 4.155892171664664347e-02 4.466500012164326128e-02 5.561444181491100730e-02 2.290802009417853766e-02 2.682446471267769389e-02 5.975609397079510027e-02 5.269880394587283384e-02 4.557877880075263816e-02
4.413313975941613593e-02 4.949280444667288059e-02 4.720333488359934604e-02 3.613426214881008958e-02 1.504368922411358084e-02 4.459958179974217451e-02 6.398696736498729609e-02 1.000502193718560834e-01 4.680419808709704310e-02 3.266760948311252938e-02 5.377728959232942751e-02 3.427236243245756347e-02
2.854464162202351163e-02 3.504245000737983562e-02 4.425311675317679383e-02 3.779977104873235433e-02 2.437545768729915130e-02 3.551808265347689703e-02 3.382846615489061570e-02 4.070674641894490853e-02 4.689463854394445436e-02 7.861424092211333203e-02 9.260193971388386291e-02 7.077868280022101000e-02
2.270467404283180168e-02 4.829409227232266122e-02 4.550666564227752453e-02 2.947931501919770839e-02 5.899952489899321084e-02 9.920508946692005448e-02 3.024138059609784990e-02 1.421712263096379554e-02 4.042476171481058922e-02 7.202502745772820791e-02 4.245089935973701128e-02 7.700504185512765942e-02
4.444000234530132848e-02 7.266912965818347891e-02 4.600333062387626515e-02 2.167314593305722653e-02 4.462177772761423411e-02 5.262436627988729965e-02 3.276703340642848905e-02 2.277423852092542653e-02 5.760389767642089265e-02 4.080472066828486760e-02 5.140487765633833944e-02 7.510520624777949905e-02
4.747364998657539747e-02 8.237312919449221726e-02 7.185251923804925056e-02 4.470180912655663530e-02 2.677934614480706466e-02 5.816622077640979521e-02 3.376199790588793603e-02 2.285820243429893470e-02 3.335123931497478711e-02 5.494263281278129185e-02 5.952450215312924536e-02 3.006431019843231606e-02
2.224335362919632395e-02 4.895153946887763341e-02 9.363403809487852447e-02 3.650872589167164506e-02 2.857776405363974745e-02 5.045150215458940601e-02 5.868281587712891739e-02 3.653902715625132608e-02 4.562653484178824659e-02 6.700767582447465787e-02 4.733948081062334945e-02 3.079339599732966448e-02
4.116485292992276557e-02 2.884881620906425137e-02 6.569764323915722182e-02 8.443480703493165540e-02 3.760438884754382927e-02 1.545808677343921481e-02 6.081018773951476358e-02 3.191576465683227531e-02 3.463306310529446624e-02 9.443105791942596472e-02 3.716832716286139898e-02 4.262053160089025738e-02
4.050569201500062166e-02 6.946121509765283697e-02 3.802365235718306591e-02 4.307238323358098669e-02 3.044204545866135286e-02 2.089628898804500243e-02 4.115598411020497671e-02 4.013688567786687783e-02 2.569899993547689748e-02 1.029299170749176234e-01 4.230010343143143781e-02 7.703816788342796040e-02
1.309065760549509017e-02 6.669075820943402844e-02 1.123331034491572705e-01 2.773761943998071314e-02 4.273064514558969074e-02 3.972431483381313327e-02 5.255241586914928542e-02 5.457870403594662634e-02 3.141458043582653209e-02 4.308432613382487397e-02 7.825443850916775912e-02 2.364637276757224071e-02
5.027963160481307286e-02 4.266080041598128286e-02 6.209428631041551128e-02 4.119758148724561586e-02 3.184269462572062587e-02 2.743336542142989568e-02 3.377142946733049933e-02 4.739032892578223105e-02 6.073485195994064723e-02 2.316101717467779555e-02 5.150771145860157801e-02 9.222633307446358175e-02
1.140535549913488655e-01 6.129799872922493675e-02 2.028445879070036456e-02 3.493537645569603362e-02 1.079864882394222791e-01 5.604737492636810425e-02 1.719241470185300935e-02 2.437319024957199445e-02 7.302850696317615686e-02 6.084850122937413008e-02 1.629616594865995055e-02 2.474686247709860162e-02
5.184388774815879009e-02 1.611926338806902725e-01 5.054265729890086711e-02 2.345751871675864214e-02 4.536678978129206341e-02 3.352072150459201039e-02 3.509705069819865630e-02 3.712915251345480505e-02 4.374881082313564207e-02 3.897101907136917009e-02 3.333556730188207834e-02 3.546006894170659202e-02
6.696154982555442559e-02 7.012914039682657807e-02 2.478553721717224531e-02 6.789013903440592468e-02 6.953890235730897373e-02 1.660643323679243319e-02 1.849431816888719854e-02 8.316686972145115320e-02 7.726947955226715070e-02 5.292987403996659429e-02 2.699529378081528402e-02 1.775916966776898420e-02
3.422465869056204313e-02 5.141339458531661577e-02 4.754395120023055532e-02 3.841142019478055447e-02 3.705965124191094862e-02 8.633501188468604981e-02 3.391466723055425181e-02 2.411251123350584280e-02 5.260259235230387020e-02 1.295375358632094576e-01 3.573159373834636221e-02 1.797065497513005219e-02
3.836779771185368226e-02 1.992246508738746563e-02 9.071682385676720778e-03 3.114482010605943568e-02 7.153806542618890152e-02 3.885386463190135253e-02 7.121720166130811325e-02 6.280285103007028635e-02 8.181045456163123231e-02 5.729760137155608113e-02 5.724913180287548309e-02 4.222754004203949085e-02
