2.610532087404783264e-01 3.992451553507188056e-01 2.380458054943549451e-01 1.958804494213808867e-01 2.055117547768061659e-01 1.911119978067927772e-01 2.820200937239768502e-01 2.949158875790859891e-01 2.796673700297209186e-01 3.026911835126713246e-01 1.681393023834196199e-01 1.817177911806031609e-01
3.499085172598269677e-01 2.270643185325492697e-01 2.113415415311527268e-01 3.412013137188809608e-01 1.891606410785722781e-01 2.353598678141802791e-01 2.878101856609571740e-01 2.640042365875830965e-01 2.764078080414974492e-01 1.684957000857946197e-01 1.819014506442319379e-01 2.673444190447780144e-01
3.009534285731518266e-01 2.590903985469303894e-01 3.059786247165958706e-01 2.541052600969286868e-01 3.008469465994872971e-01 2.315719886308912900e-01 1.954005744357192875e-01 2.596405789054754276e-01 2.646934650276883683e-01 2.337684110772074719e-01 1.876974972598101088e-01 2.062528261301116439e-01
2.274892588758858081e-01 2.158725298490113409e-01 2.999483608726994377e-01 3.876347664984016173e-01 2.902166357753113712e-01 1.119672482366847466e-01 2.302132003784994885e-01 3.187252882912874341e-01 2.381021103152564655e-01 2.304709725214580951e-01 2.203285205477958919e-01 2.290311078377185727e-01
3.001410108185107450e-01 2.716340726566786046e-01 1.909528845376771422e-01 2.868467700612212790e-01 2.471169172380376367e-01 2.666027566175466212e-01 2.123899352099578863e-01 2.070308755766268882e-01 2.694649004292226646e-01 1.946418673952920453e-01 2.650486472823704309e-01 2.881293621768516444e-01
2.437676402693326749e-01 2.176188984993444875e-01 2.814711162221839036e-01 4.206411703566523275e-01 2.739442629197466061e-01 2.253590831958104668e-01 2.360473320897210070e-01 2.266902054255077181e-01 1.213768460435603741e-01 1.899036190062470819e-01 2.995254765461977109e-01 2.636543494256898823e-01
2.523264988484563709e-01 2.059009858030209361e-01 2.114725396954701409e-01 2.577879052536733440e-01 3.072284565268199041e-01 1.810339535561784896e-01 1.852261914517626118e-01 2.790287648844431145e-01 3.077164893525136113e-01 2.154439841730345639e-01 2.538224366122558973e-01 3.430117938423837276e-01
1.908872052179634848e-01 2.184095490448912658e-01 1.820024316539293197e-01 4.821240915422350115e-01 2.032519075492491833e-01 2.829432782352868103e-01 3.470512566028403079e-01 2.179000052407551735e-01 1.335773534975389087e-01 3.200041395929609234e-01 2.307122954210421018e-01 1.911364864013123666e-01
2.378854043241056260e-01 3.213608683916501785e-01 2.943881489662042994e-01 1.684191869590210555e-01 2.614758806496312316e-01 2.748211643942994886e-01 2.519270768856786136e-01 2.066955739932350156e-01 1.585238561216835429e-01 1.750186564039606929e-01 3.024667880923519458e-01 3.470173948181768386e-01
2.120537816350199223e-01 3.424951138055245536e-01 3.033484450334231197e-01 2.539103873801447087e-01 3.213476844433158508e-01 2.918135176646228235e-01 1.998999383657773521e-01 1.926514490472922281e-01 2.366671318893998066e-01 2.991856237966656895e-01 1.816669050238226557e-01 1.649600219150003932e-01
3.820379466991156714e-01 2.513378164054140829e-01 1.904196170724882509e-01 2.680993720022645799e-01 2.221873481663241834e-01 2.198200987595117506e-01 1.317009343045978109e-01 2.431417046907410617e-01 3.151820501666006691e-01 2.522879275954407197e-01 2.563335120191476690e-01 2.674516721183525236e-01
2.642897509483641549e-01 3.008035262080893668e-01 1.836859243196885816e-01 2.054146138396124865e-01 2.359783959730605285e-01 3.238313427463759275e-01 1.877869675647627634e-01 3.272496192361667999e-01 2.502099939500190828e-01 2.396084769087331034e-01 3.126168919888073772e-01 1.685244963163179122e-01
2.942207849349234294e-01 2.990672895791604002e-01 2.469473215059081461e-01 2.049903388601106158e-01 2.283505980392499246e-01 3.091357563851577783e-01 2.616314376970818589e-01 2.539197281633037706e-01 2.033696015070419194e-01 1.994476856473210435e-01 2.537750256897475243e-01 2.451444319909970027e-01
1.976059446312587453e-01 2.517819940879902907e-01 2.512777519481583788e-01 1.964430790391439308e-01 2.255519783120145116e-01 2.359330623039755936e-01 2.972318013391492819e-01 2.835150128044958140e-01 2.304641601348203506e-01 2.076081249719441413e-01 3.463097847311826238e-01 2.762773056958681694e-01
2.206534935636935146e-01 1.913924093221094358e-01 2.458347966771580184e-01 2.956758810548135719e-01 2.158090917128564490e-01 2.157520719423254574e-01 2.301849439434911493e-01 2.982008108912305167e-01 2.399418040746423009e-01 2.414397771062676834e-01 2.779702709198562660e-01 3.271446487915626866e-01
3.131015901463520823e-01 3.421636678130481335e-01 1.709090214259693929e-01 2.026891270602252104e-01 1.687309080114947069e-01 3.671966836551375790e-01 2.484894350608980174e-01 1.604763451545946074e-01 3.107677789844814908e-01 3.325930692681237644e-01 2.012922139596321491e-01 1.815901594600376201e-01
2.385029179337770366e-01 3.259917234777140460e-01 2.791861832548624966e-01 1.436849673879032063e-01 1.534211233284235310e-01 2.447782791164521132e-01 3.327683986400468141e-01 2.668659756585876064e-01 1.460497854391985817e-01 1.900036931830166864e-01 3.751484617543936473e-01 3.035984908256307291e-01
1.938222708484212409e-01 1.712727416665624780e-01 3.691469915266736290e-01 2.681250047025691696e-01 1.589645907673925274e-01 1.830026722549872309e-01 3.570162374354101109e-01 3.027600098914973170e-01 2.155451874082263686e-01 2.750141164603152610e-01 2.482102478100475518e-01 2.571199292278993909e-01
2.056380705854191637e-01 3.443040739169151987e-01 2.730808389160407357e-01 1.900763525456074521e-01 2.947598199398304142e-01 2.275188572082989524e-01 2.952879230534594113e-01 2.793024085501778497e-01 1.775624322639072217e-01 1.782743945456626566e-01 2.121680579620162932e-01 3.220267705126611535e-01
2.493435927684657660e-01 2.407254163176651141e-01 1.762032344360538461e-01 1.833676757502004095e-01 3.929288841465925497e-01 2.798896095582885657e-01 2.149908313005034488e-01 2.150987689774280787e-01 2.909314695070566170e-01 2.920337407065299318e-01 2.381616065025262130e-01 2.263251700286921242e-01
1.734126371478526552e-01 2.756367604875569755e-01 2.544220311231118470e-01 2.721037439589796270e-01 1.748337418398108467e-01 3.000021318290695960e-01 2.454436058259112929e-01 1.811965826042655214e-01 3.075005562616225374e-01 3.309486580947794687e-01 2.268725577885088718e-01 2.576269930385264306e-01
1.371013075432668260e-01 2.752918171875319286e-01 3.138987389807325057e-01 2.669268567245173251e-01 2.336300710784085521e-01 3.741800740191393304e-01 2.266996250777353339e-01 1.941298343840008045e-01 3.277694356614925253e-01 2.837302584598141997e-01 2.352590856972273381e-01 1.313828951861387706e-01
2.551129877612419161e-01 2.635835161281749883e-01 2.908314603249428365e-01 1.954920031942386505e-01 2.145860507859396193e-01 3.541333571081920484e-01 2.282715016091020066e-01 1.949776509957049098e-01 2.283866883766624833e-01 2.010056092746460021e-01 2.258356779250010882e-01 3.477834965161585856e-01
2.489698798005630376e-01 2.016751666633768147e-01 2.173363549606349698e-01 2.588226314221547808e-01 2.772186205516140589e-01 2.874269555632763540e-01 3.212799993589374736e-01 2.180718037372698648e-01 2.288553222451943370e-01 2.812619567333542459e-01 1.982428648364280011e-01 2.608384441271901499e-01
3.001740504890434980e-01 3.099209146709000495e-01 2.665390835427235983e-01 2.028018833448742841e-01 2.644061523641438871e-01 2.267148481428944151e-01 2.097053525939188701e-01 1.426548065689889899e-01 1.935499455423100590e-01 2.754471960078215265e-01 3.848615792832324467e-01 2.232241874491505684e-01
2.213148779992534509e-01 2.843359252260769798e-01 2.731623950003762569e-01 2.509085510787338880e-01 2.720871041400343415e-01 2.478066108166162296e-01 3.061045481150634906e-01 2.841914834483970642e-01 3.047718301738340796e-01 2.201384921886645474e-01 1.681149200808876865e-01 1.670632617320679802e-01
2.495881300871600206e-01 2.184878563824935449e-01 1.974549698075391269e-01 2.514907235332205504e-01 2.979766184263946682e-01 2.221557170018413907e-01 2.462230756199822457e-01 2.957738337242557525e-01 2.194929045375154375e-01 2.394241282682833538e-01 3.066456004523225309e-01 2.552864421589857158e-01
2.090702788839386428e-01 1.741671210935690495e-01 2.149386527322648122e-01 2.666991145189079315e-01 2.473366285803005882e-01 2.512587139827341387e-01 2.569343318776263208e-01 3.071682287845145520e-01 2.132807225108572791e-01 2.592691308929253591e-01 2.056827757990079553e-01 3.941943003433545645e-01
2.891328127227172362e-01 2.683206698089843911e-01 2.062993526940667399e-01 2.089474625153588672e-01 2.816160649823619688e-01 2.261303805672320588e-01 2.104683258412564095e-01 2.430368721868881865e-01 2.241826313964863371e-01 3.488351667013648294e-01 2.807995235262039646e-01 2.122307370570695462e-01
2.197392850047140134e-01 2.138837639274791813e-01 2.750632611504428837e-01 2.314133936518850965e-01 2.748889602280835120e-01 3.174817790871545808e-01 2.861534381344198463e-01 1.744719065799144597e-01 2.224634692728983398e-01 2.106013900255649940e-01 3.144239342362910028e-01 2.594154187011532553e-01
1.752352338388883934e-01 2.055473031061014200e-01 2.621884799344105232e-01 3.898769991478900909e-01 1.292994705587846016e-01 1.949966622007426320e-01 3.425461996293177602e-01 2.717495642776620590e-01 2.605104545921497206e-01 2.253712686807639032e-01 3.116620195707386354e-01 2.310163444625524809e-01
2.496691904316276078e-01 2.867674244172648268e-01 2.172183117179454226e-01 2.460547326461967332e-01 2.954820495471631725e-01 2.610842770250956235e-01 2.432708823018368272e-01 2.560891562113332687e-01 2.632698139996269004e-01 2.648998588023728229e-01 1.899060759279634358e-01 2.262882269715820183e-01
2.146997897329393779e-01 2.143559360743734210e-01 2.640462346358612988e-01 2.262346266698235242e-01 2.827612365935336380e-01 3.028928522224495490e-01 2.052074171812124093e-01 2.189654852049781053e-01 2.727574442993020432e-01 3.184384358032089635e-01 2.493282582963965432e-01 2.303122832859221536e-01
2.294033906656958721e-01 2.273046721447644636e-01 2.538095568113261091e-01 3.338451717792604301e-01 1.579062174968918209e-01 2.102528478958631541e-01 3.839480914329322925e-01 1.911221846072544972e-01 1.763677851162554489e-01 2.773354307609942060e-01 3.172660010731537250e-01 2.414386502156024017e-01
3.045133014411330885e-01 2.063843691563723715e-01 1.798960245903079569e-01 3.680528692854216910e-01 2.755735135098033028e-01 1.455495859172596940e-01 1.332948295927058047e-01 2.415873817890613062e-01 3.144992167842720066e-01 2.287958797146385781e-01 2.808016327658521272e-01 3.210513954531675762e-01
1.848322109444987538e-01 2.180921518396876091e-01 2.283619441756446211e-01 3.070506045264057016e-01 2.646926014551465034e-01 2.740820681761504396e-01 3.016395258293953496e-01 2.225959397091062386e-01 2.355307994971739816e-01 2.952126699223813211e-01 2.144222926037525623e-01 2.534871913206516725e-01
3.409842587331417540e-01 2.470053490058325141e-01 2.256969510893967468e-01 2.734213384918382506e-01 2.796869244232620400e-01 1.820547888318257423e-01 2.066371392451978872e-01 3.774473783696666862e-01 3.123823208243967642e-01 9.210581950250248950e-02 1.241818848527587033e-01 3.383958466301829615e-01
1.747951700217476589e-01 3.013891000703501910e-01 3.137624625402179457e-01 2.963513835062506763e-01 2.538545243076510971e-01 1.868053179646703144e-01 1.844519585454974797e-01 1.955873972076898615e-01 2.330678243590608156e-01 2.496107672070001782e-01 2.971846540284214244e-01 3.131394402414299227e-01
1.328377206524627707e-01 2.678771819405574850e-01 3.553580432997356375e-01 1.981598825139457010e-01 2.537333888542772087e-01 2.157097784813055419e-01 2.377422962529576189e-01 3.369499411239897935e-01 2.367616630395611155e-01 2.278235991122470605e-01 3.334736207878243874e-01 2.035728839411287405e-01
2.688276032649351555e-01 2.467599827186019168e-01 1.770578046281974516e-01 2.132463889964265891e-01 3.161920476088337928e-01 3.072639032250309987e-01 1.972345814593139401e-01 2.508186994788071944e-01 2.741084502815403501e-01 2.795167370137240370e-01 2.122414318796467803e-01 2.567323694449423210e-01
3.224335832488423037e-01 2.630220625082829722e-01 2.123137295331278263e-01 1.590258307205142108e-01 3.320146519239987604e-01 2.333671711655723457e-01 2.939261319722912824e-01 2.707934831822403909e-01 2.374068182487414913e-01 2.466212027705518006e-01 1.898510247890694003e-01 2.392243099367667991e-01
2.130943249860229316e-01 2.275271478722721286e-01 4.402571502734414777e-01 2.791428876086548549e-01 1.821643052659720485e-01 1.820259799990877059e-01 2.182993628038177869e-01 2.287713440357759809e-01 2.308806196275247358e-01 1.543634629172344896e-01 3.919703201377534585e-01 2.515030944724404027e-01
3.338271240305382692e-01 2.066654068513426590e-01 1.698657951301907332e-01 2.703686902202019349e-01 3.261409409429326112e-01 2.857369586822294805e-01 2.614858572147190086e-01 3.469670352720420348e-01 1.778859354706982532e-01 1.964438536566506799e-01 1.538938219250610140e-01 2.707185806034031472e-01
1.937872997371567485e-01 2.390645281887899820e-01 2.652914449098112692e-01 2.720969814031052314e-01 1.702727598791459462e-01 2.507624418566763436e-01 2.455004951130488888e-01 2.251723587618806033e-01 2.403678908538902370e-01 2.899038857684165804e-01 3.680636573299407299e-01 2.397162561981407147e-01
3.367640755794033547e-01 2.793699259118410105e-01 2.012637959694215106e-01 1.933005144401708231e-01 2.606241671294814433e-01 2.787819743085562241e-01 2.202967973526583911e-01 2.070394187124053320e-01 2.039563813264366199e-01 3.188963935800349647e-01 2.256088061793305455e-01 2.740977495102698835e-01
1.933374889464082036e-01 3.056666270130707908e-01 3.585544071452596571e-01 2.171636865454391607e-01 1.798909683680633143e-01 2.278351241632339819e-01 3.299873880346758659e-01 2.364455780417270281e-01 1.745935960545181853e-01 2.391153364471170772e-01 2.888014694389655634e-01 2.486083298015241139e-01
1.906789094475108970e-01 1.305139079010533831e-01 1.575049932729297442e-01 2.875695147492539072e-01 3.642271451330214016e-01 1.935780619767926702e-01 2.979099195305126013e-01 2.896503221259763561e-01 3.039845904254132591e-01 1.751905300497446083e-01 3.060975670120333891e-01 3.030945383757556177e-01
2.005078918917020669e-01 2.062992294857244613e-01 3.489053565815674052e-01 3.565647868194247172e-01 1.983802903970183495e-01 1.657738273863337275e-01 2.182092463643615643e-01 2.573222055994197621e-01 3.067842315288593635e-01 1.836026015966324976e-01 3.337966403781155722e-01 2.238536919708466466e-01
2.986956955661957402e-01 2.649149823221023659e-01 2.521506668912387172e-01 3.075844699409913119e-01 2.526853597816407504e-01 1.770357831195865372e-01 1.952066501784582575e-01 2.472789861241698195e-01 2.772443319523697491e-01 2.104024780734075617e-01 1.612808885904981060e-01 3.555197074593346995e-01
2.097358510716953450e-01 1.977350265674119867e-01 1.939980586115150063e-01 4.095618054279802633e-01 2.337813474868286057e-01 2.187880138657091189e-01 3.282845449657629811e-01 2.471338433888000119e-01 2.331293974532472335e-01 2.062588830384096128e-01 2.190090650368412550e-01 3.025841630857923348e-01
2.977485502657109540e-01 2.031593151995993995e-01 1.253490149467444692e-01 2.118212800297603060e-01 3.332025354990348354e-01 1.963365045303786527e-01 2.423240845870056059e-01 2.950019990550863391e-01 2.815995895467900967e-01 2.247180053775940101e-01 2.169820089805150065e-01 3.717571119817816849e-01
2.469622287033776398e-01 2.147539115255438225e-01 2.654433071363175856e-01 2.077112794357562353e-01 2.651282461250353273e-01 3.173135056892032457e-01 1.989874625035082389e-01 2.914277253165394876e-01 2.912623583595379539e-01 2.317969938612156611e-01 2.293138725606950479e-01 2.398991087832647584e-01
1.323831105006670061e-01 2.358518217868416367e-01 3.356257574722570913e-01 2.537265966370257919e-01 2.384690230589407434e-01 2.995473080889322626e-01 2.946051618828118279e-01 2.169153991765717382e-01 1.576654110851476442e-01 3.488885636432917381e-01 3.230113520754078760e-01 1.633104945920994255e-01
1.655802585959458839e-01 1.660413341889745431e-01 1.857588351864364329e-01 1.990690596753165731e-01 2.194955852694971954e-01 2.739469636384858631e-01 2.699675656111231170e-01 3.378097341432746981e-01 3.123006440910190418e-01 2.642007180007791556e-01 3.045771044578088338e-01 3.012521971413364419e-01
3.281022165658160628e-01 1.931661391343620637e-01 2.633528954460823135e-01 1.954082313423678996e-01 2.698112756174244620e-01 1.600278817308798673e-01 1.977890360102785849e-01 4.166361357081918015e-01 2.853662367896163121e-01 2.641464355401036412e-01 1.817115953368151904e-01 2.444819207780634662e-01
2.448494818337992873e-01 2.102858780925948301e-01 2.376353593381527740e-01 2.252028253606677133e-01 3.127720493592605622e-01 2.585079290731058799e-01 1.590772854739336828e-01 2.641697568042547517e-01 3.591521733587955678e-01 1.950993623694858847e-01 2.043525248544593997e-01 3.288953740814902771e-01
2.533344474467125740e-01 2.610152199333910517e-01 3.647545313604055872e-01 2.381734804348308865e-01 3.656965715908885306e-01 2.555242288665166561e-01 2.228436173519877106e-01 1.939676293049544253e-01 2.119102153052205562e-01 1.877349192031665392e-01 2.212853938030255874e-01 2.237597453988986462e-01
2.384834526240535713e-01 2.322272061274500699e-01 1.944237087301093903e-01 2.117364761891995517e-01 2.364974988646404985e-01 2.682430556040426017e-01 3.494578698068702138e-01 2.234769885847179838e-01 1.936225412154479186e-01 3.879897310743577465e-01 2.204524037089997113e-01 2.433890674701070234e-01
3.144083887765442564e-01 2.328839283450240549e-01 9.868872074626927615e-02 1.332736110446788302e-01 2.223780197218890309e-01 2.652235117590403535e-01 4.502660355436687856e-01 2.359464992899596159e-01 1.977294167144661996e-01 3.993363553384383091e-01 2.323867020998830468e-01 2.174788106201344662e-01
2.081722238740286723e-01 3.549825890155590136e-01 1.645474702133497280e-01 1.940972556367891733e-01 2.323083668449025807e-01 2.813625739636228529e-01 2.366696015754896354e-01 1.580976878447405420e-01 2.372965675199570357e-01 3.487651805292406593e-01 2.679602521983879271e-01 3.157402307839360378e-01
2.190341342596313634e-01 1.801162509053820804e-01 3.170318568782231061e-01 2.995405220795211987e-01 2.076097242756917427e-01 1.617279792340418354e-01 1.867151587534348900e-01 3.329920922209104739e-01 3.347619292485020104e-01 2.056758847431926218e-01 2.088413603320565803e-01 3.459531070694105703e-01
3.038364640886206391e-01 3.117347803954509944e-01 2.552275133804806639e-01 2.775148528128021375e-01 2.371635662949419521e-01 2.109999687124792522e-01 1.840327731268396605e-01 2.336788014389268309e-01 2.572758921091832240e-01 2.209079145312747849e-01 2.554497741029659874e-01 2.521776990060381474e-01
2.314444259594903852e-01 3.475463254314504757e-01 1.791776755167048263e-01 1.724527037310580047e-01 3.279650250348674634e-01 2.428255123002910632e-01 2.539705757915574069e-01 2.549272391739867971e-01 2.812143595228242532e-01 3.584714303214563413e-01 1.930899764233880433e-01 1.569147507929278818e-01
2.011483515798765664e-01 2.616000120030532727e-01 2.807864464509577385e-01 2.053220287010142919e-01 1.838338098518104702e-01 2.624522505161155372e-01 2.252382407304627243e-01 2.777442866961912227e-01 2.191508132210296111e-01 2.750259809187550752e-01 3.574806343218153160e-01 2.502171450089141769e-01
2.207477793619433970e-01 2.249496034897677521e-01 2.052616754757708439e-01 2.474495143855784951e-01 2.584617468249927885e-01 3.198382253127117769e-01 2.259601556611322837e-01 3.460379552653940483e-01 2.148605396237711906e-01 1.573884426979599016e-01 2.285224131111638080e-01 3.505219487898093012e-01
1.891206992307660484e-01 2.893925929327972879e-01 1.874647102387359265e-01 1.950521260839287452e-01 2.374772634225687240e-01 2.629897347416586539e-01 2.739868054119597440e-01 2.345211022204536366e-01 2.358959190366433645e-01 3.332632411878552192e-01 3.939967083311042284e-01 1.668390971615237028e-01
1.829150961043121693e-01 1.829402139930344229e-01 2.174479603947521711e-01 4.338172191978790782e-01 2.899090026928720643e-01 2.096070789017057678e-01 3.184815157729370405e-01 2.800489879216929712e-01 1.598508046226557178e-01 2.014172796345575778e-01 2.734832002722984434e-01 2.500816404912997726e-01
2.482393042251340443e-01 2.668475906440455070e-01 2.818296183365462948e-01 2.965228703132970489e-01 2.584846633093271229e-01 2.068632205740078278e-01 2.561056761004700810e-01 1.841585322642729228e-01 1.276679258284125207e-01 1.910453028753348881e-01 4.025059008639183533e-01 2.797293946652333885e-01
2.088211937546529118e-01 2.117321859672860462e-01 3.190247557635237374e-01 1.620902477917020579e-01 2.830999799775025250e-01 2.168735359087449743e-01 2.540688613437736554e-01 2.449453408971795643e-01 2.714793801308940657e-01 3.085548962675425666e-01 2.995208148212611388e-01 2.197888073759321770e-01
2.951698423573169694e-01 2.407384600964541099e-01 2.854411343870308926e-01 2.158338874847643696e-01 2.516818559675783606e-01 1.403321446302929210e-01 2.146729141516889039e-01 3.921691769833044461e-01 2.601327578035337318e-01 2.159063234337990078e-01 2.195583407403147447e-01 2.683631619639186283e-01
1.827789318633689097e-01 2.480257850563936384e-01 2.290511801500580980e-01 2.699646618610787030e-01 2.821479394292991660e-01 2.829420663159601945e-01 2.889294680439915552e-01 2.667447572028227576e-01 2.565601026983379551e-01 3.176148001545880950e-01 2.152273240966867118e-01 1.600129831274127168e-01
1.507925976815776281e-01 2.466975743856512360e-01 3.761852764374559732e-01 2.128152559272284416e-01 1.735165508468151652e-01 1.987170540779173711e-01 2.962385717427044041e-01 2.594409026007871155e-01 1.970608900911641481e-01 3.066997229772245315e-01 3.263082423674400490e-01 2.555273608640253324e-01
2.669341831233493778e-01 2.478228028183556697e-01 2.062593277166075156e-01 2.671997333793795226e-01 2.897248814181542231e-01 2.474726477073116437e-01 2.461150461037677206e-01 2.603616885077834064e-01 2.317510896348901894e-01 3.068278060317687905e-01 2.240118283407805666e-01 2.055189652178529836e-01
2.434739610890712114e-01 2.376234449642669611e-01 2.129902817878120413e-01 1.359142732471087522e-01 1.987324850070694982e-01 3.493420445721144296e-01 2.869115153750784186e-01 2.650340332954910227e-01 2.027525575498176913e-01 2.917119550122062588e-01 3.506814666132749281e-01 2.248319814866897859e-01
3.047841946885174180e-01 2.830250240959787389e-01 2.275624477804857326e-01 1.856197987016502959e-01 2.390322140819394203e-01 2.693723752109639102e-01 1.911236819894903960e-01 2.119392446460057755e-01 2.254960478301587246e-01 3.042800429155013142e-01 3.182310258250015123e-01 2.395339022342992674e-01
1.499840467204383021e-01 1.648512971807962746e-01 3.010801042776816150e-01 3.694556162642577135e-01 2.260095593487609356e-01 2.570882545634363137e-01 3.488138831425338093e-01 2.722794797970017333e-01 2.452317227699651880e-01 2.230554245323816409e-01 2.498350394327626123e-01 1.923155719699773947e-01
2.388709263063628074e-01 1.966859990702587990e-01 3.280509136847173934e-01 3.006346731569320974e-01 1.786529888106786479e-01 1.619113166530450898e-01 2.839204897381159554e-01 3.367614911079135354e-01 1.860679083582814641e-01 2.530196719792130455e-01 2.799045491501579996e-01 2.555190719843304925e-01
1.946972504341963339e-01 2.638465394297425659e-01 2.263791325425998369e-01 2.710242703050519397e-01 3.358638715077649772e-01 2.318621780710840574e-01 2.431566126825967789e-01 2.826333602021890989e-01 2.885474204004632726e-01 1.788259413835990297e-01 2.430005166590823995e-01 2.401629063816295151e-01
2.200119635397672080e-01 2.392123763133817971e-01 3.057978433318024325e-01 2.129620521089688467e-01 1.772207306664262405e-01 2.163309740967969130e-01 2.234110425658534238e-01 3.929523361900487677e-01 1.921521165918277096e-01 2.350990184512733450e-01 2.972765848170820235e-01 2.875729613267743456e-01
2.822213667871094622e-01 2.509630268481853332e-01 2.268521904807278833e-01 2.714038330534227494e-01 2.191021100537902111e-01 2.343829176477869869e-01 3.142229482012086628e-01 2.469414924694055269e-01 1.874418909842572312e-01 2.077249877215950336e-01 3.314673272500104906e-01 2.272759085025066184e-01
2.720767103152206268e-01 2.925226416012495778e-01 2.686837924239401376e-01 1.975598271628843938e-01 3.165298977541522452e-01 3.064604919184706344e-01 1.703107185111143451e-01 2.738888434720352372e-01 2.565442250273226588e-01 2.185309786682473332e-01 2.318616239465442486e-01 1.950302491988211151e-01
2.590885462981467047e-01 2.089727690321936393e-01 2.313326587155441205e-01 2.361907205710032653e-01 2.687995500977837793e-01 2.785717390689873563e-01 2.474095768534460837e-01 2.539656932985336346e-01 2.271864056951616306e-01 2.150487643085062239e-01 2.766437851725525032e-01 2.967897908881496072e-01
2.659266932816831686e-01 2.514113880611199559e-01 2.749056021012636353e-01 2.467787130056530442e-01 2.194361835145296480e-01 2.114984974635407411e-01 2.222596185278374881e-01 1.768528802399322308e-01 2.086409224939409779e-01 3.796481953088028938e-01 2.986674511533117249e-01 2.439738548483845193e-01
1.486232120232836018e-01 2.696957405618002346e-01 3.514743866902956815e-01 2.511641206538345328e-01 2.287154105242266144e-01 2.762683634334520688e-01 2.314167557775140271e-01 2.463700476320070387e-01 2.368728919419552104e-01 3.217397276301690034e-01 2.784417330803282131e-01 1.592176100511353276e-01
2.032368559864602409e-01 3.025887235182701529e-01 3.486547144530429687e-01 1.894515777338789120e-01 2.473405038879232798e-01 2.445018792288657372e-01 2.792717867452821912e-01 1.820862266009703467e-01 1.974479212539623219e-01 2.861689766660056033e-01 2.642602087253851373e-01 2.549906251999484175e-01
2.492507569030124048e-01 2.599256683589772354e-01 2.536253617797518123e-01 2.316058518584775960e-01 1.471634786702176179e-01 2.551274704141685556e-01 2.882339932222861556e-01 3.571331778319083439e-01 2.526532909359965884e-01 2.131311987652886319e-01 2.748337118992956185e-01 2.173160393606135832e-01
2.002395994908290344e-01 2.246062296717804829e-01 2.477665041833290172e-01 2.327042561582620683e-01 1.873334199398158373e-01 2.289565130576601548e-01 2.180666181663269421e-01 2.393786250149969042e-01 2.524670385612269863e-01 3.197088450516578639e-01 3.419263339344327801e-01 3.068460167696763219e-01
1.756672944861462082e-01 2.621837294167098653e-01 2.524264900158381675e-01 2.041437273555131993e-01 2.809289530019835612e-01 3.559190340924198726e-01 2.075200074202814271e-01 1.462536674178803731e-01 2.401036067810463359e-01 3.102145717346056486e-01 2.366355252382456587e-01 3.280033930393373431e-01
2.430750998684030051e-01 3.107065576715434263e-01 2.531584625849235271e-01 1.759080763693224025e-01 2.514417710988234855e-01 2.675498117407337784e-01 2.179211529080076204e-01 1.795642212769644197e-01 2.859046498080136667e-01 2.349653465014489573e-01 2.635626019061610981e-01 3.162422482656524481e-01
2.561324959963882097e-01 3.256692135049656378e-01 3.058801200159065314e-01 2.511864818243928488e-01 1.927685365917312654e-01 2.853408249096731075e-01 2.177754477805525501e-01 1.843272405609718834e-01 2.197715647641445558e-01 2.713680693778770525e-01 2.845991830477070383e-01 2.051808216256976458e-01
1.808385977267669975e-01 2.579693949457710911e-01 3.471551822850831859e-01 2.247687140887827950e-01 2.033268139373066719e-01 2.629698981953919601e-01 2.811659974700144726e-01 2.255397423622011177e-01 2.509190839747263979e-01 2.983387434871399568e-01 2.534222876684728565e-01 2.135855438583303401e-01
2.438520433777474905e-01 2.007909265358683581e-01 2.962834868124898380e-01 3.294379890040823322e-01 2.327799991011896275e-01 1.471815373484423595e-01 2.992008353477887961e-01 2.103592978025412841e-01 2.184306705304114304e-01 3.528622575461339839e-01 2.233915063605121099e-01 2.454294502327958316e-01
2.315571767869326614e-01 3.082982016910523759e-01 2.266006785320308081e-01 2.484333954599766137e-01 2.114473267454984040e-01 1.736858360573244331e-01 2.434129509294047644e-01 2.414384414023108827e-01 1.863827637361165357e-01 3.696217792274548164e-01 2.347416930330843421e-01 3.243797563988167765e-01
1.393922464161620467e-01 2.998967364053747864e-01 3.764659819555936648e-01 1.946950685507731205e-01 2.517239730668682229e-01 2.335983783555131976e-01 2.663383672747796083e-01 2.746396998266358302e-01 2.115498756321198548e-01 2.417832865327630143e-01 3.239097714907946957e-01 1.860066144926169618e-01
2.603061362320917005e-01 2.420916690387214798e-01 2.901649937583033467e-01 2.372648593831827024e-01 2.156921043925158488e-01 2.009171881495210310e-01 2.207452309869840645e-01 2.523543955473346312e-01 2.913126461768230646e-01 1.799910411064607751e-01 2.660101980015390777e-01 3.431495372265218613e-01
3.789642354833595572e-01 2.866791427404804526e-01 1.733970589795131023e-01 2.223597544272195026e-01 3.679482100520452548e-01 2.765459945982647882e-01 1.610513337938818124e-01 1.901933517275383179e-01 3.093998929287463673e-01 2.885506541694911053e-01 1.563951399514498242e-01 1.885152311480029763e-01
2.625384140692650359e-01 4.396099481848612101e-01 2.616082582319963490e-01 1.830955942955777016e-01 2.574384210938920337e-01 2.155971320330134500e-01 2.251612022872453989e-01 2.290119363213354575e-01 2.474667481798371593e-01 2.332544635031646996e-01 2.184151392919120027e-01 2.268027425078875392e-01
3.001123832165951688e-01 3.071523102821640538e-01 1.852679499720601419e-01 3.019056533299175893e-01 3.056810879799058966e-01 1.562825798210671635e-01 1.648187647648742815e-01 3.327720302505923211e-01 3.143026249699991115e-01 2.698191587370438738e-01 2.024537144649483089e-01 1.594317422108423865e-01
2.238661689090683526e-01 2.637622959562259117e-01 2.556118085338522916e-01 2.349380003543520834e-01 2.244407509125158073e-01 3.372950980375180596e-01 2.169767585529135678e-01 1.892752828040579205e-01 2.662434163078314375e-01 3.998541259589590280e-01 2.227527537965453275e-01 1.649835398761655414e-01
2.358455465059080547e-01 1.781081090025177227e-01 1.176799554305566625e-01 2.133238551212343903e-01 3.110231923610792260e-01 2.277572406904791458e-01 3.100027665210397521e-01 2.858183322390106529e-01 3.260849906299893020e-01 2.753152201593546122e-01 2.794386099796610790e-01 2.396021813591732719e-01
