-1.039525782360143324e+01
-1.067941976441451857e+01
-1.082932096692273127e+01
-1.053725897339203499e+01
-1.045017433326510670e+01
-1.061613644644828547e+01
-1.068588087494840977e+01
-1.024113015753885847e+01
-1.069648932124865404e+01
-1.012250129177448166e+01
-1.035595291908825821e+01
-1.062770899016329373e+01
-1.053435069169933591e+01
-1.100882636838859341e+01
-1.071421049570818695e+01
-1.012766407260257218e+01
-1.064177523551789761e+01
-1.076515756949673808e+01
-1.100995578200182656e+01
-1.042843141697538378e+01
-1.027040718772311223e+01
-1.072911424013727810e+01
-1.053580057604411913e+01
-1.066632394194592948e+01
-1.048825067652914811e+01
-1.089250504801833586e+01
-1.077615657687053918e+01
-1.055555324689893304e+01
-1.157852138895009020e+01
-1.101805890799565013e+01
-1.054930579524047651e+01
-1.057249706014753876e+01
-1.051104925387334532e+01
-1.067084127367348145e+01
-1.059343449083993072e+01
-1.115182478035570668e+01
-1.073506540778216944e+01
-1.076160532366705525e+01
-1.023345387648735638e+01
-1.053089314462311421e+01
-1.058677539816711111e+01
-1.040792297656781606e+01
-1.073266814336965602e+01
-1.082264545172464132e+01
-1.016828294573697278e+01
-1.016086502158529647e+01
-1.074583521957340615e+01
-1.060695913957514591e+01
-1.032348449046444472e+01
-1.064612273692649680e+01
-1.101090800785411794e+01
-1.058343302645310580e+01
-1.079759513995893627e+01
-1.020052123007001654e+01
-1.016075096256903088e+01
-1.056944142323819591e+01
-1.075149606675623914e+01
-1.057825326912471375e+01
-1.029250225424968512e+01
-1.095805386725869113e+01
-1.015788613799530893e+01
-1.051566159678455570e+01
-1.056862980149549536e+01
-9.989484522956828982e+00
-1.069978356074503267e+01
-1.067354663033554196e+01
-1.090450767356398210e+01
-1.105107869215138372e+01
-1.005552637124603699e+01
-1.017202255378367148e+01
-1.095511795405798594e+01
-1.085251312122013267e+01
-1.105054506691540794e+01
-1.072722618811301132e+01
-1.044384979376350131e+01
-1.092945567284389696e+01
-1.116678872889124108e+01
-1.012425635547005776e+01
-1.060139201713566059e+01
-1.108552801857709547e+01
-1.065508058961376570e+01
-1.032022245803209870e+01
-1.080888781411758259e+01
-1.055607008435662308e+01
-1.063569158333929998e+01
-1.031552895338353437e+01
-1.097445699771594008e+01
-1.032604200109360093e+01
-1.114790303420268103e+01
-1.088380664428440525e+01
-1.053531492814811088e+01
-1.049714490246929088e+01
-1.019154842152911833e+01
-1.018595756694478283e+01
-1.090018361581601702e+01
-1.078997318223033552e+01
-1.086930541926993499e+01
-1.046388084441986699e+01
-1.030395180585649761e+01
-1.054932253171939927e+01
