2.066961675085069450e-01 2.553384047740044349e-01 2.048590352593497310e-01 2.050392859825077851e-01 2.072310025346812135e-01 1.909205255925856271e-01 2.231099201481149541e-01 2.254917863758755525e-01 2.129372505547758587e-01 2.302831052477005980e-01
1.826516241959878217e-01 1.989208668520620060e-01 2.458790336906393204e-01 2.175035050759794031e-01 2.003163781484730011e-01 2.535099935014762940e-01 1.868948994516755335e-01 2.279997623410290053e-01 2.277090873308898478e-01 2.237780951683145392e-01
2.372614865302578591e-01 1.919271756133309192e-01 2.108663436035824457e-01 2.155846857956116858e-01 2.301790111638974401e-01 2.029806239236624787e-01 2.393395757742046437e-01 2.017293146413155214e-01 2.326024146954362437e-01 1.990451450486368790e-01
1.948359202971932935e-01 2.247219843938332295e-01 2.125592610798732740e-01 2.159230819685182268e-01 2.021271650177921264e-01 2.068791727030701855e-01 2.092536062334913183e-01 2.101282326250638322e-01 2.307489870823094258e-01 2.541390319448749713e-01
2.488434675239104554e-01 1.623914377226163552e-01 2.255475553039857362e-01 2.271096548755611177e-01 2.100302229164904833e-01 2.171438168169404492e-01 2.116795615031296651e-01 2.037912954592886738e-01 2.376642539830345902e-01 2.211425540775523446e-01
1.929942754121420079e-01 2.382273090870695442e-01 2.060961831868444172e-01 2.285574454126136634e-01 2.089699087764603502e-01 2.021791183653215140e-01 2.310412485887653189e-01 1.940213983108788898e-01 2.282875217225280307e-01 2.308593742373912794e-01
2.168653894606583366e-01 2.149118212155878838e-01 2.200263378129176106e-01 2.664775267268309489e-01 2.198230551569150537e-01 2.145125924331652278e-01 2.034321718510835875e-01 2.239055601828689457e-01 1.718471191744840310e-01 2.134459583490292411e-01
2.360497898842064124e-01 2.182031505731954479e-01 2.171088032207670604e-01 2.100846831921555635e-01 2.124318191511389009e-01 2.094489307021401014e-01 2.357673249690151740e-01 1.954188135104876212e-01 2.066643793471226453e-01 2.183887593866091215e-01
2.155890641793011264e-01 2.081535603651909205e-01 2.077010095638950338e-01 2.421244794779692233e-01 1.897738956325055182e-01 2.353053470973046069e-01 1.655269793068802620e-01 2.951872153363163664e-01 1.794635312301255947e-01 2.361260603598205887e-01
2.437586474403028447e-01 2.196664907858439653e-01 1.745233419669659225e-01 2.545023573153233909e-01 2.021376200387592081e-01 2.101628318487478442e-01 2.130660103600098276e-01 2.325936528727070296e-01 2.305483331672065761e-01 1.849529661466312036e-01
2.166783220370379903e-01 2.177609701908723161e-01 2.103266722576154213e-01 2.093407332372172469e-01 1.966272929641715572e-01 1.962864576659845983e-01 2.221764600909557907e-01 2.421161981308011524e-01 2.030321011755394645e-01 2.474137226355441477e-01
2.346713203750049881e-01 2.180292548169128486e-01 2.334334385641383680e-01 2.250338778082526803e-01 2.054298822802993751e-01 2.095736721924356394e-01 2.056541158407519387e-01 2.314595983446608163e-01 1.948551466664180942e-01 2.022325054970293967e-01
2.519200639116284113e-01 2.205305200661144827e-01 1.978966262341977922e-01 2.300723418322366265e-01 1.947719631257231188e-01 2.282136848393247763e-01 1.749503812170561945e-01 2.258466499556592288e-01 2.294047457436357851e-01 2.108630497036164952e-01
2.109948541977393899e-01 2.201286477563377253e-01 2.129959652143427196e-01 2.350398783772505995e-01 1.872387533552098693e-01 2.208733251302069100e-01 1.969108962580029543e-01 2.513366359246553827e-01 1.770262353340032180e-01 2.535791343794162600e-01
2.200605606219501742e-01 2.063970235930938091e-01 2.519833134742353598e-01 1.813873782992416195e-01 2.322747703718627543e-01 2.192655498755675114e-01 2.146423040353327982e-01 2.020543204464843867e-01 2.075224640664232179e-01 2.266664410984620959e-01
2.222555589078951677e-01 2.245569662915504194e-01 2.093968393403542738e-01 2.045892856976805896e-01 2.243834070293101446e-01 2.185740749410934602e-01 2.073196956916779632e-01 2.239069770296891471e-01 2.210758461998394708e-01 2.023989128697721018e-01
2.175695245244407827e-01 2.074421711395289525e-01 2.282259154665476075e-01 2.178852708989778564e-01 2.194661085252916644e-01 1.954052503999808010e-01 2.430207267929537507e-01 2.155707680374596702e-01 2.129866857565972937e-01 2.022167188130367665e-01
2.039505097436528636e-01 2.300689347297619480e-01 1.982043979604926343e-01 2.174707496208605206e-01 2.015879775569544841e-01 2.308138177463419094e-01 2.050178651377988770e-01 2.213862347927892382e-01 2.140078723950540884e-01 2.374770633092709859e-01
2.212667943065838305e-01 2.454518360356249540e-01 1.809777609420394062e-01 2.362227286888557154e-01 1.709795117001530196e-01 2.520713669225079223e-01 2.097259079336796228e-01 1.916138309988933142e-01 2.303933107967649496e-01 2.294397218189018206e-01
2.138033244361578489e-01 2.105744982404054999e-01 2.174965216256627143e-01 2.299774107059096850e-01 2.240946318737684628e-01 1.870751876141485692e-01 2.055788294733378596e-01 2.160418279750080939e-01 2.326072909668699118e-01 2.227538209239218192e-01
2.014182433264669614e-01 2.004271136566554146e-01 2.512051555951716475e-01 2.278046390128820042e-01 2.179631693723642627e-01 1.867261856916704876e-01 2.539364434372698986e-01 2.150980154017152202e-01 2.038732727628740915e-01 2.055594708656637848e-01
2.395451429527330756e-01 2.246164557268145456e-01 2.031524514277015248e-01 2.288380409627025491e-01 1.996997074731747812e-01 2.229675682026396877e-01 1.888528391195707090e-01 2.463677459652107438e-01 2.181809427706331572e-01 1.905154502012055828e-01
2.383736006736840163e-01 2.024332704482161849e-01 2.293403176622043071e-01 2.261475371029196269e-01 1.958017278785400273e-01 2.085774535620090742e-01 1.975299395306429895e-01 2.431097873639760931e-01 2.085593775138830652e-01 2.113978954562176771e-01
2.061393280214348089e-01 1.898885419906060634e-01 2.590011369859295254e-01 2.123968656699945223e-01 2.177172286961787384e-01 2.040000669406710765e-01 2.259330684934209299e-01 2.217750465074457000e-01 2.167002954982337470e-01 2.081981925903464981e-01
1.804114369298681630e-01 2.386495598212136082e-01 2.016266376728610421e-01 2.417492132114181236e-01 1.791936470251062896e-01 2.398469862376259587e-01 2.108357650310826170e-01 1.979935039622216786e-01 2.314161050535487318e-01 2.447624511748686948e-01
1.960061135372362928e-01 2.335252830666638135e-01 1.802140797118052529e-01 2.319058238122917170e-01 2.194322045515958997e-01 2.336908796874181404e-01 2.002265176558165050e-01 2.547199279176877718e-01 2.003587966770199180e-01 2.143259468059192652e-01
2.415108760604768035e-01 2.147926220341120351e-01 2.275973585755690087e-01 1.885298079444308050e-01 2.189559859357509131e-01 2.102920614168447278e-01 2.271045579227050915e-01 1.959963352249959323e-01 2.020510938846727944e-01 2.348234597092831444e-01
2.041091635516414649e-01 2.032743031198810668e-01 2.156523482937996450e-01 2.040253071816744701e-01 2.027471860167795459e-01 2.440075424472439858e-01 2.224974064636511817e-01 2.137913728698130345e-01 2.170810973765370799e-01 2.329219751420094076e-01
2.199906685685822927e-01 2.178558687363535973e-01 2.346362179418876037e-01 2.012907254922809142e-01 2.049739149409913197e-01 2.279198657557119645e-01 1.895113701726515998e-01 2.192966232062155407e-01 2.253220706855291189e-01 2.192250532799333573e-01
2.360764050360910360e-01 1.969697207323830024e-01 2.320448902111999778e-01 1.981566706153528867e-01 2.219676988070588275e-01 1.843443775134497864e-01 2.205530636441213610e-01 2.113991519881246728e-01 2.633035400194667641e-01 2.000106708048316195e-01
2.064579115258000641e-01 2.179576738355811505e-01 2.192465563374766946e-01 2.097972993458946667e-01 2.229661448567828996e-01 2.035261694006972877e-01 2.342762162876950716e-01 2.140955996715510623e-01 2.296577915980879125e-01 2.010795482263330602e-01
1.926807742766829534e-01 1.931077456181081731e-01 2.273697996469651872e-01 2.159232016852153657e-01 2.083560596785095087e-01 2.189924087093323979e-01 2.358947820223107061e-01 2.118751552054003451e-01 2.191875897699035458e-01 2.374074675138289625e-01
2.116256907730851844e-01 2.206603893268791194e-01 2.384968702284811781e-01 2.213400685304310611e-01 2.015555736493790662e-01 2.043062006280596254e-01 2.077088591565371400e-01 2.200515450908374082e-01 2.110172710084296244e-01 2.223960207233632858e-01
2.087648629657735677e-01 2.380524813414033325e-01 1.889772934066074883e-01 2.411028637256936169e-01 1.814200772807915696e-01 2.614041594501195220e-01 2.135296707052054821e-01 2.220571797184314189e-01 2.012044414590109798e-01 2.089498857799529929e-01
2.264486056863438401e-01 2.051509857209780074e-01 2.043160681182162597e-01 2.245456007084883354e-01 1.999868528086195807e-01 2.432894234878647532e-01 2.232779024649018118e-01 2.037371772794472902e-01 2.217226712227585717e-01 2.075057871793614672e-01
2.268929627119866399e-01 2.019762309919567178e-01 2.286670469313890341e-01 2.229805686227234740e-01 2.325085713667580101e-01 1.840803212115339482e-01 2.272769298367370294e-01 1.910976648915882481e-01 2.392057203759702100e-01 2.076821621185705180e-01
2.008249676015499974e-01 2.205262219134017654e-01 2.016674648055630792e-01 2.680980820000010145e-01 1.662645147739447160e-01 2.165350087977707672e-01 2.377136141391421598e-01 2.152185001726985292e-01 2.299223191112022557e-01 2.101333142462277481e-01
2.319235236480652884e-01 2.076776254320789883e-01 2.086018975384115459e-01 2.257145030486303328e-01 2.029981846635913190e-01 2.147467008678672906e-01 2.242936065023431735e-01 2.136831172695173031e-01 2.153063600970777369e-01 2.135078131827826409e-01
2.176082307203110189e-01 2.301638837700418772e-01 2.003897857175409858e-01 2.231869788634253671e-01 2.060154835902091308e-01 2.015719526979881382e-01 2.244594232008142731e-01 2.054799429991458204e-01 2.230394595963750837e-01 2.273170758901128241e-01
1.912005568700279601e-01 2.126927591559766573e-01 2.120270409011753843e-01 2.309768700374833506e-01 2.077433383460905725e-01 2.098564914564207962e-01 2.198088732350722274e-01 2.186610693583465881e-01 2.062047891731187688e-01 2.516359924280105465e-01
1.953219380837245556e-01 2.005859199486831612e-01 2.566835279103647505e-01 1.897096179549807582e-01 2.091724271848078853e-01 2.242460893809997136e-01 2.352529732888351266e-01 2.106583705786198024e-01 2.313113657414134494e-01 2.100989071417642962e-01
1.879533928961952260e-01 2.497521609173180002e-01 2.159501566553647389e-01 1.988690207711185098e-01 1.901953643103513891e-01 2.154558545291946348e-01 2.296335534086973718e-01 2.070370543452905721e-01 2.309132751501225822e-01 2.375933557285668796e-01
1.894797390385657421e-01 2.188764828271244911e-01 2.006567438461795139e-01 2.352771944059479647e-01 2.151943658908046508e-01 2.213368885476742765e-01 2.283872465378740113e-01 2.077018517600086600e-01 2.083712195432205760e-01 2.352027482184460005e-01
1.915044098639472059e-01 2.226303744803284912e-01 2.302765643247790261e-01 2.215000864153811866e-01 2.097055951723392764e-01 2.135215140117475985e-01 2.195097565408829776e-01 2.030726628357647223e-01 2.026980424222371568e-01 2.462355572784530044e-01
2.548957217198849490e-01 1.726154070817046138e-01 1.955585392799102096e-01 2.589839118890652214e-01 1.795427601110118343e-01 2.417314593162585845e-01 2.257070577044444359e-01 2.275546981245767653e-01 2.228222996691016367e-01 1.908569643984173170e-01
2.031297079458130594e-01 2.012484053078995583e-01 2.143785266099385578e-01 2.161662808542780534e-01 2.207785686184602636e-01 2.410692221391579626e-01 1.833455193625230517e-01 2.322977217262695293e-01 2.493471428615130492e-01 2.012983493792817047e-01
2.286039098315897633e-01 2.051432661907362509e-01 2.069126430241633174e-01 2.392005663610728416e-01 2.135129765868939156e-01 2.017901906324073291e-01 2.388777387022369969e-01 1.979283483517270681e-01 2.184134452332376908e-01 2.099025344857357034e-01
1.956380522329782823e-01 2.125559291414790830e-01 2.258021308363117874e-01 2.348069276720809173e-01 1.968019005668183719e-01 2.257870374359959575e-01 2.115349173734025201e-01 2.297085389891851959e-01 2.012351160920460569e-01 2.264032403585824749e-01
2.369355835287743628e-01 2.084074961505836265e-01 2.248259545931553804e-01 1.721687942703536700e-01 2.543604233530105119e-01 1.918130071677739412e-01 2.389785629707867620e-01 2.145634348654318069e-01 2.115699421557671600e-01 2.116029672156286845e-01
1.966375739415431867e-01 2.092871985630148091e-01 2.229520696718590433e-01 2.074088982729632713e-01 2.736567251867010886e-01 2.224388383319903240e-01 2.108560950911873844e-01 2.019329896330365748e-01 2.096067580550053655e-01 2.089171126318525862e-01
2.268153576513264325e-01 1.662791019602128384e-01 2.667766536313685433e-01 1.916482430717107166e-01 2.421508183411595905e-01 2.003231831597804824e-01 2.011056904261506184e-01 2.179413594183351732e-01 2.330090890140607551e-01 2.222785272515110377e-01
2.117132398994680254e-01 2.580899710346222786e-01 1.797785468433683032e-01 2.362019128167691107e-01 1.835265235720004717e-01 2.377251768556017386e-01 1.974553691069033945e-01 2.219875325892220752e-01 2.079918436016248706e-01 2.316210980913291084e-01
1.855995388137669511e-01 2.219614725423224855e-01 2.070963597169600545e-01 2.061062715211775809e-01 2.171025457147010285e-01 2.199876388352249579e-01 2.463359233884099830e-01 2.060071740582810063e-01 2.322599731972084247e-01 2.188399913194678803e-01
2.057976794216892502e-01 2.086274497841450748e-01 2.174651894442004019e-01 2.263701671072086141e-01 2.064207570293686567e-01 2.204408956428324240e-01 1.932168548969000199e-01 2.455082204960503667e-01 2.000779005228114082e-01 2.370800835586861499e-01
2.016815230022477590e-01 2.319495413446552023e-01 2.413020126995232828e-01 2.075896417198088706e-01 2.082960893869972019e-01 2.056609651438972286e-01 2.344663768153053829e-01 2.123296082618778557e-01 1.988652721988200811e-01 2.182878918360931786e-01
2.164982569061680018e-01 2.090667655073698561e-01 2.100354580799415061e-01 1.963489036690448664e-01 2.029562050007648333e-01 2.196630178647772380e-01 2.542649727930414993e-01 1.921221271908391259e-01 2.463802156548910161e-01 2.155358452930294377e-01
2.488951876386523154e-01 1.847530421873247730e-01 2.394643814213121835e-01 2.192934190636689207e-01 2.060613163352381927e-01 1.997609109220070678e-01 2.395720365272245855e-01 2.349988741561291061e-01 2.051941970634333090e-01 1.867262770576879893e-01
2.079131584592891491e-01 2.018762495154505510e-01 2.431287433269927467e-01 1.760890309943738130e-01 2.503164396737900255e-01 1.878432926592836505e-01 2.311525903948378480e-01 2.228313090503889482e-01 2.168735107113555771e-01 2.268612374087226047e-01
2.189040176686039840e-01 2.051599617616791105e-01 2.092459891232474611e-01 2.165032957004892900e-01 2.199313404088189539e-01 2.212127369618966388e-01 1.835383963160395204e-01 2.607206032161263898e-01 2.011298354366494179e-01 2.262248567093615159e-01
1.817987000530648378e-01 2.650872332834521838e-01 2.007079797247880160e-01 2.114990277048836020e-01 2.361447652247087858e-01 2.065181322170745182e-01 2.158198384930136160e-01 2.118242702299779900e-01 1.977069900130078717e-01 2.376160213259540799e-01
2.300643002608863674e-01 2.191695243048900343e-01 1.845508459681131364e-01 2.048731664571216693e-01 2.428636122713759837e-01 1.913028318864173349e-01 2.276214151966236277e-01 2.238667322544975191e-01 2.243636845429120841e-01 2.133582513455254404e-01
1.979385975149159094e-01 2.526107933376854908e-01 2.086040415076775845e-01 2.009997147846050713e-01 2.252901104614860039e-01 2.004373552366168210e-01 2.127488899215065343e-01 2.396716887894935477e-01 1.875824668392321315e-01 2.374973291963105859e-01
2.204732149240268280e-01 2.077040737109454860e-01 2.104585061808858792e-01 2.129758621024505083e-01 1.919065860277360536e-01 2.159228388384876185e-01 2.349014479474476058e-01 2.168771143040501004e-01 2.203873460050583821e-01 2.278740172996646662e-01
2.340052355170284537e-01 2.294011518813675043e-01 1.932073239083744731e-01 2.548929182939778104e-01 2.367787908920014617e-01 2.102498284606545420e-01 1.929708942948492600e-01 2.049259501476580203e-01 2.047788081607290478e-01 2.024515285648332830e-01
1.987179786697754191e-01 2.173631555916210045e-01 2.106592282871019017e-01 2.299884990965710974e-01 2.242378478266659758e-01 2.113724576563631441e-01 2.207265865823643536e-01 2.142936292042475210e-01 2.412436685933554981e-01 1.917373436771389050e-01
2.332715849879621328e-01 1.843884501543897880e-01 2.340995862527405769e-01 1.892015335038916279e-01 2.019759142966458532e-01 2.667367697023948492e-01 2.146274257614885772e-01 2.358289448046101133e-01 1.939533505193644647e-01 2.121986240321169503e-01
2.176029251930618469e-01 2.056095276050236009e-01 2.275057444291328779e-01 2.020551950839506172e-01 2.334104916598408186e-01 2.235952919228295643e-01 1.919427890017576521e-01 2.180144444960933903e-01 2.458703965077334574e-01 1.957744231691834202e-01
2.078915570362070975e-01 2.342187398479647076e-01 2.155256289760011656e-01 2.022057733460181361e-01 2.527285636298324811e-01 1.920317456626353947e-01 2.527525807695778504e-01 1.998902005229440948e-01 2.135019503268935082e-01 1.934274319338049886e-01
2.182557576708622493e-01 2.027301393847259769e-01 2.204110913513792902e-01 2.156287709901528460e-01 2.172127564763532415e-01 2.177825471331719387e-01 2.045866946599813885e-01 2.162081721600253026e-01 2.220132599345407687e-01 2.232212633646105393e-01
2.466553716895122372e-01 2.205956224318421366e-01 1.921081662795182665e-01 2.681719291221943413e-01 1.949735064727103062e-01 2.312542403991630913e-01 2.239058466826157334e-01 2.225329663830529769e-01 1.675149255592813524e-01 2.014007419757463946e-01
2.063553781191337366e-01 2.084523032847323265e-01 2.630349154633128683e-01 2.114508804827585908e-01 1.831344057296590555e-01 2.526636518768562989e-01 1.931753678733615920e-01 2.089445812236897237e-01 1.872136612674284162e-01 2.540775542954880617e-01
1.774512738659171085e-01 2.209558792008660955e-01 2.056740649058571568e-01 2.237500397689412002e-01 2.157425313325359029e-01 1.949186803652375455e-01 2.136790174434445855e-01 2.478557152040909428e-01 2.082381661450319610e-01 2.564417733190803572e-01
2.100231331804550405e-01 1.962843477471985787e-01 2.382567446431048674e-01 2.209803662315342199e-01 2.085806622668546773e-01 2.043940303988076579e-01 2.016063694849238586e-01 2.348991901326590026e-01 2.380079047017949756e-01 2.078211188417022626e-01
1.997753336449636374e-01 2.464830885334367283e-01 2.188559986395653967e-01 2.354538730790859680e-01 2.090420178380650029e-01 2.259367432123346731e-01 2.040299813528677897e-01 2.122972543565329606e-01 1.928083787739807153e-01 2.166421559726133261e-01
2.237193846312031664e-01 2.038938380209895096e-01 2.247007624605806275e-01 2.189024900198662527e-01 2.038340964478522477e-01 2.445102204862703299e-01 1.955075172519653293e-01 1.966509494862059282e-01 2.473026015767532948e-01 2.029501936343924839e-01
2.167892698588279043e-01 2.205483074092288720e-01 2.124103354871449412e-01 2.433441670924327838e-01 1.970399706919861160e-01 1.941353836957502854e-01 2.143108926049218099e-01 2.232592532187792633e-01 2.279861560071729798e-01 2.104542114865399771e-01
1.978721945615597444e-01 2.348831545925153252e-01 1.975113767425782096e-01 2.367370267331000699e-01 2.069486662176692471e-01 2.285896057384635138e-01 2.418016585597264068e-01 2.252284241889601912e-01 1.847848530409856860e-01 2.086650174544536496e-01
1.944922420555345588e-01 2.241837891713562292e-01 2.039950218030356921e-01 2.501943293742167063e-01 1.912241179568758553e-01 2.503936338964244390e-01 1.981275917929753438e-01 2.005403055494431319e-01 2.040333770913657085e-01 2.480333703009446056e-01
1.917175927627747800e-01 2.370842699971876522e-01 1.878247438583470763e-01 2.119086275833988731e-01 2.152651263384110503e-01 2.194380579350334870e-01 2.196290700340710333e-01 2.176745033296262344e-01 2.141116436589140803e-01 2.470780388218245249e-01
2.602492843590098470e-01 1.817495493997695333e-01 1.993942184714385391e-01 2.080067714194809569e-01 1.985451809853727156e-01 2.595493500270391052e-01 2.255200911029651423e-01 1.979826978137656512e-01 2.299829887242821613e-01 2.058272206949190719e-01
1.942098557413490523e-01 2.103746041323355798e-01 2.208723749248768520e-01 2.103222611115645457e-01 2.248279187632406528e-01 2.211330779760704857e-01 2.224773122936291037e-01 2.296674303121598038e-01 2.237174319338726125e-01 2.018511523326167456e-01
2.377387853833344555e-01 2.019364565331582539e-01 2.002563094247580555e-01 2.008905231873739372e-01 2.695271757947589886e-01 2.201259975542403657e-01 2.204561298129427971e-01 1.915063138825574829e-01 2.571541375551836817e-01 1.703829263726086840e-01
2.364975656453865427e-01 1.900656112858751523e-01 2.211408511303077917e-01 2.062257985485176359e-01 2.227922892194502680e-01 2.213667558852509265e-01 2.294465253843094021e-01 1.977471999070126440e-01 2.334501426653029232e-01 2.021807601260926235e-01
2.347646452561978070e-01 1.917144190851131358e-01 2.345057229368590346e-01 1.813111642200015972e-01 2.116394327584264767e-01 2.527441252971783237e-01 2.140308202742007837e-01 2.163610942956468719e-01 2.104734929737941407e-01 2.157557109458844158e-01
1.898083975394826983e-01 2.207450851739696240e-01 1.989785221149779348e-01 2.234960663678220716e-01 2.191707321310373269e-01 2.214856213341308833e-01 2.200181480756724928e-01 2.232415022801235160e-01 2.068396597724178332e-01 2.362312237688949101e-01
2.102722858079449364e-01 1.968850357755816682e-01 2.015898577164790817e-01 2.182325168163352647e-01 2.549576235210404551e-01 2.044546953067687134e-01 2.172806399509501496e-01 2.036752769169019039e-01 2.326417591721477995e-01 2.215137946519210033e-01
1.978680564674664966e-01 2.345499609578370614e-01 2.230868268047237202e-01 2.210495072167312780e-01 2.142898628532638183e-01 2.143798126893144973e-01 1.984040248540277218e-01 2.214717972115906042e-01 2.197517338142498111e-01 2.142985023235153830e-01
2.264574600004902738e-01 2.281902800441668877e-01 2.084793710236153008e-01 2.411755554329066409e-01 2.128390843570815427e-01 2.094981888393353253e-01 2.221683718485846226e-01 2.080420609818715572e-01 2.190957455178079438e-01 1.847433144768923230e-01
1.931867404834968771e-01 2.395639408678763849e-01 2.080329443469248196e-01 2.253191681464012941e-01 1.932040089210720346e-01 2.180498963063690343e-01 2.358029772672781965e-01 1.964879535498439411e-01 2.310124959974539927e-01 2.208454504512691596e-01
2.175372889115838038e-01 2.011757225679927374e-01 2.134547031986375742e-01 2.246480350703891071e-01 1.953068988916073223e-01 2.188122810614547831e-01 2.088408853710936042e-01 2.293486114958053490e-01 2.367871880351362646e-01 2.137392229596908610e-01
1.966115632553385451e-01 1.952634707790365520e-01 2.253718241388136534e-01 2.433915122460061919e-01 2.074781998075891365e-01 2.170052283252378034e-01 2.377296667068819758e-01 2.152387102205623459e-01 2.199184045534983978e-01 2.032708668359004267e-01
2.126239631454268642e-01 1.942265241711381429e-01 2.302530597221989217e-01 1.967530096860621580e-01 2.401966539185383387e-01 2.248396614351857448e-01 2.065869619649280398e-01 1.956775994224831672e-01 2.245131921094065952e-01 2.358287634174622560e-01
1.996857249938567280e-01 2.337263983233268672e-01 2.214914293064044748e-01 2.259282580479196334e-01 1.871581170428886776e-01 2.281676456222999638e-01 2.030812979111761840e-01 2.182089941407089062e-01 2.346518298403366676e-01 2.087897783337814284e-01
2.188821883867113627e-01 2.121808565901639465e-01 2.321853669064773140e-01 1.837480532858304372e-01 2.230398560199777502e-01 2.047385848553234244e-01 2.247231409891412568e-01 2.144498440571367126e-01 2.414400180255847073e-01 2.056891574451884253e-01
1.920951453507229734e-01 2.253802043798980581e-01 1.875050397507906919e-01 2.649382418150229013e-01 1.837344435480857130e-01 2.239324972657314450e-01 2.169783938020440894e-01 2.236853973466725598e-01 2.252808160948964467e-01 2.214388271607283520e-01
2.095869269359763587e-01 2.255574044343777729e-01 2.107579734698286078e-01 2.106022374575620693e-01 2.348501427710129874e-01 2.127480426463750074e-01 2.089682159593446720e-01 1.995065347553756641e-01 2.460769917269441942e-01 2.015980201816556239e-01
2.237510921491037696e-01 2.188388106112998110e-01 2.286479891055890057e-01 1.957446265523013762e-01 2.306004721181226236e-01 2.334006008906820695e-01 1.832193060944948271e-01 2.326380113689147655e-01 2.114398044657237741e-01 2.032258517251586405e-01
2.258331689416351873e-01 2.020286764579061478e-01 2.255570344828676521e-01 2.025127383770392864e-01 2.176226669603927855e-01 2.090679909959930471e-01 2.220503864110345005e-01 2.238321958850146565e-01 2.146842544982001943e-01 2.152992748231612463e-01
2.175779520416102897e-01 2.073717412742635824e-01 2.281969025803037565e-01 2.265743194837021857e-01 2.213663661876775768e-01 2.098091671974333106e-01 2.242263671747703746e-01 2.132014595371937993e-01 2.095772148419153269e-01 2.007562464774822752e-01
2.063955794734207427e-01 1.984265279850673525e-01 1.972900664426590622e-01 2.498231589807284880e-01 2.185520086497979853e-01 2.181692996823898778e-01 1.908391777718494997e-01 2.248697730164408992e-01 2.380767153972288830e-01 2.197652552952534810e-01
