4.908075966906175758e-01 5.375660152405994374e-01 4.888466586286270843e-01 4.890720268614255906e-01 4.913316983204120136e-01 4.741932592667355562e-01 5.072197160049427556e-01 5.095953301436009220e-01 4.971544494553228333e-01 5.142132493877228372e-01
4.651683947016105325e-01 4.826586823369792834e-01 5.288911401159031023e-01 5.017277404564204346e-01 4.841869243034797599e-01 5.359282615707715580e-01 4.698479272585351918e-01 5.120106198630995920e-01 5.117335540774012870e-01 5.078467553157939296e-01
5.208836801503162750e-01 4.752937155186981455e-01 4.950618835600192336e-01 4.997970133028443174e-01 5.141371661141858063e-01 4.869856829175241431e-01 5.228381945248761209e-01 4.856830495530474190e-01 5.164498251965015108e-01 4.828697891619897486e-01
4.783729307061048153e-01 5.088510504228531683e-01 4.967617752215248150e-01 5.001545887301934723e-01 4.860801710504647488e-01 4.909910400816711595e-01 4.934154058159003764e-01 4.942510996645534394e-01 5.146481992835972852e-01 5.364737390231311132e-01
5.315683718199573082e-01 4.418524810809345560e-01 5.096227769775719674e-01 5.111291387687151300e-01 4.942188444471907749e-01 5.013736681007230356e-01 4.958888507509900956e-01 4.878100366935151921e-01 5.212117457723617342e-01 5.053240855880379856e-01
4.764597736493521030e-01 5.218061587852194094e-01 4.902108166944004752e-01 5.125784175337306792e-01 4.931481521063619256e-01 4.861559458503834641e-01 5.149752007923633634e-01 4.775569226265852230e-01 5.123092150074942674e-01 5.147993969541300174e-01
5.010073665309120461e-01 4.990512088618677122e-01 5.041260918955901005e-01 5.474691516508112255e-01 5.039110093767478205e-01 4.986309550338117735e-01 4.873673200507495640e-01 5.079679880827541183e-01 4.528922764172381155e-01 4.975766320995178016e-01
5.197467928516865676e-01 5.024328266640772922e-01 5.013451994445201620e-01 4.942874500246209335e-01 4.966630165051009183e-01 4.936408849602913484e-01 5.194771705055891697e-01 4.790409945299294314e-01 4.907762337074165204e-01 5.025894308067654359e-01
4.997670721700795404e-01 4.922525011060898681e-01 4.917966029927294258e-01 5.254257512596585133e-01 4.728834225754841025e-01 5.189755105477966701e-01 4.454939358987681786e-01 5.720913741393365282e-01 4.615839581480137843e-01 5.197298711620377265e-01
5.269572831815810821e-01 5.038518211102682720e-01 4.560301135668723416e-01 5.368183566712625421e-01 4.860961229920182647e-01 4.943416408116272920e-01 4.972723510521904755e-01 5.164466686899440440e-01 5.144708856058957114e-01 4.677147563183472467e-01
5.008795175105389408e-01 5.019544095707986209e-01 4.944886251334635885e-01 4.934779255589346603e-01 4.802868721988338141e-01 4.798900358732259841e-01 5.062636985673545365e-01 5.254236849489666294e-01 4.870056760004446428e-01 5.303295546374454661e-01
5.184011465483182590e-01 5.022546668252869662e-01 5.172429220166956387e-01 5.091314379002542800e-01 4.894936622538936244e-01 4.937598026459337763e-01 4.897450775581440041e-01 5.153584958480290634e-01 4.784451662657798754e-01 4.861676221376646234e-01
5.344632413499846857e-01 5.046601449516290305e-01 4.816353325944756625e-01 5.140158245875423582e-01 4.782996474051731672e-01 5.122197913168834438e-01 4.564881845412340211e-01 5.098565705981090712e-01 5.133548970019553570e-01 4.950063656530014899e-01
4.951835430638444890e-01 5.042892075484346481e-01 4.972105359012181092e-01 5.187543183833436267e-01 4.701884866678612274e-01 5.050551882793132830e-01 4.805502696764800685e-01 5.339416697036136750e-01 4.588702326156305356e-01 5.359565481602583947e-01
5.042663568805672014e-01 4.905107165059279795e-01 5.345378243783491801e-01 4.637784412731603689e-01 5.161476100638231479e-01 5.034740884438435593e-01 4.988696479725693300e-01 4.860247843754506025e-01 4.916521360455631262e-01 5.107383940607533868e-01
5.064538583834398144e-01 5.087024412260883199e-01 4.935908084567928733e-01 4.886647938620168330e-01 5.085333319577155509e-01 5.028231821158776205e-01 4.914724969082992501e-01 5.080728463787762550e-01 5.052924858603518032e-01 4.863937548506406250e-01
5.018129622848224169e-01 4.915844783482320457e-01 5.122617368943281901e-01 5.021228641710875351e-01 5.036893163269997586e-01 4.790310117399128043e-01 5.262926514146814005e-01 4.998040983657662251e-01 4.972068972728971858e-01 4.861939831812747137e-01
4.879890626446918844e-01 5.140308011249320463e-01 4.819764435780935496e-01 5.017159962914379268e-01 4.855238392576188278e-01 5.147555416245218618e-01 4.890997241486633174e-01 5.055736688065834983e-01 4.982492623002872101e-01 5.210856602231739299e-01
5.054364710087864143e-01 5.284741877666908616e-01 4.632407875010000620e-01 5.198864651207526499e-01 4.519106771895669006e-01 5.345929885571776286e-01 4.938843622693220303e-01 4.749074973781109987e-01 5.142901356606367491e-01 5.133764275479697492e-01
4.980369128873022855e-01 4.947880548081902696e-01 5.017284836942259574e-01 5.139480364172931415e-01 5.081907029887573479e-01 4.700347149753423270e-01 4.896464989899277365e-01 5.002336612147000316e-01 5.164662731369398241e-01 5.069266608873203017e-01
4.853312716063965526e-01 4.842159548289619031e-01 5.337882904563076014e-01 5.118116388007765138e-01 5.021300889883537621e-01 4.696593172129519544e-01 5.363088432641299752e-01 4.992843136071993815e-01 4.878643960356442988e-01 4.896058851992762806e-01
5.230316633510463387e-01 5.087443622921694608e-01 4.871553259882281939e-01 5.128554953255235471e-01 4.835421574350116103e-01 5.071442141497274347e-01 4.719692502221775054e-01 5.293802491993033765e-01 5.024138430831697200e-01 4.737634389536354851e-01
5.219431785780979105e-01 4.864090686171243516e-01 5.133366524092396466e-01 5.102160281012986243e-01 4.794148738572284740e-01 4.927455991564033133e-01 4.812345018469593727e-01 5.263648860377074801e-01 4.927337704656001849e-01 4.956014409303363677e-01
4.902460686580507598e-01 4.730428390508423231e-01 5.408660343659937864e-01 4.966165883938994385e-01 5.019244662572581728e-01 4.880474709748010564e-01 5.100336031076847521e-01 5.059639831696858270e-01 5.009361325773966644e-01 4.923228134443879411e-01
4.626717358026743998e-01 5.221797048578157296e-01 4.855360128503205530e-01 5.250818807452262149e-01 4.613183375267326802e-01 5.233064264212875516e-01 4.950270943304336813e-01 4.817093705923660707e-01 5.152909080927466912e-01 5.278785287804000914e-01
4.796053087816194438e-01 5.173351030089592406e-01 4.624387355751763407e-01 5.157293593859217928e-01 5.036246269913444706e-01 5.174470631356595796e-01 4.841038908906987737e-01 5.370034318905244630e-01 4.841800059706974357e-01 4.985324743694042882e-01
5.248575172761517083e-01 4.989878935533905713e-01 5.116044544189501941e-01 4.716181321003146132e-01 5.031779697364587856e-01 4.944740263806647884e-01 5.111577634382449276e-01 4.796553264157699115e-01 4.859463724421727582e-01 5.185205442378837404e-01
4.881265334142204648e-01 4.872919715843061494e-01 4.998718271175529582e-01 4.880682961377289519e-01 4.866887879588394084e-01 5.271862286058651703e-01 5.066759227570653001e-01 4.980045208902904030e-01 5.013298757039497122e-01 5.167560358301881429e-01
5.042050110376641303e-01 5.021000538172337713e-01 5.183891090092185294e-01 4.852064117088572548e-01 4.890515141351954309e-01 5.119542383572697197e-01 4.727080000611660338e-01 5.034961854633974720e-01 5.094350327751728802e-01 5.034544436348272756e-01
5.197116219247290836e-01 4.806506736775336686e-01 5.159098513373883144e-01 4.818742732071625845e-01 5.061331585081443318e-01 4.669989317697365583e-01 5.046687419623498982e-01 4.955257279337668130e-01 5.446802187454765631e-01 4.838468009337076881e-01
4.905845928956481528e-01 5.021901743019713260e-01 5.034875423436889763e-01 4.939970331387583680e-01 5.071478281205958893e-01 4.875594429762948878e-01 5.180582872353169943e-01 4.983448090067945091e-01 5.136285131646669555e-01 4.850017768162490084e-01
4.760750705771613078e-01 4.765657903227580872e-01 5.113905946480692410e-01 5.001748501315075313e-01 4.925089099727127939e-01 5.032068828522848758e-01 5.195988608782093898e-01 4.960767036179102307e-01 5.034215543063469411e-01 5.209807826930359376e-01
4.958444533228639206e-01 5.048536256014677370e-01 5.220523673543762122e-01 5.054905822035877794e-01 4.854732640772601582e-01 4.883574063766534246e-01 4.918443225902698890e-01 5.042703800770762523e-01 4.952316707918201222e-01 5.065819276046138464e-01
4.928941471326238055e-01 5.216298567959023469e-01 4.720882360037059744e-01 5.244804715071309520e-01 4.637800409701912097e-01 5.429999974093366877e-01 4.977322723376408353e-01 5.061812423681699702e-01 4.851082068606789033e-01 4.931055286146166505e-01
5.105392104158574806e-01 4.892380465180990456e-01 4.883657529764148242e-01 5.086857610166430899e-01 4.838490504597331987e-01 5.265366068656680554e-01 5.074360938523109210e-01 4.877626013930468352e-01 5.059271128954965224e-01 4.916597636067376320e-01
5.109504793711941995e-01 4.859434166785575049e-01 5.126554459022386601e-01 5.071389586862713461e-01 5.163269908907210937e-01 4.667357175473874076e-01 5.113351045226555147e-01 4.743813543958091961e-01 5.227076201232305763e-01 4.918249118819367771e-01
4.847338304437311951e-01 5.046927738946491715e-01 4.855962468301967538e-01 5.489323365038268898e-01 4.464503130421493271e-01 5.007133118243674019e-01 5.212599434125793074e-01 4.994492578011274220e-01 5.138687250229599934e-01 4.943032612244030455e-01
5.158255814795691396e-01 4.918329710289842116e-01 4.927874147031801599e-01 5.098322539634253525e-01 4.870193873686948782e-01 4.989974474825489281e-01 5.084499975997410770e-01 4.979358693462139773e-01 4.995611487877080203e-01 4.977579282399214877e-01
5.018499899867691072e-01 5.141174570880671091e-01 4.842849568401703664e-01 5.073572485549877609e-01 4.901192990947747519e-01 4.855207720605513311e-01 5.085970712062365395e-01 4.895724868450806455e-01 5.072025296365159086e-01 5.113781886868508098e-01
4.745084836429864783e-01 4.969230202651985229e-01 4.962338435078609278e-01 5.149180040958727389e-01 4.918979683428954530e-01 4.940544881609880146e-01 5.040322765224969359e-01 5.028858371726773191e-01 4.903211920738517193e-01 5.342248862151635080e-01
4.789187609841620841e-01 4.844336634520181040e-01 5.387971059421047260e-01 4.729082992747391523e-01 4.933125352155364740e-01 5.083521941766344643e-01 5.189768111084127611e-01 4.948499145171556535e-01 5.152133790190449592e-01 4.942373363101833506e-01
4.709910149899662613e-01 5.325029831836480820e-01 5.001009986993638634e-01 4.826283942549924877e-01 4.734088927848160155e-01 4.996273887489477983e-01 5.136009502586640352e-01 4.911370224902108506e-01 5.148262067522254570e-01 5.211761478371628176e-01
4.726558268468195600e-01 5.031058817518827553e-01 4.845358939096654494e-01 5.190031310359326522e-01 4.994408050921796405e-01 5.055307018305041922e-01 5.124118079794560687e-01 4.918367016866357910e-01 4.925424799039469503e-01 5.189367699629787722e-01
4.748659288135561041e-01 5.067874830998105873e-01 5.142346625646219138e-01 5.056885065724263661e-01 4.938963997282269647e-01 4.977675964939095032e-01 5.037261294210455542e-01 4.870828775943533140e-01 4.866748096312510929e-01 5.292756060807997098e-01
5.371223806217083618e-01 4.538096082162871858e-01 4.790956366125458943e-01 5.408258971677593063e-01 4.617038495176385426e-01 5.250162296164357922e-01 5.097862861938861068e-01 5.115636537334578016e-01 5.069298238420325564e-01 4.741466344782624964e-01
4.871265619510477540e-01 4.851490604976456122e-01 4.985999003911760208e-01 5.003833477168802002e-01 5.049700373541203824e-01 5.244599703114320999e-01 4.659275948075800589e-01 5.161437129794146372e-01 5.321016914592613389e-01 4.851381225314471690e-01
5.126306529424575764e-01 4.892337791763218258e-01 4.910367973009188702e-01 5.227186907474554722e-01 4.977450983687422559e-01 4.857561273446607264e-01 5.224212347254670874e-01 4.817036818324129666e-01 5.026531572909069823e-01 4.941007802706548491e-01
4.792779739788853854e-01 4.967577263774985985e-01 5.098933390231870089e-01 5.185613818171007638e-01 4.805121764606146151e-01 5.098938819858518379e-01 4.957547433610671739e-01 5.136875694487601507e-01 4.851684196275563576e-01 5.104927879194751661e-01
5.205694707909760410e-01 4.925166861364427273e-01 5.089229962546741870e-01 4.533064770419350520e-01 5.366805243724768193e-01 4.751696582263013613e-01 5.224746815708373182e-01 4.987924477596600292e-01 4.957568844786241491e-01 4.958101733680615464e-01
4.802991233766881196e-01 4.933844345548219490e-01 5.070472393881875206e-01 4.914287325319288136e-01 5.537663312826641704e-01 5.064954678188600123e-01 4.949397970479543774e-01 4.858460256368647978e-01 4.937546607294250323e-01 4.930381876326163093e-01
5.108265114201937518e-01 4.464633041025378724e-01 5.477677855240696836e-01 4.749855404877681431e-01 5.254346762574039209e-01 4.841781487945073792e-01 4.849964415048200750e-01 5.021203686441952918e-01 5.168285411330489909e-01 5.063986821314592213e-01
4.959139165315911701e-01 5.400107997506855551e-01 4.619184886330315876e-01 5.198654043552199955e-01 4.660896999341472280e-01 5.213148039408388446e-01 4.811620416790847177e-01 5.061436711382059084e-01 4.921225184330076940e-01 5.154586556041872436e-01
4.684240488844754746e-01 5.061307179280543078e-01 4.912158207312746772e-01 4.901979271758743484e-01 5.013026421977719860e-01 5.041746518778233987e-01 5.293450960621571832e-01 4.900840370601369234e-01 5.161183541846732226e-01 5.030067038977539262e-01
4.898932178367011447e-01 4.927964585744447623e-01 5.017003933116731540e-01 5.104680159321953736e-01 4.905290447969918866e-01 5.046567309634594212e-01 4.766845853700222291e-01 5.285940057387259472e-01 4.839655973809146028e-01 5.207119500948682589e-01
4.856028996863928082e-01 5.158139217151808120e-01 5.246804114971543864e-01 4.916928273486155243e-01 4.924638341928488927e-01 4.897497700674255938e-01 5.182445565736213400e-01 4.965483786536225019e-01 4.826803726461356692e-01 5.025230276190056911e-01
5.007029873782389284e-01 4.932097758401113863e-01 4.941990177498581382e-01 4.799954328004251147e-01 4.868823698494832430e-01 5.037945878507943398e-01 5.365991136319603338e-01 4.754955726869372623e-01 5.293801493376842915e-01 4.997409928745036867e-01
5.317087921696083130e-01 4.675026283214156475e-01 5.229471419547441213e-01 5.034921503585261249e-01 4.901503223751991767e-01 4.835895593604414566e-01 5.230447306406451613e-01 5.187000874571163767e-01 4.892072502203234086e-01 4.696573371419807685e-01
4.920425619419327989e-01 4.858183735731718134e-01 5.263807106966748028e-01 4.578094465270885483e-01 5.330146090107760193e-01 4.708764550067336407e-01 5.150428989303195149e-01 5.069956702559539341e-01 5.010978506228549456e-01 5.109214234344940930e-01
5.031221330924353641e-01 4.892360078031085524e-01 4.934272675032455036e-01 5.007467926270304792e-01 5.041322047447982513e-01 5.054111849610871676e-01 4.661487899965129911e-01 5.424180298144443135e-01 4.850568227270988242e-01 5.103007667302561501e-01
4.642160846009696362e-01 5.462964430847163655e-01 4.846059085212186535e-01 4.956893585751745435e-01 5.198240219641084847e-01 4.906258678086112268e-01 5.000493488867914227e-01 4.960422180003422055e-01 4.814352923260163952e-01 5.212154562320521212e-01
5.140206176769929192e-01 5.033223859712656623e-01 4.672670885274972097e-01 4.888860067009543897e-01 5.261323419990704409e-01 4.746402263509182928e-01 5.116421359237020017e-01 5.080145643604508932e-01 5.084896184450974355e-01 4.975850140440449820e-01
4.816963239841101085e-01 5.351071936920142047e-01 4.927389175744897876e-01 4.849114400333942032e-01 5.093969842529426639e-01 4.843300126227884084e-01 4.969596340441245208e-01 5.231615608078692414e-01 4.706022075551491435e-01 5.210957254331252120e-01
5.046655186038493390e-01 4.918421685335497839e-01 4.946507058412570879e-01 4.971936238432415056e-01 4.752764717788645621e-01 5.001083012096686486e-01 5.186434574987651702e-01 5.011116155220725066e-01 5.045923801766647454e-01 5.119157569920695927e-01
5.177418924452780180e-01 5.133774503588448557e-01 4.766131308825608537e-01 5.371443216135658449e-01 5.203515478079181467e-01 4.942909169326439311e-01 4.763785598813171651e-01 4.889395523345458350e-01 4.887998224167040551e-01 4.863628053266235707e-01
4.825238712127704610e-01 5.015669807664098201e-01 4.948519740427067548e-01 5.139493276511271080e-01 5.083834368045441199e-01 4.955914195467052141e-01 5.049255688486656846e-01 4.985429365122425738e-01 5.246002981432712486e-01 4.750641864715626772e-01
5.170676522965881317e-01 4.670904642524169592e-01 5.178531582233134589e-01 4.723396444564595398e-01 4.858001777735874716e-01 5.477067091917260377e-01 4.988307710958146957e-01 5.194546265237636185e-01 4.774420669242213089e-01 4.964147292621167162e-01
5.018484851926544588e-01 4.896924387516286004e-01 5.115705045153913222e-01 4.860237933148855438e-01 5.172381410782718181e-01 5.077418681790817345e-01 4.753124628986768463e-01 5.022355254378172429e-01 5.289327577922444679e-01 4.794040228393434133e-01
4.919976613533182941e-01 5.179716154517287618e-01 4.997516044198443419e-01 4.861586244790156996e-01 5.351995313808628474e-01 4.754162454292666928e-01 5.352209164684693654e-01 4.836945049852081624e-01 4.977034286022530840e-01 4.768858674300276435e-01
5.024962734345675974e-01 4.867407255071508621e-01 5.046383960433925564e-01 4.998873317235653646e-01 5.014683621883105902e-01 5.020338140536674265e-01 4.886639672421367875e-01 5.004582429901709428e-01 5.062130350971612014e-01 5.073998517198827773e-01
5.295500102102701501e-01 5.047682534366365603e-01 4.754450382147731857e-01 5.490002579208843603e-01 4.785294556558321033e-01 5.151095497171985782e-01 5.079817049672752383e-01 5.065553929923163334e-01 4.478859512819008959e-01 4.851743856028972735e-01
4.904511187559953411e-01 4.925343961965455986e-01 5.444560448483926063e-01 4.955471839552743063e-01 4.657016655647692183e-01 5.351440662705091444e-01 4.765604871494994454e-01 4.930903475784553791e-01 4.701054998911411431e-01 5.364091897894062155e-01
4.593076768538227883e-01 5.051561338109950006e-01 4.897209185549672439e-01 5.079036104820147113e-01 4.999607625862332316e-01 4.784815577084640115e-01 4.978529690455504308e-01 5.307131680060214185e-01 4.923831014188797539e-01 5.385201015330454144e-01
4.942231965009075134e-01 4.799422371707969259e-01 5.218246281996938851e-01 5.051811592741430879e-01 4.927235512303346221e-01 4.884582506667403679e-01 4.855085711291594608e-01 5.186245133983800049e-01 5.215885037428644733e-01 4.919253886869842662e-01
4.835658930178383663e-01 5.294440404712161818e-01 5.030731677477728869e-01 5.191243983090183534e-01 4.931987562086213028e-01 5.100112369235936249e-01 4.880228545690212250e-01 4.965059245214404338e-01 4.762026970798914904e-01 5.008510311515929070e-01
5.078735242036416242e-01 4.879391560350204160e-01 5.088424586193758259e-01 5.031316650332958718e-01 4.878813172482713845e-01 5.276622399279232711e-01 4.791253284964995807e-01 4.803363187231755038e-01 5.302462697795371493e-01 4.869617219332655345e-01
5.010414006989555302e-01 5.047525320396122339e-01 4.966479977290457759e-01 5.265688399308667833e-01 4.807083961480546619e-01 4.776741489560953902e-01 4.985010472605928000e-01 5.074187759729704705e-01 5.120274438048916243e-01 4.946594174589165060e-01
4.815597922810008757e-01 5.186198503063064180e-01 4.812374414077702500e-01 5.203650754632207498e-01 4.910620544950710653e-01 5.125478836501377033e-01 5.251199700709139329e-01 5.092143166683182898e-01 4.674647146385259022e-01 4.928089010187375330e-01
4.780372106795331422e-01 5.082919199366194851e-01 4.880065975106632203e-01 5.328810527060803270e-01 4.745434788855228403e-01 5.330717070591401985e-01 4.818307857172740571e-01 4.844109457617225001e-01 4.880026282429706375e-01 5.309236735004700947e-01
4.750659311951996311e-01 5.207088349310415865e-01 4.708416127779671001e-01 4.961217171889606981e-01 4.994796065605196511e-01 5.036595686952143325e-01 5.038532261951322866e-01 5.018913754444536135e-01 4.983523667214538877e-01 5.300257602900633191e-01
5.419452013093961629e-01 4.640756276695967575e-01 4.831968301747229244e-01 4.920814143680087849e-01 4.822291099043511942e-01 5.413326702253241640e-01 5.095914342016893972e-01 4.817207836736142612e-01 5.139100098658037075e-01 4.899169186074891491e-01
4.777435251535298022e-01 4.945356596380467984e-01 5.050691746388232817e-01 4.945149114122697198e-01 5.089475527274534006e-01 5.053316863430644679e-01 5.066424743299238198e-01 5.136389435755788213e-01 5.078183547088722660e-01 4.857577174724264091e-01
5.213134056244417280e-01 4.857916037151174260e-01 4.840757843129589455e-01 4.846349834754865027e-01 5.501540076651514344e-01 5.042661413659843550e-01 5.045314556468167844e-01 4.748207299283160321e-01 5.391878532913758626e-01 4.512240349743413814e-01
5.201630641096675056e-01 4.732938175991149299e-01 5.053433042243034023e-01 4.903245325973261681e-01 5.069534890150924067e-01 5.055662645285509127e-01 5.134231175849328643e-01 4.815142817556129495e-01 5.172686743538059684e-01 4.861494542315978884e-01
5.185096366234147602e-01 4.750672008081515130e-01 5.182607727983177259e-01 4.636798674266058851e-01 4.957649294540013574e-01 5.352117451871372111e-01 4.982454405038845291e-01 5.005904044030530242e-01 4.946683624155671088e-01 5.000016403798730469e-01
4.730086411341402064e-01 5.049587431058830678e-01 4.827875413650321024e-01 5.076461943639546393e-01 5.033996838094672022e-01 5.056774373628234454e-01 5.042440989846395105e-01 5.073963931340692568e-01 4.909731788639138950e-01 5.199080878760754532e-01
4.944325952354235998e-01 4.805831413956060949e-01 4.854807186837982735e-01 5.023914158016551390e-01 5.372396886949395434e-01 4.884756146820655731e-01 5.015099857219071922e-01 4.876952878571046979e-01 5.165024266965684285e-01 5.056891252309295703e-01
4.816326623078941993e-01 5.183086243127419390e-01 5.072637332836481550e-01 5.052445415770571158e-01 4.985287577313586294e-01 4.986215092634830315e-01 4.822064689437702278e-01 5.056735104613863108e-01 5.039726170490268498e-01 4.985475750696232167e-01
5.104996818358278343e-01 5.122190692361638931e-01 4.926319537579509356e-01 5.245681719552079958e-01 4.970525963675872516e-01 4.936869698942882856e-01 5.063559718582960611e-01 4.921844068223243940e-01 5.033175136254361970e-01 4.674836646469165968e-01
4.766690326940761224e-01 5.230601326291819397e-01 4.921904121818727607e-01 5.094311473050620043e-01 4.766846666729673276e-01 5.022752254523967785e-01 5.195137780839557129e-01 4.801800257312787701e-01 5.149438503728644978e-01 5.050517288763409773e-01
5.017647352485068435e-01 4.851042243122611897e-01 4.976914357647699849e-01 5.087838586020292375e-01 4.789231438251725925e-01 5.030370640862777964e-01 4.929900000106058888e-01 5.133222419746784615e-01 5.204347751670519440e-01 4.979485210086411207e-01
4.802824110435364169e-01 4.787929048226415851e-01 5.093987099601666735e-01 5.266248607647989743e-01 4.915904923107953794e-01 5.012310988729411498e-01 5.213143997377371885e-01 4.994489756182539097e-01 5.040955927060553066e-01 4.872205541630874048e-01
4.968269341645884518e-01 4.777717509138807439e-01 5.142111228827451752e-01 4.804472434827451455e-01 5.236461823929633441e-01 5.089479943280402763e-01 4.906816446401899290e-01 4.793143740934565633e-01 5.086247394371908870e-01 5.195280136642013158e-01
4.835497663408975244e-01 5.175229107853378530e-01 5.056869296911867817e-01 5.099996837585575316e-01 4.701454424376825258e-01 5.122039891221169539e-01 4.870840021483389126e-01 5.024373166744304786e-01 5.184141915922639843e-01 4.929557674491919506e-01
5.030976744853619120e-01 4.963944106551259616e-01 5.160487060078493560e-01 4.663833236829383888e-01 5.072014689903971973e-01 4.887798545198545064e-01 5.088320843685640860e-01 4.986837790664315762e-01 5.248020848050239939e-01 4.897766134184529663e-01
4.754593236658981592e-01 5.094738967815215513e-01 4.704773225995105834e-01 5.461712052835772102e-01 4.663728059284476535e-01 5.080472673531767347e-01 5.011956803807037231e-01 5.078218438735875306e-01 5.093798959943323101e-01 5.056007581392421013e-01
4.937782673668792421e-01 5.096719159170253199e-01 4.949753922113124815e-01 4.948112996722922041e-01 5.186162489510852680e-01 4.969663859093090830e-01 4.931449164439583033e-01 4.833539637013273271e-01 5.291310793028840553e-01 4.855505305239213309e-01
5.079017496331152959e-01 5.030739434389364106e-01 5.126681868439246781e-01 4.793855487635007018e-01 5.145486091040105681e-01 5.172078846101604288e-01 4.658148230239052001e-01 5.165013230053041582e-01 4.956550923334226422e-01 4.872428392437285760e-01
5.099453136938225661e-01 4.860066649926244042e-01 5.096821137872730167e-01 4.865062348362839129e-01 5.018732434680984733e-01 4.932531373980887368e-01 5.062451341662499438e-01 5.079989774220563525e-01 4.989319306604218518e-01 4.995572495750768560e-01
5.018144321986106604e-01 4.915031022666249139e-01 5.122168629280730023e-01 5.106638978384729910e-01 5.055567795748433513e-01 4.940095007973471786e-01 5.083780469125347423e-01 4.974264157339260972e-01 4.937673433726484928e-01 4.846636183769173489e-01
4.904615225412726209e-01 4.822156077552602893e-01 4.809522501933825578e-01 5.325464614278476727e-01 5.027674959514915054e-01 5.023686140318219806e-01 4.741362796544311142e-01 5.089588418172352746e-01 5.216499291730870569e-01 5.039429974541765889e-01
