2.066163165900098547e-02 4.589302598791953902e-01 1.268015596051515204e-02 1.099810497384978583e-03 1.495953909558061200e-03 4.747034136235716087e-03 1.265288339016507613e-01 1.495691175908280268e-01 8.395748161990759795e-02 2.119756609690229832e-01 4.529766630145496721e-03 1.864104621769041310e-03
3.089161459426055800e-01 1.846954346804861175e-02 1.443286846257066727e-02 3.641464779164313992e-01 7.260099175494274387e-03 2.097324520636530132e-02 9.513619896130552644e-02 4.812090077418337136e-02 4.008459936735303542e-02 1.105718917165642370e-03 1.355028427115793997e-03 3.481944531594495518e-02
1.233037880943852332e-01 4.952333050226422062e-02 1.710040238115473898e-01 4.548462907329831051e-02 1.301000510630488938e-01 2.109892328288379137e-02 8.037282873679850448e-03 5.945506579126112051e-02 6.128949537323567787e-02 2.003810914920771402e-02 3.590500264453035800e-03 8.781543496519534850e-03
9.384971875487365528e-03 3.206183698349647504e-02 1.750432962285067839e-01 3.021030609368545172e-01 1.271383666437330695e-01 7.104807705074782289e-04 2.141895272141070700e-02 1.539596563905342164e-01 2.864824076433512487e-02 1.422774843996708199e-02 4.436450971282220219e-03 3.695813374496840272e-03
1.206410488478238813e-01 7.737764348486761423e-02 8.727337757954020669e-03 9.875570004539577229e-02 3.818869643676879588e-02 5.324349004826170462e-02 1.034306912850405449e-02 7.169719167290280332e-03 4.009182915465210606e-02 9.953804734625048417e-03 7.088945368012229686e-02 9.352950437705731535e-02
3.796476653991540107e-02 2.750377245947595306e-02 7.056441734031553004e-02 4.877365248394992525e-01 7.567801457479617078e-02 2.278417961024887736e-02 8.249357105605635912e-03 3.414060066678764951e-03 2.208700910484453583e-04 7.265610281495358744e-03 1.367815717646995999e-01 5.465506570708655865e-02
2.665818927231371205e-02 5.233727916944288377e-03 8.398837052445842083e-03 4.757179964679252027e-02 1.754767014786148827e-01 5.519819897588037344e-03 3.822406819738211753e-03 6.921036385386830636e-02 1.671502783804437176e-01 1.667316988271036471e-02 3.913982611475409074e-02 2.621461462427234768e-01
2.944894425822804952e-04 5.306432765597936425e-04 1.383774315746700428e-03 8.069111409393276979e-01 5.120591549751925264e-03 8.712499323002925733e-02 2.174723668152168388e-01 9.269267811529830620e-03 1.689942460505246182e-03 3.383438623939113432e-01 1.996158498979553469e-02 1.427892048983552074e-03
2.518893018438813497e-02 2.071063917446845370e-01 9.267850223175341795e-02 3.048046637448292503e-03 7.918170118353465292e-02 9.031868311658419746e-02 2.477122459792951287e-02 2.375785805582902085e-03 1.912898962734414007e-04 9.487994528226541095e-04 7.128515818152890426e-02 2.791212700025303417e-01
7.197103460084364537e-03 2.036932903993909916e-01 1.122589713596121586e-01 4.453571665535505791e-02 1.850964811295844614e-01 6.955587495771417550e-02 5.933059550421314506e-03 6.480841473444283116e-03 3.415395995970448711e-02 1.503382091936537046e-01 5.785623512516339419e-03 1.186902305163958218e-03
3.816550099256819650e-01 3.599641371679301871e-02 8.618102743689480538e-03 3.696963437060234170e-02 7.330723486578498774e-03 5.999294872550577432e-03 7.712427988193124549e-04 3.488698863955773388e-02 1.536647881642110303e-01 4.353349815291913255e-02 7.691680900020575473e-02 4.875986846945354336e-02
3.887792492195608907e-02 7.641173645644253054e-02 3.177030739914192374e-03 3.763861914688990638e-03 1.783301309798298456e-02 1.984747069112964835e-01 7.820077627191095865e-03 2.755422520383455920e-01 3.054484916654122417e-02 2.086529088501877863e-02 1.746261843690790072e-01 4.344773803570989822e-03
1.210433720274954050e-01 1.291246919446556174e-01 3.714690086150280318e-02 9.283338067747066991e-03 2.130188973788365442e-02 1.713877831818406139e-01 5.362190886268860396e-02 3.744430037714033960e-02 7.596024006439411336e-03 7.537069298755211949e-03 4.417517586441105371e-02 4.319411111372291334e-02
9.352290465715106318e-03 4.638795931787479537e-02 3.994503435062167485e-02 8.347720071773010592e-03 1.642218565163233029e-02 2.515367851399329460e-02 1.152942239413448922e-01 9.333031850802112062e-02 2.243359381654333809e-02 1.103125658606914257e-02 2.856080048915793368e-01 5.989600351614379758e-02
1.437241005457140335e-02 5.227649711435038496e-03 3.808111101805380927e-02 1.410143445368344794e-01 1.745698985517256038e-02 1.079440212509714253e-02 2.017188199977014082e-02 1.361544901728608259e-01 3.817471190413163074e-02 3.129479398156077147e-02 6.799386319560413172e-02 2.063656688352495383e-01
1.064439389286229443e-01 1.971602915156949187e-01 2.012095067905331734e-03 1.598407305206941791e-03 2.722979607954034275e-03 3.966135979972859049e-01 3.196596212114567737e-02 2.326825789607921829e-03 1.311501263046169208e-01 1.561161305003896937e-01 5.352997683408656018e-03 2.804643505633832006e-03
3.474582606218395986e-02 2.073428558775944619e-01 4.440879928958112177e-02 4.180360177546317969e-04 5.099570876321085026e-04 2.113651895612742027e-02 1.948335816315764080e-01 5.382425629305302717e-02 8.059899899224114150e-04 3.791769418299117955e-03 3.011497532459596060e-01 8.732297183445421329e-02
3.042245582786910589e-03 3.524354708531969582e-03 3.925746422939644376e-01 3.518027628871900347e-02 8.428805303304074716e-04 3.898970748882276370e-03 2.694079432581164557e-01 8.454688466811539904e-02 1.755293603303581876e-02 1.032332675917262410e-01 3.416385488546333504e-02 2.154295263867834001e-02
1.151969731410513662e-02 3.094080058907774933e-01 4.826586823592970976e-02 5.210763966095934355e-03 9.708074404704626625e-02 2.051226880623758034e-02 1.106926465907841356e-01 6.285317428996235745e-02 1.748374927627663940e-03 8.431385127204913928e-04 7.042232943077373838e-03 1.748692436089928082e-01
3.289379921828525233e-02 1.756379712252644637e-02 2.286311542120469682e-03 4.629464432641627186e-03 4.635555313261654486e-01 4.038827313747236913e-02 1.454427534135050055e-02 2.033751109805554541e-02 1.049270700889312624e-01 1.086763911005036720e-01 4.232697246619503834e-02 2.998531949853847078e-02
4.734165673369810680e-03 5.661424154667422937e-02 3.991519638665486092e-02 7.076565893490091574e-02 5.592948042833850546e-03 1.032018107308022847e-01 2.461421321694613057e-02 4.356462994431211169e-03 1.290227079196464843e-01 1.745986238736904061e-01 1.531784498989911814e-02 3.531845446147597462e-02
2.898029688709946377e-04 3.677439258680817447e-02 1.443226526624910300e-01 6.911602003307855402e-02 2.095356975008237643e-02 4.322699474067958070e-01 1.390394470131304724e-02 7.010817645768564407e-03 2.395111195103583335e-01 4.953811768191660608e-02 5.585227461147079624e-03 8.958288169546599702e-05
3.891515269421050999e-02 7.578245151719135986e-02 1.646854307727595446e-01 8.301702378299424118e-03 1.269309679495718608e-02 3.993496136232671523e-01 1.629550448936801024e-02 1.287442108193353552e-03 1.322695510762973183e-03 1.381242746617010160e-03 1.484223349818285589e-02 3.731892746763885160e-01
2.625846003986670452e-02 5.776635035334130169e-03 1.270132900809670291e-02 6.326940938128393366e-02 9.529820491764579016e-02 8.494531075890092431e-02 2.310737135077661486e-01 1.642052946532816110e-02 1.850838171315653466e-02 8.265935055017448185e-02 1.187085587582236042e-02 4.691430003378534858e-02
1.732847598508538145e-01 1.168543520036498251e-01 6.432999292031602034e-02 2.349169767377690815e-02 7.432238823835393693e-02 1.178939538861553671e-02 2.895959907801357990e-03 2.252266166801418761e-04 1.693753236781705886e-03 3.009003116690184970e-02 4.409421508851889548e-01 1.908182427629274980e-02
8.178842615532415372e-03 8.883340490542919465e-02 8.880267871033377391e-02 4.092707188171899879e-02 6.557706358998631468e-02 4.394766408988281386e-02 1.645914198946206719e-01 8.784197226315516860e-02 1.589752499330862046e-01 1.123735764927174217e-02 6.192808511381531688e-04 5.041977076766999662e-04
2.468772403270381305e-02 8.062451064041204624e-03 5.489271929918718845e-03 4.237993624898631073e-02 1.588446053463979935e-01 2.079219352830377621e-02 4.088957466291687909e-02 1.505433136882216860e-01 1.894861088397539403e-02 2.925931852729701452e-02 1.674970838616181013e-01 4.334324467951548854e-02
7.633957728459780587e-03 9.027728413981888972e-04 4.846830637527331162e-03 3.513990048511302089e-02 4.287594585878403558e-02 5.221976775627194811e-02 4.340340537916835550e-02 1.314840011623878424e-01 1.820562039285811284e-02 4.765052607102504556e-02 8.481435402092812881e-03 5.755582715940628091e-01
1.310413849525009500e-01 6.465352409986740989e-02 8.854109593154602456e-03 1.160955907405025050e-02 8.326802100419725128e-02 2.107504434318734077e-02 1.145249434046238281e-02 2.324724584452982773e-02 1.494047096789706715e-02 2.841140564817684067e-01 6.895207930621728709e-02 1.587013415013781292e-02
1.196071650632904437e-02 1.239323376412627617e-02 8.395447880647410877e-02 3.499710720970125588e-02 7.714966118184769794e-02 1.608996434179828516e-01 8.918005861041070070e-02 3.080475152194675752e-03 6.953786669229236259e-03 1.048028401848850703e-02 1.937454573453371576e-01 5.164210502123876140e-02
9.174138901635208636e-04 1.468889417955972047e-03 1.823212254079002378e-02 5.396235836455824941e-01 1.167680460119718084e-03 8.580527939064858112e-03 2.507573028979270813e-01 4.783209159109662323e-02 5.564679527809401893e-02 2.780727556060549541e-02 1.386926466645748146e-01 1.274254761827974328e-02
4.082907905999601933e-02 1.215307323073327728e-01 1.880353420684407681e-02 3.683459627306412409e-02 1.294420144257829308e-01 5.459778654284494492e-02 3.467359708981433697e-02 5.271298949720596566e-02 6.129967412956289358e-02 5.366766223914191947e-02 5.582002350944674333e-03 1.459698863022149476e-02
1.100510529729018840e-02 1.487731947834359213e-02 6.686294339688238220e-02 2.480465470576799503e-02 9.213893571541167948e-02 1.500050270359792326e-01 1.132711143514742586e-02 1.346508247420789665e-02 6.282118497128573453e-02 1.841862915012997537e-01 3.691275739066990358e-02 1.796734705722537184e-02
8.376309359155948223e-03 6.853877934595674695e-03 2.972638049134488508e-02 2.902967014870534435e-01 2.679765844547898814e-03 1.083154861584763665e-02 5.332350048418330601e-01 5.796258489483245915e-03 2.110682315671783861e-03 5.794628240795121621e-02 1.511591018100766071e-01 2.124912013231958219e-02
1.037776852982428277e-01 8.532196961274531033e-03 4.869257802334638063e-03 3.659530008360393216e-01 3.927898885816320795e-02 4.379443199570186773e-04 2.129445041121204145e-04 1.346454366409297575e-02 1.188672195186525060e-01 3.009356938797962122e-02 9.326639722077620376e-02 1.345342269131143131e-01
1.991724658110914561e-03 5.210394251556380897e-03 1.859846659463150476e-02 1.951541650775234782e-01 6.008379438507989445e-02 7.681235496040178523e-02 1.698330993047967585e-01 1.782088224468563256e-02 2.644361442151781094e-02 1.434678047428168957e-01 1.662035227362485337e-02 2.022236416356306896e-02
1.448945018306774246e-01 4.128340211007676397e-02 2.802951025830853482e-02 5.182730279154203201e-02 4.608593606311260638e-02 3.368693296517672256e-03 6.764055063305991246e-03 2.463793120500860911e-01 8.924980016565436935e-02 1.468710173264095370e-04 7.921192714271735802e-04 1.723416174293755376e-01
6.364192970823210303e-03 1.926062404441775122e-01 1.336290120456193331e-01 1.465920386494123373e-01 6.067388636380666167e-02 3.110685073893769761e-03 6.370153606583568023e-04 8.626460127371759047e-04 7.482568248708099459e-03 2.914306278883778412e-02 1.024149200676743587e-01 1.620256300491249024e-01
5.567379603080065825e-04 4.510905749218943606e-02 2.975217255580239195e-01 7.304947942732406899e-03 1.820735295315255645e-02 6.305087381328161773e-03 1.902516110800466995e-02 2.698861749093186546e-01 2.739539263681455353e-02 1.988194172398008094e-02 2.111558865802822815e-01 8.797002671144811548e-03
7.107562870599770655e-02 3.046835333267326404e-02 2.811106116294940539e-03 9.111607697142309892e-03 1.391681153379725755e-01 1.327590661470085531e-01 8.516634825000975878e-03 4.113847932635414373e-02 7.508024938146982963e-02 8.384151324018880580e-02 1.635489624758660124e-02 6.125576761785282709e-02
1.973427948822042977e-01 3.966940262998344680e-02 6.586205515784670540e-03 3.350104345615440363e-03 3.390290965314627369e-01 2.316887866800447504e-02 1.365587293326964990e-01 7.969036598041809305e-02 1.820049172737943019e-02 1.085285407388510669e-02 2.624044535656033707e-03 2.406834061875226180e-02
1.365795220860831390e-02 1.914300761242991589e-02 5.612537365305403370e-01 5.142265122744039268e-02 6.865322174483540554e-03 2.975793555123097244e-03 4.556028587213150662e-03 7.425621482574350576e-03 1.506790012376029927e-02 3.028917811360277903e-03 5.487592275897544836e-01 1.999396386711948387e-02
2.409749441323026653e-01 1.019164011478712606e-02 1.498475133130822536e-03 3.615790096624137140e-02 1.737726797099812814e-01 8.645759203235971191e-02 5.024671525041723985e-02 3.177719121600253716e-01 2.779035990214233972e-03 8.287534307747578769e-04 7.249665193323665642e-04 5.401302493713029673e-02
5.982159616574533531e-03 2.344029433422410366e-02 6.032906615021615265e-02 8.904017868970282024e-02 4.619362550305362164e-03 2.732579582523676776e-02 2.538374156838816079e-02 2.456025700801476794e-02 4.757889117260460932e-02 7.978085623725927888e-02 3.402173725522442127e-01 2.492858067571169720e-02
2.160737120464970018e-01 5.452439713222637790e-02 5.394555183540317156e-03 5.895456220150266380e-03 5.672738937091180433e-02 9.659488593836756953e-02 1.729692725065845246e-02 6.215245117449624997e-03 9.255547342372190747e-03 2.314934688000809815e-01 2.714980829041350324e-02 6.674707731239890030e-02
8.770130077419571735e-03 9.537621042747441991e-02 2.469599889290414463e-01 9.413357255624896919e-03 2.400243595067095247e-03 1.955485823366631681e-02 2.456623809957525773e-01 2.906569709348148789e-02 3.373194610834504004e-03 2.686288331853186467e-02 1.050783332247693519e-01 5.051960880190339148e-02
2.341376992183923610e-03 7.421028167693691159e-05 4.441293887725560616e-04 4.136704786007761037e-02 3.497475924661923585e-01 8.382682853795835054e-03 9.857629518117355660e-02 5.977913902979601485e-02 9.390766466703351356e-02 5.990314420992300104e-03 1.696311652876665854e-01 8.538731635213402116e-02
3.605932670069312163e-03 6.719454247273008198e-03 1.747556898337234710e-01 1.928771899783778276e-01 4.300710855962026208e-03 6.428851115022771873e-04 5.114730770638343561e-03 4.049763233508580501e-02 2.411614409968899087e-01 8.639836731212097512e-03 3.293380530322305710e-01 1.621704456684767634e-02
7.276062874187808061e-02 6.691304102929217235e-02 5.294470849120961470e-02 1.231331679307881705e-01 2.751892057275469317e-02 2.726012496389451558e-03 5.792500270126251134e-03 3.101585983654045475e-02 7.399387482504800329e-02 1.569012022209675949e-02 3.538802719867491318e-03 3.183938955024999684e-01
1.270565329299684978e-02 3.390459980679582860e-03 4.445486522755641087e-03 5.890875205966470407e-01 1.411101869440050186e-02 1.873205879331838256e-02 2.722707756782029587e-01 2.543062632843647031e-02 1.123180461834959176e-02 7.520707049926127208e-03 2.013912867456999975e-02 1.558922015927688975e-01
5.252208805075322950e-02 3.644183609964073665e-03 3.015706628379037331e-04 1.222224313061227863e-02 2.602213698824099031e-01 1.153214921667185949e-02 3.626191041040260910e-02 1.092680957032455269e-01 7.273658820269353342e-02 1.617963714115060875e-02 1.240283228274118542e-02 3.295621266394607174e-01
3.069671501790161711e-02 1.661502662731193999e-02 5.430588273502751778e-02 1.001224883374470659e-02 5.457033648934159209e-02 2.337797771087143373e-01 1.068233720969231741e-02 1.225136791222980609e-01 1.078939335151738454e-01 1.878333559346734988e-02 1.525539967075389622e-02 2.225255508672629307e-02
2.666578566696145916e-04 1.711690969841236226e-02 2.176045340480879942e-01 4.631239197706453481e-02 3.202651478213048436e-02 1.159802408842779409e-01 8.236219760660337674e-02 1.031067320632151306e-02 2.113428060827923956e-03 2.335924104792194977e-01 1.002052703515321497e-01 1.143883731612967310e-03
1.386785338225636054e-03 1.059882892126814345e-04 1.002260514121734540e-04 7.068012305816102946e-04 1.010533155477699556e-02 1.246562431900126028e-01 8.483423218044441882e-02 2.008686413591121989e-01 1.736427016954232849e-01 5.742281072946169712e-02 1.400860188412361151e-01 1.215342255939293598e-01
2.210800551412892001e-01 1.003710756678108384e-02 3.262903228341385020e-02 3.050725048527395435e-03 8.869235128204453616e-03 6.597902244745279922e-04 6.112323031435639917e-03 5.794688952509819968e-01 5.188488323597129082e-02 9.754017837436504412e-02 6.209313012234518245e-03 2.258152275822226593e-02
2.744539420034900964e-02 5.804134750635826789e-03 1.259571567251558007e-02 1.597786054940047301e-02 1.574568294068912633e-01 4.875822284740007756e-02 1.787099657413642080e-03 4.068023345598687640e-02 3.462430356934453335e-01 7.286775084779874637e-03 1.171210079015523597e-02 2.552914915444216004e-01
7.038004438545085450e-02 3.819954144810358554e-02 4.898434636599937608e-01 2.393019764957696194e-02 4.450030210461848323e-01 2.701612817322422699e-02 4.888737912748970793e-03 1.139982700438092614e-03 1.800975523404022395e-03 2.117810172571158236e-03 1.506142191187532196e-02 3.553311311551870383e-02
3.428969939094267394e-02 1.762352418757347911e-02 4.202125417998043427e-03 6.029455392252800958e-03 1.529842649427571796e-02 4.059792415161181389e-02 3.103357240733127242e-01 1.629993647333387308e-02 6.686982191054814499e-03 5.736219549853228683e-01 1.241563807360855642e-02 3.881383595605639170e-02
1.274175670745577027e-01 1.614179918775223918e-02 1.152444429132130059e-04 1.371595090360049226e-04 3.036527212380847954e-03 1.688771818752786424e-02 6.238274091543565270e-01 1.096017926241247067e-02 6.044752082745557392e-03 5.369022669682905757e-01 1.565086353221867288e-02 1.546701234924234038e-02
1.117713971336195024e-02 3.706260552666816310e-01 3.308536721641874671e-03 2.624367594435289466e-03 6.735862842392074945e-03 2.192708576571338747e-02 9.777775725373508489e-03 1.544990544170032161e-03 2.391681214404045575e-02 2.762217420744354501e-01 4.771296265095109623e-02 2.584646753482982562e-01
1.666123961955514113e-02 5.122106050314535926e-03 2.007647696148699701e-01 8.600286654738137360e-02 3.882996953672588486e-03 3.368456590426574743e-04 2.184356017967054205e-03 1.342062626774931100e-01 1.730317958731559524e-01 8.650765278159845348e-03 1.405550174771900106e-02 3.488251421189892953e-01
1.341331289030643636e-01 1.655064412715863131e-01 5.408360527734257239e-02 1.064194726786056866e-01 2.654495048657454920e-02 6.856356314684946586e-03 2.904922935243293286e-03 1.657866316249568747e-02 4.241296498244143814e-02 2.357456656145458934e-02 5.801085039589661679e-02 4.421402982230204781e-02
1.581362534818039553e-02 2.875354681906272525e-01 5.718691908587366507e-03 3.990882328291955536e-03 1.835221977208360555e-01 2.320566595588997513e-02 3.386478697484995165e-02 3.915022818505357882e-02 5.269681240095468178e-02 2.927009679438337120e-01 5.555678220313648059e-03 7.952924309206614193e-04
1.080979975036207991e-02 6.620750592800488110e-02 9.003096614204270098e-02 9.865193177018657944e-03 3.911093042546165410e-03 3.418623793076885214e-02 2.075578001951633791e-02 9.887179342832010109e-02 2.113716587956120455e-02 5.439193222211544110e-02 2.940457266265764091e-01 3.084612665541206639e-02
1.406667659066858714e-02 4.527838067118426443e-03 1.950376850976393928e-03 1.131898914118421688e-02 4.364004840048092693e-02 2.577747762564841505e-01 1.986566248535955037e-02 3.936040539960759532e-01 1.428539795463200368e-02 8.837095649869871998e-04 1.634785914228249065e-02 3.306250829716853579e-01
3.596942448916383341e-03 3.125093463059443882e-02 3.079084394619743727e-03 5.280747271498884704e-03 2.653644571543685785e-02 5.392186237005007488e-02 6.378337477875165029e-02 3.776728820267599707e-02 4.794397073438226575e-02 1.342174142943700355e-01 4.538606616000890881e-01 3.737808365993355864e-03
4.710885525877909520e-03 2.618674771894748728e-03 7.350057904397432063e-03 5.241109749364811776e-01 5.505899858210611120e-02 1.883608548788833978e-02 1.768442763507849791e-01 5.769507715471153264e-02 2.182979601487482907e-03 1.472752598249195931e-02 9.230190193589982162e-02 4.252818156916384623e-02
8.168108486074093788e-02 9.520036733951572905e-02 6.531934308640678644e-02 1.475189245969358298e-01 7.139305513839139250e-02 5.191866139950936099e-03 2.933185925268181997e-03 1.957334534862685744e-04 6.666312026663689515e-05 4.875882370115876101e-03 5.227380875774272351e-01 4.856530444675054292e-02
4.675491645219631565e-03 1.051005167973806907e-02 2.137523465603197170e-01 4.604534676347938130e-03 8.415984000434914569e-02 1.394259298721211952e-02 3.401975480451244899e-02 3.636364060264535292e-02 6.540544226744156309e-02 1.303111038720205783e-01 1.126805501682645871e-01 1.159766653592234423e-02
1.295544840311301238e-01 3.823612820378487209e-02 1.182180061436120810e-01 1.524322594458499963e-02 2.073541269282630495e-02 6.186864115860966039e-04 9.423799566632830998e-03 4.441684897744715976e-01 2.644067766565226171e-02 9.349818045152502588e-03 1.415877395246031498e-02 6.132202763055632361e-02
7.879807668080241693e-04 9.013968313491238851e-03 1.735316275388762083e-02 9.217117633248683717e-02 9.880148081037973262e-02 8.024503274065145075e-02 1.274071601273333854e-01 7.187869429029696000e-02 5.012153355513522535e-02 2.190131771011235295e-01 1.244909760710585268e-02 6.001631111342570907e-04
1.185895138646492469e-03 2.517647338061665407e-02 3.960910343126454736e-01 9.371599140921914317e-03 1.402748777318663749e-03 6.177390337992922330e-03 1.070250856322781802e-01 6.594049474750389439e-02 1.250678145024738952e-02 1.252848266991969661e-01 1.394598616963720894e-01 3.291443540160384623e-02
5.387587925697346486e-02 3.486099973792555762e-02 1.210451299744049782e-02 6.702040966698066815e-02 1.089543290986400847e-01 3.732689084178442140e-02 3.933470340053624170e-02 5.426876594486389205e-02 2.551657998087046922e-02 1.722439949253290470e-01 2.104208516211859836e-02 1.037201146741474449e-02
1.362585291383507785e-02 3.690672767210492495e-03 1.282678327044892239e-03 3.136530435912501303e-04 1.030663956685612219e-02 3.326631451129811734e-01 7.042404605692603736e-02 1.057465591441135722e-01 1.719320423705350889e-02 7.104100690653702976e-02 2.864381219763774689e-01 2.129642768795134145e-02
1.647401440094791725e-01 7.641178151436553434e-02 1.548468376309174860e-02 5.444951795531754145e-03 3.117761852606576456e-02 6.805696754180000363e-02 8.514054752122529254e-03 1.012762081976835774e-02 1.457075702338652724e-02 1.101712857780822868e-01 1.869874096274020958e-01 3.218083620414131929e-02
1.737665066685254974e-04 9.588978651419651248e-04 6.482012208280991949e-02 3.108062137757691690e-01 1.964722863671275119e-02 6.052411534545613231e-02 2.686834538989706367e-01 6.716957330923001290e-02 8.617784241815254487e-02 2.591424211725932431e-02 1.348677550217063960e-02 1.046825063281714647e-03
2.038323048103301421e-02 7.492882926933736552e-03 1.930555296512724839e-01 9.010237419623615129e-02 2.435639567485505495e-03 1.311337852641220741e-03 6.469709211754402778e-02 2.547556004211557479e-01 6.801908323170599395e-03 4.563821758392686695e-02 7.785467849425875553e-02 3.697897426528268944e-02
9.201564936734570738e-03 6.707274793317735684e-02 2.198961538711817487e-02 5.316489153680321877e-02 2.635593120533609723e-01 2.294998326873110353e-02 2.982194494606350138e-02 9.046118102492713142e-02 1.062727282110657034e-01 4.624138970362566201e-03 1.711122049905864154e-02 1.748744703269321937e-02
1.691376037317789127e-02 4.048384712585843814e-02 1.746514810693843289e-01 1.161558427444349048e-02 1.206356435878519484e-03 2.184901295157940133e-03 8.581219410980743534e-03 5.700086010799975123e-01 6.360300847507279788e-03 2.421100268267684791e-02 1.194736616875126806e-01 8.865696178979105835e-02
1.000154227006007368e-01 4.418905544229591309e-02 1.837337641997947857e-02 4.546922381655851830e-02 1.259526121673713514e-02 2.622625319578941391e-02 1.859850412185496127e-01 3.011561183782349854e-02 3.255127931657598311e-03 1.124465389175712503e-02 2.797538556048540515e-01 2.138809186403485205e-02
5.032292169375936902e-02 1.044205402165002683e-01 6.545006367900893518e-02 8.063974781452086862e-03 1.589254239996724938e-01 1.339751174138226752e-01 4.378433120274557826e-03 9.901587597348100733e-02 4.981320279600554707e-02 1.119360441480112857e-02 1.010494401604553408e-02 4.730765480098167441e-03
5.042058925328103680e-02 1.144895543444544687e-02 1.982762091452506398e-02 2.782601161381426796e-02 7.558383187296860428e-02 9.882580777881927458e-02 4.317612092797105949e-02 4.819808200384325531e-02 2.201903576078569069e-02 1.544545696337700641e-02 7.993427208576825427e-02 1.251259624152948335e-01
9.715243001721807214e-02 3.873099585555081492e-02 1.016671642486595278e-01 6.047162963959347437e-02 1.347579015707863447e-02 3.148299535654486715e-03 2.072536150086755347e-03 9.474963481914273336e-04 9.566568606057831645e-03 4.254944785207664948e-01 8.720312230582108470e-02 7.083548758746774365e-02
6.461704542320719337e-04 3.931011369850086895e-02 2.717272523959309849e-01 3.536812924788011736e-02 2.577632053164357478e-02 8.066533946331203020e-02 2.498068304020482217e-02 3.348005297632761917e-02 2.811744872662714709e-02 1.889452330060561736e-01 5.892991761175567916e-02 1.171420618568964553e-03
8.533516029402327466e-03 8.655776996935390932e-02 2.594026861071115353e-01 6.917881325785382035e-03 4.202833690227420621e-02 3.965846367328474537e-02 7.289825605687665078e-02 4.254201792569471847e-03 6.281615969739288811e-03 7.720778187990734454e-02 5.683945240619680400e-02 4.613931722219782178e-02
4.586238711380918875e-02 5.888300364459123776e-02 3.234520794578382014e-02 1.439958955554687149e-02 1.984522328254740078e-03 5.457409304764768848e-02 7.276737590447614201e-02 3.126362770231810306e-01 4.338992605886023840e-02 1.414509095104546019e-02 5.259145999615502665e-02 1.478770936535410245e-02
1.136664031581714751e-02 1.622751159905140225e-02 3.172358581060660127e-02 2.391329147351955661e-02 6.213209162970618690e-03 1.279358114793121247e-02 8.706107986202346605e-03 2.150569234098875099e-02 5.657772140794134486e-02 2.170550035666756750e-01 2.017569664744864044e-01 1.761432527916604318e-01
5.543619151458919689e-03 1.895549692603989977e-02 1.239133314489238545e-02 5.737252032200212959e-03 5.971113614506965567e-02 2.718370749452974078e-01 7.132986007234567126e-03 7.576780416439025381e-04 2.727862813798243719e-02 1.597148658472595240e-01 2.495628760292088397e-02 3.227437788801116869e-01
3.013646126169159181e-02 1.834183228993432613e-01 4.865687296882964530e-02 3.809789868168416554e-03 2.375515125260686811e-02 3.197470640652225887e-02 1.063980447169349079e-02 5.470201045790989113e-03 8.508683074970961602e-02 2.098055788278128594e-02 5.424349221068915095e-02 2.305666203735741993e-01
5.114505381078798124e-02 1.825613527512907064e-01 1.197134926036078073e-01 5.406381062310274682e-02 1.125533098634616536e-02 6.640275697523563558e-02 8.776563335453291259e-03 2.772322528942543652e-03 1.250250621247597088e-02 6.812579210786388895e-02 1.050757286567671894e-01 1.348936389982351158e-02
2.271880204435917840e-03 3.472529521325091323e-02 3.003198620901958993e-01 1.722621432814172571e-02 9.329633622400683446e-03 6.413771117051028647e-02 1.042944506089096973e-01 2.325319906574063386e-02 4.783165447736479475e-02 1.439353337231304153e-01 3.629626508279801961e-02 6.880340202420454077e-03
1.244014198963126587e-02 6.926798065452988151e-03 9.136707550091451024e-02 1.795806541330314809e-01 1.782699923896077787e-02 1.684713537043136316e-03 8.405497275753880115e-02 7.860542012356711017e-03 1.333722495336188418e-02 4.173917086960480249e-01 1.472472901865688744e-02 1.455475489993372264e-02
2.507683086098282457e-02 1.711547072171005213e-01 2.386815348964122993e-02 2.023861122414096630e-02 3.867374591577750140e-03 6.809773825178526072e-04 3.326089642835213835e-03 5.621734727948906642e-03 5.970752766179809878e-03 5.295620733152410775e-01 2.026682560136558800e-02 3.390648708754188112e-01
7.062510847725017062e-04 6.678139324818707645e-02 3.220007162780922361e-01 6.516203700056171812e-03 3.716070208420937937e-02 2.250376916232892099e-02 4.747147981117169624e-02 7.425242399942143245e-02 1.389517057250880608e-02 2.996258147896941476e-02 1.877654925586979273e-01 5.918952125477105163e-03
4.282705762659879539e-02 4.490939567034918367e-02 1.414770054942888489e-01 2.275760448297854677e-02 5.646145533079568318e-03 3.170122764827186870e-03 9.544842601420173642e-03 4.482592488127377928e-02 1.581188656705275197e-01 6.505277660103965694e-03 4.989892868763808054e-02 2.579598793946690227e-01
3.431761215118754871e-01 4.704057108276947508e-02 1.841648233673544473e-03 1.283693736777730306e-02 2.983062328639840000e-01 4.274531838206409307e-02 1.446664615213289666e-03 6.327667454650790467e-03 1.425447533332280803e-01 1.069084158230709375e-01 2.376728304607729925e-03 5.291856597672576525e-03
4.480572099670083325e-02 5.687756603638203234e-01 3.573895275273154121e-02 8.092582913713730619e-03 4.430487930643288441e-02 1.352185876641579312e-02 1.973700323977789148e-02 2.862343440961514704e-02 4.013427871228977123e-02 2.188465020163066904e-02 2.002302315617369988e-02 4.133220200195682897e-02
9.778773947076296880e-02 1.511057112751955089e-01 7.093034075272669839e-03 1.297540542494143023e-01 1.109131069203791592e-01 1.550690652595485865e-03 2.208948247971307625e-03 1.800063928480220843e-01 9.931443965881396607e-02 3.497832485254157714e-02 4.058233074489507076e-03 1.623127380283128154e-03
1.239860084845610839e-02 5.377375898444932550e-02 6.791611128230500005e-02 3.753051283037164149e-02 2.037810992153656423e-02 3.030029796957217636e-01 1.736984488480385405e-02 3.794226813412791485e-03 2.805110873466994462e-02 4.410554137553248655e-01 9.746511560328664781e-03 1.250677582099754201e-03
4.124077468753805167e-03 4.243744387560866244e-04 1.278746682082562941e-04 9.428580216669410485e-03 1.337405913735326135e-01 2.397699926397990622e-02 1.953985384153758276e-01 7.957144596562140682e-02 1.920794101611176252e-01 7.893389734603342700e-02 1.041825662715907264e-01 1.760902833083175315e-02
