1.757576521123556668e-01 6.923643393428478010e-01 1.367877944068437990e-01 4.994451325491398169e-02 6.082639692396461795e-02 8.448047504205045966e-02 4.024301385728058511e-01 4.279441547320900208e-01 3.287355871196335766e-01 5.026815171407102989e-01 7.949161476274949067e-02 5.855581658903009912e-02
5.826804204709439272e-01 1.625466950592644455e-01 1.426203591201306020e-01 6.306902676873020752e-01 9.929279883043007349e-02 1.797442329354552171e-01 3.604940454070746370e-01 2.485492327114822708e-01 2.711071611968886574e-01 4.462472908824701573e-02 5.005530231154773496e-02 2.275947551812279868e-01
4.066776862351303423e-01 2.519420850660564759e-01 4.562835145111326929e-01 2.423971897605133041e-01 4.089101156369631673e-01 1.748934371460097448e-01 1.098613532352650940e-01 2.916922103300204072e-01 2.845183421497785581e-01 1.809340062556501483e-01 7.822374809824300668e-02 1.136663115752439834e-01
1.339264947535289130e-01 2.091201089833922833e-01 4.629951360492481904e-01 5.787963088198957440e-01 4.188843708404536015e-01 3.062229000653126504e-02 1.811945213491251705e-01 4.362616145909905541e-01 1.981367162559997674e-01 1.650476697151653238e-01 9.401146289892889363e-02 9.100330573674028645e-02
3.844575224307493766e-01 3.297923586570039589e-01 1.075039978767747262e-01 3.777316384326808718e-01 2.212451325346884157e-01 2.904816865715050822e-01 1.257524486964967381e-01 1.070792639276949565e-01 2.795127266136383515e-01 1.145151821586451180e-01 3.192114015517100167e-01 3.427166405484168843e-01
2.372888273979090190e-01 2.008897554005790176e-01 3.090217950111520118e-01 7.115837602938639428e-01 3.177967902902502639e-01 1.864466450513103668e-01 1.281190277489976936e-01 9.628867771095162009e-02 1.892766284661420023e-02 1.057019178487062366e-01 4.203457325678812695e-01 2.675894078317930802e-01
1.959058300812233921e-01 9.699321471011225493e-02 1.272348696774672494e-01 2.545967951935381723e-01 4.668121670267182388e-01 8.915154081823013776e-02 7.912726875979772534e-02 3.105167261221288277e-01 4.486668224752280443e-01 1.541737706844180100e-01 2.349930004192240518e-01 5.418279940319132848e-01
4.456855869141541915e-02 5.715192848522606534e-02 4.330342480311186182e-02 8.995347392841916978e-01 8.252542647978816648e-02 3.522253063788178817e-01 5.051595339352554781e-01 1.195529436919275101e-01 4.686390366119319584e-02 6.170885649665239781e-01 1.698184298984285467e-01 6.220723972412678382e-02
1.824148736576625129e-01 4.946752835011481442e-01 3.592573849257448271e-01 6.491261147536818432e-02 3.416974033751423168e-01 3.357480245014330955e-01 2.034468405713462658e-01 7.407442038575282051e-02 1.950192547446724656e-02 4.073887045645657734e-02 3.215801159214468075e-01 5.619522457540252480e-01
1.028788773061984629e-01 4.919929603146547259e-01 3.805386293419529276e-01 2.439181782242086372e-01 4.662697216974180381e-01 3.098401998247948819e-01 9.895146699162907233e-02 1.116037936177469853e-01 2.162330784421786500e-01 4.397590059246123118e-01 9.169596592491262299e-02 4.631812238968850692e-02
6.383298147660982913e-01 2.268212611353485619e-01 1.122993045252642513e-01 2.722618338100047941e-01 1.122472034183781275e-01 1.140274825245754658e-01 3.446868818219160635e-02 2.302548079938468994e-01 4.314875757792829836e-01 2.388889250368991524e-01 3.346997559026103630e-01 2.542133469254991840e-01
2.425956238090488659e-01 3.431720225530220381e-01 6.880405404869077701e-02 8.514146817458906336e-02 1.579974394962062045e-01 5.039871546634598909e-01 9.911615961667448460e-02 5.646562250767350744e-01 2.065882707158869513e-01 1.686295816048946072e-01 4.847607051018474889e-01 7.455129513895300541e-02
3.889359262653558913e-01 3.983562412947080356e-01 2.296238712580973562e-01 1.216213387201774826e-01 1.740043899843066733e-01 4.547326565842783608e-01 2.649843899140214010e-01 2.462217315415506647e-01 1.111157885938260370e-01 1.066082097297149228e-01 2.637164851594198112e-01 2.400789709545442796e-01
1.163490142576634190e-01 2.701376154487225012e-01 2.418043308262308733e-01 1.106709846434174721e-01 1.770773211446597939e-01 1.902066910034894143e-01 3.816276020621867104e-01 3.459192245286457634e-01 1.877342828302684397e-01 1.229011477607065972e-01 5.656256593653727904e-01 2.899461261286301328e-01
1.439698986866730923e-01 9.310835334173019062e-02 2.323191119550726824e-01 4.178865914379388258e-01 1.577092899538229398e-01 1.369655145964855936e-01 1.693733010486264401e-01 4.129744418560798436e-01 2.271126225233834062e-01 2.159092323001953195e-01 3.009500809370549979e-01 4.917215613629349891e-01
3.812223318792894444e-01 4.914877893323392755e-01 5.404108029274161396e-02 6.125449415495437533e-02 6.092956781320063575e-02 6.523285163416454591e-01 2.208686865640966390e-01 5.771639480278936696e-02 4.179513127076244228e-01 4.427662999440309388e-01 9.246689001739644143e-02 6.696663614989849245e-02
2.192358657683131096e-01 4.886286355728560737e-01 2.582280197862935056e-01 2.687627189779115064e-02 3.074147691954091932e-02 1.825045273203702856e-01 4.755743615925501766e-01 2.833573722893700242e-01 3.631750511719242236e-02 7.321380602393770531e-02 5.812999381780236119e-01 3.440222195337552802e-01
8.045218982759989867e-02 6.946360803927410787e-02 6.494561119410319217e-01 2.328295016956641594e-01 3.890397452076428675e-02 7.449041837257255882e-02 5.552477600101960453e-01 3.408022383583628190e-01 1.569667015678321009e-01 3.794492546311106773e-01 2.113815930961375766e-01 2.105566479394526402e-01
1.209225599728502298e-01 5.864298384187205393e-01 2.640041469958739895e-01 8.540129059892154206e-02 4.065487464835201292e-01 1.636472633824909151e-01 3.761912940680864348e-01 3.018055437755744475e-01 5.523874175934456732e-02 3.852239467855832211e-02 1.009381071500622673e-01 5.003500727159934103e-01
2.218387215062342932e-01 1.805893867129284291e-01 6.492525294400433578e-02 7.989593541553605127e-02 6.970624132760421254e-01 2.393122864716676623e-01 1.597084896772125451e-01 1.727585600201281546e-01 3.651071790211238288e-01 3.693403757265497633e-01 2.435551786448344747e-01 2.059062205837347004e-01
7.954379667049532587e-02 3.036786742783945114e-01 2.267397919626965574e-01 3.343601426392224796e-01 8.423477905790446862e-02 3.957123065163682396e-01 1.928311459602760070e-01 7.768392411667152109e-02 4.106648821119260329e-01 4.613479755772288970e-01 1.460145181835402206e-01 2.871880629252822059e-01
2.271840517782411709e-02 2.421708294466390077e-01 4.147253571312526921e-01 3.129756599445323584e-01 1.698282699903849724e-01 6.744237983776188994e-01 1.425629351369881448e-01 9.942382357262506687e-02 5.291784025596675267e-01 2.645799509840126018e-01 1.139017759592518553e-01 1.351079171920822539e-02
2.293123129989452502e-01 3.178825060305868200e-01 4.496574439968024084e-01 1.098665242682482779e-01 1.347127191549690739e-01 6.519997748181454167e-01 1.553854332511636072e-01 5.236855220058998783e-02 6.390995602967089462e-02 5.512520914381538462e-02 1.470766839367540491e-01 6.327028841703096207e-01
2.057749899204403543e-01 9.552804123662100855e-02 1.408011805213211787e-01 2.925875035698463078e-01 3.494972245666033706e-01 3.293801543615042515e-01 5.167353603436590781e-01 1.506237515286376061e-01 1.646145587278298184e-01 3.562798909886493171e-01 1.241137557272398717e-01 2.740635885076512235e-01
4.612982147572026737e-01 3.818620968650529579e-01 3.019023504341685760e-01 1.766733267961244636e-01 3.291145440511817899e-01 1.363692402718016394e-01 8.002471757746805470e-02 2.139395745377178915e-02 5.818973119323937043e-02 2.129063503120433576e-01 6.816079409497575181e-01 1.586575293382010976e-01
1.171032082265302671e-01 3.444728203563584001e-01 3.372367354747068946e-01 2.355591125701248512e-01 3.067800352880226122e-01 2.380443487452600371e-01 4.489459227395653507e-01 3.336605202456938146e-01 4.431710453222450496e-01 1.313979323712438640e-01 3.329265690533744076e-02 3.033566175491263228e-02
2.041629693805140922e-01 1.223144254868204356e-01 9.518322642784275700e-02 2.426928634157104192e-01 4.411087698957331105e-01 1.696028741801084427e-01 2.375069861804791349e-01 4.322412663313394132e-01 1.617576738755384103e-01 2.029620507618356551e-01 4.502786085357064483e-01 2.401882855283765106e-01
1.061731888169837323e-01 4.018143112068937872e-02 9.785849351328587686e-02 2.437110780604015980e-01 2.389930716182974701e-01 2.738367131096575147e-01 2.390046702091889186e-01 4.170847943055097651e-01 1.534584019083718998e-01 3.152789597468446670e-01 1.069721472952822189e-01 7.674470502954859885e-01
4.061235677058130933e-01 2.957600998390746971e-01 1.186308579097859195e-01 1.311638645985470086e-01 3.544134833306537002e-01 1.697342336358286241e-01 1.386466394724454876e-01 2.222741817153966737e-01 1.429045860933412515e-01 5.639530924491208408e-01 3.083191768727575610e-01 1.480762163772444961e-01
1.395271702694567684e-01 1.347054704259927627e-01 3.437436920058377643e-01 2.148513929640335496e-01 3.208296780516688984e-01 4.381132965046021788e-01 3.487419663661012192e-01 6.867694680421436437e-02 1.228895613959407468e-01 1.212292850823360746e-01 4.805725627311919768e-01 2.661189773986225582e-01
4.110074569164349351e-02 5.619133262234322912e-02 1.687138295123290499e-01 7.473530110658912484e-01 3.869307152624331531e-02 1.124652571015331143e-01 5.367636396433337342e-01 2.536248154258672338e-01 2.905289597514882360e-01 1.917983395826308168e-01 4.235865851881832622e-01 1.391804128885130720e-01
2.349069630580283841e-01 3.953684403965557759e-01 1.616824188964052222e-01 2.281296838518378500e-01 3.995952646143308695e-01 2.701084559035433208e-01 2.217875595216512175e-01 2.718563958737456598e-01 2.811828863987874128e-01 2.839086188847646519e-01 9.155646731989526554e-02 1.599168452804458629e-01
1.355000139251213986e-01 1.447927265660010065e-01 3.217286345822123472e-01 1.835267946033823094e-01 3.465838675235389799e-01 4.308010954175710006e-01 1.262446210350960385e-01 1.473139692416070567e-01 2.921510791845204347e-01 4.661781281988721104e-01 2.254871414706929034e-01 1.796919282513797511e-01
1.249616977350489766e-01 1.202407579395978476e-01 2.053404651981885487e-01 5.783027796492116179e-01 5.992646508440245545e-02 1.273018786392247637e-01 7.411292893150862593e-01 9.133517956186243403e-02 5.835149119567373949e-02 2.896058839930525375e-01 4.265623407418862589e-01 1.769417709467711874e-01
3.713347451826753409e-01 1.185103781443808957e-01 8.195452594356422704e-02 6.297661327298409439e-01 2.456596801833144106e-01 2.910365263326342156e-02 1.904929521138338383e-02 1.485313989492861309e-01 3.994958196721368759e-01 1.983694219681712834e-01 3.529222261902329461e-01 4.053027231917497031e-01
6.124646235031345337e-02 1.014241766573013709e-01 1.622415756160424383e-01 4.795036029510282849e-01 2.814613001372328061e-01 3.171123310077259005e-01 4.523131471973151907e-01 1.581064009870128961e-01 1.929007984881952187e-01 4.311572568794169169e-01 1.484186778667013484e-01 2.141142698617176099e-01
4.245298763047621327e-01 2.441213933788017876e-01 2.049671177210896367e-01 2.617270824477810898e-01 2.747696304079868534e-01 7.662202385506348967e-02 9.943343471029832126e-02 5.348337181867546253e-01 3.603601684101616076e-01 1.503055248640126906e-02 3.414706508481483993e-02 4.694579370060927292e-01
8.995212234322925993e-02 4.866974383373486868e-01 4.046369568370873360e-01 4.221553861097230853e-01 2.927759109644605395e-01 7.117000646426131782e-02 3.626581967224511843e-02 4.701901116667205754e-02 1.290082996719436603e-01 2.084223878505372385e-01 3.600793997073572505e-01 4.518172608751332975e-01
2.931178255130430926e-02 2.592503759283313336e-01 5.764480727597151022e-01 9.947182173631163860e-02 2.233473250548819733e-01 1.118955767584986771e-01 1.626693634768830443e-01 5.525447137723943358e-01 1.965959345519007195e-01 1.645622377797998914e-01 5.109190277052255702e-01 1.129837679247509830e-01
3.015575601804180716e-01 2.225720086854427182e-01 6.835752937342862157e-02 1.181607545747865723e-01 4.183468346028136886e-01 4.131974572952801794e-01 1.090598045788824244e-01 2.543903506405859050e-01 3.077993665804228396e-01 3.401542596617035952e-01 1.510186267697333773e-01 2.953854470565022705e-01
4.798745314897469583e-01 2.373408895097105786e-01 1.102311799271631920e-01 6.640718271668362427e-02 6.165140788829042151e-01 1.755172436479809639e-01 4.163224709026575598e-01 3.215076875458233729e-01 1.657027406553537308e-01 1.552946418966352771e-01 6.752327250262596392e-02 1.877640803227137722e-01
1.666325899845383929e-01 1.718778287639654567e-01 7.583396699440647648e-01 2.818701833593681982e-01 1.176989193783220533e-01 7.169732200761727570e-02 9.393839612520399340e-02 1.357648393495950734e-01 2.172875269220511107e-01 6.320174657912193406e-02 7.520390514778323432e-01 1.696519261083259955e-01
5.249588862577748705e-01 1.235749636625732006e-01 4.877445674148152277e-02 2.341809453192210677e-01 4.514698320666235554e-01 3.375247280430921926e-01 2.622821635033028009e-01 5.951420306733594678e-01 6.142675225827824714e-02 4.273309583664738898e-02 3.597735791088726987e-02 2.819547877267570835e-01
9.917459525960743705e-02 1.969293715927212252e-01 2.792480304442144234e-01 3.550332535916684851e-01 7.965051393913312461e-02 2.250803827351667841e-01 1.958641085698558104e-01 1.856238253149101181e-01 2.652980018908634441e-01 3.215430608026896842e-01 6.072554833390095830e-01 1.892993725201642941e-01
4.980628612655894627e-01 2.775686585044465637e-01 9.507189214467079430e-02 9.841782386679798211e-02 2.817250149644497381e-01 3.516491826115496488e-01 1.627519321675978403e-01 1.068100572478525717e-01 1.129979320712413138e-01 5.226740966670784250e-01 1.910418120496015781e-01 3.012287364391282307e-01
1.134524752061206315e-01 3.592927613047323110e-01 5.324296888455211096e-01 1.167230237099524948e-01 6.592659340114195854e-02 1.691183946229149471e-01 5.275389151319289649e-01 2.060540388277069812e-01 7.314709128822588502e-02 2.051474955144571566e-01 3.621591381068877680e-01 2.690103840404092228e-01
6.531720628316807498e-02 1.178112226459078135e-02 2.954933351958075397e-02 2.511535082607981861e-01 6.177435359674035009e-01 1.049043399386860725e-01 3.825107781970987775e-01 2.734227347987926438e-01 3.742772086099959705e-01 8.936957056787640796e-02 4.577364074362028079e-01 3.422342541558106022e-01
9.084321705823855675e-02 1.022579752299746236e-01 4.639289022674639162e-01 4.844658903525362881e-01 8.015673903423281565e-02 3.709278035352232827e-02 1.044548332661380391e-01 2.380430818270733995e-01 5.339039980233079019e-01 1.048937967130105925e-01 6.087007488512374831e-01 1.512580370232677052e-01
3.097410112272592775e-01 3.059870662340642422e-01 2.630409123349407019e-01 3.929422948754008882e-01 2.026882544157855293e-01 6.885339130478462799e-02 1.009364016689866111e-01 2.115442551237160795e-01 3.213560095134451733e-01 1.582632667131034232e-01 6.848077305806382631e-02 5.961663635304406128e-01
1.351312748538817110e-01 8.305724483952814374e-02 7.898483663371186347e-02 7.755282058042287652e-01 1.430015509058053802e-01 1.638549230756822794e-01 5.530432843476156268e-01 1.895115971945721678e-01 1.458163137776569696e-01 1.212654481511994536e-01 1.666103466362387764e-01 4.441949737798806530e-01
2.752244820503790823e-01 8.458707990690975120e-02 2.297979626576781426e-02 1.326990700107877619e-01 5.511689580326855076e-01 1.242981092693558887e-01 2.326965741553914668e-01 3.707642120546049691e-01 3.098783106747945437e-01 1.625425543352004842e-01 1.319425334443405373e-01 6.012183197997824635e-01
2.196872990634913814e-01 1.504392812611556329e-01 3.074623422310180931e-01 1.203184542783950761e-01 2.755404532982967392e-01 5.221766442565179966e-01 1.182890032044910111e-01 3.998120382519265714e-01 3.695003180335633131e-01 1.662945246606812588e-01 1.583267912267624644e-01 1.921528502337090105e-01
2.120610490480961952e-02 1.614119122991044541e-01 5.009918849425508691e-01 2.534115605219108280e-01 2.131069648305290998e-01 3.823949219481228567e-01 3.307429498574703253e-01 1.345765960750578971e-01 5.392334508217763722e-02 5.282694192669143973e-01 3.753551717188020609e-01 4.460916855255317448e-02
4.627945569903041401e-02 1.443204433618108622e-02 1.562140158007293070e-02 3.841642462115625600e-02 1.257732726843764914e-01 3.974850411116299664e-01 3.293678053759975244e-01 4.850381076399609137e-01 4.557289773876518346e-01 2.741682713316551112e-01 4.153032406383522224e-01 4.023859575939331412e-01
5.149195532081896065e-01 1.145505396048941277e-01 2.630343116315657648e-01 7.544867707419812553e-02 1.978487348173862403e-01 3.848100290090616937e-02 9.327080498017753518e-02 7.699554488204117808e-01 2.599239591883556466e-01 4.007660174543530851e-01 9.270170542611635978e-02 1.790992448934433656e-01
1.973600490943547836e-01 1.036181131550376888e-01 1.594352077669070056e-01 1.508646081630820590e-01 4.367800542860925117e-01 2.674220545104629698e-01 5.157121760839446234e-02 2.476481936972722842e-01 6.141514772156575486e-01 1.009718912065364627e-01 1.294023929004283202e-01 5.407747403957784416e-01
3.200405508587227388e-01 2.263483574635737072e-01 7.135658198675129960e-01 1.766794876506597722e-01 6.844940543971131941e-01 1.990509015717193964e-01 1.016945024298195471e-01 5.631118036977934838e-02 7.441927996812200408e-02 6.525046191744365842e-02 1.609295941721281542e-01 2.212158093334037345e-01
2.266852412027384189e-01 1.666245237170917437e-01 8.564234005162957297e-02 1.206521974883721093e-01 1.719765340682637422e-01 2.374836074520887963e-01 5.841069063577301046e-01 1.536423285287759066e-01 9.682606616809480427e-02 7.662836195805927675e-01 1.307731521347482717e-01 2.593034832498706255e-01
4.214723875217196714e-01 1.582728475714609284e-01 1.303558546239972846e-02 3.002802265535805745e-02 1.546833524528103132e-01 1.634505985401803474e-01 7.959983007780173647e-01 1.273470187630497408e-01 9.236098001235851229e-02 7.435037836186033644e-01 1.503347455316531578e-01 1.495123770923882933e-01
1.197008998048735423e-01 6.442073332378794870e-01 6.627319082925874072e-02 7.146881721228708073e-02 1.193972296097186997e-01 2.322336569465164313e-01 1.470143498424396067e-01 4.813276388713849663e-02 1.874682723399197504e-01 5.574744154546877883e-01 2.486065175691921925e-01 5.580225532660915144e-01
1.561043369350488541e-01 8.519634364921556402e-02 4.931310228243316329e-01 3.432055524311671268e-01 8.545103270794381090e-02 2.502401895795500208e-02 5.887460118847823165e-02 4.196581094725688743e-01 4.631269023366997861e-01 1.129777968723402748e-01 1.424222508419155653e-01 6.148280317823368035e-01
4.064569731430707211e-01 4.463246454149810694e-01 2.654849856931734142e-01 3.693389903381303352e-01 1.952944098874272727e-01 1.111179278655698571e-01 6.934260346494869331e-02 1.682911047362211088e-01 2.562616330394585917e-01 1.778238659183119519e-01 2.918421232327095827e-01 2.424207372659901716e-01
1.508977826461471161e-01 5.749218417893144917e-01 8.843258772174369953e-02 7.479208725012313763e-02 4.900293179390599052e-01 1.741165175576398494e-01 2.366171011649091105e-01 2.420679759580366686e-01 2.675285162292549979e-01 5.738448856267424070e-01 8.883130581201796605e-02 3.792008030501026888e-02
1.289878882075429778e-01 2.986183347973782043e-01 3.451939927644198658e-01 1.232955149286939917e-01 8.036497551354482294e-02 2.608821530185042592e-01 1.642712885748039420e-01 3.739751238801456990e-01 1.719258051965394107e-01 2.737667497416199636e-01 5.697601410240700215e-01 2.089580323527432393e-01
1.420170010078683764e-01 1.009194745655198205e-01 6.342383380588584307e-02 1.510222861784221160e-01 2.444573794376018183e-01 5.471484720305044291e-01 1.615017013497611620e-01 6.490023407117959664e-01 1.453518450463225919e-01 3.838085428092331830e-02 1.552781063631253344e-01 6.014967052222705002e-01
8.513239395219221461e-02 3.122874594850049146e-01 7.136329860858095508e-02 9.260222537274145904e-02 2.129817571562358791e-01 2.700742033889375060e-01 2.941598370913634519e-01 2.265097860258618034e-01 2.660672405468006430e-01 4.063868209906112972e-01 6.920150321229354695e-01 7.041994525873779276e-02
9.118740489210835909e-02 8.001933375197756160e-02 1.030367094717858645e-01 7.354417385539321339e-01 2.776865132829197114e-01 1.624938579387732451e-01 4.582651844069486335e-01 2.873272990305408836e-01 5.740297413933176385e-02 1.531773393525603932e-01 3.495137932983274354e-01 2.444478518807941536e-01
3.314475159809687210e-01 3.460869470541333426e-01 2.923273475875463046e-01 4.235567796468923674e-01 3.106959590798451520e-01 9.214608698192379432e-02 9.540506381251914747e-02 2.479923747066617098e-02 1.093510328655824225e-02 8.362649284565802643e-02 7.345650181055358718e-01 2.544084481477523196e-01
9.520637111526382423e-02 1.191351058043895322e-01 5.256899986398377855e-01 7.496477858269612327e-02 3.821817393538641250e-01 1.362256985132683229e-01 2.316388523383372811e-01 2.258953837841770063e-01 2.958789303121224790e-01 3.994932481310677908e-01 3.801606788454726660e-01 1.335292145794984564e-01
4.039545977129840315e-01 2.237539581720252857e-01 4.012188006343704871e-01 1.419383256211351196e-01 2.321593020394126794e-01 3.392020946143252391e-02 1.170863820835439523e-01 6.827604354711187540e-01 1.956021682733649625e-01 1.301056019700192745e-01 1.520076568441419418e-01 2.854925617164607576e-01
4.195843871615394238e-02 1.432683720612266121e-01 1.592188536884121541e-01 3.451403258786569506e-01 3.540181483228245773e-01 3.212358075750814113e-01 3.949355633268595289e-01 3.088651840294399653e-01 2.586790691397945485e-01 5.051656745171942964e-01 1.348473667215958349e-01 3.266719602276606238e-02
4.277294470285920858e-02 1.956796141982725667e-01 6.492053459160767037e-01 1.167435637609970239e-01 5.020005198186158063e-02 9.855454935501588298e-02 3.753791190153968338e-01 2.975290713975471402e-01 1.337981372853572770e-01 4.016997118899883201e-01 4.105917724768026744e-01 2.278461180198247671e-01
2.850791629720528242e-01 2.265733805346630270e-01 1.313275474859774139e-01 3.027486166688780900e-01 3.698795709346204275e-01 2.254459292927411818e-01 2.364469290547541735e-01 2.824610974585847201e-01 1.834775147893100422e-01 4.610426727827597326e-01 1.716266353109752174e-01 1.238909427146910880e-01
1.836465401293357058e-01 1.094517372918431819e-01 6.357637749656223913e-02 2.267621867974655564e-02 1.227660214563157520e-01 6.042929251812345637e-01 3.007012099368127633e-01 3.930826850023713126e-01 1.518310182554616361e-01 3.116416724894999768e-01 5.652390152792640121e-01 1.710945788015574287e-01
4.468052456643759052e-01 3.177176044251980302e-01 1.581999053774190145e-01 9.252948357098267351e-02 2.156579823972319954e-01 3.138450944876108872e-01 1.098760667420664444e-01 1.416312786831575576e-01 1.487668638773484153e-01 3.764170701638048788e-01 4.725380234796450751e-01 2.060153811311618011e-01
1.891186536693669623e-02 4.034475549171334663e-02 3.076338993502354402e-01 5.867737356759410439e-01 1.642115519503252186e-01 2.902383452000517616e-01 5.490408023838919682e-01 2.956931598236954839e-01 3.391862609444072918e-01 1.893623283122410073e-01 1.681897916590004982e-01 5.041350384155766917e-02
1.939978953359910718e-01 1.025763406401297845e-01 4.823052383853033698e-01 3.525257777137572046e-01 6.385544336024805145e-02 4.738368243460654161e-02 3.061165482589445208e-01 5.415555283583001200e-01 9.576407466924230505e-02 2.674987620837414593e-01 3.177503223072460914e-01 2.286703864524823326e-01
1.101793918064363081e-01 3.320110466144250427e-01 1.772758580539121331e-01 2.701238144795024554e-01 5.447073651940690375e-01 1.774438123914273135e-01 2.126703048693128206e-01 3.383281351336211995e-01 3.781512100731938553e-01 8.026069060477726558e-02 1.960622833872286974e-01 1.827860873920927332e-01
1.577505263096446730e-01 2.369827863389217526e-01 4.594016681978979610e-01 1.303327491890734213e-01 4.910228705977390251e-02 7.124841516713661949e-02 1.125832810671412720e-01 7.642333160334808806e-01 9.343488807683344999e-02 1.962140805797709109e-01 3.843348273828993689e-01 3.443811745974323935e-01
3.694173541301079000e-01 2.476362070893282918e-01 1.600026553178050259e-01 2.803677860497177932e-01 1.391519616247880453e-01 1.921643701703862894e-01 4.688203782873423542e-01 2.087275455165717442e-01 7.406662845825588704e-02 1.258500588284199861e-01 5.657117677737641959e-01 1.680832867535040909e-01
2.733061328047663441e-01 3.580523595912509793e-01 3.086390588727109252e-01 1.050476503849585574e-01 4.460187032931897666e-01 4.187224733314061087e-01 7.614962005244220455e-02 3.799401362224867351e-01 2.571210387449947010e-01 1.364280875126051840e-01 1.545344247873099430e-01 8.604031440187735746e-02
2.651577967790715862e-01 1.320399149374995584e-01 1.813173931255818438e-01 1.985004181740404050e-01 3.145862530669951695e-01 3.552428307923856110e-01 2.401044465435954456e-01 2.633655145294249156e-01 1.824140386736982367e-01 1.497058302925460271e-01 3.263713004272479346e-01 3.911942626579129056e-01
3.533155325691735849e-01 2.275572267896142364e-01 3.625118625350357004e-01 2.839635208788700571e-01 1.476668290184439680e-01 7.993073495499997128e-02 7.467120952750402885e-02 4.362380145363038003e-02 1.174144628847595268e-01 6.701875866113146119e-01 3.348947321114427722e-01 3.042625006652101560e-01
3.274135040895306825e-02 2.418036578087052468e-01 5.502096799013750372e-01 2.214440891045817705e-01 1.946255419801047881e-01 3.341050313840579489e-01 1.832247267545754066e-01 2.378524343526761675e-01 1.967865548907603290e-01 4.709894877353154596e-01 2.916264438406622195e-01 4.459100183822757579e-02
1.107709448949787678e-01 3.453163352656017926e-01 5.471174432580110381e-01 9.669348352538081892e-02 2.760706409366446845e-01 2.248067174496566067e-01 3.381021724592560007e-01 8.205040894641632554e-02 9.900020565817055362e-02 3.372560078747200984e-01 2.685210497903536275e-01 2.742945899408082422e-01
2.591484895298148405e-01 2.799398826966145171e-01 2.184208308197941040e-01 1.621504938653705596e-01 5.270326218722427153e-02 3.055036523439319529e-01 3.057433940181408238e-01 5.851434869487094348e-01 2.464824947116319165e-01 1.414827433656132283e-01 3.003005260426989675e-01 1.429807434704623847e-01
1.251351031149460225e-01 1.637528864880769541e-01 2.241888793076197151e-01 1.939311550594920164e-01 9.765886306892374025e-02 1.628030698735027926e-01 1.220958718456523207e-01 1.842559124148232530e-01 2.752705782216916530e-01 5.019022722025346939e-01 4.852601580028790274e-01 4.637452503998588105e-01
8.378114766184341367e-02 2.136081971413972824e-01 1.791282335018635208e-01 9.568471515585903753e-02 2.916752599214491593e-01 5.545771770033086634e-01 1.017648504808077170e-01 3.450255338428531715e-02 2.070688192801544425e-01 4.501343218105440247e-01 1.811308385505038254e-01 6.069438861079829994e-01
1.983700641389752328e-01 4.684286581330133759e-01 2.620217316133597318e-01 7.469976340705603013e-02 2.053745600754848799e-01 2.381846876226248189e-01 1.324615341354270504e-01 8.709178733332323397e-02 3.748420854254684853e-01 1.690594845225017184e-01 2.723873645617486683e-01 5.170782790310111121e-01
2.702530731618222326e-01 4.629169387551139159e-01 3.842798999003277927e-01 2.846186898548949129e-01 1.207130080109204973e-01 3.368783849452995360e-01 1.192555938298349022e-01 6.783283837533032878e-02 1.454178895648986780e-01 3.002347680303059096e-01 3.705609000431308586e-01 1.370380155281123447e-01
6.196808977341866642e-02 2.259009724817085951e-01 5.756225097641048949e-01 1.566685971379523923e-01 1.219850251560207210e-01 2.961304442091803879e-01 3.642579425361220369e-01 1.818759197841953723e-01 2.574646056137269712e-01 4.178041859478549558e-01 2.267497483098402933e-01 1.135719592858701887e-01
2.020120205755889797e-01 1.036074027932334662e-01 3.508932358687782971e-01 4.619459601162612117e-01 1.652018067120154532e-01 4.784498827627339107e-02 4.300260130387292268e-01 1.078299649037906260e-01 1.383715843567708270e-01 6.649476286712160400e-01 1.426741563528031720e-01 1.846452383345413284e-01
1.810431661245869850e-01 4.675997996575552151e-01 1.778356024607858077e-01 1.990881202190481203e-01 9.046625476714001413e-02 3.803369373211641646e-02 1.092250617022825360e-01 1.272096622515088982e-01 9.096130521954123860e-02 7.407161319826673918e-01 1.626154323739973373e-01 6.152057695087709277e-01
3.260023245913444556e-02 3.148450247753270537e-01 5.985059585274401517e-01 9.373135659807464715e-02 2.771006938723685753e-01 1.778482236494521307e-01 2.559679940228100081e-01 3.240133236332063404e-01 1.449261905558720809e-01 2.024560110319476580e-01 4.848882560884696380e-01 9.311673478589818642e-02
2.413049084461391658e-01 2.481192909706570748e-01 4.166662710259080860e-01 1.806264398025435591e-01 1.032167816525868947e-01 8.058843268231413726e-02 1.353258747064141065e-01 2.456324198359323974e-01 4.494309728596785902e-01 9.399129478723634856e-02 2.670892961831343171e-01 5.380080170474546009e-01
6.130380013502825243e-01 2.664181423157152562e-01 5.496983454959106924e-02 1.379934093160077591e-01 5.739565938917691179e-01 2.527290485565081291e-01 4.846659631205350871e-02 1.016771609303075419e-01 4.227303202549377303e-01 3.797614648562924744e-01 6.176672314559615573e-02 8.649270452094687256e-02
2.492961152504049593e-01 7.629415422732859220e-01 2.278814362249051428e-01 1.096135123427585401e-01 2.805743493263805344e-01 1.392571363396435391e-01 1.772806869386856499e-01 2.059311884622327116e-01 2.430384700412179522e-01 1.808569766903087295e-01 1.704328865905822832e-01 2.528956995195912327e-01
3.635709552443940895e-01 4.368777519769952988e-01 9.754489980943661931e-02 4.089228720554379248e-01 3.853405651171222246e-01 4.833670840704940019e-02 5.617655601474692839e-02 4.738601049434234547e-01 3.553785603468213594e-01 2.346150309052626448e-01 9.018100768029313485e-02 4.919498749901739243e-02
1.503451824035019757e-01 2.730901034731967325e-01 2.984051754033447690e-01 2.400822163558540556e-01 1.671064997100047966e-01 5.796961142054102289e-01 1.580175792444993010e-01 8.223171196767863067e-02 2.040543120628551255e-01 6.806200201907312008e-01 1.189233261445641898e-01 4.742775883835507328e-02
9.784359341265382037e-02 3.265247575041974049e-02 1.416091669389765023e-02 1.223739803276722854e-01 4.309103634021362317e-01 1.753489305940625076e-01 4.837013747986919077e-01 3.175549028982526112e-01 4.776434470368689511e-01 3.168001790304662002e-01 3.667554665859113494e-01 1.642543694689686529e-01
