3.581681913375673459e-03 4.769283198369226456e-03 3.083310280885777441e-03 2.108056401708366303e-03 1.759632584125106480e-03 1.716207307814412390e-03 2.574045934923542295e-03 3.238504999646739640e-03 3.260084543646382151e-03 3.091160878825219109e-03 2.190260982041982753e-03 2.557511624647195239e-03
3.940805957753991048e-03 3.290848528123531316e-03 2.920309877306158548e-03 3.390066949905627854e-03 2.419843082684511662e-03 2.838695988767281613e-03 3.153295364640212525e-03 2.785461404326543960e-03 2.573497413587992090e-03 1.914277195546316588e-03 2.124052001346209140e-03 2.956983559774962328e-03
3.596437481447826556e-03 4.454850985772008075e-03 5.668921351377154312e-03 4.803283341100488338e-03 4.224792248396006672e-03 2.827434692931727819e-03 2.020790388037859830e-03 1.907739307393145536e-03 1.709741005150768782e-03 1.590959830977708165e-03 1.614395834092159079e-03 2.153719171661687155e-03
2.369993424530320546e-03 3.874393708286663109e-03 6.905836693780361552e-03 8.311144853717674155e-03 5.205862389181344606e-03 2.021018955066832337e-03 1.958752853132764756e-03 1.878490519807211618e-03 1.446210275105558633e-03 1.361297345533396194e-03 1.348521493854072315e-03 1.630554903213522842e-03
5.091844171454773874e-03 4.417150355733826840e-03 3.076947877181438612e-03 3.135491311460673457e-03 2.421218969387009187e-03 2.142060977112091643e-03 1.668509544222706057e-03 1.570789484948652802e-03 1.996317923718501919e-03 2.165789657874261139e-03 3.510272962316231520e-03 4.652689099953881760e-03
3.281676032050795042e-03 5.104592823978277780e-03 8.464497364324296072e-03 1.157415175354555188e-02 6.554876018845755097e-03 2.927160433413364491e-03 1.399834920217121878e-03 7.937306833547857132e-04 4.719443794261524096e-04 6.918927356057996301e-04 1.306122360841326709e-03 2.015041291046500236e-03
3.692555597207277263e-03 2.715226347451245997e-03 2.196666824381506532e-03 2.035332215843516177e-03 2.062437349378466560e-03 1.603182895809160445e-03 1.815440914280580260e-03 2.668900695661849832e-03 3.558585953777948507e-03 3.731216393454279880e-03 4.542434693927758713e-03 5.084631160988595765e-03
1.439439008882158937e-03 2.361564119296555297e-03 3.346712631629745853e-03 8.317578892320700787e-03 6.036460488904209221e-03 6.063294092322332393e-03 4.705005391148827688e-03 2.435778427522326123e-03 1.269891434870637536e-03 1.472557289261497773e-03 1.094344449047287985e-03 1.080422248227467163e-03
5.671917601151298290e-03 5.748481322783178388e-03 4.182242776646836330e-03 2.382277914327033709e-03 2.302809645813927789e-03 1.850285392567056894e-03 1.462010030168643107e-03 1.246487519630661532e-03 1.256559716822749136e-03 1.823971061931457761e-03 3.746260986465599699e-03 5.933445483309146042e-03
2.487214417481301443e-03 5.186421999619414240e-03 6.926609784935637559e-03 6.923663544696606435e-03 6.310606279840898572e-03 4.111691757438895242e-03 2.201373017949834719e-03 1.420716346864580931e-03 1.142561540307773403e-03 1.151869923854502908e-03 1.001964253164906076e-03 1.373920520864634889e-03
7.897311120321891947e-03 4.491282109869603086e-03 2.281981152420807513e-03 1.563015059582275159e-03 9.649004279136713831e-04 8.588486672201921289e-04 7.932107223020110932e-04 1.609555399366425056e-03 2.977859899864077151e-03 4.198235386437761812e-03 6.094798088836024703e-03 7.184903229063787332e-03
2.290651944289073903e-03 2.207260888274205010e-03 1.672880906997815031e-03 1.927580909664804989e-03 2.399371990462632886e-03 3.476666555280989810e-03 3.161685416057279357e-03 4.760166198966467137e-03 4.114998778859157644e-03 3.621233578224444197e-03 3.541591130468243597e-03 2.136909823904409745e-03
4.032015449713018465e-03 4.205235524702831407e-03 3.512945750602396167e-03 2.921054754948717008e-03 2.912136117050185581e-03 3.258371678150736445e-03 2.698183758687387919e-03 2.275195530842181232e-03 1.781631530249735279e-03 1.767745443680985218e-03 2.374630561220473276e-03 3.016805312117272573e-03
2.311642561243409423e-03 2.029345848157919439e-03 1.737466008702907979e-03 1.554852809317807880e-03 1.999677943058745296e-03 2.605080132611994372e-03 3.634793951805776000e-03 4.067454933263968571e-03 3.923277221076850590e-03 3.689042425004388035e-03 4.503231689550081865e-03 3.449397183715942946e-03
2.961403742564976994e-03 2.246943755685770847e-03 2.143649236647124715e-03 2.182603900023981098e-03 1.869412318789733744e-03 2.031607712672211987e-03 2.357650122987933836e-03 3.194445867616709997e-03 3.460342451825266369e-03 4.057548636823503883e-03 4.451085508699046886e-03 4.375650814457441619e-03
3.941590878724418774e-03 3.624779892711503092e-03 2.118797116567960968e-03 1.988637250999984382e-03 1.619022663722519996e-03 2.597486972749437836e-03 2.451872898178011906e-03 2.344598623327736036e-03 3.610564899260155190e-03 3.997428541540924869e-03 3.276142999292213330e-03 3.202018875040693168e-03
4.779186477232941904e-03 3.904801535299937034e-03 2.391134959321942685e-03 1.301533615050851078e-03 1.255247182539573217e-03 1.668154853954701040e-03 2.257841854429018871e-03 2.349235388483652230e-03 2.128533884351137620e-03 3.003910788958655178e-03 5.537043393106284676e-03 5.874826773253434900e-03
1.778987155406540170e-03 1.625792732966341520e-03 2.528801179009419926e-03 2.328042332006830233e-03 2.137393571277558697e-03 2.789817673837288476e-03 4.800672783519085302e-03 4.955189239362739299e-03 4.005897275505111363e-03 3.625399727515547441e-03 2.624795861532093141e-03 2.217130168940376327e-03
3.079799773964553289e-03 4.760794496492028530e-03 4.244839604734781599e-03 3.320712239849889919e-03 3.905600918037320166e-03 3.100819093951615903e-03 3.001500130718862645e-03 2.314172168330005507e-03 1.505053096608906325e-03 1.431034906800807268e-03 1.768866369520430762e-03 2.914691834677044131e-03
1.634897797913406744e-03 1.582315519066191875e-03 1.660327339045152917e-03 2.330257331237560892e-03 4.669175539453999067e-03 4.511649908093354373e-03 3.987031498482876760e-03 3.612390391084246630e-03 3.788443592451984886e-03 3.373114452829558112e-03 2.516466611454909463e-03 1.895923321404970443e-03
2.102471164156048417e-03 2.366945593180129655e-03 2.160705911449205784e-03 2.208784477228231419e-03 1.752561877660607738e-03 2.478962141342709157e-03 2.630853226509756969e-03 2.879934125244790460e-03 4.636657577628947036e-03 5.093109282014704302e-03 3.703211935267316374e-03 3.188934828350884453e-03
1.068948782775778561e-03 1.988226760687463596e-03 3.177490602853691275e-03 4.159643347145652696e-03 4.486101546727390942e-03 5.606665386326836233e-03 4.000371915137568984e-03 3.359574727373481045e-03 3.554203073379389073e-03 2.427482000537307082e-03 1.618852365925988780e-03 1.016097594209235296e-03
4.478330673002117561e-03 4.258391068143191870e-03 3.815923137955986189e-03 2.693541193015734289e-03 2.485786147312669253e-03 2.847090951948658827e-03 1.953693349966719069e-03 1.632865892264208103e-03 1.785628590266666316e-03 1.980263612018334351e-03 2.796367383302027828e-03 4.647633372849792679e-03
1.645110426178494813e-03 1.657931438011636801e-03 2.204048389814327203e-03 3.345547644571063555e-03 4.709680224127165554e-03 5.563733391428913981e-03 5.506978882134666575e-03 3.565208368933953532e-03 2.738736877655500220e-03 2.367600728424302733e-03 1.635093966482290256e-03 1.700348950036633961e-03
7.092724547418592998e-03 5.637873566293239574e-03 3.624401625174014738e-03 1.959843221658959592e-03 1.377918565929312856e-03 9.082176279569495773e-04 8.229666411491230044e-04 8.828625589292198473e-04 1.705965397575569730e-03 3.586019821342459508e-03 6.823121602381086552e-03 6.433776663965578256e-03
1.311788105306995909e-03 2.072501598517103531e-03 2.900933313051971569e-03 3.667551234970694175e-03 4.600847315059795883e-03 4.997314194721366731e-03 5.853261274178012986e-03 4.806680742034104108e-03 3.407900784447267292e-03 1.802779691691873713e-03 1.105361853237775372e-03 9.824503307995305097e-04
2.659887816611689396e-03 2.156922176372157249e-03 1.932747579534884125e-03 2.284928094951321417e-03 2.790750195513782943e-03 2.674290854656002393e-03 3.017706275849543936e-03 3.479486204070550773e-03 3.161627082034645757e-03 3.479816651720746539e-03 3.885430439696087312e-03 3.159914407036309384e-03
2.199424225983998612e-03 1.728431491963008416e-03 1.794076969980614843e-03 2.181232014741486640e-03 2.549291185949453288e-03 3.165376520372457491e-03 3.581488586407344851e-03 4.035144323475545018e-03 3.311775327445563161e-03 3.644891295889621328e-03 2.996744904458744849e-03 3.714456197124068899e-03
3.555937510311611878e-03 2.654808621249624481e-03 1.886977497240710597e-03 1.634837784781030187e-03 1.796073015747768351e-03 1.697679874034806668e-03 1.985918804496523363e-03 2.840347900474662728e-03 3.614012096051329864e-03 5.567450913387946704e-03 5.148426171693007251e-03 3.890509814300889199e-03
2.238181410606875435e-03 2.293564693877301209e-03 2.992852296555708214e-03 3.382491819735707322e-03 4.354866275507559246e-03 4.600643186371816164e-03 3.616908307587088887e-03 2.229217053257273942e-03 2.173404350450587261e-03 2.010244898357946199e-03 2.561966108051625529e-03 2.393690832908616176e-03
1.802900995976640429e-03 1.935333987999561089e-03 2.227379536916544028e-03 2.917017860226898008e-03 1.822997305040355851e-03 2.655414530143844661e-03 4.230639599507069436e-03 4.309616915085633625e-03 4.337778833393310558e-03 3.403708226667631793e-03 3.173148550980172278e-03 2.236433216495899243e-03
2.226770745076961378e-03 2.757835033548606315e-03 2.811171482930694462e-03 3.421199130162248369e-03 4.063754229977965642e-03 3.900437279554947421e-03 3.607814494910356606e-03 3.267516552958219401e-03 2.789467521941349417e-03 2.391625695430975047e-03 1.827539499587369073e-03 1.974217405974004313e-03
1.896058550220293317e-03 1.796472232150991052e-03 2.223471950001470587e-03 2.442056835006992978e-03 3.141355795476672135e-03 3.484490817641024574e-03 2.988961160087708763e-03 3.307596015790188922e-03 3.885160564723020432e-03 4.121450790306668659e-03 3.126320489667276485e-03 2.386368850307424121e-03
3.535335133149494161e-03 3.097855895633422080e-03 2.842968513884533421e-03 2.942578027508695789e-03 1.830764163354355349e-03 1.953092189591444780e-03 2.679017021681945852e-03 2.021813266988774747e-03 2.362416222295875712e-03 3.516260521519325340e-03 4.252377951012675621e-03 3.816372986494682117e-03
5.670434273815808807e-03 3.705983863391988480e-03 2.501558523557606637e-03 2.588740500306553095e-03 1.626421587047336813e-03 9.727495888899384069e-04 9.214869816922275150e-04 1.528999293371630661e-03 2.656721069384075217e-03 3.628807369370324644e-03 5.744251588155439847e-03 6.624076544098454235e-03
1.376387399447760859e-03 1.782506712693508050e-03 2.454877930943121910e-03 4.010711128883403219e-03 4.713071203349202161e-03 5.081052659509200688e-03 4.837725893112990866e-03 3.453031773200958190e-03 2.850155561481406124e-03 2.524811069505722861e-03 1.704598286415839924e-03 1.620215626224593818e-03
4.728650368981592716e-03 4.394856880132701898e-03 3.562822432525032494e-03 3.086785418185006031e-03 2.733327430164687096e-03 2.192144508449189906e-03 2.296079106775612572e-03 2.858867593521071445e-03 2.247043296631011204e-03 1.202716706715790864e-03 1.631269518869518827e-03 3.576757587584039437e-03
3.892831317731992868e-03 5.757710677803270193e-03 5.787627377870454594e-03 4.387889895655849685e-03 2.557851395408015233e-03 1.350403431125395603e-03 1.005507812552642460e-03 1.039527740422717221e-03 1.491798923155539984e-03 2.279445098448146939e-03 3.500279706756581882e-03 4.499303751448793451e-03
1.477915960160375254e-03 2.330181791394249791e-03 3.139674357311396467e-03 2.581719252835449306e-03 3.183854888009589757e-03 3.098302496336126539e-03 3.498080937951087658e-03 4.461331518034266329e-03 3.541430627329851619e-03 2.849821432078561076e-03 2.755674012779601219e-03 1.828503777634984603e-03
2.261085852953237038e-03 2.087935459847989512e-03 1.926613649437028441e-03 2.485763346154537534e-03 3.609687416982527812e-03 3.981795877322075010e-03 3.257609111079783244e-03 3.485239776165526600e-03 3.384111855826641303e-03 3.217973005743510109e-03 2.573575227531165605e-03 2.492379837181113791e-03
3.178423593219252465e-03 2.741304137966879637e-03 2.329170220406152729e-03 1.976710899711247357e-03 3.219127461142624966e-03 3.132123655675015262e-03 3.882946634446536507e-03 3.492678744362686435e-03 2.820304765676456306e-03 2.598844679847072195e-03 2.260796137100799276e-03 2.661593425542201161e-03
4.978724231644414064e-03 6.965536603249490762e-03 1.027830822960071333e-02 5.775269022045750184e-03 2.502919672890620978e-03 1.256631875615147904e-03 8.650943450479714860e-04 7.780542795450208406e-04 9.468756822059580828e-04 1.136388982768866832e-03 2.894622366788311436e-03 3.487411367108501307e-03
2.120670536634999739e-03 2.062006704193682441e-03 2.447866791730122799e-03 4.069789957056484282e-03 5.844299893807151404e-03 6.145585785098339054e-03 4.906972613886717398e-03 3.821076921250743733e-03 1.757983861519291742e-03 1.421009576733232556e-03 1.131785794548536075e-03 1.601249446071890698e-03
2.916056286456714889e-03 2.288737650604823377e-03 1.861944556128264025e-03 1.612021634238124633e-03 1.193456141703432482e-03 1.549472257975134616e-03 1.893325796139146318e-03 2.603083400962404731e-03 4.102891817888555497e-03 6.020172790710885506e-03 7.063613825701617159e-03 4.558410380759791471e-03
6.002943545619828132e-03 4.444125209008671640e-03 2.797256669704979975e-03 2.038538550463409992e-03 1.914735101836419597e-03 1.785514614495383161e-03 1.567094505188545506e-03 1.656339555118780966e-03 1.953557918718271027e-03 3.293909705814968784e-03 3.830791289083159377e-03 5.375232952907506995e-03
3.449171266234697490e-03 5.123317691993796094e-03 5.497543591870180171e-03 3.591639800411842911e-03 2.596471439434885550e-03 2.291262769953414467e-03 2.402876945985610562e-03 1.867916892893920974e-03 1.585603023197572868e-03 1.924939227461864742e-03 2.456036434394479571e-03 2.926298821348524704e-03
1.189637041364452344e-03 9.820620184053919198e-04 1.294924697391771316e-03 2.497471647820114198e-03 4.207279924041669970e-03 4.082607949824462387e-03 5.617766526203898762e-03 5.211832979169877568e-03 4.711954885257177428e-03 2.836450677291638047e-03 2.687654356910547382e-03 1.907276279598624268e-03
2.739367752234414879e-03 3.915380618847847521e-03 6.339208560649414737e-03 6.016700897728322062e-03 3.249708419423032787e-03 2.020027008559870888e-03 1.753523799749176493e-03 1.753457110595969381e-03 2.016731127783154623e-03 1.646411845619765151e-03 2.374263648241500997e-03 2.179908433114939245e-03
6.069147594583410715e-03 6.138792895048439564e-03 4.981582492877913854e-03 3.940316395456040441e-03 2.438203819376756013e-03 1.459639266569687103e-03 1.210667877677726193e-03 1.272958963793753171e-03 1.537633402049268716e-03 1.799501446926759715e-03 2.333875398338050924e-03 5.126098677772023340e-03
1.749755199350244185e-03 2.124356994647131573e-03 2.671438826911363106e-03 5.061287492778149266e-03 4.349779157818690206e-03 4.240438312294417776e-03 4.511906044242754849e-03 3.152548310666765125e-03 2.487510538444341265e-03 1.918377231717741755e-03 1.692777967187289370e-03 1.931187896101617179e-03
4.093373189176749763e-03 2.189228854706288911e-03 1.131049209125695567e-03 1.173790747209075072e-03 1.585968195673477087e-03 1.550490512030751637e-03 2.391890660751751305e-03 3.380880824645293194e-03 4.024372129743508490e-03 4.380271301510355562e-03 4.911675049639275224e-03 6.144696939659440374e-03
2.011021741380351197e-03 1.897126317761336188e-03 2.356809409328718564e-03 2.422414151077187557e-03 3.239814884676987198e-03 4.102188614354876535e-03 3.498755265497817835e-03 4.241615513279043195e-03 3.855581878945814420e-03 2.939386938345480305e-03 2.451461696686394603e-03 2.146592595586606193e-03
1.388363210012363716e-03 2.097966082985239494e-03 3.301181922248394227e-03 3.751932367488749424e-03 4.215294721379686527e-03 4.481888248513220263e-03 3.903069292394676076e-03 2.981626062803731641e-03 2.250904480442258646e-03 2.917483361041705876e-03 2.406471689231636912e-03 1.525739864116439993e-03
9.323430553208761091e-04 5.822234184231586283e-04 5.354558769853778747e-04 7.126890838288264416e-04 1.316311668970740478e-03 2.976329584049803093e-03 5.477227327917104371e-03 8.930905920868733097e-03 9.337818009390916330e-03 7.032464543719875970e-03 4.697845714430280532e-03 2.458103101729210236e-03
2.294907487423127144e-03 1.382285070607104606e-03 1.347423955776933880e-03 1.081777103751529849e-03 1.525194284175227519e-03 1.779057871344347274e-03 3.408238496823043709e-03 7.656411658848623347e-03 6.893708120353114754e-03 5.392091701141788623e-03 3.084010971045241922e-03 2.545441836565757055e-03
2.769246839601384458e-03 2.565842032374043586e-03 2.757727427640457515e-03 2.662279791101938332e-03 3.167409780589385167e-03 2.872295093198281961e-03 2.266889856291917811e-03 2.933805957089695958e-03 3.563777798553004715e-03 2.672437466503492249e-03 2.739280070471696374e-03 3.357024367955496053e-03
3.051824066019843094e-03 5.134145862654472710e-03 8.622379345884846266e-03 7.463500754653828659e-03 7.457386102213112850e-03 3.839129086665957549e-03 1.996764750305657712e-03 1.073583958858795881e-03 7.917245528602795271e-04 7.048521604877797022e-04 9.930768466406829798e-04 1.617539551022386876e-03
1.763983300084331516e-03 1.469134237896293138e-03 1.375621918694685478e-03 1.807394269663064809e-03 2.673679944935884734e-03 3.845709538467654686e-03 5.287442033718925925e-03 4.350805260272712360e-03 3.722831156524346232e-03 4.684584264000602079e-03 2.863620111648712725e-03 2.350554144529555783e-03
1.019147210515168643e-03 6.189935813822794236e-04 4.269095854707519590e-04 8.313377559639880494e-04 2.298138497336387701e-03 5.286238273326368878e-03 1.089572212719033990e-02 7.735937679343836415e-03 5.149969923338243438e-03 5.085799125909944152e-03 2.524927173681804343e-03 1.444417509341812357e-03
3.661992691975790234e-03 3.237891536547180069e-03 1.512801671558521932e-03 1.300438296265271979e-03 1.266688894927483653e-03 1.472093921837393368e-03 1.651929801916694621e-03 1.911554283844040273e-03 3.502282751163837953e-03 6.130270252040524032e-03 6.415189208886625839e-03 6.431621623910651654e-03
2.284948051462699740e-03 2.111136111174235185e-03 2.761531846733178159e-03 2.549995457204592541e-03 2.079095286008573150e-03 2.022905134810915224e-03 2.561159652849541706e-03 4.200153487019999722e-03 4.685070115229035027e-03 3.432992642310834890e-03 2.796906517259978384e-03 3.080093720708471528e-03
6.337849303459329280e-03 6.656207754063109619e-03 4.897043515791120981e-03 3.482971429589657320e-03 2.085233217196772858e-03 1.388705791008287794e-03 1.076328930897989429e-03 1.236014915335113601e-03 1.588461036710701099e-03 2.042872757434899354e-03 3.244500941861327634e-03 4.564804107042890607e-03
1.484460620817118796e-03 1.703257979051284177e-03 1.318310631807460571e-03 1.617400770030708859e-03 2.924897995569351004e-03 3.324543655755719807e-03 4.552840282716251290e-03 5.453895059201237933e-03 5.544019331426384457e-03 5.045789326149884187e-03 2.577957426994105516e-03 1.617638121172171274e-03
3.048390900522660128e-03 2.471526697046385820e-03 1.949634825364452784e-03 1.410954448740352456e-03 1.294938044446875252e-03 1.716765709024843916e-03 1.986888078075167881e-03 3.083847851411326661e-03 3.835284364901430255e-03 5.389335978764315561e-03 6.416555338043868073e-03 4.562911950634978078e-03
2.123772446659986241e-03 2.231437500043701502e-03 2.282405716903582443e-03 2.942844348138668516e-03 3.709766392458406243e-03 4.822478438200834827e-03 3.847131131885645362e-03 3.944604278659748914e-03 2.452679879139521308e-03 1.838439368672444875e-03 2.092781938853571430e-03 2.659330810015694824e-03
1.618625509107908447e-03 1.280973739370904266e-03 8.481064715296638941e-04 9.591717901284418230e-04 1.409895023055541619e-03 2.135350644502833316e-03 3.213316593303219403e-03 4.412954901938654154e-03 6.210665065243433682e-03 8.233644644058266820e-03 7.264486885615155549e-03 2.797614916820039509e-03
1.344765146458590417e-03 2.366777109336947078e-03 4.513916725093883135e-03 9.707705309264891974e-03 8.316134514831131919e-03 5.208272127084178152e-03 3.906392027410367229e-03 2.244856346833939975e-03 1.130818828364610427e-03 9.564985914058533965e-04 1.007647733671227256e-03 1.088791140586909062e-03
6.003148145604941983e-03 5.717488381244073374e-03 4.969830698008524845e-03 3.881326721956652927e-03 2.352135214133982237e-03 1.270250306358996443e-03 9.990197022940214104e-04 8.001361253331193283e-04 9.046657321120261941e-04 1.859934845316893025e-03 4.788390485768321408e-03 5.671631408655901548e-03
2.137298049602439493e-03 1.626929462843168788e-03 1.765240105969450614e-03 1.238062793207721354e-03 1.887154354246458384e-03 2.031368014908613816e-03 2.959058855124309991e-03 3.979699282034462361e-03 5.340819712638666082e-03 5.996722590567050461e-03 4.983562771381801725e-03 3.095168392705708368e-03
3.556642491857281083e-03 2.855200895616943468e-03 2.480838103953439573e-03 1.703459164309671821e-03 1.721762433961659304e-03 1.482223940222407487e-03 2.425898238096525251e-03 4.357730447894760974e-03 3.961351448833990048e-03 3.571472250698141514e-03 3.297570896882824187e-03 3.479989514867752338e-03
9.373919986144989107e-04 1.330076516973413428e-03 1.894178045895298897e-03 3.277526616302550884e-03 4.840439323623377428e-03 5.892460638620908298e-03 6.165833558156636265e-03 5.272230105431325274e-03 3.857360639921178329e-03 2.843778425400119141e-03 1.498709986712579460e-03 9.489434619286992280e-04
2.626885309002717755e-03 2.803405775323283139e-03 3.027694925342029608e-03 1.926561567061197940e-03 1.570199153467648732e-03 1.597810888214587456e-03 2.216029542373225327e-03 2.688488535732208758e-03 3.204567125395429029e-03 4.821691351676293466e-03 5.012304979934086545e-03 3.966590795236903111e-03
2.213062610637906141e-03 2.261828892858920494e-03 2.370957083202806116e-03 3.167407022033011822e-03 3.705518422281317212e-03 3.597129116341852510e-03 3.567788121140622395e-03 3.488555616858577627e-03 2.998260112784709511e-03 3.112488640987150137e-03 2.333130321823189725e-03 2.009702901766990870e-03
1.826646437390331331e-03 1.208680178343357831e-03 9.854292871295097442e-04 9.376855949909626998e-04 1.716066664382373801e-03 3.654086855128359148e-03 4.590651689438022577e-03 5.177711730144590394e-03 4.599245331462492939e-03 5.223165723258562515e-03 4.941938717282724422e-03 2.804659984233999134e-03
5.430954757228200272e-03 3.743659325917962199e-03 2.294488726719619287e-03 1.450470655993559531e-03 1.285525494187529909e-03 1.285968682616218071e-03 1.245013692210418434e-03 1.832929703693446247e-03 2.840364650925014580e-03 4.873427393751444264e-03 6.451499350714814257e-03 5.810746113361988513e-03
7.934828365231355683e-04 1.349437188464539319e-03 3.257955756671587679e-03 5.870553151615965151e-03 5.981256263662573444e-03 6.613144772567723824e-03 6.756141929251976812e-03 4.421835582255602068e-03 2.609219971544906019e-03 1.403444425147239247e-03 9.606663798696719533e-04 7.236949604449876335e-04
3.208239252938507261e-03 2.925146926041381594e-03 3.574343820566292657e-03 3.051874538267886853e-03 2.113042541521990315e-03 1.893520017414817083e-03 2.551280126343390565e-03 3.070680568244612933e-03 2.506883919565365375e-03 3.101222773343403905e-03 3.268057776356038911e-03 3.166115310599626909e-03
1.531848215594888013e-03 2.355288540299041705e-03 3.015363914645935450e-03 4.326011989742825289e-03 5.568876185324050758e-03 4.573733196932282079e-03 4.101731865668914109e-03 3.521544687460394750e-03 2.739102493582657588e-03 1.653084741189776415e-03 1.607313259005427970e-03 1.517169535193083714e-03
3.066535981753559532e-03 2.597513117046438159e-03 2.367791657520504790e-03 1.701159248295809742e-03 1.572813387799099853e-03 2.005664133006781254e-03 2.484710203005866241e-03 4.158613057321962521e-03 3.289677694144406851e-03 3.858537025141391998e-03 4.241100391044507791e-03 3.940104289149906104e-03
3.619338617755771606e-03 3.192285860010404906e-03 2.766984857526809220e-03 2.898170566930265146e-03 2.585568529572935745e-03 2.651993577946607297e-03 2.983857363728821717e-03 2.519251888330431479e-03 2.194940450135274800e-03 2.426524361657856656e-03 3.453793121873689233e-03 3.129693352654699945e-03
3.136902291282372794e-03 3.885413964788636456e-03 4.165166373931321331e-03 3.587411726692605815e-03 4.204567113529691057e-03 3.614886306969815333e-03 2.256566224885121590e-03 2.411751552775620155e-03 2.033482538842244346e-03 1.798136403116463913e-03 2.011037294422479693e-03 2.169042962917700802e-03
3.021342316018240000e-03 2.438326262434386063e-03 2.435011616497997130e-03 2.546096086310420045e-03 2.963050150102638711e-03 3.171616357060609744e-03 2.896055646672904705e-03 2.771506082502816180e-03 2.593758932143959070e-03 2.685705418334744486e-03 3.303152331329819221e-03 3.480274228992395573e-03
4.628451601300517630e-03 3.374888118149601580e-03 2.601599811872176704e-03 1.757718062795220323e-03 1.222404871684044459e-03 1.039905561702977139e-03 1.198341870701795289e-03 1.557994990622605909e-03 2.832676908734444582e-03 6.090822280562704222e-03 6.611799732554082300e-03 5.616132347635545592e-03
1.730553174613223529e-03 2.818555423031236275e-03 4.041184338410391472e-03 3.747291453668654543e-03 3.337320333296792032e-03 3.211321637573436374e-03 2.747657355175403548e-03 2.910886143786122881e-03 2.828946871168917538e-03 2.983018664364410748e-03 2.372584920057346780e-03 1.664193408697548903e-03
3.796345160652551173e-03 4.941315418524236044e-03 5.044635803733072722e-03 3.077665511946508885e-03 2.713409917038522336e-03 2.077747039570577731e-03 1.915555841042047413e-03 1.513148392001306382e-03 1.738794994686329717e-03 2.479105722713854584e-03 2.924116342878448332e-03 3.591568862626805334e-03
1.915089431063830708e-03 1.744029977698111512e-03 1.612271899018696917e-03 1.634907248947818637e-03 1.657953678551953979e-03 3.255983913344780503e-03 5.019953031436023665e-03 6.664755398956750086e-03 4.932524803619402556e-03 3.337632942680797236e-03 2.830643292404044428e-03 2.041058162856690481e-03
3.172734729381610636e-03 1.912987348108208382e-03 1.272182283683456023e-03 9.334152781102795365e-04 7.879836557112936601e-04 1.040798048818060168e-03 1.485000403491487609e-03 2.668205805783721747e-03 4.878988912380506984e-03 8.439998253329720687e-03 9.451952042099271561e-03 6.666130506812372597e-03
2.220327094350964345e-03 2.580320441794199410e-03 2.682481710006596066e-03 2.754020967241745284e-03 3.468871285868676928e-03 3.738958568357784139e-03 2.491146197913106982e-03 1.937694661046556474e-03 2.523942751611941895e-03 3.213618860990094441e-03 3.009500953923392556e-03 3.460115210116480790e-03
4.979203328378051935e-03 4.601462865021249682e-03 3.052206228957580342e-03 1.852328086028805047e-03 1.736895317620995929e-03 1.589256387308737644e-03 1.460647573070586458e-03 1.549459591215986967e-03 2.567775181495705189e-03 3.179826987863038079e-03 4.533755717791176747e-03 5.896274833389261207e-03
5.131431628776474130e-03 6.575177383500128980e-03 5.812738355984913008e-03 3.857124759479342233e-03 2.166809961202707281e-03 1.819000894416250786e-03 1.279350558444227121e-03 1.166675624434673287e-03 1.480017432228534786e-03 2.121861532490723883e-03 2.963789533166633332e-03 3.482532469948375342e-03
2.199152693541608049e-03 2.804960999722771152e-03 3.525219767760505787e-03 2.859028342052457108e-03 2.636251089122045727e-03 2.888355878574802322e-03 3.070286283856194388e-03 2.928727599584747196e-03 3.156843720913863217e-03 3.227400084215342659e-03 2.681562055608546161e-03 2.339841969848031802e-03
3.228964955467619052e-03 3.152543379362807499e-03 3.973467569940591741e-03 3.836555424970078398e-03 2.592392694045982365e-03 1.628433198768046387e-03 2.146149129897458215e-03 1.951004638187158607e-03 2.385847604140567402e-03 3.561436369167666777e-03 2.946995821403566255e-03 3.132338214219629151e-03
4.832962826736585116e-03 4.282532308595367494e-03 2.525182009352141838e-03 1.817279259021668683e-03 1.247467099157979504e-03 1.003661333718629430e-03 1.345206212189257100e-03 1.837123663828144331e-03 2.438562282011170080e-03 5.188071555075552191e-03 5.216556112338513289e-03 6.596645520441503201e-03
1.859693234125419726e-03 3.433778878874430875e-03 4.660158883977316875e-03 3.475274697410381166e-03 3.704457978870593065e-03 3.147369494499728613e-03 3.090690930783370188e-03 2.940842018378552955e-03 2.316015497130137230e-03 2.130215990506506216e-03 2.274034079618917660e-03 1.776330127599619248e-03
5.148376486148372941e-03 4.202403676467933273e-03 3.404591669335590640e-03 2.223975707773724608e-03 1.663769062574376942e-03 1.420611932853605786e-03 1.504688038143169732e-03 1.853616065494650489e-03 2.549882461160876690e-03 2.683303403189230864e-03 4.293351202200949498e-03 5.828279798225869529e-03
4.100411975069349034e-03 4.068013792305185533e-03 3.524680275151538793e-03 3.918471581430001995e-03 4.622302268826851412e-03 3.337229990662521784e-03 2.056926870123855500e-03 1.747332348527914740e-03 1.976791591117616972e-03 1.958170789849347348e-03 1.723773141046621273e-03 2.351639930658728454e-03
7.033538357120458842e-03 1.077952498083038606e-02 6.226409251197364582e-03 2.990872299260071039e-03 2.011453483545237123e-03 1.225267694242617757e-03 1.029542156397200790e-03 1.020236844219011858e-03 1.210451269192448906e-03 1.550733135879014740e-03 2.321907810003759603e-03 4.098195153666905378e-03
2.482774649178958511e-03 2.546215651905190530e-03 1.976201534951162707e-03 2.396071822682080930e-03 2.339068055279436981e-03 1.852213665578392003e-03 2.471031313351290497e-03 4.605914904976384644e-03 5.033134125456070751e-03 4.205686673023156449e-03 2.843245874363981712e-03 1.973056019333238945e-03
1.923661822452858543e-03 1.928356455465929939e-03 2.023805419794810073e-03 2.201567027136191058e-03 2.346680189630189449e-03 3.171261441574602276e-03 2.894539979848484261e-03 3.341915034131232552e-03 4.490246297350479129e-03 5.455625684159407483e-03 3.262967488495458358e-03 2.115949226852500108e-03
1.049203643918024441e-03 6.357486681284065487e-04 5.059935831004635761e-04 9.529343715650607366e-04 2.044946617264168341e-03 3.234745007608362966e-03 6.338589198434141890e-03 7.914743372843096800e-03 8.644357962405117488e-03 6.216855119292520604e-03 3.845732035893309735e-03 1.890128413177724056e-03
