-1.045174738890686461e+00
-3.876326293532591283e+00
-5.414505441257637663e+00
-2.476726593514910757e+00
-1.599045230026937769e+00
-3.293252740373853626e+00
-3.870176858320201418e+00
4.540878578726210701e-01
-4.037203087740029339e+00
1.672116591913386241e+00
-6.418614539331514157e-01
-3.394739386619168187e+00
-2.409594059630482121e+00
-7.169179333342081684e+00
-4.263083659839547401e+00
1.565654508023667013e+00
-3.555757933548366445e+00
-4.787407110596919146e+00
-7.153754492406545040e+00
-1.402476252441610782e+00
2.210932159034821598e-01
-4.408021238944027864e+00
-2.475433695975284731e+00
-3.778680449627590754e+00
-1.967802616316876030e+00
-6.004293923919954423e+00
-4.857267418060027708e+00
-2.677876295429835629e+00
-1.291676062779382050e+01
-7.240650707091083049e+00
-2.638807109935174200e+00
-2.843971172492795851e+00
-2.240508340948597077e+00
-3.790149451271854097e+00
-3.070338431158003534e+00
-8.624766770442160890e+00
-4.459396501490809683e+00
-4.773764553605277960e+00
5.252448062127282880e-01
-2.442406852593429711e+00
-2.967161768207627226e+00
-1.162818460218914440e+00
-4.455202048228038336e+00
-5.358733959568591665e+00
1.251861763050069021e+00
1.296075898854256225e+00
-4.598511185477283547e+00
-3.202086156198159728e+00
-3.256361354094569616e-01
-3.504519213835781244e+00
-7.182358125946322502e+00
-2.907662749250491618e+00
-5.079185246220678351e+00
8.644825180865810532e-01
1.272471742292803576e+00
-2.777453974579017437e+00
-4.605747925029670675e+00
-2.881213469109027425e+00
-4.719752571196564328e-02
-6.685308288032169699e+00
1.315714139939714755e+00
-2.262635552896842928e+00
-2.811303985917897208e+00
3.048483898968044503e+00
-4.120180602612230736e+00
-3.795602029003943834e+00
-6.171101016100614345e+00
-7.595317360942767770e+00
2.285357767067602630e+00
1.249608957162726242e+00
-6.608851705633105311e+00
-5.606387561899173200e+00
-7.616185330226986849e+00
-4.364427475049592609e+00
-1.566009783839466429e+00
-6.417280811102702209e+00
-8.738820646146526983e+00
1.677294011725529721e+00
-3.128759310120775794e+00
-7.912982720411982918e+00
-3.668795421759782016e+00
-2.255908606163480878e-01
-5.216705540040486255e+00
-2.657586482100144032e+00
-3.490372070541449379e+00
-2.535241373821235378e-01
-6.886223936395214906e+00
-3.824336745067423160e-01
-8.607288308936718479e+00
-5.965591309101753836e+00
-2.441504376618401029e+00
-2.084945109710238498e+00
9.599267252536013428e-01
1.021136844438246483e+00
-6.095407443423846772e+00
-5.038331254783308566e+00
-5.823016995359210135e+00
-1.794457989942143783e+00
-1.819099983148936839e-01
-2.582800007367960227e+00
