-7.141029312208617696e+00
-8.823834593281640437e+00
-8.209556827926679290e+00
-7.615498711526072384e+00
-7.484541580804961569e+00
-7.466586715813539499e+00
-8.940424986747974145e+00
-5.938895488358739705e+00
-9.153310833612584574e+00
-6.476830440460405569e+00
-7.057372373410383481e+00
-7.728746947103831033e+00
-7.812233012683945432e+00
-9.461987116179727764e+00
-8.041527210506918877e+00
-5.130097062088795568e+00
-7.466903956208422066e+00
-7.761849424749263981e+00
-9.989873741061153112e+00
-6.970044179553758212e+00
-7.464786868821113863e+00
-8.290816711691434193e+00
-7.469912578720014906e+00
-8.171219817310532818e+00
-7.528563751425986439e+00
-8.972106952680253045e+00
-8.584899643574614103e+00
-7.441260295655019341e+00
-1.126808811491776119e+01
-9.652118088345519098e+00
-6.908255870171283064e+00
-7.582397465239031575e+00
-7.043694074648407799e+00
-8.214021645084823575e+00
-7.319121521455247859e+00
-9.657778958789785761e+00
-9.082109397209874757e+00
-7.648252309530839455e+00
-5.678966646037992838e+00
-7.177191195929265355e+00
-8.147957123120429301e+00
-7.466565893358543704e+00
-7.869125411588257180e+00
-8.395775401400142002e+00
-7.432577840087122745e+00
-6.662479717150239900e+00
-7.946354637156825440e+00
-7.318570492106837300e+00
-6.644401624573593068e+00
-8.717982838982248239e+00
-1.013961688100583380e+01
-7.610970559679826941e+00
-8.473696425351068484e+00
-5.710954000333728686e+00
-5.982625518793443398e+00
-8.044475471890716989e+00
-9.014050261916537465e+00
-7.586825542483064844e+00
-6.413465051640836911e+00
-9.405510012484874949e+00
-6.052863667480147924e+00
-7.426689805816693912e+00
-7.292031110411303807e+00
-6.484324112515681193e+00
-7.999653420367896395e+00
-8.925187563524804801e+00
-8.824657385425497935e+00
-9.896930505298595193e+00
-4.765538668012388790e+00
-7.464424746504659147e+00
-1.078125040424346182e+01
-9.076738818523370611e+00
-9.858850777124709808e+00
-8.175113528485661973e+00
-7.152799096441824211e+00
-8.977099962069972960e+00
-1.046145775193368799e+01
-6.172409785705326613e+00
-7.461790073977809357e+00
-1.122850525215960005e+01
-7.708740486741666231e+00
-7.959329248745815377e+00
-8.026928803181764494e+00
-7.834712621337184046e+00
-7.294228666682864848e+00
-6.956726157481911699e+00
-8.705347561249833888e+00
-6.344103621122625825e+00
-9.705762736965468207e+00
-8.487627829901279952e+00
-7.905022311220778697e+00
-7.435139317932803138e+00
-5.915622616020587365e+00
-5.644567956822422516e+00
-9.087380653783000639e+00
-8.209589502565151520e+00
-8.563324468953732449e+00
-6.371469525191641559e+00
-5.936423369092297619e+00
-8.206482947909968573e+00
