2.012600660235411565e-01 2.912099187606093098e-01 1.877030425705896177e-01 1.590780441067772555e-01 1.536973935793390644e-01 1.368155015905692384e-01 2.137117326231183223e-01 2.305361039981433935e-01 2.050204995988761936e-01 2.209676971484363928e-01
1.126139299626801454e-01 1.423919748295673637e-01 2.741965964703373393e-01 2.041178381069063685e-01 1.795357391821796322e-01 2.612408371147213471e-01 1.526346361722078215e-01 2.175455499595846387e-01 2.515442443367694736e-01 2.041786538650456617e-01
2.288137101224098080e-01 1.528516405556215041e-01 1.636707273470107693e-01 2.098359853969523625e-01 2.239249606757470479e-01 1.912822852540992380e-01 2.365123792452851759e-01 1.879503748074451142e-01 2.196664645683250039e-01 1.854914720271048090e-01
1.679205481394607791e-01 2.019894950528614008e-01 2.041981780855159911e-01 1.941362733677594876e-01 1.664377389498582493e-01 1.627445049908958219e-01 1.714413792201996412e-01 1.859974476827374323e-01 2.558845520410984453e-01 2.892498824696125292e-01
2.464861763082664414e-01 9.775256705974080806e-02 1.825006987771192191e-01 2.421635908232441514e-01 1.921788254432419130e-01 2.019644022229897251e-01 1.684579982131673981e-01 1.706006330556928130e-01 2.490329565324205519e-01 2.488621515641193660e-01
1.607242059585481664e-01 2.366464391319888783e-01 1.956302281632484874e-01 2.243872281680336089e-01 1.800016268901001859e-01 1.669040328260027184e-01 2.195196866790565804e-01 1.607444761134758093e-01 2.273628437889793630e-01 2.280792322805675065e-01
2.087715504727593041e-01 1.916985454955078549e-01 2.298699587548478640e-01 3.200337284670550231e-01 2.322313509625223427e-01 1.828888029714363650e-01 1.790222256569087567e-01 1.840931257773957552e-01 1.077950068167353725e-01 1.635957046248314450e-01
2.547254063797128598e-01 2.198052809895212623e-01 1.943006106671497091e-01 1.820768076293369508e-01 1.836106664231720864e-01 1.997410579582265810e-01 2.401160920935666576e-01 1.545214371338276549e-01 1.578502704048783400e-01 2.132523703206064825e-01
2.067793540969823374e-01 1.615250926143775856e-01 1.981264982555559218e-01 2.400968384789906040e-01 1.694553586820375379e-01 1.833772033356879105e-01 1.286840780398325057e-01 3.389541140325015856e-01 1.597077061568696610e-01 2.132937563071646003e-01
2.560396064318787857e-01 1.891900848590192807e-01 1.237690638403834004e-01 2.688091801694870164e-01 1.792461547506470354e-01 1.691578131564193954e-01 1.987773073014605096e-01 2.474299796191896106e-01 2.255741640158351602e-01 1.420066458556795974e-01
2.199193734939782208e-01 2.026303318844389911e-01 1.884369767234692905e-01 1.673742427377515329e-01 1.365336409252977945e-01 1.419157113330215547e-01 2.223146484458574101e-01 2.615488301251047698e-01 1.940025985960762145e-01 2.653236457350052757e-01
2.406610797780776578e-01 2.219975994361585991e-01 2.500719048064106165e-01 2.213073892799566345e-01 1.734887197913556611e-01 1.716251462474999989e-01 1.849377320676305891e-01 2.290935619353123287e-01 1.488907123005144828e-01 1.579261543570830706e-01
2.894741164224845509e-01 2.084121001466102407e-01 1.669579747304452411e-01 2.125290787567900019e-01 1.714388379260783912e-01 1.913362924360658690e-01 1.193914620034972063e-01 1.983640879538781654e-01 2.377226059998596430e-01 2.043734436242910513e-01
2.108931901866677172e-01 1.959317223187141965e-01 2.118494512151624376e-01 2.229249841478855854e-01 1.485312004922292595e-01 1.716061380370674516e-01 1.803908146020708203e-01 2.498116342768180176e-01 1.483874104248495973e-01 2.596734542985361660e-01
2.066570344022636008e-01 1.975026064969593598e-01 2.609359754457430958e-01 1.437543198809579370e-01 2.185446721394058156e-01 2.246344900349782625e-01 1.889960726367580779e-01 1.606812541114565895e-01 1.702161623586462835e-01 2.280774124928326985e-01
2.138824894112932307e-01 2.253341474905099784e-01 1.808164921538835124e-01 1.715017904159914508e-01 2.171299552108905684e-01 2.078711573950215719e-01 1.842795634809624161e-01 2.191666695265216958e-01 2.078680781068046324e-01 1.721496568081202772e-01
1.856749618525208312e-01 1.914908435616922699e-01 2.285342774507077013e-01 2.182569244323717128e-01 1.892323924835734583e-01 1.647306538992809599e-01 2.579918460660091117e-01 2.183270264208594380e-01 1.814418100963357261e-01 1.643192637366491793e-01
1.933913609047616111e-01 2.142929551472234073e-01 1.679323954332286872e-01 1.798186729634227987e-01 1.800204576130057244e-01 2.226308792552290361e-01 1.877874279192413842e-01 1.993839962323400161e-01 2.115076617410132087e-01 2.432341927905342371e-01
2.384874401248429920e-01 2.446836453478182793e-01 1.429788735543980893e-01 1.907864749485722877e-01 1.314412691568326574e-01 2.635785795928804465e-01 1.916894015913583327e-01 1.351301614407693641e-01 2.261507761405203709e-01 2.350733781020073188e-01
1.868254417534319645e-01 1.805523579986589300e-01 2.109246506023120526e-01 2.507085907977013584e-01 2.126442547862888999e-01 1.249991456842512588e-01 1.472792173566724316e-01 2.067202935148849119e-01 2.509590050151104812e-01 2.283870424906873364e-01
1.352437935165852756e-01 1.702800096565015298e-01 2.908710640798091718e-01 2.569066122276644215e-01 1.804615989350832894e-01 1.441396438689985793e-01 2.837179511078026239e-01 2.191730489393569625e-01 1.648065356496505873e-01 1.543997420185478919e-01
2.510366633714298801e-01 2.242470936996063813e-01 1.828479324070175216e-01 2.118184674533611922e-01 1.714490110438219583e-01 1.870999559348389962e-01 1.573944063300155571e-01 2.649694434899855233e-01 2.039472539021761066e-01 1.451897723677475216e-01
2.441188478421049135e-01 1.831759432848794888e-01 2.354399989163794837e-01 2.224873407174687290e-01 1.515886864551226065e-01 1.531712376753325278e-01 1.659898064804244677e-01 2.596282772846296716e-01 1.936449456409927994e-01 1.907549157026655340e-01
1.437179550617145862e-01 1.517741782689261965e-01 2.966058007629088777e-01 2.194203281185189702e-01 1.886689701317886547e-01 1.720641815701563493e-01 2.196131914692483478e-01 2.298202578742962188e-01 2.020350571289911412e-01 1.762800796134515735e-01
1.436505892004324991e-01 2.174497587058290271e-01 1.966859453220748122e-01 2.303256528723234553e-01 1.429813105035764031e-01 2.279341689290089179e-01 1.896033488379484377e-01 1.520199559994656890e-01 2.486913451129335595e-01 2.506579245164075043e-01
1.659357860665567064e-01 2.046248309513692687e-01 1.386994905474278339e-01 2.147781321457803427e-01 2.334311814902879367e-01 2.271356245398946927e-01 1.904063272996436296e-01 2.748800139793887709e-01 1.844442558619680816e-01 1.656643571176823482e-01
2.709704537846447936e-01 2.172382392226105408e-01 2.008389869079472145e-01 1.415922673043907842e-01 1.887792284291253675e-01 2.063409675377073649e-01 2.186456194676595910e-01 1.482391816519038619e-01 1.535883292917605836e-01 2.537667264022503977e-01
1.752948570589013544e-01 1.610881672766882600e-01 1.864902230132735039e-01 1.590579701266284784e-01 1.748272258790097844e-01 2.703576371152092150e-01 2.292794590786166042e-01 1.929772968226510788e-01 2.092917052776212261e-01 2.413354583514003004e-01
2.104233676425780186e-01 2.142558889642537101e-01 2.434835033379296465e-01 1.658004112118823814e-01 1.711468906623768160e-01 2.101791016938255874e-01 1.450367320312325459e-01 1.964128617843937663e-01 2.305734193900708384e-01 2.126878232814566894e-01
2.176868959239211532e-01 1.790062197047858072e-01 2.185021934899981644e-01 1.804143528242660721e-01 1.774199043832725697e-01 1.319268568736523539e-01 1.791732150419566294e-01 2.204160029575307211e-01 3.014259121548351072e-01 1.940284466457820600e-01
1.635506475024924855e-01 2.075097118206410407e-01 2.078314804854937414e-01 1.948218619540483809e-01 2.022499362334541639e-01 1.810289812232862561e-01 2.372035096381225339e-01 2.172156098677517633e-01 2.248422337792736481e-01 1.637460274954362360e-01
1.376268031294265448e-01 1.341086558449700594e-01 2.200612963479382234e-01 2.051111387566174060e-01 1.824066844918358909e-01 2.117543613221281040e-01 2.463595272503202871e-01 1.998214427159784590e-01 2.162085968156626237e-01 2.465414933251234564e-01
1.900031157174360552e-01 2.180994586198425900e-01 2.669089213687207973e-01 2.180396759927756833e-01 1.581040089810968052e-01 1.532431454835518070e-01 1.780257165390142227e-01 2.086539857716014079e-01 1.991417594240916800e-01 2.097802121018709220e-01
1.990520954720627345e-01 2.347078485048064156e-01 1.665342113655508549e-01 2.152957577120008237e-01 1.527875271292088999e-01 2.877336453348759981e-01 2.258747128898554446e-01 1.975997646089728277e-01 1.613169639334443850e-01 1.590974730492230316e-01
2.219563444753506476e-01 1.727755029788169694e-01 1.676454652820538183e-01 2.036346337717286348e-01 1.792032798984148356e-01 2.662161562134101045e-01 2.231996113963802264e-01 1.731352354389964487e-01 2.012720826385295814e-01 1.909616879063190664e-01
2.054873106278313488e-01 1.768067218742603308e-01 2.214471713880849513e-01 2.432214897218324956e-01 2.215704332680495936e-01 1.405088031326126863e-01 1.823376785236683340e-01 1.639863130492039134e-01 2.390278078494515179e-01 2.056062705650057165e-01
1.567567758738135086e-01 1.938803645551889221e-01 2.000663485937769770e-01 2.994616990543431667e-01 1.077712638489156938e-01 1.617554554939001910e-01 2.618570934622094781e-01 2.139300728262226448e-01 2.355038544066325179e-01 1.690170718849970666e-01
2.371453737415487595e-01 1.835178453276113952e-01 1.812725799818951655e-01 2.148396821618679953e-01 1.723960864135476168e-01 1.950913429722060943e-01 2.214772464167686361e-01 1.982318652400860692e-01 1.940565148353790015e-01 2.019714629090904046e-01
2.168722959621282587e-01 2.266598479750358552e-01 1.735767649035604987e-01 2.057324716627897399e-01 1.727912828985771199e-01 1.640021490359589995e-01 2.104745859923883300e-01 1.818025301744951583e-01 2.164956298851756777e-01 2.315924415098906397e-01
1.548556858736222508e-01 1.669509294117871856e-01 2.022591277249482233e-01 2.336365026784231747e-01 1.887480923370823127e-01 1.762807595893735590e-01 2.076244242855508348e-01 1.993043970486078897e-01 1.985715547849604135e-01 2.717685262656452938e-01
1.313486098208961617e-01 1.724856792186781895e-01 2.869820670810879770e-01 1.542665709462967272e-01 1.632428890347539796e-01 2.280939867694860013e-01 2.469124131615273998e-01 2.080033821402227645e-01 2.285533743355415703e-01 1.801110274915088683e-01
1.599023331035753226e-01 2.725262869942423061e-01 2.128960709533198326e-01 1.381497443098866629e-01 1.243397497820298570e-01 1.871527308352101959e-01 2.344309216405556784e-01 1.916123142045344507e-01 2.427954856239105119e-01 2.361943625527371249e-01
1.513603266664007574e-01 1.768273515505267846e-01 1.769267380244911592e-01 2.376576025867653541e-01 2.134715143253611003e-01 2.141453693083228971e-01 2.305619170788328898e-01 1.771365859219691807e-01 1.908009739997819920e-01 2.311116205375478849e-01
1.582669532894745157e-01 2.040456566131279570e-01 2.462407673037985134e-01 2.170352757858647341e-01 1.865124741566500099e-01 1.890613551442685003e-01 2.035998425789458666e-01 1.602459730949736816e-01 1.769891429179880349e-01 2.580025591149096020e-01
2.663277541967130624e-01 1.044188000111832548e-01 1.360422165319523091e-01 2.837096506509979577e-01 1.418627161043869989e-01 2.405602374231203266e-01 2.374665685078178601e-01 2.339804352496008544e-01 1.983217165448000752e-01 1.573099047794269956e-01
1.444496513823379513e-01 1.471073998814501904e-01 1.874440807685371357e-01 2.060789245207508558e-01 2.306754706429613166e-01 2.423200493842077585e-01 1.377719538148755585e-01 2.359245054467408731e-01 2.933375988619876251e-01 1.748903652961509569e-01
2.226953309688554927e-01 1.746841706913883074e-01 1.786707606719003250e-01 2.572983215216516628e-01 1.934865170346444230e-01 1.755712516878416285e-01 2.391934931578513779e-01 1.704187586654736797e-01 1.904093739408399821e-01 1.975720216595549250e-01
1.537229680069269744e-01 1.798133345928391302e-01 2.412259515601181681e-01 2.400984255276432666e-01 1.683062242804707898e-01 2.027089554185286246e-01 2.066058890093898648e-01 2.238418193211006435e-01 1.825793008641506121e-01 2.010971314188318704e-01
2.438816236443238639e-01 2.069490148309440225e-01 1.766772689796769491e-01 1.223506755089901754e-01 2.531091488281997925e-01 1.797110865581575123e-01 2.378086859110586926e-01 2.062101480101750095e-01 1.713228707156452535e-01 2.019794770128288675e-01
1.484435003207396908e-01 1.792525240347432325e-01 2.034330127598497906e-01 2.037017032925679261e-01 3.359854191120686950e-01 2.393150428352273928e-01 1.769127317438512481e-01 1.588236875477918864e-01 1.771160239527743152e-01 1.770163544003861278e-01
1.791749705015225624e-01 1.117468057001466952e-01 2.845711238961259326e-01 1.881163657806267098e-01 2.422708482333094104e-01 1.610675678173157377e-01 1.359122512305011854e-01 2.092492487302792803e-01 2.455600681823927600e-01 2.423307499277805310e-01
2.237896523881189315e-01 2.747096337379711928e-01 1.483965964204257970e-01 1.966906832296973495e-01 1.526067083216248454e-01 2.206933798391635948e-01 1.790316888853277222e-01 1.897495086313754631e-01 1.931199352974851124e-01 2.212122132488100190e-01
1.334163342327537860e-01 1.953789169367293466e-01 1.788537808271241092e-01 1.704225487625755098e-01 1.991764560970114006e-01 2.240640616685451170e-01 2.710677827084789215e-01 1.948045787615645119e-01 2.370183367941641750e-01 1.957972032110512906e-01
1.805502896918726452e-01 1.685374371955928319e-01 2.121665339793131766e-01 2.217924763443985536e-01 1.907364343588903999e-01 1.838540004669328154e-01 1.620418075114060941e-01 2.515232079993813263e-01 1.926423055321073996e-01 2.361555069201049517e-01
1.717970757891584266e-01 2.478328232238572737e-01 2.710354704980446616e-01 1.842954407545936424e-01 1.624862247975215890e-01 1.807128297243970616e-01 2.484986619370906924e-01 1.955731198269063109e-01 1.567582845748750897e-01 1.810100688735555852e-01
1.975573368731524670e-01 1.854123807592059636e-01 1.646793855725705580e-01 1.402169669229609561e-01 1.554000013169754557e-01 2.268693507476846061e-01 2.833684219680421279e-01 1.731657459313692415e-01 2.547170579979479710e-01 2.186133519100900979e-01
2.461005632278515376e-01 1.596530641554749219e-01 2.404417816660255336e-01 2.161836623297160309e-01 1.527996907529062809e-01 1.663446982123971962e-01 2.617053622713649830e-01 2.657741253178910745e-01 1.555755694277672074e-01 1.354214826386050952e-01
1.670977702842776358e-01 1.773095916593206978e-01 2.344671137160402596e-01 1.430155960906803192e-01 2.441218154874753299e-01 1.589279082555941081e-01 2.141903456864184263e-01 2.295289788037440937e-01 2.043019644636892285e-01 2.270389155527604563e-01
2.066553697046405180e-01 1.646025530839801965e-01 1.812712210118878065e-01 2.003198454527930217e-01 2.218549298677741088e-01 1.884786117914647452e-01 1.448140912738564157e-01 2.845827289598638066e-01 1.924055433474806120e-01 2.150151055062596572e-01
1.563741724689897694e-01 2.945322770093052878e-01 1.782159421489180606e-01 1.800590161374961418e-01 2.486940386500258449e-01 1.852705239696074146e-01 1.975501527653264755e-01 1.724794220285081892e-01 1.653314084191627176e-01 2.214930464026612922e-01
2.373590492683573250e-01 1.965596448880114200e-01 1.158966545831136563e-01 1.652508345872908124e-01 2.529714973375133402e-01 1.623135544022634436e-01 2.154096383551086236e-01 2.289527253529764217e-01 2.187033200502450647e-01 2.065830811751207530e-01
1.879345356449663718e-01 2.783697561356112127e-01 1.894456487922832055e-01 1.564469017107932014e-01 2.087412653548061381e-01 1.621729581826560906e-01 1.999581848119024174e-01 2.410465939551211800e-01 1.550464914566607177e-01 2.208376639552004361e-01
2.157143260307920196e-01 1.805691557590283769e-01 1.825864695770427204e-01 1.740956316887832811e-01 1.394088190511495462e-01 1.956925288107722316e-01 2.526632180408096562e-01 2.122779323064265811e-01 2.136074243752711932e-01 2.333844943599234778e-01
2.551746891240006532e-01 2.231648693333707634e-01 1.618385590484132108e-01 2.950578372251423942e-01 2.765234480258140226e-01 1.804849604600976265e-01 1.272681092286283844e-01 1.446205039382516544e-01 1.611846942667673477e-01 1.746823293495141927e-01
1.368289103715198962e-01 1.909003606053762125e-01 1.974466540583874330e-01 2.417073898239282814e-01 2.224720362632214565e-01 1.895014245232937711e-01 2.058864426597759867e-01 2.167186852928965624e-01 2.558487116587392918e-01 1.426893847428619133e-01
2.315869436180164609e-01 1.507745538594091328e-01 2.166827520030720766e-01 1.313328975722851122e-01 1.594281874927860887e-01 3.193080990045988887e-01 2.296188494944280678e-01 2.307686671272355661e-01 1.439671418053379837e-01 1.865319080228295956e-01
1.800383786749708004e-01 1.809444378106097318e-01 2.124072114291772340e-01 1.854084968886488827e-01 2.407492417999563816e-01 2.134821556071980764e-01 1.407832182487875894e-01 2.066040342601214719e-01 2.691003360967494373e-01 1.704824891837798950e-01
1.728730363820927818e-01 2.524533848436221750e-01 1.947370063948939412e-01 1.808430770985208491e-01 2.641287719782970389e-01 1.804211124453437565e-01 2.700221114010632473e-01 1.803745930398076014e-01 1.631812289532708349e-01 1.409656774630881626e-01
2.006033767883694807e-01 1.678710477201787732e-01 2.033951974050794698e-01 2.064865762519211279e-01 2.076993020070494189e-01 1.993472090369371452e-01 1.693909722632477854e-01 1.963651816069282297e-01 2.222686753871652710e-01 2.265724615331235203e-01
2.831670904304095515e-01 2.035696329830034013e-01 1.657965535701372284e-01 2.948473884569803305e-01 1.799690607905618522e-01 2.260441934401114517e-01 2.420984875051512553e-01 1.814335118224767451e-01 8.583828003611977675e-02 1.372358009650481159e-01
1.893266162339868885e-01 1.884950839904556419e-01 3.152836466171681229e-01 1.803433494647509183e-01 1.380167296166621149e-01 2.632519898981829365e-01 1.622272163845742687e-01 1.416531208299505740e-01 1.480840934774252937e-01 2.733181534868438511e-01
1.283009547375695836e-01 1.742725777684491217e-01 1.936076878344300256e-01 2.186208886249966510e-01 1.991650225989763656e-01 1.380311855287100764e-01 1.893218311483347294e-01 2.701224975691546848e-01 2.198375186908081425e-01 2.687198354985700366e-01
1.559513103360536945e-01 1.585071215620820484e-01 2.561388074857783304e-01 2.298907194685987920e-01 1.775517113083842913e-01 1.494919979233001461e-01 1.614602700032841676e-01 2.579210111823648788e-01 2.660682693310372771e-01 1.870187813991178727e-01
1.790077347015303355e-01 2.668210101224883779e-01 2.336605497826823585e-01 2.381327974401550862e-01 1.994280744667202843e-01 2.144974839130642796e-01 1.822458654972694547e-01 1.674573942345952970e-01 1.461989125876307638e-01 1.725501772538635126e-01
2.045095809267690190e-01 1.760829254650860265e-01 2.128838380202329739e-01 2.064836082545223883e-01 1.853437267985142689e-01 2.592436693076638488e-01 1.458357776069301170e-01 1.516317931173417066e-01 2.668602103073965948e-01 1.911248701955431950e-01
1.941071231873127689e-01 2.088058650489736379e-01 2.120924716332464599e-01 2.634208168026334063e-01 1.505234883923448619e-01 1.270805505129693203e-01 1.873723637508326045e-01 2.300296067944845313e-01 2.373018608948221919e-01 1.892658529823811608e-01
1.668872086765063600e-01 2.309006431207529797e-01 1.842204226918522925e-01 2.315890909220471305e-01 1.894891639539130479e-01 2.331286862832719631e-01 2.852471045675075700e-01 2.149868691492255179e-01 1.245538190663324912e-01 1.389969915685910495e-01
1.757439504703944833e-01 1.908601910610915331e-01 1.923897260228377426e-01 2.598096672756847747e-01 1.800981296621058381e-01 2.591035903187011158e-01 1.634673808064932010e-01 1.319885669235664749e-01 1.832314182242870959e-01 2.633073792348391007e-01
1.728248014336923877e-01 2.200313957043297242e-01 1.422664415456829090e-01 1.655786854254741869e-01 2.057881526977468067e-01 2.095106990587528029e-01 2.150997283217449263e-01 1.961457844777457216e-01 2.112550659943764619e-01 2.614992453404548778e-01
2.954349823131367514e-01 1.294391398808352744e-01 1.196759644240835557e-01 1.541073376089917013e-01 1.753855032262223168e-01 3.126455584870004301e-01 2.279879505027017361e-01 1.589165635739047677e-01 2.139068627176840542e-01 2.125001372654386211e-01
1.317192681484617989e-01 1.774282054528822927e-01 2.120641676577810220e-01 1.973365593428881293e-01 2.207576044074170130e-01 2.155193035136595547e-01 2.238405961035855873e-01 2.454447241698531068e-01 2.219971004655053870e-01 1.538924707379670520e-01
2.164616732631318430e-01 1.711792313370385510e-01 1.249920962160423615e-01 1.753458252407149587e-01 3.230330778594163732e-01 2.468542544366982006e-01 1.801086915749764428e-01 1.612635642519863188e-01 2.647490299632719868e-01 1.360125558567230053e-01
2.283664799434825809e-01 1.545335263867304576e-01 1.829640434215868694e-01 1.862840057596213961e-01 2.107777409121054379e-01 2.310553665728946049e-01 2.187659768339171307e-01 1.719731222761766709e-01 2.212734058527502656e-01 1.940063320407343084e-01
2.364223032735581209e-01 1.670238916378571636e-01 2.086706238470132924e-01 1.223298401759723014e-01 1.772222206385717924e-01 2.974871796028505933e-01 2.119986756170242903e-01 1.930221108169224986e-01 1.765990680137192737e-01 2.092240863765103265e-01
1.539705163565411594e-01 1.809015563624418177e-01 1.688199330002711773e-01 2.084519748849781862e-01 2.201553289940882674e-01 2.127414536720561578e-01 2.174224118179109433e-01 2.098908843254189138e-01 1.965558816404651687e-01 2.310900589458286802e-01
1.757030983803888891e-01 1.350295566384697166e-01 1.467933701848994077e-01 2.226025220200198995e-01 2.976353635905890638e-01 1.921748555131525538e-01 1.764958692171507137e-01 1.789628176739103127e-01 2.436004934594415416e-01 2.310020533219793448e-01
1.620952854793510922e-01 2.379569858572326002e-01 2.341722149827246691e-01 2.144904691362489735e-01 1.975189326879756568e-01 1.797944768207584143e-01 1.615585852210111306e-01 2.086517243161546131e-01 2.198553822491667586e-01 1.839059432493759250e-01
2.108698447092083317e-01 2.339826464600153200e-01 1.979767524612116025e-01 2.571512732025381109e-01 1.960854984688910063e-01 1.859658781184895249e-01 2.102528334108940411e-01 1.915927803914745375e-01 1.834271176963931105e-01 1.326953750808843868e-01
1.579000692744986500e-01 2.448367978631828534e-01 2.027410452067187618e-01 2.048095053864077975e-01 1.489257778625239781e-01 1.968035409499492294e-01 2.445705178065443741e-01 1.690713800498681585e-01 2.306745811996621376e-01 1.996667844006441705e-01
1.910937881060193466e-01 1.622279867463331526e-01 1.954224357090137976e-01 2.146677515915419443e-01 1.585159187304346629e-01 1.870427092395853808e-01 1.890955160797173629e-01 2.387740990056557155e-01 2.596949822484898585e-01 2.034648125432092780e-01
1.244308570632598615e-01 1.423707792898448177e-01 2.326463836601021240e-01 2.772069734758600967e-01 1.884774982167261859e-01 1.994764085886897298e-01 2.567047685497271803e-01 2.171265514911614181e-01 2.060770337876693392e-01 1.554827458769609816e-01
1.870166338897950031e-01 1.497305889937578793e-01 2.038895071353828137e-01 1.764548256160435313e-01 2.570087417185628054e-01 2.341698406590610737e-01 1.601045312017576328e-01 1.463448965427034398e-01 2.207451297224304054e-01 2.645353045205048326e-01
1.613505929707285680e-01 2.392646583486656708e-01 2.376068881086459417e-01 2.090130637743518871e-01 1.409587848076909178e-01 1.990744396041411735e-01 1.801101893487377925e-01 2.077453371209891375e-01 2.517038731132817952e-01 1.731721728027675322e-01
1.926660070510807787e-01 2.089376087910882474e-01 2.188692496548951816e-01 1.405094761969249983e-01 1.846705953827603164e-01 1.845204744894025084e-01 2.098106148515748726e-01 2.185357522043732958e-01 2.523829141275595878e-01 1.890973072503413788e-01
1.511177396544326479e-01 1.843217332168306521e-01 1.671584044836710581e-01 2.916135195603141717e-01 1.523321891432665443e-01 1.867296264533415129e-01 2.141958742605564736e-01 2.191550944987581406e-01 2.388877617850757029e-01 1.944880569437538176e-01
1.770374738469683851e-01 2.191303171001179328e-01 1.848173515036936609e-01 1.962377823854992709e-01 2.447152255657298325e-01 2.002977551339444329e-01 1.652547874318813781e-01 1.710370742736452010e-01 2.630533509326814512e-01 1.784188818258389542e-01
2.158597914254292705e-01 2.192582843867298126e-01 2.205817902054582891e-01 1.615520123853749213e-01 2.337676499060188096e-01 2.316305970306286321e-01 1.401772086156665709e-01 2.201459451903746145e-01 1.891737834534263363e-01 1.678529374008918829e-01
2.154933434516688728e-01 1.798395615807419912e-01 2.088616610637740179e-01 1.756297484308066426e-01 1.898379757078652585e-01 1.896659103822429526e-01 2.146906998903143626e-01 2.253007485726309378e-01 1.968401313732630331e-01 2.038402195466919586e-01
1.879582683905431928e-01 1.880528346501738057e-01 2.316314651978600980e-01 2.377930435138285170e-01 2.108964612498059332e-01 1.914815259584443097e-01 2.173003303448243773e-01 2.001464784837879152e-01 1.735398105390541512e-01 1.611997816716784215e-01
1.634332404980932407e-01 1.259061854051286011e-01 1.592167194842357136e-01 2.852166524854667373e-01 2.356281261301337027e-01 1.855293056660467788e-01 1.363474662545433591e-01 2.149637014889325681e-01 2.736823491519925766e-01 2.200762534354266386e-01
