2.518838721096396949e-01 7.125175056259964723e-01 1.801256156484423721e-01 7.314843601000074746e-02 6.851186954715615673e-02 8.241240646077077625e-02 3.940445578461759246e-01 4.325423145002817993e-01 3.100532936938588668e-01 4.947601285576740393e-01
2.214319937347603018e-02 8.257186558468801452e-02 6.864352290664301748e-01 2.278655655902854238e-01 1.665149534752580207e-01 7.190225491913357914e-01 1.057992653321197518e-01 2.638928864594866086e-01 5.096434317575410100e-01 2.161110541693812004e-01
4.577325584402258674e-01 1.127922864184910945e-01 1.332923829553809558e-01 3.516237502364408796e-01 4.168284018435978178e-01 2.174184942665114972e-01 5.040280822055678289e-01 2.395802910998747759e-01 3.367244324255572741e-01 2.299793201083522864e-01
1.580310029789553650e-01 3.300997980509003948e-01 3.394090002724110544e-01 2.500176035307652977e-01 1.324450857917422730e-01 1.472202220586598109e-01 2.206642167622414330e-01 2.635617245065186021e-01 4.715799437791108328e-01 6.869714022686975730e-01
5.318809168325264736e-01 4.342876093084856864e-02 2.285493605130988204e-01 4.862099702663148504e-01 2.117549747940299376e-01 2.257315879104676015e-01 1.783770058297766969e-01 2.059497877116997777e-01 4.746487469509749202e-01 4.134688882602673976e-01
1.366341891540489295e-01 4.721405363072437855e-01 2.585850029814700246e-01 3.662204215666667317e-01 1.993097190661738682e-01 1.823839707701888357e-01 4.032894127498691805e-01 1.332543439925949480e-01 4.148577785394979012e-01 4.333246248722461003e-01
3.631887834368650037e-01 3.019367889331407984e-01 3.351629858455442146e-01 7.600190038173223472e-01 3.562952888651454431e-01 2.715951817297462267e-01 2.340180795016872650e-01 2.059494254345594910e-01 3.502511696852546319e-02 1.368093454674630949e-01
5.179176875629576404e-01 3.325374321130109001e-01 3.283218494453365444e-01 2.583031351365274730e-01 1.910145771713697704e-01 2.705418620087978732e-01 5.263353742148790815e-01 1.243522928142574424e-01 1.161319512634647610e-01 3.345438382693933788e-01
4.134189502860169951e-01 1.253829582238200624e-01 2.292757016334270315e-01 5.273684784920740221e-01 1.444775744393439754e-01 9.923151115593917271e-02 4.639409502618400960e-02 9.010999602523899199e-01 9.428303722375944163e-02 4.190677332670399435e-01
6.528395329094538457e-01 2.462268928170459892e-01 6.035533496341961152e-02 6.982162326410333852e-01 1.922774525436548032e-01 7.683486643717750419e-02 1.742860951640650968e-01 4.961746340942158606e-01 3.166690612675424621e-01 8.611989716238817316e-02
3.209642092201504537e-01 3.366666222782429552e-01 3.046318369060505016e-01 1.642189325944131417e-01 5.238713389560624434e-02 5.747550833572624696e-02 3.395553785214640574e-01 5.666598313366240092e-01 2.049619057251425847e-01 6.524786411865770575e-01
5.418248387872393046e-01 3.343835750396556006e-01 4.792660442973541990e-01 3.972810943320303489e-01 1.410846626717762176e-01 1.351625100803035551e-01 2.478352241433035286e-01 4.872157075839796958e-01 1.072350638264351341e-01 1.287112792379206394e-01
6.973218839489836451e-01 2.473322673365411228e-01 1.453612425862140511e-01 4.072040369679932881e-01 1.952780721660103413e-01 2.085287365879373578e-01 4.684681184856760022e-02 3.106244477039286078e-01 5.199705683096884634e-01 2.215319325441315601e-01
3.024561169731322385e-01 1.976680867332467617e-01 3.506506947271572638e-01 4.208782324024671895e-01 7.913178383073624089e-02 1.079054230910820311e-01 2.154322299892488801e-01 6.169086201202420572e-01 1.009229342086026826e-01 6.080458779240889289e-01
2.907691662065027827e-01 2.378118880314823713e-01 6.777053739431704305e-01 9.603458571689776901e-02 3.582654373112879598e-01 4.182486230157327345e-01 1.856790406141864413e-01 8.210733896676712662e-02 1.654386531011107220e-01 4.879398930928640632e-01
3.488055780421534524e-01 4.348015519347413482e-01 1.774201966660319818e-01 1.613014854007389920e-01 4.233314182505517609e-01 3.350661719269422134e-01 1.916239813130247993e-01 4.181081045768059168e-01 3.578032220998802471e-01 1.517382897891357829e-01
2.867651997424531807e-01 2.522285136213441303e-01 3.995370662843730214e-01 3.877945062836404833e-01 2.562179019918200407e-01 1.466820113750607335e-01 5.690908361479641853e-01 3.204731100405004418e-01 1.930076232218271015e-01 1.882032312910129068e-01
2.436860095490747669e-01 4.113106478800974131e-01 1.865880132202890063e-01 1.892847690680213302e-01 2.003340576300184639e-01 4.318878973533694099e-01 2.411107169766751324e-01 2.709605235546395652e-01 3.385939781380538083e-01 4.862433866297614093e-01
3.722970082459643448e-01 5.451750701766169271e-01 8.390593827512790592e-02 1.069732264221858464e-01 6.466869055174963299e-02 6.522996076427298728e-01 2.259794323138728245e-01 7.014400101066840809e-02 4.526364100814952440e-01 4.259206152795816935e-01
3.022621898200976709e-01 2.536441095325144279e-01 2.808858857235295714e-01 5.018809464007985000e-01 3.192454636111504707e-01 5.793264094287236404e-02 9.898905783566840089e-02 3.086426952341893015e-01 4.996590235721232176e-01 3.768579873270597735e-01
8.772398124834085431e-02 1.797061681797120780e-01 6.782227283199805390e-01 5.214424041504172047e-01 2.800938677906805729e-01 1.082196428702110746e-01 6.667183476891447302e-01 2.786694654495885937e-01 9.915848427639267770e-02 1.000449100255317442e-01
5.617604380386166385e-01 3.537692733767198172e-01 1.791844323276687578e-01 4.184982756594839426e-01 2.191164722820825583e-01 1.875694335711178828e-01 9.947193648607588479e-02 6.280779193197365551e-01 2.674151014190293552e-01 8.513671751946536026e-02
6.028606192593193303e-01 1.813352665254653884e-01 4.486252553527952380e-01 4.133191491844140919e-01 8.052889362618773084e-02 5.090847188824349639e-02 1.325436279664870542e-01 6.365464423141039552e-01 2.130076500011704732e-01 2.403246238818164682e-01
8.666323583110616124e-02 9.764575258846408534e-02 7.272995692901276232e-01 2.754256306006633293e-01 2.650688491608426123e-01 2.392142573632196068e-01 3.864403958212928591e-01 4.034574509588002011e-01 3.144107727507964301e-01 2.043740856346879797e-01
7.433441295152101724e-02 3.448497340329332306e-01 2.746535698140423198e-01 3.802742481963038435e-01 9.563359190056869297e-02 5.239164476582015562e-01 2.807781640004639589e-01 8.969803060307503240e-02 4.495577459542617338e-01 4.863040548886315984e-01
1.869761036300457424e-01 4.032089016048855390e-01 1.044060004166134648e-01 3.106238872476156931e-01 4.283083841329752284e-01 3.875221858262657415e-01 1.959143158010083763e-01 6.784332032189039907e-01 1.750218023365153475e-01 1.295852157851707931e-01
5.138001404298249142e-01 3.680879697503522952e-01 3.778907245812034299e-01 9.243529771252320670e-02 1.948167374243902072e-01 3.233208072934791177e-01 3.922109550952761481e-01 9.664460702140491299e-02 1.121931631446509703e-01 5.285995975468992247e-01
1.777267609702095075e-01 1.605846451458098623e-01 2.872151619323048410e-01 1.624664423821298720e-01 1.704797929844987237e-01 5.939671513220434740e-01 3.726652896002872195e-01 2.464549703961822213e-01 3.373573787354047226e-01 4.910824065311316655e-01
2.974209377773737728e-01 3.377611545507869795e-01 4.940831049488120796e-01 1.475882481805829149e-01 1.939792579645388537e-01 4.005386029739919085e-01 1.180892878767320492e-01 2.503533022896665128e-01 4.262641920855900213e-01 3.339219113519256155e-01
4.558617940253751888e-01 2.137831187014608281e-01 3.920625383444380496e-01 2.199309293664626075e-01 2.050563093839538331e-01 8.101289027237970619e-02 1.918175133437219904e-01 2.995835887984513723e-01 7.050392058885699420e-01 2.358521118751840673e-01
1.521254797860999708e-01 3.335209241265049140e-01 3.323760949761712657e-01 2.542534558786340160e-01 3.146586438932838514e-01 2.331665472970155806e-01 4.580070628570704905e-01 3.343373540571593638e-01 4.269859735477484763e-01 1.605684635803144578e-01
7.300702407446330033e-02 6.888350668062151461e-02 4.255156592729029130e-01 3.486355737527935261e-01 1.649641448495633711e-01 2.950356809103261702e-01 5.398259131030576086e-01 2.085446316935779809e-01 3.344001732118896397e-01 5.411876924508067788e-01
2.949143858441182209e-01 3.378526116724621664e-01 5.598039365552587299e-01 3.348884952878112831e-01 1.260028189543479782e-01 1.240703777419831788e-01 2.216530843756982228e-01 3.567509196828314022e-01 2.793947674671841686e-01 3.646686024183084518e-01
2.760780853580043770e-01 4.695494290534278914e-01 1.585611986568630505e-01 4.015160478298029911e-01 1.253913274625580998e-01 6.811001235519791308e-01 3.246162275566092381e-01 2.788351718401223533e-01 1.519467334369309364e-01 1.324056552536990172e-01
3.897643880047844123e-01 1.819106601909826759e-01 1.952197363241018058e-01 3.615822507594420587e-01 1.896412947509781011e-01 5.756939738674248241e-01 3.580659032769991645e-01 1.771741140175655538e-01 3.094028227763018224e-01 2.615448560314229121e-01
3.412443016874235902e-01 2.271625454051769966e-01 3.627607633503276974e-01 4.477356381986956624e-01 3.811916198683152901e-01 9.724197709231928444e-02 2.093124977118455965e-01 1.562414026910810272e-01 4.895304304332622758e-01 2.875788235615526212e-01
1.124159041594156305e-01 1.195477064327717942e-01 1.784857796390788010e-01 7.632793504689864283e-01 4.482827583398771298e-02 1.679213517587397619e-01 6.296812441841670438e-01 2.726681188180223314e-01 4.836194500879017477e-01 2.275528186169249178e-01
4.866038114976861673e-01 1.988446766295633716e-01 2.290650546111557828e-01 4.300620296850492519e-01 1.887352843694248272e-01 2.443713350508702198e-01 4.131952309918693889e-01 2.879869818877118792e-01 2.292474756959871351e-01 2.918881195806867224e-01
3.414886174362084525e-01 4.255786312450943187e-01 1.958617433578585532e-01 3.227208821425264773e-01 1.827495918360675098e-01 1.619987454496647494e-01 3.597635055217893729e-01 2.214848182980260205e-01 3.625003670210525941e-01 4.258530976917126454e-01
1.126643935877491842e-01 1.120357171526601969e-01 2.873609054050992873e-01 4.703900503680769618e-01 1.928827553272678130e-01 1.976778882740098386e-01 4.191104823319611317e-01 2.965193686249731342e-01 2.218194455071026416e-01 6.895389934210958138e-01
4.172735309145270133e-02 1.344842636148112225e-01 7.564176996979046219e-01 9.499518159530057071e-02 9.823041007081384501e-02 4.214543978403348934e-01 4.671379553802240681e-01 2.630211033827161149e-01 5.092534327703257535e-01 2.132782025561172634e-01
1.022052846612876154e-01 6.411659675947887216e-01 2.660766845565857297e-01 3.702744598975681728e-02 3.736403686910282074e-02 2.557689684682706854e-01 5.293945986679093885e-01 1.977053528585470676e-01 4.628595416202306856e-01 4.704321187135233617e-01
1.187878705119686934e-01 1.337457897253563344e-01 1.778940834897655143e-01 5.088872382241065306e-01 2.988768167227873196e-01 3.428211205619042801e-01 4.800093422629930773e-01 1.736675039192113190e-01 2.524379323051181290e-01 5.128723022767879280e-01
1.294987934815985953e-01 2.565007781103052498e-01 5.088783447311502339e-01 2.976448438963704701e-01 2.106307989855548679e-01 3.018302193769870634e-01 3.428690861081309382e-01 1.162717923247523488e-01 1.810548021493531556e-01 6.548205408357976598e-01
6.272112141178695088e-01 4.203493548719690331e-02 9.035850106605834708e-02 7.615001659247265797e-01 9.412029078932082626e-02 3.582003709846719453e-01 3.929830605127188070e-01 3.154433311636193338e-01 1.819204561630939909e-01 1.362276737907342494e-01
7.478018621802959287e-02 1.362869454890124898e-01 3.167025633354363379e-01 3.299993703089226793e-01 3.800607081841713142e-01 5.676934167147369426e-01 9.666869824871562877e-02 3.348888128604776138e-01 6.500876294630322239e-01 1.128316691774650937e-01
4.413424495507533019e-01 1.560871250281597455e-01 1.719546421429171135e-01 6.150146361706166909e-01 2.200019064211977127e-01 1.784201120875986701e-01 5.746811825632764936e-01 1.741171878364294878e-01 1.847267550092528410e-01 2.836540031898005521e-01
1.377829313370392550e-01 1.754153826902692392e-01 4.452696505944805372e-01 4.439287468305865847e-01 1.566142576187189439e-01 3.424115934489356250e-01 3.318560229480372326e-01 3.804592245263681560e-01 2.295836435230082517e-01 3.566785464825578122e-01
4.848782182666765972e-01 2.492748206836463698e-01 1.348002890224452299e-01 7.914327283979738503e-02 6.660112365360937314e-01 1.812476483964587937e-01 4.668602661279936950e-01 3.514503700150556909e-01 1.552312087476599711e-01 2.311026693641707874e-01
1.002802253589924614e-01 2.467073298094815403e-01 4.045961354730225334e-01 2.585966597062486771e-01 8.145340418336706190e-01 4.085439680013311370e-01 2.505417206842774913e-01 1.719722347612614999e-01 1.868837322988204930e-01 1.573439520728948660e-01
1.608786232813174122e-01 6.178669889797063636e-02 7.670071068882714505e-01 1.827633509463748029e-01 5.180102360763014779e-01 1.830254043332884828e-01 8.594287995050593765e-02 2.349610678052256874e-01 4.145962334427203411e-01 3.910283983780288852e-01
3.111186086936326145e-01 6.663210696964303459e-01 1.039157707569314526e-01 2.464970333757003362e-01 1.336605760236487805e-01 4.248682071960186435e-01 1.887890160736138412e-01 2.255854735961208557e-01 2.931561907185665228e-01 4.060880538693367181e-01
7.346516807216268985e-02 2.629307316098943303e-01 2.267893237814392615e-01 1.974144975581237360e-01 2.619773066250347116e-01 3.407112717965211646e-01 6.113956614265327882e-01 2.213700022242014454e-01 5.188448047705440658e-01 2.851012321355462231e-01
2.404764026263467025e-01 1.510626952178644733e-01 3.201043393009049831e-01 3.981874391867739060e-01 2.147945911362076910e-01 1.843242375303731917e-01 1.643837104581449826e-01 5.919597266384182266e-01 2.213644507102090486e-01 5.133424071947542133e-01
2.198830301527882058e-01 4.547582864870736707e-01 5.898746009685952307e-01 2.190535751767346828e-01 1.349585609881813197e-01 1.965706346669201798e-01 5.436870707579944950e-01 2.382001771093838483e-01 1.277379214318967449e-01 2.752761422604325103e-01
2.981392610491784279e-01 2.987707061452267721e-01 1.887193530072033276e-01 7.569305444261278937e-02 7.694480225413435903e-02 3.093068910420571083e-01 6.465951311301634252e-01 1.524980729105083754e-01 6.223615972082426895e-01 3.309711308106761396e-01
6.804224853031033415e-01 1.344418606524645510e-01 4.768482995179949002e-01 3.953275426242807145e-01 1.005879330932744342e-01 8.471598775826982841e-02 4.593959982214927962e-01 4.671973527896458034e-01 8.447917775223896808e-02 1.165833622872324282e-01
1.603827717901008532e-01 1.898258150551398182e-01 4.618679975443747976e-01 1.068287352271522356e-01 5.120742704558581826e-01 1.406297418478888728e-01 3.472969975940335408e-01 3.962825325623388073e-01 2.769568813414439168e-01 4.078542565816691279e-01
3.930842723450950205e-01 1.421590486324204039e-01 1.406683451183196598e-01 2.749635096276514812e-01 4.161412181831073975e-01 2.111298704063654386e-01 9.330093364308152115e-02 7.606878662714391393e-01 1.936336119399180711e-01 3.742313238326010483e-01
1.077898975744771004e-01 7.790005698529141043e-01 1.564050578287858595e-01 1.842912989817717950e-01 5.721188390540841162e-01 1.960794221905538537e-01 2.016126126097904647e-01 1.820474842428077833e-01 1.977162685918993634e-01 4.229385490729158925e-01
4.850885646847804544e-01 2.397559855946462259e-01 3.863715620146866009e-02 1.664650994437384401e-01 6.362916128113380587e-01 1.370067023742861101e-01 2.929310272381053792e-01 4.409373097833430011e-01 3.099279829390171881e-01 2.529585589292811521e-01
1.929949281272416717e-01 6.589465283208177926e-01 2.059064934057512342e-01 1.308898153323063696e-01 3.553114571651003750e-01 1.459245096512252204e-01 2.712947426549165431e-01 5.078883319948734876e-01 1.393438571025478745e-01 3.914993362452242609e-01
3.364578426825588497e-01 2.297075989395502005e-01 2.569029418576938006e-01 2.008200300800465354e-01 8.372946394489368116e-02 2.439487327358655921e-01 5.457013791120113311e-01 2.977919373232436051e-01 3.491608744574421497e-01 4.557791988666970440e-01
5.330356696528950611e-01 3.751334751075079965e-01 1.576804432783034948e-01 7.385856634293673784e-01 6.117123744454678880e-01 2.442164098562637498e-01 7.222390338222692274e-02 6.394011283691508618e-02 7.282821000425354629e-02 1.306437380067983212e-01
7.471444455847883748e-02 2.437023650097982497e-01 2.761829314341971986e-01 4.518256453440787634e-01 3.837959629094107594e-01 2.878594553343785667e-01 3.018685009328949675e-01 3.141026667847451881e-01 5.717393195489197666e-01 9.420870814309920127e-02
4.235597735399651009e-01 1.195144154289974336e-01 3.043643564538977553e-01 5.570527740589372584e-02 1.093122365061206386e-01 8.061483443637527113e-01 3.186258279283896155e-01 5.366593413910785149e-01 1.258048208371349008e-01 2.003056061447652803e-01
1.848357039656989276e-01 2.767888585483178066e-01 4.060060742493126762e-01 1.830724775386502468e-01 4.957455801624279790e-01 3.706984001691355779e-01 7.302057990505202156e-02 2.618673976893844402e-01 6.254351515234618519e-01 1.225297762485630243e-01
1.526158959392740488e-01 5.938577990658102657e-01 2.256798232595576548e-01 1.935946277571746754e-01 7.068838133013564118e-01 1.639752180027539974e-01 6.811977110439898508e-01 1.875232410569636632e-01 6.038275388486488704e-02 3.428911668825715409e-02
2.965214549719865644e-01 1.848659658790315907e-01 3.272767237622579706e-01 3.168738401260309256e-01 3.211574750442615089e-01 3.067021072976973128e-01 1.927790186997867250e-01 2.804474579096645770e-01 3.753100571154984744e-01 3.980658991937824909e-01
7.011100269965732101e-01 2.155428526441779680e-01 1.000074718149596836e-01 8.055409828412558593e-01 1.305725037272204014e-01 3.380660130243723360e-01 4.771992037551654464e-01 1.499553864853837570e-01 1.008914521547393285e-02 7.191641349541635919e-02
1.845930585974299154e-01 1.197369354413168469e-01 8.003544057920344290e-01 1.110087909373414922e-01 8.377224253398593556e-02 7.371593504730814539e-01 1.404542848540095701e-01 3.389453797400519136e-02 7.741615104180549212e-02 7.116102423549873768e-01
7.545764336670104933e-02 1.160842833562475834e-01 2.217467270859831141e-01 3.950687745891977576e-01 2.524211071445367494e-01 6.488087918031992807e-02 2.417349657275223440e-01 6.425645367362506910e-01 2.715927384236779818e-01 7.184483443895650634e-01
1.582831400160056023e-01 1.326779837195188050e-01 5.291426325511605633e-01 3.678962015776581218e-01 1.739609151302078938e-01 1.350718855982129263e-01 1.769901720875659001e-01 5.280315075540404912e-01 5.429004736494319472e-01 2.550450881161959726e-01
1.941945847804701364e-01 6.122378111346253871e-01 3.802026578819120983e-01 5.119635171580626531e-01 2.824523101823122606e-01 3.920416211033352361e-01 2.409109103416630648e-01 1.561584592077260858e-01 8.453365427776131369e-02 1.453044739321289192e-01
2.127647766740553004e-01 2.031551919384098626e-01 3.969501605174345915e-01 2.700353376043809206e-01 2.007830987158903679e-01 6.566568517797519711e-01 1.058567689385222221e-01 1.044664984666767160e-01 6.447476658703079622e-01 2.045836494945686701e-01
3.515082675919073418e-01 3.413741016016802465e-01 2.769838620045459443e-01 6.319234800276338770e-01 1.126163413486959142e-01 4.717326228126753063e-02 1.876523401237582267e-01 4.101472014671990740e-01 4.074561584779157197e-01 2.331649850753997610e-01
1.763373470453912240e-01 5.057691049312358356e-01 2.056301473974973815e-01 4.714696849455756733e-01 2.898674761281783141e-01 3.510902594368316976e-01 6.173746205504617723e-01 2.708583047769434482e-01 4.332351061192515895e-02 6.827954417596167336e-02
1.444129775919536507e-01 1.496272559691403659e-01 2.555756807037978806e-01 5.920113269000353284e-01 1.647047775322825758e-01 6.816334522332607726e-01 1.601192944562902509e-01 4.420552954583761851e-02 1.733248029157708481e-01 6.343849021516275721e-01
1.697494508668874191e-01 4.375735806670625339e-01 1.166525030858002743e-01 1.517169632778833099e-01 2.871105064206451729e-01 3.267545260069422697e-01 3.566771398604249299e-01 2.604454304106825768e-01 3.157398972634538059e-01 5.775800021402189843e-01
7.761902984395264715e-01 6.778848604958936930e-02 1.941624788484861558e-02 3.648031948754419662e-02 1.056791213824256614e-01 7.541919111130831466e-01 3.191351272358021740e-01 2.157715112324162243e-01 4.537873053743958218e-01 2.515596718003659804e-01
6.265398167627486692e-02 2.082407239489598716e-01 3.893104364858021582e-01 2.690942652849620531e-01 3.763634157796344470e-01 3.989722615377425674e-01 3.503406711269972940e-01 4.709060966933228398e-01 3.731131907695894867e-01 1.010049566967100715e-01
3.951444431931730450e-01 1.917019967662837721e-01 6.060807667152226519e-02 1.263397292874938738e-01 7.558304987248534168e-01 3.551422324815732834e-01 2.051135160651766931e-01 1.710520813959208741e-01 6.493596322911612262e-01 8.970779312284263285e-02
4.314874865159988859e-01 1.359238216292834034e-01 2.367050962577153528e-01 2.418366555282896457e-01 3.228781790762790815e-01 4.098860026956048230e-01 3.814105761520870663e-01 1.881098550019925375e-01 3.975139284841602283e-01 2.542483986585845623e-01
4.502617448697288083e-01 1.657875946258897670e-01 3.703004718859495004e-01 6.405197333811547822e-02 1.545184092197237624e-01 7.117856843820389301e-01 2.469401030520531615e-01 2.761272200944637212e-01 2.351444311455427039e-01 3.250823673864939312e-01
1.318225149029349508e-01 1.796058977204334495e-01 1.609223906751978128e-01 3.507787952708746326e-01 3.728553083168567039e-01 3.268809763242253030e-01 3.975787205537058555e-01 3.292144483460691107e-01 2.638136441164116719e-01 4.865273037732897876e-01
1.936651401284057439e-01 8.536715932932420481e-02 1.005586891196190852e-01 3.103564837618530414e-01 6.783963967763243508e-01 2.308242549690643908e-01 2.828120658195192871e-01 2.369135281685685324e-01 4.646061591953432046e-01 4.165001227319784505e-01
1.388372355225365729e-01 4.970445051460623542e-01 3.980194183738101077e-01 3.432990058809916034e-01 3.392004662928024272e-01 2.228561623368871536e-01 1.239369047055097206e-01 3.245340974650881005e-01 4.070689460246004199e-01 2.052032582517140380e-01
3.720594057936117416e-01 4.732462242882808368e-01 2.200329998278197641e-01 6.059400335056804865e-01 2.495075071585738935e-01 1.966740112323007161e-01 3.711699912315564731e-01 2.678820510661547027e-01 1.772590567346437607e-01 6.622871916137709758e-02
1.173083145892942769e-01 4.844633077599767579e-01 2.806012050730961604e-01 2.227787056266764265e-01 8.619093187984123994e-02 2.975961514265950125e-01 5.382025356384269044e-01 1.466974554996819391e-01 4.920005764074596444e-01 3.341608160989552045e-01
2.625618416128381316e-01 1.498628253576775871e-01 2.867835975519074099e-01 3.886523678497165735e-01 1.425292132157548464e-01 2.416827084930216751e-01 2.616667972709753043e-01 4.400748306637261575e-01 5.208045373933276601e-01 3.053812805910534056e-01
5.108238487127762101e-02 6.089193128861420529e-02 3.348793699202370910e-01 5.937039194213458160e-01 1.945749706140963986e-01 3.273612719458556253e-01 5.537758419317404535e-01 3.397763897657129495e-01 3.869355062081104024e-01 1.570184140330109779e-01
1.835290253904966751e-01 1.510900220673994099e-01 4.498325590592767709e-01 1.972871829674053001e-01 5.065760154168015283e-01 4.293276899978734074e-01 1.247375938714396226e-01 7.893925893076764178e-02 3.225035573982765191e-01 5.561770949002595721e-01
1.288920643332998328e-01 4.500561931799840210e-01 4.068847400364056788e-01 2.901185908776742761e-01 1.249134744206025494e-01 3.752344252207803210e-01 2.057838837604190063e-01 2.781919002202263291e-01 5.599264858585820681e-01 1.799982420920273052e-01
2.305115177716643426e-01 3.467855482627401065e-01 3.921286952811692261e-01 8.677128090923735826e-02 2.255940297389609217e-01 2.651739980551142684e-01 3.550513451887155059e-01 3.145475009830943636e-01 5.603754557719392571e-01 2.230606280373663708e-01
1.027085080739596756e-01 1.259251496961446004e-01 1.222141852854747857e-01 7.680116032769976897e-01 1.055562496572152453e-01 2.655022417712741278e-01 4.116097871232965999e-01 3.343693744071950524e-01 4.647266877293083631e-01 2.993762129791306403e-01
1.917182928570404787e-01 4.812142304203673726e-01 2.430477862660207211e-01 2.136616184347453762e-01 5.237861236695955380e-01 2.654581874386041651e-01 9.923637862668488463e-02 1.567830751930816557e-01 6.579756691667040247e-01 1.671186379271535072e-01
2.931566489182949597e-01 3.753513896671557548e-01 3.498314280957309785e-01 1.170397791299530449e-01 4.588048998528031497e-01 4.312947822983204671e-01 8.846686177954896091e-02 4.515893059258733189e-01 2.912593723358027353e-01 1.432055319965138684e-01
3.844974517200456798e-01 2.035521314329899190e-01 3.490312251803817656e-01 2.169442465016893085e-01 2.573335369064648770e-01 2.348461995950077152e-01 3.571813776587504652e-01 4.077696097470267511e-01 2.637207272217771958e-01 3.251234940358601611e-01
2.726825664453048081e-01 2.572210662842916440e-01 4.109105353425805962e-01 4.516660785905364239e-01 3.423312046979372081e-01 2.520537060330507173e-01 3.956205661759933934e-01 2.962792513168058250e-01 1.728813265090801687e-01 1.483536986044196038e-01
1.553630317618855394e-01 6.651016273718839134e-02 1.254240550251539965e-01 6.579920567914068208e-01 3.547462218926860089e-01 2.642656250126311224e-01 1.284368536059562471e-01 3.470475322917305205e-01 5.681819416169097137e-01 3.320325192644512091e-01
