1.243369611588927975e-01 3.839824332797658890e-01 9.282473049744630056e-02 8.768438794086576282e-02 9.660309213180190424e-02 5.238842648775558081e-02 1.784613075381521752e-01 1.640545832222309042e-01 1.155104097698949617e-01 2.283896083207510586e-01 4.008773354228811064e-02 8.720140971038130295e-02
2.377612716275978311e-01 9.962715910972279321e-02 6.314313295485329824e-02 2.924747307803635121e-01 3.979619995482634731e-02 1.336746996651531072e-01 1.620672439658981945e-01 9.458938293511684470e-02 1.873877489673686503e-01 5.517344783823182469e-02 8.237883848444843560e-02 1.218948569904325374e-01
1.879323700408357667e-01 8.293872026136044073e-02 2.007236757146725892e-01 8.075320517652334606e-02 1.652106182260984490e-01 9.635410594738104406e-02 6.903857074468632005e-02 1.336384390059135729e-01 1.094101326077351333e-01 1.100678966874882453e-01 7.705837645734894825e-02 7.389558323369879722e-02
9.661426849837594089e-02 9.417572769654886100e-02 2.265298007032980898e-01 3.840583766509904629e-01 3.341891077955798095e-01 9.507986007969104064e-03 9.283778271100406876e-02 1.603173959890900058e-01 8.115908908790246679e-02 1.209583950465592528e-01 9.135373913576783078e-02 9.175089378862784362e-02
1.417683527670378918e-01 1.664726663946519691e-01 4.769776087585415880e-02 1.906577158662239035e-01 7.868193235823622844e-02 1.509973144412718737e-01 8.617380187007799008e-02 6.925014350002652030e-02 1.744976929031819834e-01 4.996715771186366339e-02 1.709029552278684139e-01 1.327280584744224279e-01
1.157696761957088816e-01 1.009988797276805683e-01 1.682183592316754406e-01 7.207098084000583826e-01 1.719313311552003731e-01 9.797499318863216178e-02 7.607391785488352987e-02 1.182390560218692932e-01 8.641271481681658817e-03 5.772459052805363477e-02 1.562509486797454550e-01 9.495463804446965805e-02
9.668007861462001029e-02 9.280120183552705015e-02 9.245644876968467374e-02 9.694097228445135161e-02 2.044710347807735806e-01 5.974564305899886241e-02 7.664818223149735821e-02 1.344413657688532104e-01 1.581637668889159798e-01 7.356405194664025760e-02 1.102696566505462772e-01 2.005325312707532948e-01
7.831937754016213282e-02 1.985778428496573489e-01 2.293192259583339693e-02 7.466862231177183729e-01 5.319170527486058453e-02 2.248411764582897987e-01 2.074259239567220747e-01 9.453290268868234925e-02 1.737110928014042738e-02 3.808999449550765637e-01 8.033016424896964602e-02 9.562097140051960265e-02
8.539751542794055128e-02 1.837427112005106111e-01 1.819954397156611503e-01 3.762011751407656063e-02 1.782324022427355659e-01 1.181862694605067404e-01 1.106959209771854330e-01 1.038696970434611205e-01 6.888152684064351161e-02 6.260801365616593117e-02 1.870100956673889925e-01 2.550433632161609454e-01
8.436218946941063945e-02 2.347929106213604844e-01 1.598989161421141836e-01 1.099433546783183113e-01 1.714435075600436176e-01 1.463264392872243025e-01 8.029840587531474061e-02 8.977541527740433291e-02 8.709079355608985440e-02 1.923108711481457678e-01 5.782205844608077211e-02 8.347222634108206196e-02
3.673369310550003153e-01 1.406935965140932721e-01 6.510400587286782614e-02 1.691485435517911806e-01 6.493746350603663009e-02 1.604574895688679337e-01 2.475515776636660198e-02 1.593509384188029621e-01 1.848257508049512554e-01 1.012367472316722805e-01 1.658584284830754152e-01 1.211796707274053059e-01
1.438526368811543776e-01 1.860196596932550128e-01 5.328496640250870303e-02 1.187340600434432514e-01 7.797668088875812920e-02 2.794816024636876950e-01 3.389880188499675567e-02 3.296073638790689153e-01 1.075008499943559404e-01 9.184579819732441308e-02 3.052051731591080008e-01 3.309782898227919129e-02
1.519605945476509845e-01 1.405491082891403565e-01 1.038778183185645326e-01 7.864384707913936456e-02 8.648370228633205092e-02 1.791392229558513849e-01 9.618905531920940444e-02 1.365977133839589297e-01 7.982109032031629858e-02 6.996082901043192137e-02 1.345717678567458220e-01 9.042787196970170083e-02
6.686139387355589936e-02 1.242743934128579808e-01 1.159096847141812686e-01 6.258774315461158866e-02 1.256820052007072142e-01 9.060229310757611509e-02 1.499415782536690223e-01 1.228905013358439907e-01 1.071952980686649709e-01 5.702470024411758487e-02 2.375956183821660017e-01 1.369749568365153936e-01
8.417093633579222911e-02 7.689085150378124900e-02 1.023329495520012566e-01 1.603211657237484378e-01 7.313348130673699710e-02 1.094721024278763888e-01 8.018734678076060163e-02 1.594079093269209768e-01 8.224509015793109168e-02 1.121656679870998430e-01 1.093772951821262579e-01 1.919844493326297585e-01
1.904342562138837958e-01 2.939838997667351128e-01 4.195773238400371530e-02 1.952648316230873315e-01 2.717825008572529247e-02 3.405779790108094951e-01 1.131212110455311476e-01 4.561227515713388303e-02 2.233455835357522901e-01 1.892720671725676429e-01 7.735337659196213356e-02 7.222461424274630171e-02
1.029211762928737284e-01 1.845996003550905984e-01 1.626625762139394249e-01 4.328993053825304360e-02 8.091782713606539279e-02 1.261387007823988327e-01 1.876886132474795965e-01 1.693137952566385329e-01 4.958025455281207805e-02 6.302101774573280746e-02 3.069481013007231418e-01 1.688023572483904056e-01
9.181515273528931265e-02 3.663954522343536302e-02 3.445349720702741148e-01 1.303588885205379799e-01 6.452397736980725051e-02 5.889095589254925156e-02 2.869952809994529286e-01 1.600390810956887344e-01 7.862392018573981234e-02 1.613945833230277516e-01 7.497934998454552913e-02 1.264344426756764672e-01
4.549549679024184751e-02 3.117929290844976276e-01 1.463515299858180463e-01 4.789199909198095517e-02 2.357329674900864591e-01 6.831618504993386409e-02 1.670123576553921851e-01 1.625456709311339232e-01 6.260494622233066242e-02 8.735591038347129134e-02 6.598143305221493282e-02 2.803014874144532098e-01
9.863676783549515936e-02 1.101846752226025017e-01 7.132300932747580313e-02 4.611708606626360035e-02 4.130633274401813715e-01 1.187557279407210065e-01 1.029153582799155614e-01 7.543030829361299650e-02 1.398032097552378838e-01 1.351741815173932160e-01 1.027305642724457430e-01 9.235055887848166167e-02
3.686223959028210595e-02 1.949527378595885263e-01 8.711105408010433315e-02 2.261653292422629857e-01 3.462377489873874614e-02 2.096292053641878317e-01 1.027749966887233773e-01 5.077050971865087331e-02 2.328376780536937085e-01 2.392712648971836997e-01 7.211648781985709189e-02 2.222953623418066904e-01
4.198839228854395894e-02 1.919186465144227527e-01 1.555592304580407648e-01 1.664432280343362269e-01 7.457750306077756686e-02 3.019205441176662230e-01 8.178665509138470513e-02 7.429891127071221180e-02 2.557551307570903876e-01 1.143126453723082719e-01 1.662762875019735687e-01 4.925738957348112235e-02
9.738203386537583328e-02 1.108934850084004192e-01 1.664941487734076520e-01 6.618662134909757133e-02 7.169666358755326374e-02 2.804240504945332280e-01 8.269313566424114914e-02 7.813859784423274335e-02 1.250896491939890443e-01 7.644550484887925601e-02 7.555724784654066495e-02 2.711719997911013480e-01
1.168501947576034566e-01 7.481399785910104738e-02 9.158081662282294144e-02 1.191905557953244627e-01 1.281733292938541380e-01 1.200944263484714086e-01 2.084358239338168495e-01 7.155279985779612606e-02 8.520693787856027657e-02 1.814439328044248623e-01 5.299335136622375375e-02 1.493405914008437418e-01
2.171588342860863996e-01 1.400899891934204167e-01 1.504541995014173072e-01 6.591696485617469514e-02 1.546162693628504448e-01 7.206592279867755912e-02 1.192405782774856732e-01 3.718065432524835651e-02 1.169417077674828470e-01 1.253968842127723693e-01 4.282087549347430300e-01 7.374789898725890580e-02
1.009177865208644026e-01 1.446971890399779970e-01 1.262425321873059669e-01 9.918278348025780233e-02 1.322353876041646170e-01 7.972873780966999169e-02 1.876873132317221360e-01 1.208593975651829355e-01 1.888189714405725528e-01 9.415809667306786201e-02 7.466409718398486772e-02 7.043590492191013908e-02
1.176532343852861179e-01 9.858761831221342364e-02 7.209828731763269494e-02 1.082428227364711920e-01 1.666752286803995231e-01 7.683965397257000451e-02 9.930727373129669133e-02 1.593067014575628437e-01 7.060671758945126497e-02 9.841152185640958394e-02 1.722332053248338823e-01 9.070525856538985687e-02
6.249270196299736013e-02 8.085161899081753922e-02 9.148851465180529718e-02 1.269591267362945586e-01 9.389242584471667319e-02 1.284689340272334723e-01 9.634971781917711642e-02 2.024312560353816182e-01 5.484234636934121748e-02 2.196878118067878694e-01 4.278205511668874139e-02 4.242789665640223085e-01
1.479378218615442775e-01 1.160338248664530142e-01 8.522619851204266128e-02 7.918256603349542455e-02 1.639239231281940934e-01 7.984252148060883014e-02 7.897506224264116970e-02 1.418877976202583269e-01 6.333275114647216042e-02 2.452200409110221191e-01 1.414784467297085513e-01 6.745533181256513355e-02
1.028705410443454815e-01 7.034807827899924870e-02 1.499027466143030840e-01 7.672837526191157720e-02 1.463868835225093645e-01 1.581298643739529886e-01 1.852492912975101103e-01 4.464381666728747117e-02 1.478704759633340804e-01 5.967220132485843292e-02 2.081897672256341203e-01 1.075928802433885750e-01
7.546622761073382146e-02 1.269926561356291284e-01 9.875728737302827409e-02 5.576925526680243106e-01 1.272827333263514341e-02 6.928847178169804388e-02 2.191213187880420021e-01 9.186938255157206523e-02 1.615304524079129445e-01 7.055068871474737269e-02 1.854694314352050566e-01 9.935471095521244966e-02
9.092145497163024725e-02 1.566569385337223397e-01 7.299782016982646338e-02 1.059432503029667239e-01 1.381615152107711353e-01 1.007018886019157983e-01 1.006409789945268834e-01 1.129696076954881390e-01 1.002733211611107761e-01 1.474721994118704804e-01 6.080238320794967982e-02 1.168475339107596656e-01
8.849723062104203342e-02 7.226334927487186588e-02 1.511833975119084572e-01 7.835061386826609742e-02 1.368612201476983592e-01 1.702634576089245289e-01 6.351745760124029305e-02 9.546761606728361438e-02 1.169731804592197416e-01 1.744056524567657029e-01 9.647606233623434724e-02 1.076254992569646435e-01
1.171453144345409175e-01 1.058979317772993783e-01 8.732602286456990492e-02 3.220894857314001714e-01 4.013514740006989684e-02 7.298466287003421704e-02 3.515844381938787455e-01 4.834744749736592795e-02 7.750457837582928888e-02 1.580605779552511914e-01 1.706439634997517218e-01 9.357956290445637593e-02
1.686845558810237955e-01 1.074704204388211015e-01 4.749565969337647686e-02 3.148166155348208761e-01 1.526339250406558434e-01 6.286639447120466462e-02 4.782437186212788738e-02 1.291257255539865756e-01 1.820721766271879427e-01 7.904255998654446946e-02 1.877969507856709075e-01 1.711294355883372087e-01
5.619577976020921628e-02 1.217041505552285824e-01 7.663616391715703802e-02 1.894734750305068494e-01 1.064327127811361545e-01 1.160075863910290245e-01 1.633901185964202196e-01 7.788338375244557854e-02 9.183317130062473854e-02 1.943571277993916269e-01 5.866775097012150858e-02 1.743429240077460363e-01
1.995822366711901275e-01 1.332091193006428587e-01 9.812491298181269528e-02 1.061470679540957446e-01 1.475473009454247308e-01 7.291020266633456426e-02 9.089047250619870788e-02 2.961313812054426342e-01 3.694299297548235272e-01 1.149949787210382407e-02 2.972626698766411835e-02 3.363035418272893318e-01
3.232015045893373711e-02 2.396505892511475999e-01 1.613102479049645377e-01 1.660415049791066910e-01 1.442669243185804584e-01 6.917813694855126649e-02 8.139218831571674861e-02 7.918229410279811753e-02 1.167405373712831901e-01 1.130744728450331360e-01 1.385610681361657548e-01 2.403598475968529713e-01
3.294838046011863697e-02 2.025996668923557009e-01 3.043706318554614265e-01 4.785781191717619620e-02 1.829017955020576791e-01 7.961766436238285061e-02 8.055242969657956664e-02 2.404872073408913513e-01 1.086890261157416743e-01 7.789590270537001537e-02 2.350932910711998336e-01 8.115569617405406222e-02
1.041646416897064192e-01 1.256651895873839575e-01 6.336498639289304957e-02 9.181724956784974301e-02 1.667661163541605818e-01 1.811384511015688703e-01 5.870864094671180561e-02 1.271697113791331601e-01 9.949942172489815995e-02 1.460204526920451662e-01 7.166125346928818585e-02 1.266792424628262748e-01
1.874670562575306287e-01 1.063890713368722540e-01 1.170890350689258314e-01 2.561626811426864422e-02 3.646720785712198043e-01 6.509145494705491364e-02 2.198424040273753155e-01 1.319769928169313433e-01 8.577902973381412721e-02 1.340619522827904142e-01 6.493119029897487238e-02 1.049358561348901209e-01
1.402301873213185057e-01 8.662922572884680650e-02 6.076891572241333028e-01 1.745267778450377283e-01 8.254137628895906464e-02 7.060803372278809387e-02 9.196897164767253718e-02 7.213469069795792887e-02 1.569907753177067211e-01 1.602962492960515947e-02 4.757091962257243845e-01 6.913167532758182632e-02
2.030907944562491685e-01 8.743237845379742135e-02 6.142117608396092943e-02 1.439780111384016126e-01 1.704295428702671533e-01 1.827217280301605684e-01 1.045706510652212595e-01 3.542778321361526039e-01 3.278996683372918663e-02 1.626161947204832758e-01 4.178848108496276137e-02 1.478249425451540477e-01
7.408841087981538065e-02 1.118161511680099696e-01 1.013980829178898063e-01 1.870990487497846688e-01 4.231022125932565325e-02 1.556401487513407456e-01 9.445509428563834964e-02 8.655738944530078083e-02 1.168709332021763136e-01 1.379768703788168405e-01 2.724678267550605382e-01 1.012217678823931766e-01
1.873808733692353401e-01 1.321756972687224418e-01 8.573440831710139876e-02 7.399786177933198594e-02 1.203492656212065692e-01 1.323523776498678473e-01 8.653271527288933229e-02 1.079553893687701799e-01 5.477205031162099558e-02 2.312917160989585719e-01 6.618724338963645482e-02 1.554789940621086608e-01
6.362412222442007104e-02 1.836461980889611267e-01 2.371547375423220250e-01 8.238301860079211281e-02 8.076220808436003484e-02 8.291108805736724374e-02 1.933688946595357172e-01 1.016424388299176779e-01 6.475587039123445465e-02 1.143234224057822768e-01 1.223634205099555367e-01 1.099463399510818284e-01
8.640710061928674746e-02 5.683294419674150139e-02 6.745270981024004131e-02 1.571366361975186920e-01 3.283099625920257170e-01 4.914467363923836346e-02 2.482270526700597335e-01 9.905045334285519920e-02 2.568863743649922871e-01 4.102456711800472888e-02 2.170297903076858770e-01 1.514343846358864876e-01
1.041051357594038607e-01 8.048638315120720810e-02 2.933771217936189113e-01 2.970034583905383774e-01 8.065240500353895725e-02 6.300761761990247845e-02 1.052705964815706247e-01 8.689363826202331498e-02 2.520712720189736133e-01 3.384329752783511724e-02 3.089239898330227718e-01 6.207638304483752839e-02
1.232812832196462649e-01 1.479593140127405670e-01 9.580953738716076196e-02 1.545200512636411005e-01 1.271658225153113608e-01 6.855061102414485019e-02 8.943466272810672579e-02 1.035496684689145852e-01 1.265512079674645241e-01 9.517931993819452041e-02 3.027781381666982963e-02 3.824394548758064949e-01
6.488635112309532049e-02 1.240176700556797629e-01 3.911771463025692785e-02 4.511538932319555939e-01 8.339160659062579140e-02 9.583032507786486132e-02 2.164366212363245945e-01 7.648392919841803805e-02 1.185730771784480192e-01 9.172889133476219703e-02 6.981887154184157618e-02 1.893988215446231194e-01
1.660315678217930968e-01 1.526860062635865822e-01 2.752132290133038270e-02 7.572374013448225638e-02 2.428984075503766160e-01 4.959288236757928431e-02 1.516603185397031872e-01 1.446120355711116579e-01 1.243226721635706383e-01 1.115185624971821859e-01 8.923555049622997060e-02 3.824288454732910347e-01
1.202818918343928206e-01 6.737204863856471881e-02 1.707601840340180477e-01 6.574942361123113643e-02 1.169771032679746831e-01 2.143492279807902579e-01 4.740656073847037549e-02 1.750462863592247009e-01 1.324792140930973194e-01 8.780502081177139762e-02 1.022012988208701872e-01 9.913789296010992735e-02
4.930029851975382266e-02 1.292601024283918376e-01 1.935397130734590465e-01 1.032329775580215492e-01 1.083271696126302253e-01 1.403001197434841640e-01 1.269037981063794451e-01 1.145625617156100923e-01 3.639074999548255751e-02 3.084898104944657216e-01 2.136145671725031558e-01 6.651716761360622343e-02
4.580921844974789048e-02 8.002310197403271486e-02 8.424501734824123289e-02 8.215923468759021853e-02 8.463203620829533314e-02 1.633182536885728064e-01 1.252873903699220359e-01 2.457379476046693545e-01 1.969401757097054007e-01 1.359580423967488572e-01 1.651054091105213506e-01 2.240310131282263750e-01
2.733528009005192771e-01 4.435800446758566412e-02 2.285299742353665842e-01 3.825256609379917155e-02 2.092364173032812413e-01 4.083997787264809914e-02 7.034561994042014266e-02 5.337009905653552488e-01 1.343563853202295044e-01 2.025830484429930189e-01 5.621282161775473935e-02 1.036339463647654169e-01
8.615960789696563982e-02 8.476070252457758303e-02 1.389825065441943619e-01 7.015473417702779158e-02 1.750851465591700684e-01 1.531308161778886234e-01 4.453274330959101218e-02 1.355772114318735122e-01 2.611314516797664798e-01 5.886010391087721783e-02 7.745715957447546485e-02 2.178396826747110993e-01
1.417475539055488565e-01 9.420763675435939177e-02 3.733229346008757332e-01 6.865447857048836977e-02 3.723078399351093526e-01 9.450821320465402353e-02 1.189465456085816442e-01 6.756860505316381049e-02 1.142644594528252483e-01 5.753240510567607380e-02 1.114982496130432904e-01 8.586501892571569983e-02
9.655579075673459410e-02 1.104896207584208229e-01 6.924114209678204623e-02 1.018393668202916824e-01 1.170849993278597068e-01 1.057468264815995818e-01 2.424530467140719736e-01 1.004885060588839446e-01 4.485488114091758932e-02 3.929920662015170540e-01 5.505885721754467943e-02 1.483321649678078502e-01
1.541770205011337436e-01 7.849917897985780879e-02 6.358950231932982734e-03 3.885665071150404964e-02 1.551664335754777135e-01 1.214633468656305393e-01 7.528659782644694376e-01 1.475938333762933929e-01 5.465955704470621540e-02 4.007821007800396740e-01 8.265775501983127493e-02 8.539914186108761573e-02
3.764617631232752143e-02 4.350768879520587329e-01 2.405657145759393725e-02 1.031088516213335415e-01 8.847794729541132164e-02 1.300875822466918685e-01 1.176513986938749895e-01 4.999466426595326751e-02 1.374608145323750197e-01 2.748800399571039721e-01 1.057449494442908172e-01 3.853620506016037783e-01
7.555037937329357745e-02 6.071196350247844847e-02 2.182595474411243297e-01 1.391886816367208790e-01 8.927462008593650689e-02 7.619763598834462803e-02 6.867665272203077320e-02 2.217910789730048737e-01 2.147023938911842011e-01 8.926795936158817002e-02 5.889077587546667769e-02 2.356059227418727253e-01
1.485312526906186759e-01 1.697519489985810093e-01 9.380105089055323919e-02 1.436280585846293756e-01 9.125193238428648546e-02 1.053881170750169266e-01 6.719208283814322169e-02 1.114413049291257674e-01 1.250947032661041680e-01 7.408448109550835881e-02 1.347014463984911037e-01 9.304375453730755197e-02
8.986237893074869310e-02 2.780032310188120248e-01 4.773583494999932009e-02 5.117301153070540065e-02 2.833368286297088257e-01 7.227937027342515308e-02 1.431848496595350406e-01 1.353430258934005814e-01 1.190373913984308502e-01 3.186236238778135665e-01 6.976090918259846008e-02 6.762538218400494794e-02
7.351034020735738861e-02 1.176740237487009788e-01 1.392401783676829319e-01 8.384264698883062139e-02 6.388194672540617458e-02 1.738320142068765783e-01 6.156888306193315091e-02 1.748557580937531719e-01 7.656473757780600520e-02 1.334525979428917986e-01 2.265924572412477134e-01 1.071902392116127478e-01
6.306604933338290364e-02 1.348818018316786660e-01 7.151405669638906393e-02 1.222469836037751584e-01 9.239548962057664294e-02 2.656645368933607254e-01 5.616214194205900595e-02 2.830596626492419832e-01 7.756975035547243602e-02 5.903858003697774054e-02 1.021580186787446332e-01 2.719805830717707540e-01
6.090563353378501688e-02 1.962332286533823578e-01 5.014280914432587416e-02 9.503565644433276116e-02 1.190318508064967251e-01 1.121582359783111493e-01 1.228804303975997020e-01 9.549026897362650201e-02 1.077837431519269029e-01 2.102731158765664965e-01 4.976052459956584184e-01 3.602005345401627923e-02
5.893939392143675987e-02 1.127405604011647161e-01 7.180566543828345583e-02 5.408618088004165658e-01 1.903485392112125307e-01 7.194924361755698772e-02 1.676145342305814800e-01 1.455027336264115012e-01 4.575706653393780271e-02 1.008184261004818755e-01 1.279501072411779738e-01 1.057707976787676807e-01
1.326816172322685394e-01 1.168959775904581389e-01 1.201469583178719769e-01 1.569191717717447476e-01 1.420268319169638027e-01 6.059936862288413384e-02 1.439537578795298534e-01 7.672416719929585349e-02 4.339441256396715796e-02 6.977635376720123239e-02 4.827226059552335857e-01 1.331028793582507141e-01
1.148651112892114939e-01 6.018932987005426449e-02 3.397509865979367882e-01 2.216231469770341828e-02 2.859302313327193312e-01 6.198892956980289748e-02 1.441985693489072629e-01 1.010626366498741657e-01 1.443354507806115794e-01 1.633913120416152498e-01 1.831802972163840137e-01 8.785696535918292860e-02
1.683412712900358987e-01 8.748477678323902940e-02 2.011928482548084873e-01 5.380176482033835472e-02 2.019257071328021680e-01 3.185780646577095199e-02 9.659939167239905977e-02 3.719038180668993721e-01 1.093175072708754830e-01 1.083023719870480212e-01 8.520004864381500176e-02 1.137142309214319441e-01
7.635019936433259935e-02 1.402118237554938474e-01 7.851328049144903898e-02 1.428832934257079079e-01 1.317485946568050792e-01 1.205609886062962710e-01 1.305896719357634017e-01 1.297656374929169465e-01 9.553071775934204868e-02 2.089272507847378391e-01 9.291836606728003101e-02 6.631078756542542474e-02
4.458414353131953667e-02 1.188369797375881665e-01 2.896581526252519634e-01 7.223904313033090163e-02 9.214175552723923024e-02 7.031492410427428452e-02 1.508193811263138506e-01 1.142167773177119178e-01 6.454087566411145782e-02 2.024003963977427656e-01 1.542143005138565393e-01 1.606415214406351766e-01
1.331791656827733261e-01 1.094923755185670672e-01 6.940471445986154397e-02 1.340412700879356211e-01 1.338832823791669402e-01 9.350734173290636830e-02 9.982660447174832030e-02 1.322543996441856717e-01 6.807118009338976317e-02 1.943057232202973772e-01 8.573410590001671883e-02 7.456334438090460315e-02
1.279199894132375670e-01 8.785945243991132025e-02 1.207403822924036779e-01 3.705893250221085899e-02 9.107691459556196967e-02 3.088103778150532164e-01 1.258832447753642780e-01 1.720680803547808557e-01 6.543366466817500393e-02 1.560947269514236513e-01 2.721207894209518030e-01 7.860996482493667892e-02
1.649638672945385742e-01 1.190797450237672250e-01 1.127671408582086726e-01 6.736664757925202307e-02 1.072539478714711197e-01 1.477128934746591293e-01 5.858022685067540425e-02 1.196969000631998847e-01 8.585729051125688682e-02 1.566354181688250913e-01 1.847622421203651000e-01 8.071661512636015001e-02
6.550709700950368974e-02 6.462291189532570757e-02 2.012439679169743256e-01 3.068859029869223654e-01 8.881967599253705326e-02 1.206362991783862526e-01 2.227409004930740177e-01 1.162051011716737359e-01 1.356427525787080035e-01 7.716235572451987657e-02 1.238904730991569197e-01 7.634025660277930780e-02
1.322885875470770911e-01 5.717649248512565036e-02 2.110726596593709425e-01 1.687252554409061911e-01 7.345921938794443273e-02 5.638287898427715716e-02 1.567242720807561773e-01 2.397176671148107674e-01 4.608052843123289916e-02 1.469253999853704085e-01 1.160185422614978951e-01 9.230885934524760139e-02
5.356501178196185209e-02 1.776966762837645930e-01 8.330731677305247551e-02 1.234089599178854607e-01 2.145180344049737176e-01 7.668898767858650656e-02 1.118201262857386330e-01 1.178279484775310998e-01 2.003833565672343553e-01 4.526709313002118262e-02 1.378061576940148858e-01 1.135311202659551877e-01
9.013418351429267061e-02 9.469463622857536567e-02 1.796040723089184499e-01 7.627071436844450047e-02 6.761980507824937037e-02 1.451998906506492826e-01 5.536260913397207661e-02 4.193429063657615474e-01 4.551670305598758820e-02 1.331691014868674194e-01 1.293627198855090699e-01 1.386662704095609489e-01
1.773373412110974823e-01 1.086656483873232881e-01 7.469789425606185307e-02 1.476858836980799450e-01 8.273323945751298591e-02 8.859068584700997839e-02 1.763737650371586529e-01 1.061644857837378969e-01 7.779510746497082796e-02 6.638019105391046448e-02 2.537229576922145347e-01 5.985515740348477248e-02
1.498751695883544510e-01 1.211448786330431709e-01 1.551084809733774827e-01 5.481570808350591517e-02 1.898164547106683253e-01 2.201261454308660881e-01 3.661620459001801303e-02 1.869981751226515165e-01 1.042696740521635579e-01 7.658102019244363012e-02 1.349743822915804303e-01 6.292722157309643682e-02
1.211394087115320456e-01 7.395734719348781572e-02 1.070771767926424894e-01 8.805816307563460454e-02 1.195655115059338636e-01 1.327371052521580941e-01 9.206527515715839938e-02 1.126280070278253137e-01 9.193030335509194684e-02 7.755180284885354602e-02 1.363671332195342534e-01 1.344074854152553788e-01
1.243908310459218430e-01 8.804840432597742239e-02 1.362122252665441402e-01 1.086985237781600278e-01 9.506286621253155766e-02 7.885630928351741731e-02 1.129822129464884833e-01 6.634578375695741881e-02 7.128076617127797332e-02 3.571094265591085448e-01 1.496227826177526088e-01 9.975422381244213044e-02
5.220116062819345898e-02 1.648283822331848281e-01 2.232120090930632961e-01 1.089734778940116833e-01 8.886830335426955385e-02 1.367491191889115831e-01 7.038028744086827215e-02 1.343998238292885561e-01 8.789887125778481081e-02 1.798190796637420819e-01 1.618593100469428447e-01 5.973458179811322322e-02
6.686847619655253427e-02 1.616323043790856839e-01 2.847277505718150414e-01 4.536164890176008074e-02 1.560063289801542630e-01 7.510343796873704403e-02 1.746743040543767833e-01 5.932441469812940044e-02 7.927306841226312850e-02 1.621451217837020786e-01 9.167149388670425836e-02 1.390397368761879804e-01
1.260316991407380294e-01 1.131946997710955860e-01 9.894745864938289670e-02 1.295771878885874362e-01 2.716882196926408838e-02 2.226499282381295963e-01 1.320745095136096614e-01 3.150959697657820802e-01 1.299237278941308971e-01 7.060629005683535797e-02 1.591416961760334370e-01 6.764661000808148972e-02
6.322020421628765652e-02 1.012463736546995591e-01 1.050415377795922006e-01 1.155910681042501414e-01 6.183937639991867602e-02 1.282867587508267349e-01 7.761679981784440352e-02 1.094353317387653651e-01 1.062513620463938907e-01 2.125072346678842372e-01 2.137302812990629075e-01 2.132669043069860271e-01
2.814608777239726092e-02 1.410860162690716624e-01 1.083406701137681755e-01 7.443783220701029324e-02 1.471310654423742259e-01 2.679768600398467759e-01 8.449208681188170866e-02 4.602552460879145296e-02 1.407991502993365673e-01 2.154258709256875459e-01 7.120529214674070628e-02 3.851293156615150370e-01
7.518745872908928762e-02 1.808190353066223555e-01 1.319032490964025250e-01 5.095351689983497467e-02 1.383834927932444392e-01 1.213910663039548393e-01 1.033407948166975704e-01 4.998000859100179549e-02 2.153768904150707153e-01 7.838758321765341985e-02 1.215939704625124546e-01 2.082771301011286380e-01
1.300546136998432245e-01 1.780557281675453352e-01 1.525381756753784734e-01 1.567235581394242072e-01 4.942543734590428700e-02 1.818008627642721531e-01 7.999791606126466226e-02 7.605303685620563858e-02 1.058242002742849908e-01 1.150390296662339579e-01 1.486211800337464417e-01 6.488966932422478295e-02
6.601921517049126609e-02 1.152906396510770259e-01 2.237423377842124583e-01 8.199184477531278048e-02 8.073862197310691102e-02 1.127788038139677373e-01 1.267908121436780722e-01 8.126119997601650990e-02 1.110208984583172243e-01 1.459718428106531185e-01 9.662177220882874062e-02 1.041832704060403209e-01
1.247853036559297968e-01 6.537681531767547405e-02 1.870247243923716940e-01 2.026182825781599472e-01 1.484140166237078728e-01 2.395034580734724597e-02 2.900209415110050482e-01 6.997600765994921312e-02 8.469599775628638971e-02 3.244006080228053479e-01 6.525838025228185291e-02 1.213407291926222598e-01
6.324729866696722491e-02 2.403308014217432620e-01 7.147580352985996588e-02 1.402347098377089429e-01 1.052669259761330744e-01 5.337464653759892846e-02 1.272678292126781519e-01 1.357380154165396813e-01 3.419173309292348334e-02 4.474241652964883187e-01 5.720350082472885206e-02 3.165386873753310293e-01
3.674275605134490197e-02 2.460711265714945750e-01 3.385960934219753304e-01 4.781645510428458867e-02 1.718043274456068081e-01 7.561781912377141257e-02 1.101090396702137097e-01 1.475144830111704275e-01 8.830510806920367772e-02 8.752875727935099937e-02 2.168163918703003012e-01 6.374701379536089341e-02
1.067806424529078868e-01 9.496956359354390143e-02 1.534440593240557482e-01 8.529627144679748085e-02 1.004765329464915452e-01 8.736949982060535080e-02 9.988288170994102932e-02 9.280697308487094455e-02 1.950798582271975334e-01 4.538231831163270363e-02 1.468156102573952571e-01 1.948633967600302552e-01
3.027752190916938035e-01 1.416030616996251656e-01 6.760718910667691539e-02 8.816236375998706687e-02 2.407570245437461731e-01 1.570628030257117114e-01 6.356685060564837286e-02 7.122645226768514748e-02 1.591436437264740489e-01 1.638907239375429759e-01 5.179993343015072693e-02 6.518944542434448874e-02
1.160148840492335187e-01 5.454475623445160792e-01 1.497678654813670296e-01 5.336782029855739046e-02 1.482758082580600545e-01 6.444295294898962079e-02 1.004191028722987017e-01 9.527400608054634179e-02 1.105044557049697368e-01 9.135759120901146280e-02 7.880748367164197576e-02 1.153228995288723829e-01
1.921537384539060977e-01 2.020165639856866535e-01 4.967576179415667675e-02 1.892599303647620468e-01 1.994214420172262248e-01 4.147781599236829986e-02 5.529683547067385657e-02 3.161782700100472798e-01 1.702179562362484411e-01 1.581315528693062467e-01 1.230797318792070383e-01 3.668906110001795423e-02
1.033056975964944807e-01 1.081853705405469157e-01 1.053595454696575201e-01 1.247363952196800657e-01 6.675796278046874921e-02 2.297150239612353317e-01 6.549901176127366498e-02 8.553857372651170465e-02 1.230283936900569419e-01 3.529149851269728910e-01 8.951100729134475742e-02 6.353700767649775316e-02
1.159727954747586526e-01 8.913137237896384679e-02 2.086439544098845841e-02 9.867949341682233366e-02 2.262707869241404879e-01 7.323552653451446959e-02 2.984740139438333273e-01 1.567983367547677032e-01 2.822615554876007349e-01 1.504990354838959821e-01 1.761855895595124122e-01 9.167287159984452427e-02
