5.012601600869204255e-01 6.772977224030577448e-01 4.614492680350758547e-01 4.649631523194400762e-01 4.789883386049149649e-01 4.054684995343728615e-01 5.502671810929089524e-01 5.436354829012810530e-01 5.018823111253220004e-01 5.840710190677570468e-01 3.667310409500307844e-01 4.639858238789138500e-01
5.942210213816365716e-01 4.812336612769386734e-01 4.342527449261867067e-01 6.261468355408784658e-01 3.729958139536765360e-01 5.181590521963281848e-01 5.438449698859963988e-01 4.843020249614953254e-01 5.601742818220665221e-01 4.168118926537249247e-01 4.638231870377503840e-01 5.040345143633071512e-01
5.616682019078935717e-01 4.693749945237583598e-01 5.714527915130744873e-01 4.681427710842957501e-01 5.475096577155984523e-01 4.840021387147152021e-01 4.532175976982786847e-01 5.241638307255396256e-01 5.037243834845908097e-01 5.020824313490708235e-01 4.642036564179848890e-01 4.504575448652285985e-01
4.858662384430313952e-01 4.760460734811257089e-01 5.826431827170563960e-01 6.731325148284695858e-01 6.434560824050568062e-01 1.644163189115214196e-01 4.868567797902411121e-01 5.412476538549795269e-01 4.695138631641221361e-01 5.123382482548939354e-01 4.824676924685782353e-01 4.820153516808939331e-01
5.284217602074348097e-01 5.447319399555344832e-01 4.048610716669358567e-01 5.649129096740490574e-01 4.656047672271348414e-01 5.373084644955776756e-01 4.742685586009269816e-01 4.498855256637592781e-01 5.535722563605258717e-01 4.089524566081332857e-01 5.468106546244571042e-01 5.206696349155978121e-01
5.087873677743490752e-01 4.892970609173286634e-01 5.506978812040673743e-01 8.563030100262394306e-01 5.509464409496811488e-01 4.828439140279192077e-01 4.502289211249895784e-01 4.990439560050320966e-01 1.486629984484406641e-01 4.369782277430975803e-01 5.390102391392241898e-01 4.871999826396389288e-01
4.835997503579554380e-01 4.845570724951557273e-01 4.844025512203552486e-01 4.892382290150033564e-01 5.737430335811491977e-01 4.295333536231225047e-01 4.598649618648286141e-01 5.207462227332452231e-01 5.434093599899821880e-01 4.589895124221484712e-01 5.000225047145316903e-01 5.718934479825179551e-01
4.397174121844370509e-01 5.588330434038117911e-01 2.590889876295099370e-01 8.702737027876557008e-01 4.101141778754423539e-01 5.812817888218618778e-01 5.727431464444030507e-01 4.749872228183852907e-01 2.452689502477791439e-01 6.733543922655117475e-01 4.450742498854980966e-01 4.692629256356813938e-01
4.637267176230037702e-01 5.573829887805987759e-01 5.507671317611996242e-01 3.663249166815649716e-01 5.536910385474490548e-01 5.071291802693945749e-01 5.004643914798325710e-01 4.898949735170617381e-01 4.410116788236641550e-01 4.157901338391245538e-01 5.508707038021314339e-01 6.029461448750217389e-01
4.510775915187990037e-01 5.878757693031091414e-01 5.396010377763519328e-01 4.958700221083490733e-01 5.498431900333374811e-01 5.267639513909083693e-01 4.596737537119584549e-01 4.764963780402992621e-01 4.720045864282189640e-01 5.640412908004628356e-01 4.169358822644020357e-01 4.598165466238822718e-01
6.659236543392380581e-01 5.132072866906103314e-01 4.273406229466380490e-01 5.443321168084073181e-01 4.259756289912804417e-01 5.336312632788714483e-01 2.837323333838764339e-01 5.289541139055491392e-01 5.544967065843672271e-01 4.829170451058218405e-01 5.411258346424114851e-01 4.983633933229971724e-01
5.264815802957342195e-01 5.577193510858520220e-01 4.106430199935017789e-01 5.044595670052004488e-01 4.502367172087899938e-01 6.178910973555600261e-01 3.439371212668029809e-01 6.466365149788788624e-01 4.914735529374012479e-01 4.753670514468520958e-01 6.323368803552911199e-01 3.428175460701086141e-01
5.378991425755490496e-01 5.297565642136796704e-01 4.945163879667739959e-01 4.681900624968160507e-01 4.748643247464552353e-01 5.582841510233631510e-01 4.885698031463128199e-01 5.253340367150846069e-01 4.665648501530116343e-01 4.523733944766996640e-01 5.231638311603680203e-01 4.804834513258640638e-01
4.465699882270238730e-01 5.164660987479965382e-01 5.074367235706511714e-01 4.412675221365806588e-01 5.158002861085676516e-01 4.803188715839171175e-01 5.368110401348661354e-01 5.148419740268355138e-01 4.992579534647147432e-01 4.245537562440283574e-01 5.946787332795054892e-01 5.219970524753196894e-01
4.671160795425478018e-01 4.651957319990931983e-01 4.946301766011875767e-01 5.457637039187708261e-01 4.598533867057859603e-01 5.041524420144730678e-01 4.693540383353670409e-01 5.450670080013195751e-01 4.743999548188365667e-01 5.056080001717726535e-01 5.028651723766491832e-01 5.659943055141416490e-01
5.611707075306781034e-01 6.245267471879067944e-01 3.661649933856274686e-01 5.628382008604092546e-01 3.065603906984833427e-01 6.514262683958873534e-01 4.954247507204715961e-01 3.850013152903695168e-01 5.815165518842753123e-01 5.615267997106020426e-01 4.564957680453990974e-01 4.473475062899286425e-01
4.857973830588673270e-01 5.572843878035531606e-01 5.321318686837068768e-01 3.715158775053828411e-01 4.549290031779680277e-01 5.060743514114531827e-01 5.607655305548947533e-01 5.427622801676701414e-01 3.999811709225276624e-01 4.108361574805395877e-01 6.318437027857075616e-01 5.460782864477476961e-01
4.813603192540624742e-01 3.530051630579115196e-01 6.555061228051477507e-01 5.143714500852946125e-01 4.356767475945253487e-01 4.093129305293498610e-01 6.216820475959345949e-01 5.428148029447210643e-01 4.635297963776846553e-01 5.453578726238815788e-01 4.610101354412738939e-01 5.163726116902118690e-01
3.820848378096932674e-01 6.360392513651438318e-01 5.266401611512003811e-01 3.965055927023062310e-01 5.924898688601214491e-01 4.442312484198484013e-01 5.468368876464972939e-01 5.399497266276382934e-01 4.259792002746671802e-01 4.686222363638663513e-01 4.226989048824155160e-01 6.179220838965420182e-01
4.924173541078584182e-01 4.990082550394641103e-01 4.496141049942997125e-01 3.631618026311613234e-01 6.931647701028492703e-01 5.095352165408713052e-01 4.934494267941546553e-01 4.639029601069825093e-01 5.289094496144397528e-01 5.264738482241981821e-01 4.954131337478974162e-01 4.849496780958115760e-01
3.604303873511154332e-01 5.646813777605219631e-01 4.692299694968380397e-01 5.845704330731955611e-01 3.547198908695050612e-01 5.739325763847409334e-01 4.888227191525319482e-01 3.995988486517582650e-01 5.874418091548688770e-01 5.930312071723370382e-01 4.422135279982581935e-01 5.813272529343289641e-01
3.621812295409213567e-01 5.542545454957599205e-01 5.334006268132138739e-01 5.425640205738101463e-01 4.484077359132694895e-01 6.310704545519083553e-01 4.554510876436181355e-01 4.473088663717003088e-01 6.031143188909154906e-01 4.960210803180792882e-01 5.376447148986887026e-01 3.885813189881223706e-01
4.861786245872475321e-01 5.023246138157466678e-01 5.470380285367006934e-01 4.418682999056684491e-01 4.461768618595339797e-01 6.201248421732484806e-01 4.607488314028688192e-01 4.631073623757043789e-01 5.138820655828184591e-01 4.601603470249626682e-01 4.442638835654658114e-01 6.141262391700297307e-01
5.083819549937202975e-01 4.616926553064575889e-01 4.808148652854592475e-01 5.092235996796878883e-01 5.180262020831882808e-01 5.110024179619865325e-01 5.753393207097318163e-01 4.468315494408621191e-01 4.745014097598381220e-01 5.581238363037508421e-01 4.200962149709266402e-01 5.359659735043990070e-01
5.765052652349079709e-01 5.233191681392718175e-01 5.304318521104962603e-01 4.382925707567370543e-01 5.361632239033720104e-01 4.419853363255468737e-01 4.978428769805985366e-01 3.343692738579566726e-01 4.868474518804369877e-01 4.958770967040657673e-01 7.000501314238547490e-01 4.383157526826816364e-01
4.845638092730120694e-01 5.297063303166651416e-01 5.170487005866034602e-01 4.912603596669853911e-01 5.224835236382709969e-01 4.655205525042292458e-01 5.615144143196750814e-01 5.077216864891185288e-01 5.590672874830192596e-01 4.691919319733222071e-01 4.483030405013620490e-01 4.436183632477239680e-01
5.113050905842315697e-01 4.915118749128972730e-01 4.592419962647334986e-01 4.992341209341267794e-01 5.504618684724864597e-01 4.660310090955445128e-01 4.931306727980837024e-01 5.450408251606602139e-01 4.569588178771386566e-01 4.901363386811575240e-01 5.541543028189686027e-01 4.827930824000512544e-01
4.106523512661143793e-01 4.601082472184996330e-01 4.770114165322886235e-01 5.174438009257775750e-01 4.854375524211267390e-01 5.189211903525521308e-01 4.868160556572147524e-01 5.712115074404745529e-01 4.163265825321481040e-01 5.806222976458893514e-01 3.755305876698155076e-01 6.999184103380995392e-01
5.359939857141111652e-01 5.066676251735944270e-01 4.749546070245050933e-01 4.674625210380450313e-01 5.474493366717987364e-01 4.686029448142801646e-01 4.640113643597166271e-01 5.291823537721098702e-01 4.323448143964330193e-01 5.985288899816023633e-01 5.270152753611445640e-01 4.477862816926554967e-01
4.947382212530150314e-01 4.540602966757892323e-01 5.364478674440364969e-01 4.632762173396152150e-01 5.309308627407316461e-01 5.409169797795014833e-01 5.544122782232074886e-01 3.895222381812010193e-01 5.328416388477618115e-01 4.283132485142617241e-01 5.760715951944023194e-01 4.984685558065078403e-01
4.619532826344212584e-01 5.146170835777575947e-01 4.894495283507813710e-01 7.705736790474763120e-01 2.061323311038889827e-01 4.498632771335133729e-01 5.813101251540817582e-01 4.821202684932939242e-01 5.438214361945227227e-01 4.531211354923618817e-01 5.617160812786389235e-01 4.853217715392995624e-01
4.835675278111574715e-01 5.435091455039567920e-01 4.618062640492645587e-01 4.995751797038758824e-01 5.298504713526537291e-01 4.961412946697613680e-01 4.968517499045600472e-01 5.083406182248365601e-01 4.956721169801594495e-01 5.349336139656178934e-01 4.394525924862705546e-01 5.102994253479384845e-01
4.800348458791738326e-01 4.573275314447063367e-01 5.382793672386703143e-01 4.673407851879797237e-01 5.265125691520512463e-01 5.512998356096181496e-01 4.421818659565456278e-01 4.873163295615314250e-01 5.081595606540445509e-01 5.551107471048882802e-01 4.863949054992134369e-01 5.000416567115966160e-01
5.099171319176228900e-01 4.960174126273692585e-01 4.744012085314743832e-01 6.422645189011418898e-01 3.604253044884530022e-01 4.436817110996165714e-01 6.594521966513055000e-01 3.897776588367507511e-01 4.533170682770738535e-01 5.370702747826199275e-01 5.510110869545614687e-01 4.826644269320453651e-01
5.435022189034803830e-01 4.883461967804992310e-01 3.879654808836508484e-01 6.380250753489614679e-01 5.249566995256764734e-01 4.156614790078727029e-01 3.834106218415301304e-01 5.040841113776139970e-01 5.550941806366765929e-01 4.551489679202788130e-01 5.573803100665799537e-01 5.464246577071770750e-01
4.228161478076182256e-01 5.107663052121849123e-01 4.558841651082262691e-01 5.631003114549093524e-01 4.985680411807523749e-01 5.078470702502688727e-01 5.461756722545454412e-01 4.623469920241644049e-01 4.829809815997025968e-01 5.669246076855363192e-01 4.294077530670104004e-01 5.531819523551013695e-01
5.681842715310074787e-01 5.167057415535099008e-01 4.884860102697631268e-01 4.981761985684431959e-01 5.332784372579915111e-01 4.547216509958057484e-01 4.685975417399086962e-01 6.272400491306285852e-01 6.641934060790166683e-01 2.014924639359350345e-01 3.318367380317745474e-01 6.470874909062189761e-01
3.404911124531460054e-01 5.904103926236585753e-01 5.385402026919501317e-01 5.418286250721893182e-01 5.211178157867857319e-01 4.350874452650369539e-01 4.590684879711773303e-01 4.566204783765832609e-01 5.025636575400036499e-01 4.995206468422581092e-01 5.219481032616759553e-01 5.928030321155191018e-01
3.374964470512235026e-01 5.615755630626531048e-01 6.326518839050652154e-01 3.933361246764021657e-01 5.577995411188652053e-01 4.628205120807697970e-01 4.597365578241967565e-01 5.959601840361906655e-01 4.940382189680142533e-01 4.604259681770028756e-01 5.912194601412573691e-01 4.529395389583723008e-01
4.987988830001638396e-01 5.166251341284058274e-01 4.432651405387186827e-01 4.760266621836123369e-01 5.474612882831708660e-01 5.579178857440799666e-01 4.326100274524040668e-01 5.193951656641768722e-01 4.938179977603416315e-01 5.350580056245283211e-01 4.591615018375055923e-01 5.198623077828978811e-01
5.630783094494555829e-01 4.941877422257375807e-01 5.055061067383466167e-01 3.020167310409802019e-01 6.654489364518743066e-01 4.330822440085220770e-01 5.813968524009218708e-01 5.210925989306691708e-01 4.745864312477022784e-01 5.239184046653452276e-01 4.444124029222963346e-01 4.912732399181689580e-01
5.122973978587075372e-01 4.490643406235220736e-01 7.969464751211376985e-01 5.489635065996651964e-01 4.536056746415129126e-01 4.356259314432510132e-01 4.683488195040574342e-01 4.350785380803323665e-01 5.325057787161173728e-01 2.198990572164579160e-01 7.255568378428793874e-01 4.221076423523770771e-01
5.706552535293838435e-01 4.676898061076044666e-01 4.301297087690433285e-01 5.228539793156573579e-01 5.485177052078297200e-01 5.539413308257228330e-01 4.864207234030016869e-01 6.580634958977999993e-01 3.240695130676235491e-01 5.383374950733084141e-01 3.726425035359385296e-01 5.266784852670949313e-01
4.541018801747543354e-01 5.013765599687323160e-01 4.915916183359922975e-01 5.597973404349245730e-01 3.853029276837940387e-01 5.378684741484298648e-01 4.831284335973159427e-01 4.727740638018365638e-01 5.025083955991269669e-01 5.207182106922259024e-01 6.136816003261551522e-01 4.771504952367056074e-01
5.619885832026829675e-01 5.153638990023501343e-01 4.699865264083299965e-01 4.589275035402741176e-01 5.117227880473603774e-01 5.237366141979815648e-01 4.759441147257297833e-01 5.000830810459632181e-01 4.146378603288332076e-01 5.896614272874068918e-01 4.425915505211416301e-01 5.353560516919655399e-01
4.364905576456211134e-01 5.569375802313141222e-01 5.931331659388181521e-01 4.566046403597984749e-01 4.666335411841119329e-01 4.673108135985188927e-01 5.673375321850760988e-01 4.888493850025115162e-01 4.442576700616404639e-01 5.052378094638205752e-01 5.141387147081799558e-01 5.030685896206150698e-01
4.570325371117643920e-01 4.034609494688289888e-01 4.211069883369067401e-01 5.268874346383978224e-01 6.453183671975097901e-01 3.900927333989766543e-01 5.970155027511632184e-01 4.795135186720863585e-01 6.023783437519604211e-01 3.711754987470158307e-01 5.781640642146594899e-01 5.278540617107885247e-01
4.854094551374728006e-01 4.456893627029273053e-01 6.244139613939065914e-01 6.258603729278114924e-01 4.401597571764834238e-01 4.259769317337864236e-01 4.874411923462282914e-01 4.649051120869833187e-01 6.007172504946062253e-01 3.442495873257777061e-01 6.346450316635189326e-01 4.205319850104998758e-01
5.117847819003745746e-01 5.323284477841210283e-01 4.877060956650600687e-01 5.394793039645862098e-01 5.132023255103541626e-01 4.486637738053875779e-01 4.791289788681960538e-01 4.955274776638407541e-01 5.153277362169004228e-01 4.855899967045089749e-01 3.166551153761766324e-01 6.746059665405055306e-01
4.362333689065677755e-01 5.086622827549803771e-01 3.460580180101359149e-01 7.143175528901538618e-01 4.670027305804470563e-01 4.802905404712958237e-01 5.819537263681753281e-01 4.590169042767379137e-01 5.101868483899475448e-01 4.824217257031931383e-01 4.498018554175909900e-01 5.640544462307748308e-01
5.319347490850570015e-01 5.180264023404449469e-01 2.946075078161120020e-01 4.444753990075793748e-01 5.948123561390069591e-01 4.026284406515863168e-01 5.317120692719653485e-01 5.297333487460271773e-01 5.123763157419620740e-01 4.980448037043010978e-01 4.670654387135909635e-01 6.745831687824093148e-01
5.139627694158472870e-01 4.506350059148495069e-01 5.524800721909743917e-01 4.467252862250241097e-01 5.049669981011248865e-01 5.803622207690422030e-01 4.045057959643435508e-01 5.537866445694632489e-01 5.222108734123207530e-01 4.790986999008752800e-01 4.973528212743661414e-01 4.939128122618240968e-01
3.996467242771860051e-01 5.055133667967131039e-01 5.648711175868714740e-01 4.927140046007795759e-01 4.993133576434353738e-01 5.287606976314804808e-01 5.150725521545591601e-01 5.022922570213910198e-01 3.556824524784464314e-01 6.342083873976358532e-01 5.751243233057402593e-01 4.268007591058190497e-01
3.661397408536342102e-01 4.455967993857011811e-01 4.523598092971430895e-01 4.548087160164761000e-01 4.567975114223362665e-01 5.381879065116769167e-01 5.040264119100195117e-01 5.932275853756401318e-01 5.607381249264130618e-01 5.126695612046399120e-01 5.389258975454618295e-01 5.765219355508812704e-01
6.134376708995618044e-01 3.778476017115471874e-01 5.841482634807351193e-01 3.533653230736486517e-01 5.683170427776216282e-01 3.546365682478177517e-01 4.122233052623219263e-01 7.572153744102776418e-01 5.159972064225128996e-01 5.662352316866665625e-01 4.123483563326795220e-01 4.842280556946215730e-01
4.739194241811758301e-01 4.748204866434756477e-01 5.289718664475391297e-01 4.531374189953548681e-01 5.542203226309720954e-01 5.337982940895897865e-01 3.923931235178296784e-01 5.170967172414273616e-01 6.080359567848213631e-01 4.225161045450347985e-01 4.584712633342628019e-01 5.826190215884841095e-01
5.226761053367537935e-01 4.714709041257804101e-01 6.700161804282767086e-01 4.240402227188683204e-01 6.693265677324249374e-01 4.659066969460414764e-01 4.972673423295367323e-01 4.269837835945556326e-01 4.918056296377444347e-01 4.049209713107712050e-01 4.924143585331323125e-01 4.631712373061050436e-01
4.843884708287868879e-01 5.000732485846762776e-01 4.481990835075875257e-01 4.894411417030255507e-01 5.052617410830738676e-01 4.915969785626161936e-01 5.961961733455927170e-01 4.789041766936840694e-01 3.810299183754442542e-01 6.829235411947653933e-01 4.099755264119980813e-01 5.320099997087532895e-01
5.362545222667710609e-01 4.717483898295760092e-01 1.239950245467292822e-01 4.007524420593535641e-01 5.335679852346509877e-01 5.146634554556916985e-01 8.727610793569107184e-01 5.355946854666520096e-01 3.926508625460191082e-01 6.871890831617180062e-01 4.601344979569290117e-01 4.706879721189187737e-01
3.390794111233104147e-01 7.033872198353608995e-01 2.754544892909861487e-01 4.908156088872032141e-01 4.730808980398480412e-01 5.199159568760507444e-01 5.050333664569707226e-01 4.041361895329360632e-01 5.146741789289174251e-01 6.140691653001992822e-01 4.846977010928009699e-01 6.756558146354159078e-01
4.547292275165523701e-01 4.262775538025705968e-01 5.809937769983011258e-01 5.252724102427920316e-01 4.729418901319865087e-01 4.592625604163860786e-01 4.325738191028120072e-01 5.806016396295445858e-01 5.785121182384475036e-01 4.674586041184141116e-01 4.286749458817920022e-01 5.927014539204356058e-01
5.337868125979423617e-01 5.498635248544836429e-01 4.819925193142235997e-01 5.300251812525105244e-01 4.779089875406922205e-01 4.951807021460692959e-01 4.470116804939326394e-01 5.019866805049661984e-01 5.169717200635541854e-01 4.593457144822111760e-01 5.235808665266747930e-01 4.823456102227003939e-01
4.676034588412412152e-01 6.170169604274052810e-01 3.927737666440015984e-01 3.970730416639871585e-01 6.201816833003674923e-01 4.521804983162640568e-01 5.280185114859976547e-01 5.220601922243067738e-01 5.064886991115848947e-01 6.397206224357689930e-01 4.220856641644232243e-01 4.347969013846991748e-01
4.567993444762418198e-01 5.095706220713701606e-01 5.271800615727526562e-01 4.705695195876323789e-01 4.389664712110268874e-01 5.528233158584467954e-01 4.353812359603671522e-01 5.531367842747405561e-01 4.605333235858689589e-01 5.176248193556811650e-01 5.874058567775736206e-01 4.900086452683278249e-01
4.319110547683132628e-01 5.226728663041102507e-01 4.527981864724549554e-01 5.110928117670286985e-01 4.778380524822996578e-01 6.103066149551522601e-01 4.156783187871327945e-01 6.200064720779530081e-01 4.415055375012485461e-01 4.213911204338838257e-01 4.800483161055930648e-01 6.147506483448491599e-01
4.237836401959525490e-01 5.615712117376506773e-01 3.971914843811460427e-01 4.788304386421551317e-01 5.075883888816959955e-01 5.042476414063342682e-01 5.138276507473108490e-01 4.873830490488906264e-01 4.926843086708990183e-01 5.772269126109188520e-01 7.375926514249596666e-01 3.180726222520998681e-01
4.072544002427533893e-01 4.840125406375144212e-01 4.166173533609564550e-01 7.613890714965139139e-01 5.612722876994060694e-01 4.424721095182493347e-01 5.455895131908712337e-01 5.215750741621384412e-01 3.801227636200134041e-01 4.807564337665871657e-01 5.104294855705254763e-01 4.885089667345056119e-01
5.173443708479064096e-01 5.074796893956501354e-01 5.090092602207046957e-01 5.399171488377458861e-01 5.232033993638846026e-01 4.284382583767160080e-01 5.263525229043000131e-01 4.442336629449144536e-01 3.532960252265187062e-01 4.044393661776849447e-01 7.293427139194337272e-01 5.169435817845468017e-01
4.991132121470691629e-01 4.171417231798581482e-01 6.516392374745058058e-01 2.811360708256355201e-01 6.201905819148971766e-01 4.254918889253601622e-01 5.268022191293358913e-01 4.879765126649119877e-01 5.264252991784719171e-01 5.423662070729617923e-01 5.546338240105295192e-01 4.670832234764134006e-01
5.491706533739202367e-01 4.742941582484080931e-01 5.692025087172218889e-01 4.103210817435339886e-01 5.668804888334226799e-01 3.319903089244590211e-01 4.568682570297445400e-01 6.699227591720448016e-01 4.951489832446367978e-01 4.975886017227078018e-01 4.744145196555306643e-01 5.041976793343707630e-01
4.528372567483303079e-01 5.257636359626877143e-01 4.616218081881099389e-01 5.272762465061083814e-01 5.209015398116141338e-01 5.107610259344631531e-01 5.204386388660944274e-01 5.179851117861482557e-01 4.841389675394557890e-01 5.744467722210181426e-01 4.669044357250660138e-01 4.369245607109215612e-01
3.884761645518568507e-01 5.001075779210896188e-01 6.246109205422825106e-01 4.395778724907016266e-01 4.787381969247153091e-01 4.481066056383800622e-01 5.351211017202007758e-01 5.056431333602482425e-01 4.373602928614235275e-01 5.700701150957233621e-01 5.364378743860657162e-01 5.357501445072999635e-01
5.246767188329697351e-01 5.043642761373829941e-01 4.549271025172789695e-01 5.239837343280249193e-01 5.262149463374188318e-01 4.879561514355925667e-01 4.955220806409045831e-01 5.243031848634087666e-01 4.528791704960392073e-01 5.688354638210619818e-01 4.732148584523598878e-01 4.631223121375062091e-01
5.129751608884214331e-01 4.679646395036685669e-01 5.005372928830114088e-01 3.441533815047423950e-01 4.495499926757643983e-01 6.323186927565964677e-01 5.087571401279642469e-01 5.481424363225775309e-01 4.370663360796296915e-01 5.350082171599677139e-01 6.131675633215475374e-01 4.503591467761650646e-01
5.468584674926402212e-01 5.068552089243837377e-01 5.000451879176737169e-01 4.466256284366632578e-01 4.980189167091009228e-01 5.336585495833923165e-01 4.293152451928977653e-01 5.076143986967117661e-01 4.684593232115379369e-01 5.368467613014585860e-01 5.601918190792329888e-01 4.655104934543144446e-01
4.205249090118595712e-01 4.093488507000093701e-01 5.587080911249358017e-01 6.322686184877297499e-01 4.652424492068644168e-01 5.030637423345505344e-01 5.827065451711650468e-01 5.001114234838311967e-01 5.189110167718627986e-01 4.554531007844578316e-01 5.083588140449712967e-01 4.453024388777728770e-01
5.232531658873140756e-01 4.263559249828625664e-01 5.778751557473081890e-01 5.461284192131645732e-01 4.494011200331693434e-01 4.215998565279367449e-01 5.352271257727525544e-01 5.954905952276767778e-01 3.980405949161759382e-01 5.331239202792559251e-01 5.086688948445262648e-01 4.848352265678724793e-01
4.187836263455205765e-01 5.545850693456115810e-01 4.706742139413306880e-01 5.105426149751642884e-01 5.805290892553149895e-01 4.595922913752504280e-01 5.034437152915492986e-01 5.090974834654591330e-01 5.682829195720808801e-01 3.953538188001527454e-01 5.256282224998185537e-01 5.034869351327420084e-01
4.803021668877948680e-01 4.867630591556071917e-01 5.568625330070193780e-01 4.563001698717238375e-01 4.415084910279996055e-01 5.270122263869918555e-01 4.044795584244647024e-01 6.974523734433225597e-01 3.861487536496543971e-01 5.173978137357431173e-01 5.185383600095910817e-01 5.272344944001177147e-01
5.562413564275174860e-01 5.006687187453994214e-01 4.628459833242342114e-01 5.363521204461155767e-01 4.742235652339551466e-01 4.789701546493970730e-01 5.567784850584003298e-01 4.952195966918232495e-01 4.641529042990744092e-01 4.364160226132266507e-01 6.045088864352565761e-01 4.336222060755804408e-01
5.343481792325096569e-01 5.124904213819164722e-01 5.391414156764032795e-01 4.211587251644910990e-01 5.630404969589826170e-01 5.795040866272224145e-01 3.652542618071326630e-01 5.615665512320904273e-01 4.937713395181085319e-01 4.639335762614008596e-01 5.251406502796801545e-01 4.406502958600836406e-01
5.125971376750177999e-01 4.626274829123429022e-01 5.025354897962333034e-01 4.816443370915489686e-01 5.136387228608233491e-01 5.256264942539148333e-01 4.869465779203838163e-01 5.080884240459389023e-01 4.867047221956232184e-01 4.669463212424677101e-01 5.262326947676473354e-01 5.264115952381144270e-01
5.163976546630771880e-01 4.791517438027629305e-01 5.265299576341797572e-01 4.994170535076592476e-01 4.839297550220880706e-01 4.628324409437856168e-01 4.977466103835775368e-01 4.325911381896416774e-01 4.185072854351389871e-01 6.610695984287268123e-01 5.333548139563697443e-01 4.884719480330247943e-01
4.022366110461490507e-01 5.348178015155891085e-01 5.846589298385322930e-01 4.966255479625146241e-01 4.799500137863407234e-01 5.268182068275529817e-01 4.553067305233010620e-01 5.248127889996282436e-01 4.766267094293105133e-01 5.576705999977448203e-01 5.379218150773669160e-01 4.225542449959475144e-01
4.457334428078050248e-01 5.433338384196191306e-01 6.209467185544095269e-01 3.872113523382919031e-01 5.394785820280135757e-01 4.578296809779592302e-01 5.533572483904660722e-01 4.309456933468913675e-01 4.632952189776297081e-01 5.452137369675718048e-01 4.838177142878827275e-01 5.288367729034079145e-01
5.167842695801156960e-01 5.059258070888221770e-01 4.877516241460000956e-01 5.156674711984055026e-01 3.054492114970042138e-01 5.741771363133351125e-01 5.052142312410768943e-01 6.370384069163660401e-01 5.117172738692405964e-01 4.487922758609705354e-01 5.427213354600604056e-01 4.487609568285798600e-01
4.216401752909704204e-01 4.872743936728852199e-01 4.915776999972270578e-01 5.024078400166902547e-01 4.292317728074708238e-01 5.137895418263096481e-01 4.563550046379655223e-01 4.935074217363365490e-01 4.863136744619281915e-01 5.727383244010618712e-01 5.741637861255433073e-01 5.710003650256264551e-01
3.152348520709425950e-01 5.265207838572715238e-01 4.970971638225259448e-01 4.566154786934861765e-01 5.306035251270900810e-01 6.109912433191773129e-01 4.511862828638029121e-01 3.909128327587251261e-01 5.198957219706428212e-01 5.787383359241375924e-01 4.447360808316433434e-01 6.774676987605871004e-01
4.560730527635838416e-01 5.574942727581224666e-01 5.132046236756817592e-01 4.114811055124340533e-01 5.257013553371929770e-01 5.117606911131135083e-01 4.936651279025316974e-01 4.051374890334193957e-01 5.791020428646409535e-01 4.629791092556275189e-01 5.072390259930668055e-01 5.761621037905859666e-01
5.150247967810586136e-01 5.541757244955276551e-01 5.338125033058704894e-01 5.327509344235729083e-01 4.046307918699912909e-01 5.577623257438422133e-01 4.615061283136539516e-01 4.606880527580655693e-01 4.952580777896475328e-01 5.059203795003797133e-01 5.353676789402885827e-01 4.431026060781163012e-01
4.464385278057896866e-01 5.013629755509640962e-01 5.869452967417897460e-01 4.659949258670672556e-01 4.715071120490794687e-01 5.066226467228912567e-01 5.206110804732559938e-01 4.736347645643199100e-01 5.054174522449597085e-01 5.353245489236762023e-01 4.888994074480708107e-01 4.972412616081443026e-01
5.139787307577941000e-01 4.390272081554257300e-01 5.584049253522084255e-01 5.678595425934445107e-01 5.201631544887886927e-01 2.951725864415810086e-01 6.221825925439012916e-01 4.393522830090271780e-01 4.551541851573439601e-01 6.445851956686599049e-01 4.343053912277524686e-01 5.098142046040573527e-01
4.302263253445118285e-01 5.943708242170729905e-01 4.468582644837635898e-01 5.253318176625000335e-01 4.877370175664088592e-01 4.087555769691078589e-01 5.055880073686517262e-01 5.176469757063166810e-01 3.257309759954428730e-01 7.111879357590350503e-01 4.081025037127485877e-01 6.384637752144579625e-01
3.496370282284095854e-01 5.917657572475175654e-01 6.527221482941469866e-01 3.907858601137205179e-01 5.510257073461160005e-01 4.593339919472599897e-01 5.025262741287961354e-01 5.347855978795992282e-01 4.769566208971007804e-01 4.769712881151884631e-01 5.804638685163410194e-01 4.330258572858057819e-01
4.963095974852296810e-01 4.874730326768963451e-01 5.392327526444345986e-01 4.734357094478781613e-01 4.936733803322528313e-01 4.785119412424866381e-01 4.926125939588326119e-01 4.815870430568217619e-01 5.675954504150287905e-01 3.970385072955112671e-01 5.252447363295091876e-01 5.672852551151846834e-01
6.316716115934319919e-01 5.256636280134554529e-01 4.442412582251961672e-01 4.686222541537063968e-01 5.960672488155193127e-01 5.340522728834036226e-01 4.335744906931414677e-01 4.503262859273462482e-01 5.415418417294129982e-01 5.429516620459169385e-01 4.111921385840024978e-01 4.200953073354438683e-01
4.924237333809422523e-01 7.638358015141892832e-01 5.187301750902660880e-01 3.920620606673485553e-01 5.245296445600173829e-01 4.253326750420143854e-01 4.834584441557407408e-01 4.793048544432926827e-01 4.968484984049441056e-01 4.740603538583408882e-01 4.541875037481981070e-01 4.952262551347080821e-01
5.582155825044615716e-01 5.694703157886669143e-01 4.013855502215622484e-01 5.614642007402874668e-01 5.640799071081823435e-01 3.750102226529246630e-01 3.920986883838164516e-01 6.363719458542618224e-01 5.467012102168500309e-01 5.347532245042760923e-01 5.030678095294478513e-01 3.573813424952302364e-01
4.913251238068211402e-01 5.006197037599409150e-01 4.983056790841667860e-01 5.160857525327582351e-01 4.456083878915453877e-01 5.898595943260666052e-01 4.394436101067663580e-01 4.681071232877371813e-01 5.052819644050352554e-01 6.603268585670992730e-01 4.533995185509387404e-01 4.316366836810963670e-01
4.974452951384482624e-01 4.627440798241392317e-01 2.428599505766682598e-01 4.700469603096236737e-01 5.806259415939585278e-01 4.351385696636145273e-01 6.248549662252018688e-01 5.249024418985550611e-01 6.140485675864636450e-01 5.259143402124980549e-01 5.484002218911397941e-01 4.730186650796859293e-01
