-1.184499971437940857e+01
-1.246175026037365896e+01
-1.214510027690065996e+01
-1.213924921146462665e+01
-1.231817777467035491e+01
-1.231732874562968405e+01
-1.194065085557129891e+01
-1.202835474130602655e+01
-1.185160909407697183e+01
-1.227412572291310155e+01
-1.222015026498136692e+01
-1.243229899307321062e+01
-1.207649989459102358e+01
-1.213945049120694719e+01
-1.222581340043391762e+01
-1.241914058440387336e+01
-1.213183748750584279e+01
-1.210438833785912927e+01
-1.216167408596606769e+01
-1.219967916039316869e+01
-1.212431360163349758e+01
-1.248720811196580627e+01
-1.208373626334850215e+01
-1.275019036987950649e+01
-1.266990502706026334e+01
-1.194918334439980256e+01
-1.249842292408713718e+01
-1.211342180477297958e+01
-1.214842746989619116e+01
-1.254522983149713333e+01
-1.234240532864874851e+01
-1.218196879785179121e+01
-1.185198042811626529e+01
-1.227377875417271369e+01
-1.209734350141921055e+01
-1.224512886650300914e+01
-1.226017592164275172e+01
-1.182302104107551877e+01
-1.222078912263581607e+01
-1.219276104263634686e+01
-1.188930767730838234e+01
-1.238675143938237966e+01
-1.244287910670466069e+01
-1.220723659845588038e+01
-1.201758104480195932e+01
-1.186016734472566014e+01
-1.234992336423220927e+01
-1.201361736131254254e+01
-1.215856572443450112e+01
-1.239515012029717056e+01
-1.198428338622148814e+01
-1.197468267439632505e+01
-1.229470395214384482e+01
-1.181279725768436073e+01
-1.225410439735090407e+01
-1.249714448576984083e+01
-1.222600657850203199e+01
-1.207698460091035919e+01
-1.202839941668754697e+01
-1.243984520828297136e+01
-1.257987156974446208e+01
-1.216308912938560916e+01
-1.219961105299676163e+01
-1.283153255158080519e+01
-1.175592416176696808e+01
-1.228329322618746389e+01
-1.232110900395265851e+01
-1.236109299576405540e+01
-1.209387411233950971e+01
-1.221191133524141570e+01
-1.205510300881844366e+01
-1.233903402675885808e+01
-1.230076405114966320e+01
-1.220580076751127230e+01
-1.252262730142583003e+01
-1.203751306008753730e+01
-1.220094344492057914e+01
-1.168280370327986617e+01
-1.229418981506515074e+01
-1.241825595656968240e+01
-1.234358605554746191e+01
-1.212295929612081480e+01
-1.192657913821950899e+01
-1.222981193016476631e+01
-1.251724995668601181e+01
-1.230197013145438234e+01
-1.181711417114227025e+01
-1.250953355893855168e+01
-1.211360393063826102e+01
-1.226574977753947948e+01
-1.231585815460140587e+01
-1.214908861020130715e+01
-1.186861193732138275e+01
-1.276046307722853435e+01
-1.170857474859083425e+01
-1.213546119992276751e+01
-1.271209942828482298e+01
-1.274014543956591616e+01
-1.184428855073237585e+01
-1.202028348345021236e+01
