8.978576871923127367e-02 1.142270179556356680e-01 8.305625255448363664e-02 8.180382975514233213e-02 8.336402249440472145e-02 7.247827268584186577e-02 9.464794082178390466e-02 9.609863399773156678e-02 8.850140641366351091e-02 9.888225886740928394e-02 7.215267194664129469e-02 7.739978309813107249e-02
1.067836068626844409e-01 8.142553682459557907e-02 7.891464800659762913e-02 1.077256793546294000e-01 6.991019546931009909e-02 8.843050330533910874e-02 9.832258626452564099e-02 8.415001455500895067e-02 9.553044446060436623e-02 7.663478351647515230e-02 7.618810386535239398e-02 8.860174717854923943e-02
9.655866556646873489e-02 8.629719508171584952e-02 1.005180215558585805e-01 8.554259930326980899e-02 9.625946467095126968e-02 8.500515119239133999e-02 7.766638975539075229e-02 9.000041834927845208e-02 8.796825841991709471e-02 8.521089911901086333e-02 7.822964953546764078e-02 8.016620467723258037e-02
8.412191494135697056e-02 8.484740991725153725e-02 9.595429928740019376e-02 1.122353051388899764e-01 1.004933921122823232e-01 5.620334929684742825e-02 8.811977510985710693e-02 9.971883062089091643e-02 7.983842359571037550e-02 8.870022877241333370e-02 8.428984720916685158e-02 7.997852509347516681e-02
9.483863446051803148e-02 9.348825345868883030e-02 7.515524359204904525e-02 9.608846208399901556e-02 8.391663443808897171e-02 9.223313661554471965e-02 8.125211510280187788e-02 7.866617135084810752e-02 9.349115966466270411e-02 7.446313907282796352e-02 9.269192379700050277e-02 9.369700154253569890e-02
8.982616316874428297e-02 8.541569809773826016e-02 9.016390449263837759e-02 1.208007187733512316e-01 9.292744285725297593e-02 7.957660687863755966e-02 8.464988880962381890e-02 8.740780414348657545e-02 6.008156595209673823e-02 8.093357327568075077e-02 9.837510636619430093e-02 8.394538183254607322e-02
8.499990109548583028e-02 8.479839395850896633e-02 8.308259979559373676e-02 8.426404618520783041e-02 9.906091410533508779e-02 7.598412296521021847e-02 7.638893272575138227e-02 9.213722873542976033e-02 9.624365492952338674e-02 7.994444977741986536e-02 9.015684287415204334e-02 1.031138859038451261e-01
8.813088537373786613e-02 8.986041342517708808e-02 6.575594455840833019e-02 1.404025859485069083e-01 7.516550023893528443e-02 8.928696240901133618e-02 1.087783695874488810e-01 8.055970217554875301e-02 6.057473216828014595e-02 1.111247962186879129e-01 8.005785221409369989e-02 7.340850728029237049e-02
8.133671889859594994e-02 1.010058340114944053e-01 9.543029421419116365e-02 6.789428998183212605e-02 9.583218927275739818e-02 9.078529887662309394e-02 8.334614558884305413e-02 8.554282111289829293e-02 7.691909226084849005e-02 7.208118055772584631e-02 9.625270037336002005e-02 1.059619220072673396e-01
8.133341367306587411e-02 1.020638105017554753e-01 9.644937565104630406e-02 8.892969875048478690e-02 9.891785858173132717e-02 9.296237712677107856e-02 8.047038898467895329e-02 8.020974380297972439e-02 8.241971764136145351e-02 9.489740492444879993e-02 7.493402434729391770e-02 7.690434778994939546e-02
1.105776700721977091e-01 8.905371538336297188e-02 7.659460683100054179e-02 9.077925005615693210e-02 7.921359311349052135e-02 8.690593508334919226e-02 6.435982119390043499e-02 8.945874587998896288e-02 9.726372759515267141e-02 8.541371097498604015e-02 9.349752551111938093e-02 8.891825907647614435e-02
8.911178065143325611e-02 1.003657956003763813e-01 7.274775090647518649e-02 8.112023447036749435e-02 8.663232696931513765e-02 1.010913319283972822e-01 7.008301371206923647e-02 1.102247889344236537e-01 8.503810967322415759e-02 8.223429068016013810e-02 1.083685287731759317e-01 6.767837854718648793e-02
9.443166607718382621e-02 9.568505026347919051e-02 8.707558558844566421e-02 7.975063799008860754e-02 8.417069259318657459e-02 9.809069885058004090e-02 8.650995906134360813e-02 9.085129153398451007e-02 7.992123425200324538e-02 7.702700142266624694e-02 8.997212826204117886e-02 8.563612946357450351e-02
7.596198548425067698e-02 9.104411764500208726e-02 8.694363581005969122e-02 7.463125169681897320e-02 8.840868609235684461e-02 8.576997100860525580e-02 9.235674919545776296e-02 9.467210204716657029e-02 8.690206000394859465e-02 7.642687464327969915e-02 1.057862116557271720e-01 9.135524225491152561e-02
8.288198245231523376e-02 7.839668833939533732e-02 8.661617688985383257e-02 9.409117761604464392e-02 8.010625395236743718e-02 8.506398960370394058e-02 8.296923467797504004e-02 9.443061413237502366e-02 8.521905827197334693e-02 8.815508381576525609e-02 9.057700204924699905e-02 1.005156916790250210e-01
1.003225757222494935e-01 9.987073877696769908e-02 7.412744107968188834e-02 9.278932795423781854e-02 6.602907355490615637e-02 1.076665395388667901e-01 8.943725302931354593e-02 6.856665026611481750e-02 9.892526747224845984e-02 1.004084772596359754e-01 7.794599867558323070e-02 7.853021043830206438e-02
8.417327626507925542e-02 9.978845903086588920e-02 9.040912222579554347e-02 6.788490182473272405e-02 7.870442478734006320e-02 8.832325703869509104e-02 9.666498115423381721e-02 9.501599127817396406e-02 7.191801237032582894e-02 7.529975691346646460e-02 1.091028211061178671e-01 9.560752140428059598e-02
8.450481537872764348e-02 6.891325166296571880e-02 1.076328645608580215e-01 9.021852892697378168e-02 7.171962123000334699e-02 7.718518201516506860e-02 1.076001230525451546e-01 9.286297469876680921e-02 8.360575132117507857e-02 9.664745179652661777e-02 8.069071627348925468e-02 9.129887574743290879e-02
7.291960096454362661e-02 1.093788576379718103e-01 9.114637109899324796e-02 7.175630582510403310e-02 1.039120799306580967e-01 8.109119689978007417e-02 9.266020612374989418e-02 9.631985320498086256e-02 7.510323287169150264e-02 7.516536565883275012e-02 8.124475944641099123e-02 1.028694871393595889e-01
8.405301609094159576e-02 8.793876799745536932e-02 7.640602872709906235e-02 7.375730719534072388e-02 1.148922115043701231e-01 8.972463586536280622e-02 8.408019660706984866e-02 8.376207920776782001e-02 9.238151657495771718e-02 9.319554564696931609e-02 8.825312265849603877e-02 8.261464690905345742e-02
7.155796555452818841e-02 9.058631761625911272e-02 8.826880725737473732e-02 9.521471240718271112e-02 6.790230811001658762e-02 1.000755871071547787e-01 8.730738710514536483e-02 7.081810256089363098e-02 1.026422699707765090e-01 1.011254871609475053e-01 7.968869237069518829e-02 9.792471970647229074e-02
6.783471702839204143e-02 9.137543285388742553e-02 9.686135841068026220e-02 9.095948188467056772e-02 8.182598478445483881e-02 1.100972924671638487e-01 7.986079702303508498e-02 7.864094891934277076e-02 1.052819976666354018e-01 8.750472528435615516e-02 8.992680846581223297e-02 7.273851501005794418e-02
8.523706237873042435e-02 8.720423078522371307e-02 9.994626900560242555e-02 7.540575722714043527e-02 7.848699643934427261e-02 1.109539363499991854e-01 7.903638204930096833e-02 7.719331717230300260e-02 9.217605996937111579e-02 7.750918873551224109e-02 7.919283327723179722e-02 1.106860366085781755e-01
8.973124746662404505e-02 7.662922293103861804e-02 8.215428994196938284e-02 9.163614181201464037e-02 9.038387411354587009e-02 9.259860065800135098e-02 1.036701269983532764e-01 7.846348146951138969e-02 8.356710298692693328e-02 9.760391081905490929e-02 7.331356761881967221e-02 9.056611812056353239e-02
9.725936555660688598e-02 9.614959006837800470e-02 9.024140380338785405e-02 7.930180483066709418e-02 9.106241061900810507e-02 7.936860429320846677e-02 8.323007703458304429e-02 7.118186822929123414e-02 8.095981058051247847e-02 8.945369374218062331e-02 1.125753833284900002e-01 8.075727528364670671e-02
8.282693276974389951e-02 9.233271997132755371e-02 9.028237878455078191e-02 8.784723959416601557e-02 9.171018109784112582e-02 8.445541843524102810e-02 9.908350515984962192e-02 9.198272183048686323e-02 9.609991018861359369e-02 8.252377139802732908e-02 7.547319776673917791e-02 7.496897043752961953e-02
8.869362978142150689e-02 8.626959057390812258e-02 7.624570967681164324e-02 8.647935030437992054e-02 9.849159878227914389e-02 7.975869058200978079e-02 8.622025656094917112e-02 9.812058206361451429e-02 7.863873920733432943e-02 8.609726853199689556e-02 1.005480634147650904e-01 8.414698582255215886e-02
7.849249734078372898e-02 7.550211315754855324e-02 8.436319001970507547e-02 8.932332875320578292e-02 8.461103310445755588e-02 9.047292698408394840e-02 8.839411145235671896e-02 9.588415686040892283e-02 7.982715078268855236e-02 9.552972645713646294e-02 7.405549522095983273e-02 1.153033493711786150e-01
9.507637661632492576e-02 9.073434459255311224e-02 7.806979027545284111e-02 8.114921215434901802e-02 9.568741424564630726e-02 7.897242369444933130e-02 8.165259581489774099e-02 9.258739043839050997e-02 7.845451587342669453e-02 1.056301257600679860e-01 9.477995637201241941e-02 7.771333663547343173e-02
8.271380090592915513e-02 7.954217224811284404e-02 9.338139175193332919e-02 8.234009656117108333e-02 9.196578869833679781e-02 9.944463832528513403e-02 9.310241038697519844e-02 7.268964030183421021e-02 8.959322160249490186e-02 7.768670166511468245e-02 9.763810966356627208e-02 8.992340533649355316e-02
8.030734214842283336e-02 8.250836567630455420e-02 8.449989692579350231e-02 1.173318825966666867e-01 5.983385958257998738e-02 8.091823599501972442e-02 1.065717738945053256e-01 8.593798184458351086e-02 9.451133419334506458e-02 8.367961985728954166e-02 9.534881034603907846e-02 8.329277552820958663e-02
8.553207488838455996e-02 9.439304924551102094e-02 8.078324253120276743e-02 8.751366847364727697e-02 9.520453086773274232e-02 8.751480382868410957e-02 8.786344202160276118e-02 8.915638973306388992e-02 8.724518327826379094e-02 9.141783433814723581e-02 7.703536906610446156e-02 8.487082313682445256e-02
8.088853329546287496e-02 7.890300202893436865e-02 9.325711590577891175e-02 8.157743555830648807e-02 9.179547059328292680e-02 9.784727044465958701e-02 7.786405898853915319e-02 8.355572686625163670e-02 9.214774091792446442e-02 9.787887021262606235e-02 8.640422265481280395e-02 8.719062709569844194e-02
9.328709009498360738e-02 8.311603959270789932e-02 8.257972226098618529e-02 1.109510181693626474e-01 6.762723832794803602e-02 7.672661283343705507e-02 1.156543664199311539e-01 7.139950038075316974e-02 7.526174976333284417e-02 9.882907750523298174e-02 9.561436668443433484e-02 8.425376448073473856e-02
9.708047792470340942e-02 8.547173072589003828e-02 7.232294934724985136e-02 1.064437686984579384e-01 9.113634002323296734e-02 7.110960889448503242e-02 6.969081146910970082e-02 8.770051459468095056e-02 9.504723778572278514e-02 8.161734024239537810e-02 9.834722419614892741e-02 9.660774385029106959e-02
7.684903271350897180e-02 8.301833216700817142e-02 8.165058708491534922e-02 9.939525296458831538e-02 8.839411283314829726e-02 9.067670945294149798e-02 9.863270723442728316e-02 8.007197877661521856e-02 8.525126808619487573e-02 9.817440168305568982e-02 7.643493751199334496e-02 9.138577997838258360e-02
9.774651975454522190e-02 9.223328707878929167e-02 8.700582386927312173e-02 8.557904597320217799e-02 9.311420191661991252e-02 8.064282101290554117e-02 7.879908493969403627e-02 1.066865336098256345e-01 1.021710740878450513e-01 5.541949043241806844e-02 6.883977861711707003e-02 1.082119246854157946e-01
6.859431612367532238e-02 1.004552615409471938e-01 9.802368115639698010e-02 9.335670338556942283e-02 9.111120489900402519e-02 7.672813427429862887e-02 7.581223199446023020e-02 7.923183986664665557e-02 8.707227186855245882e-02 8.487232720463097624e-02 9.489652121454032752e-02 1.014059666314776897e-01
6.159623841546202350e-02 9.607502958484706590e-02 1.063347809397213045e-01 7.126755520801528188e-02 9.944291680947496548e-02 8.344666376934035956e-02 7.890028225776571369e-02 1.090116978319412289e-01 8.593298369532630099e-02 7.722414354338448528e-02 1.063116275356573021e-01 8.009458494579563270e-02
8.757179384982760606e-02 8.821988825758610153e-02 7.651271369275319811e-02 8.162768460231284440e-02 9.790009623638280811e-02 9.718007659433411383e-02 7.756313779987399071e-02 9.019170773201515279e-02 8.906690539340204882e-02 9.219350781801707861e-02 8.178284584387429668e-02 8.943818500765091106e-02
9.893866354608425728e-02 8.984896774380934925e-02 8.406323582609424860e-02 6.779029661818242181e-02 1.062324717476751113e-01 7.941847954142849941e-02 9.760374332214945270e-02 9.220665622284660023e-02 8.177781586851488871e-02 8.978418892099859772e-02 7.822630395308995122e-02 8.551027884991563299e-02
8.276628925220533284e-02 8.509786612351338819e-02 1.231955984976422502e-01 9.179314665847310151e-02 8.064484130263828432e-02 7.852715958968529975e-02 7.820565071126146794e-02 8.296027281317033819e-02 8.989967873377174845e-02 6.402246017594699634e-02 1.143077493258128907e-01 8.433332761759085305e-02
1.019590321286725498e-01 8.052772798816006106e-02 7.391221722912520720e-02 9.232121582033940566e-02 9.876314782194413333e-02 9.342907460029147015e-02 8.948452413273268180e-02 1.042602716671801599e-01 6.944747621268264337e-02 8.859351289935693541e-02 7.132907730731909146e-02 8.830612613564856050e-02
7.964585952198141583e-02 8.555798156183286318e-02 8.757409358292291002e-02 9.337979527800088775e-02 7.076371573444134588e-02 9.027616279318226300e-02 8.497338126290851501e-02 8.160374301367862016e-02 8.850770281566776310e-02 9.402729251385401332e-02 1.076978721587585619e-01 8.629474041405046925e-02
1.026337904057511297e-01 9.123206249196159912e-02 8.095409750977144991e-02 7.967803296050363082e-02 8.846292386968745980e-02 9.014902188838526398e-02 8.367847022490591813e-02 8.297591394077610816e-02 7.598283256871866953e-02 1.009430804002938165e-01 8.062674189265002511e-02 9.265024674768229662e-02
7.833546243854340452e-02 9.805587636633357473e-02 1.046352241219208473e-01 8.279414221549329100e-02 7.966135100612585507e-02 8.208454553240450424e-02 9.915536393486749922e-02 8.536836270624585665e-02 7.568402904640927908e-02 8.600077951799997567e-02 9.132992050566206277e-02 8.721558076970853390e-02
7.836732046461118706e-02 7.368586200671038700e-02 7.389635584534666457e-02 9.150605217934811020e-02 1.073542947896815314e-01 7.553197916369430720e-02 9.883217728849298667e-02 9.047932996805768679e-02 9.934423835325016661e-02 7.263008446663969664e-02 9.799767197840880684e-02 9.310669487190743887e-02
8.014771072012304154e-02 8.230379645993068927e-02 1.055457885819876818e-01 1.057469706846969892e-01 8.085401501281958003e-02 7.652632763695267626e-02 8.181511768988081190e-02 8.560895059541112628e-02 1.001919566186399435e-01 7.058167284751819259e-02 1.040055615034171516e-01 7.946587448206782200e-02
9.289423451432997358e-02 9.199845838972767198e-02 8.876137956416052521e-02 9.526623615513730992e-02 8.734325066500252255e-02 7.788856084477949193e-02 8.057684169524287343e-02 8.350525444893662497e-02 9.199274912171691299e-02 8.318620841123182397e-02 6.875188524594137707e-02 1.088879380360746052e-01
8.165807224314185209e-02 8.238709056267728981e-02 7.318741570714323852e-02 1.186720249574863412e-01 8.099223899639604318e-02 8.229637709391529610e-02 1.050355529070876592e-01 8.154817952545838355e-02 8.773906179990484389e-02 8.517839173556548960e-02 7.863492405371727556e-02 9.544000351222874101e-02
9.486113665727359534e-02 8.718699477868388503e-02 6.379794194617971481e-02 7.983417270625704776e-02 1.029321528847700895e-01 7.261022848594626822e-02 8.931091157213864873e-02 9.553982247475266421e-02 8.938963412581772683e-02 8.541010740436427717e-02 8.416218199134620215e-02 1.077756427172737452e-01
8.506969021477274462e-02 7.937312938065847756e-02 9.629824525084473841e-02 7.682167511663486048e-02 8.883178966988992953e-02 1.032711815398165978e-01 7.366344883776466956e-02 9.645268414416884040e-02 9.547515633060321694e-02 8.156832593017658561e-02 8.560545951125976549e-02 8.792740164051550400e-02
7.050831315792142895e-02 8.709183988892572892e-02 9.851128681098265949e-02 8.743185688290844304e-02 8.960661304608256994e-02 9.315305562729402078e-02 9.318176025848462496e-02 8.730879531760117607e-02 6.904928084356741491e-02 1.038470437275478969e-01 9.875281463805093973e-02 7.364892813393944526e-02
6.969144286181316872e-02 7.687508597158287937e-02 8.078526512776942892e-02 7.682393407010681963e-02 8.024859698889580395e-02 9.443549412026915058e-02 8.883988672028951539e-02 1.022208555934003976e-01 9.994899496548560747e-02 8.819620486423013217e-02 9.569159186007818174e-02 9.765564397250783846e-02
1.026695782136994306e-01 7.460104592898333942e-02 9.303188672419702987e-02 7.294658099067913293e-02 9.531374559405857150e-02 7.030504217351206397e-02 7.848347905054441076e-02 1.211045124776583548e-01 9.044074985675347456e-02 9.695275529822458549e-02 7.505086305901402521e-02 8.403668243773186608e-02
8.043662406758542160e-02 8.262782245181347907e-02 9.468489094285630070e-02 7.780963745919414198e-02 9.763598332363439269e-02 9.528810619935289272e-02 6.757458006160389774e-02 8.866878548841314323e-02 1.090550054603204450e-01 7.307842414452010715e-02 8.043465766259157157e-02 1.059814913420758092e-01
8.756876875904426316e-02 8.714441453774572632e-02 1.109766519469194274e-01 8.105657397528256980e-02 1.103782056283245522e-01 8.667242878050447630e-02 8.249665451130280824e-02 7.945260867823869533e-02 8.376199555920733897e-02 7.414745404196661227e-02 8.362454691235941817e-02 8.440986162803586212e-02
8.851800624717255650e-02 8.271907695917979364e-02 7.560706606570305466e-02 8.640947115984712323e-02 8.703682510344157297e-02 8.606675502921112830e-02 1.093235115013009712e-01 8.267287676644345662e-02 7.297947242156854752e-02 1.171987772873665512e-01 7.683356265265890717e-02 8.766566517728906216e-02
1.018267067999912567e-01 8.440501216664400563e-02 5.356356036598639708e-02 7.771605845606628649e-02 9.411356706031068220e-02 8.370160014277716609e-02 1.326985477491738341e-01 8.699823608086423854e-02 7.038732760018236168e-02 1.193806955110514600e-01 8.150131342416803981e-02 7.614484253019669635e-02
7.378659075951703172e-02 1.091282039280304927e-01 6.964319916786337883e-02 8.189120553679264669e-02 8.410527977363807528e-02 9.069259133310514365e-02 8.693849817058939278e-02 7.140395164001611672e-02 8.777781098711837093e-02 1.040224927714363951e-01 8.890035817880796720e-02 1.050909559660076487e-01
7.890284507304363981e-02 7.421285847927218404e-02 1.032704592773206337e-01 9.144187008110285508e-02 8.080314746091812883e-02 8.062809602182473279e-02 7.730505815926248803e-02 9.885584408902174658e-02 1.049680730856379501e-01 8.046145559138850878e-02 7.625957347998951752e-02 1.054469824935173466e-01
9.564190308628536807e-02 9.966398043789870265e-02 8.704926417660366345e-02 9.181720913080715363e-02 8.482966380653679528e-02 8.211326139371387389e-02 7.554153598880831988e-02 8.599133208694662023e-02 8.822158919927963749e-02 8.009310267505824477e-02 9.135822949745001087e-02 8.678072018827116818e-02
8.181993817470258057e-02 1.065193153427017175e-01 7.028979690237496802e-02 7.426857583510003413e-02 1.078292807367843414e-01 7.918739459527474045e-02 9.125921044687762551e-02 9.503687424033320508e-02 8.797379714840858345e-02 1.084151056337852442e-01 8.121420513173362166e-02 7.046239466898449044e-02
7.822658626660199122e-02 8.968247779495897021e-02 9.201721714871663460e-02 7.820314597355329522e-02 7.780281152916974918e-02 9.334861963478066627e-02 7.753249697017804143e-02 9.528602756964477116e-02 8.340370674329948553e-02 8.982780864346455452e-02 1.068140477921524084e-01 8.813047604863617768e-02
7.696469240746162122e-02 8.874906798031223509e-02 8.257257396375701497e-02 8.418110298948279502e-02 8.785883675656093461e-02 1.051481865805104776e-01 7.702830626522869095e-02 1.063203706688604921e-01 8.249053602413086717e-02 6.948034408907891035e-02 8.531522708848517100e-02 1.064234628231963270e-01
7.668964111136276907e-02 9.903097032607351136e-02 7.045379444866232965e-02 7.910981745600496884e-02 9.093577475124438314e-02 8.624995548475419826e-02 8.975773773119115340e-02 8.891037528182184346e-02 8.539928478848199389e-02 1.002547731273079196e-01 1.183796805902307958e-01 6.871381188306362187e-02
7.827906502904145858e-02 8.409186265215065625e-02 7.875431803496157901e-02 1.218107360929709670e-01 9.695589060441119067e-02 7.690556548140659032e-02 9.884894320528936351e-02 9.189009032053013781e-02 6.884993224420507540e-02 8.332062794570883890e-02 9.156181250196834820e-02 8.237481730212529996e-02
9.047425728854324722e-02 9.262032574897222093e-02 8.842729397458282126e-02 9.746085998805940898e-02 9.183512240505602164e-02 7.398786732654394349e-02 9.012116516131031541e-02 8.037168536773969807e-02 6.518232795152369141e-02 7.719064372578683664e-02 1.171160248697938056e-01 8.849775233977821842e-02
8.079232139515969691e-02 7.893656251650908728e-02 1.034815598439543100e-01 6.476228516423254700e-02 9.946878847323924189e-02 8.004023944847758754e-02 8.696150488809885337e-02 8.801027502532422775e-02 9.252486673814430684e-02 9.602934960113031215e-02 9.691495280140224877e-02 8.382719492154751262e-02
9.489209824171281060e-02 8.699690600364182180e-02 9.351306955433061341e-02 7.654582509676083335e-02 9.502899183225325952e-02 6.646554387246982054e-02 8.103583449427058383e-02 1.145664607574376909e-01 8.597854500210200257e-02 8.498633806612511388e-02 8.436782299268640040e-02 8.781288797633726717e-02
7.828508245737514359e-02 8.913541534139253486e-02 7.975077324052906591e-02 9.238378829822524452e-02 9.434326495622639974e-02 9.025481390345992116e-02 9.516495714603566414e-02 9.199417468293759337e-02 8.522945873853791932e-02 1.000640509057952737e-01 8.160949231012604166e-02 7.174643882227907388e-02
7.037851661843037843e-02 8.658696309172909944e-02 1.082102359924077828e-01 7.904986689668060118e-02 7.947680360722264581e-02 7.882891356289840890e-02 9.261524184285778449e-02 8.809485603746139426e-02 7.936760280611071527e-02 9.873730297784662213e-02 9.751541572335134522e-02 9.267016831666825827e-02
9.256210014983627665e-02 8.727108887320401964e-02 7.706070907656710489e-02 9.297641109761416167e-02 9.446156490278774520e-02 8.391473714676496443e-02 8.945674362563461879e-02 9.150490853606760289e-02 7.947568604641384871e-02 1.007014900495251802e-01 8.311203518060739093e-02 7.701814089896134863e-02
8.515478172648530131e-02 8.428364225287068856e-02 8.336338894645620168e-02 6.590209861865886642e-02 8.169109069976948634e-02 1.061254261589508335e-01 8.991188067436993447e-02 9.625734084958767478e-02 7.880966796960700571e-02 9.204460694059403425e-02 1.069322590582389571e-01 8.166522040669474403e-02
9.639660601005145546e-02 9.206651351185378418e-02 8.482881535382841287e-02 7.609028971768477811e-02 8.614077345958862097e-02 9.007628368976926259e-02 7.462987331080048192e-02 8.592189464686786349e-02 8.313320787112382648e-02 9.465471803677011353e-02 1.010094520020590053e-01 8.474778664759738400e-02
7.464713506633598172e-02 7.359904541472150896e-02 9.552056063168500033e-02 1.083978779849846252e-01 8.226812778089787059e-02 8.962545765860886748e-02 1.039357185773917697e-01 8.916397389692123920e-02 8.974547372220162411e-02 8.094981847872545488e-02 8.503964302339976633e-02 7.858064506806630711e-02
9.231040546136029534e-02 7.745197737851544639e-02 9.826297906945045957e-02 9.707858360432652933e-02 7.728257584569721284e-02 7.170472405769130753e-02 9.363946627769501041e-02 1.012091888726227573e-01 7.257875172772866590e-02 9.416095157553656947e-02 9.080920007241649605e-02 8.491447507147162344e-02
7.256121926365405317e-02 9.578898360776012810e-02 8.350333192778111591e-02 8.784560962691204122e-02 1.051749431323007467e-01 8.347596097280204908e-02 8.514910999539813952e-02 9.354809562809440759e-02 9.488994795185905218e-02 7.072332279456144954e-02 9.166946086858691889e-02 8.652617331718667759e-02
8.223716717054929681e-02 8.632482990723906735e-02 9.675848275034149015e-02 7.784962691536702339e-02 7.914191586067352568e-02 8.788151369467758767e-02 7.689113027481812856e-02 1.161010738891503635e-01 7.481040560471893808e-02 8.571886627542660286e-02 9.533181884213358381e-02 9.286242694523481889e-02
9.765036127749431027e-02 8.890720692758397048e-02 7.882197116501839240e-02 9.482961332516767761e-02 8.340970528707010445e-02 8.182236568413235600e-02 9.927723888151300524e-02 8.747267490950283442e-02 7.588245126263108709e-02 8.045508836751655291e-02 1.043703590306707674e-01 7.771932893677116483e-02
8.882586471730319344e-02 9.478759073957948589e-02 9.424076706950518245e-02 7.404552371372111197e-02 1.003698297084471835e-01 9.818352610416165860e-02 6.788140547683792214e-02 9.800341825621265712e-02 8.753244872754013806e-02 7.789662004743500012e-02 9.086834203056283477e-02 7.891398753385110709e-02
8.857481059781527333e-02 8.051827538994388300e-02 8.625695663389333634e-02 8.337159433463026126e-02 9.033454216235264900e-02 9.341091933423527338e-02 8.505545786291912602e-02 8.848059303996537450e-02 8.444004992085317463e-02 8.062969732488635410e-02 9.243844467278544696e-02 9.488784002337907753e-02
9.297874632261578232e-02 8.433372365878202825e-02 9.147573259505896448e-02 8.914368003154075903e-02 8.043592753406987594e-02 7.883020097566231787e-02 8.692947939438823435e-02 7.495883828163953100e-02 7.833313339531751407e-02 1.130451334383079237e-01 9.372252484066138922e-02 8.667554387737570754e-02
7.083102835310316203e-02 9.193061328806580168e-02 1.034672585987541082e-01 8.680221339735008645e-02 8.561034047626726873e-02 9.165075920487626704e-02 8.018072355198964385e-02 9.089757207554982621e-02 8.516855249096938474e-02 9.666083581489842702e-02 9.350366230068499207e-02 7.389494689259952509e-02
7.891685496020935109e-02 9.517720777616466010e-02 1.056786057826839403e-01 7.442429016618394566e-02 9.070414034366698630e-02 8.360498415054797017e-02 9.247240445150504973e-02 7.576255275653820398e-02 8.090391557721303417e-02 9.383851822080498117e-02 8.638321685535518824e-02 9.262633264387107324e-02
8.876424046244069110e-02 8.823193631325841613e-02 8.652186084812114875e-02 8.702991101589303835e-02 6.699133312891715486e-02 9.317577118334187392e-02 9.187115728335047693e-02 1.074003835990567507e-01 8.887660821904502795e-02 7.915322751958474290e-02 9.325784388341647191e-02 7.960804664258912255e-02
7.745811170331473594e-02 8.313396447904057573e-02 8.718156978678286151e-02 8.395076394244049833e-02 7.525566521546660226e-02 8.707444858930986353e-02 8.051439771817227309e-02 8.463550117267193418e-02 8.854796329288307233e-02 1.003208858782081020e-01 1.025499450773143667e-01 9.960482725245145552e-02
6.805462823516793269e-02 8.903709775055412834e-02 9.244663220852888941e-02 7.786603824275492580e-02 9.070084133528800996e-02 1.083472902609107363e-01 7.901179375475571309e-02 6.820810325960907639e-02 9.195118704081639560e-02 9.638426319210478821e-02 8.049908472619708710e-02 1.116314951761299412e-01
8.129102039719379724e-02 9.900593905338520018e-02 9.158168202865325791e-02 7.072280035214530136e-02 8.865800155866156163e-02 9.198856360896577600e-02 8.006890115887327353e-02 7.346755624435521992e-02 1.002636241110443222e-01 8.052602980679833544e-02 8.913222537630151321e-02 1.048048063460566559e-01
9.111298415839368114e-02 9.907855258333850279e-02 9.712724279382181636e-02 9.101834687552087799e-02 7.385394748709080137e-02 9.461268338290042268e-02 8.089484440414763944e-02 7.660997674812423941e-02 8.416434139612082033e-02 8.955321800199543547e-02 9.263859725760606456e-02 7.932786997556492969e-02
7.664679398898520402e-02 8.667139104996669785e-02 1.048261546307335396e-01 8.224666298969648959e-02 7.983779368069145177e-02 9.018347155321768116e-02 9.100955979621293268e-02 8.206665532772626503e-02 9.019008746447669533e-02 9.444434786060432185e-02 8.537302492926449049e-02 8.597516719312135736e-02
9.339309665895217938e-02 7.659790884550322920e-02 9.339997548176444397e-02 1.047090695031319685e-01 8.447468541610883563e-02 6.357681424758129807e-02 1.058448500833298056e-01 7.697940116783251463e-02 7.824298056912289134e-02 1.139790152981813298e-01 7.741239987019002400e-02 8.638733032060957884e-02
8.312953360850994233e-02 9.950591853751727944e-02 7.966433857106568206e-02 9.092064548081849051e-02 8.311285025881129385e-02 7.027093115905422294e-02 9.047273278303648303e-02 8.807975216648990247e-02 7.059991213034851054e-02 1.144974817132953654e-01 8.059584235446885792e-02 1.023727734960573066e-01
6.455755103706951881e-02 1.001013366433560481e-01 1.086628755538429636e-01 7.302706550406691532e-02 9.787894533877601611e-02 8.336967264400721445e-02 8.557464703458603217e-02 9.822896345614141878e-02 8.158848607672608555e-02 8.023995247891278770e-02 1.035978504105159737e-01 7.713677573583206659e-02
8.674189186214194269e-02 8.687963514606551751e-02 9.636120580148097026e-02 8.132200505088851838e-02 8.325009630066242117e-02 8.359559336882783909e-02 8.102636983550012828e-02 8.486950618411540082e-02 9.890749145094067385e-02 7.193577159419865807e-02 9.055994681298516757e-02 1.048471542810108792e-01
1.092492566076421479e-01 9.157295841200790987e-02 7.708263742911511396e-02 8.547894170907875677e-02 1.051176194832064981e-01 9.213653336695885876e-02 7.673452121936008563e-02 7.776529855202445052e-02 9.356345791259591815e-02 9.398323517812252892e-02 7.217094583089977977e-02 7.747532587057741338e-02
8.723138074409050868e-02 1.250486851208955363e-01 8.924352243123448436e-02 7.363950032558677639e-02 9.304840084263896194e-02 7.824520703244687569e-02 8.201916005347044403e-02 8.613900860464657194e-02 8.659872858458035616e-02 8.151594888185327570e-02 8.357705543277832438e-02 8.620147991562619738e-02
9.629956353763344246e-02 1.012364696190160146e-01 6.961941766944312882e-02 9.658775343921222056e-02 9.916063352755927207e-02 6.606583538862233207e-02 7.497345676547990945e-02 1.098947913621465128e-01 9.269765363093408761e-02 9.612972093227474535e-02 8.800935389566180711e-02 6.500909530954335214e-02
8.610492989352799831e-02 8.570247302695237213e-02 8.794952888630692966e-02 8.902156390212326298e-02 7.919898230203481493e-02 1.020372917190636025e-01 8.106505700686096605e-02 7.866642487784446247e-02 9.028101928648182839e-02 1.138903621861059173e-01 8.178198896866559209e-02 7.563141147956370380e-02
8.779762396628161547e-02 8.084077028305011736e-02 6.028710033058710949e-02 8.379724599162383103e-02 9.979207148220267665e-02 7.756063927649416156e-02 1.024813582424627528e-01 9.323278804744092318e-02 9.861966300205955716e-02 9.351469543932870720e-02 9.405605967750031715e-02 8.074037461763097778e-02
