8.090205633264312135e-02 2.752045181087190984e-01 5.717015458168113462e-02 5.089735915957224743e-02 6.586564506191476542e-02 2.064269172587765780e-02 9.552336971722812098e-02 1.061877970183368880e-01 7.462867850025863004e-02 1.226849977454410184e-01 1.388533786197550420e-02 5.095525304158308316e-02
1.774680183320175297e-01 5.702702008355407109e-02 3.331194134576064003e-02 2.342702098717938386e-01 1.427590047557501622e-02 7.211914269542225864e-02 1.124567975366351502e-01 6.254551380114994896e-02 1.220304304125580386e-01 2.016280024024844075e-02 4.799157508443801373e-02 7.996901480575502319e-02
1.357465741177587282e-01 5.945757956376836184e-02 1.623540210852373045e-01 5.874080568523803308e-02 1.257980652406611166e-01 5.542152211716678406e-02 3.457257586471283034e-02 9.097602714281845249e-02 6.955745022299446301e-02 6.761001067630136030e-02 3.925314314862088372e-02 3.637760986059172807e-02
5.880746691045694863e-02 5.518068925307457323e-02 1.544853130674219976e-01 1.753742837869729509e-01 9.714526026995597141e-02 2.363721114047621225e-03 5.843851114829760190e-02 1.237200959105770603e-01 5.384839017424843804e-02 9.367539180336655058e-02 5.027594839939088928e-02 6.180212894974507210e-02
1.002338554290861106e-01 9.979381805730849764e-02 2.234279490741764018e-02 1.547052100518573059e-01 4.963840586748000105e-02 1.134791347903932462e-01 5.018147666530096279e-02 3.517564121506338431e-02 1.345230411094928413e-01 2.261161314483791165e-02 9.813611602971532288e-02 9.460100869216649111e-02
8.816354148869645635e-02 6.091386313479944109e-02 9.542000222434966761e-02 3.126012506731794538e-01 1.034454838456578679e-01 5.448589928973462948e-02 5.345863947931867033e-02 6.725874070448145670e-02 4.985275525135838409e-03 3.565276379174617261e-02 1.305243701431653691e-01 6.247364750766973285e-02
6.295423371847969074e-02 6.198481400409594499e-02 5.523300032420027511e-02 5.789316002419916951e-02 1.349549069663687761e-01 2.582193437494627666e-02 3.796205365443100499e-02 8.794859120419767917e-02 1.196865163154641476e-01 5.335427831438348950e-02 8.187509514758792295e-02 1.622873701651789680e-01
5.360260991696627619e-02 1.066479711294704702e-01 1.109631787003344770e-02 6.087485427239545110e-01 2.996390223547662837e-02 1.363570604082484095e-01 1.484014712653136114e-01 5.612784287926900900e-02 6.848701244064957921e-03 2.131912130861114141e-01 4.254102549828105151e-02 3.610680273073267610e-02
5.729681083908464562e-02 1.223553670672358762e-01 9.224880114497940875e-02 1.227924549328190604e-02 1.138685966914448205e-01 7.788047170360622162e-02 7.365162869070979168e-02 6.365182985312478614e-02 2.803368144747732035e-02 3.058989309615877186e-02 1.130054696996995039e-01 1.792662803128534099e-01
4.725010517166515489e-02 1.516294927425439754e-01 1.147403094226286113e-01 7.948200599463658977e-02 1.273262865221056195e-01 9.520447714880447831e-02 4.533500155365433049e-02 4.728722845239509420e-02 4.746858703567596177e-02 1.176306924733054732e-01 2.403517602440575010e-02 3.719309370326184111e-02
2.243421665073641880e-01 6.934024509703562433e-02 3.469998473356310231e-02 1.034073370245253282e-01 3.532827623781580051e-02 6.693250847756102018e-02 6.782098752669143450e-03 6.706271016613352121e-02 1.206853244614742166e-01 6.433999201920331812e-02 1.164729593887577908e-01 7.181839225088407219e-02
8.681844894382401145e-02 1.191903899433073427e-01 3.018057426315914893e-02 8.650686888145323050e-02 5.166396099905556233e-02 2.327368893101502689e-01 1.861790648058906164e-02 2.131983865024461855e-01 5.852285938416315614e-02 4.895610709106175407e-02 1.988286006735945355e-01 1.111329258763184800e-02
1.150259824008923737e-01 1.042536003583555831e-01 7.064084663116752816e-02 4.638464424756473525e-02 4.997518116862283144e-02 1.367616606489159281e-01 6.584615876827484837e-02 9.221482207210442150e-02 4.042994943771512084e-02 3.230373466845160718e-02 8.753217442653547786e-02 6.254878868534165248e-02
3.628608206065175867e-02 8.446941860072362807e-02 6.693800187404198854e-02 2.923569917171318575e-02 7.748934821569027076e-02 6.247186228813662867e-02 1.122375900202279009e-01 9.497859858566282121e-02 7.821400889705382165e-02 3.682614841729710264e-02 1.770882977609886944e-01 8.668605821889030505e-02
4.998994723956425024e-02 3.839621998101577088e-02 6.297936143054738700e-02 1.074646515099405009e-01 4.229493082986066077e-02 7.058929373662198303e-02 4.882231813294583139e-02 1.216125277569873042e-01 5.901120492373612691e-02 8.480364703405017524e-02 8.537921351577303086e-02 1.430155576669819018e-01
1.274888237793383450e-01 1.705943237545633484e-01 2.518110010551050104e-02 1.310645534189963379e-01 1.121244060227533090e-02 2.021780866822275868e-01 6.047601529649718199e-02 1.914048344157831538e-02 1.517947970684564440e-01 1.302651352386212380e-01 5.794023255700389563e-02 4.659354736921600404e-02
7.040002941240580681e-02 1.200803624542309822e-01 7.723306955428695109e-02 1.162665874655209423e-02 3.871536454465950017e-02 8.430801395063310111e-02 1.199020142321326615e-01 9.423812733471879921e-02 1.636629160148336815e-02 2.913708493829015450e-02 1.967566765559128905e-01 1.188041802413357106e-01
5.805140478470143667e-02 1.566495914872280404e-02 2.083252176788362442e-01 6.432481475123962011e-02 2.834116071355744643e-02 3.369277371031101365e-02 1.816218967034269882e-01 1.169275024827224480e-01 5.703568068590837009e-02 1.304872024574834644e-01 5.222667050177750431e-02 9.428266302437064705e-02
2.708672242224761245e-02 2.048941950613172025e-01 7.836170223240977728e-02 2.244434832322252452e-02 1.885649245498887960e-01 4.327668094667106585e-02 1.215738503849684571e-01 1.010111869376952715e-01 3.213638196984542478e-02 4.848070014725095606e-02 3.550187823394349018e-02 2.102264667669312137e-01
5.912569757608475418e-02 7.146017466136618534e-02 3.370632055191100096e-02 2.217081954676808353e-02 2.818426593001712721e-01 7.719249788405287138e-02 7.626734749942973290e-02 5.135890967557774078e-02 1.032999655722844912e-01 1.021500634115876938e-01 7.461394086772595025e-02 6.009393557599958247e-02
1.668150957597169456e-02 1.256235428288207112e-01 5.874057758181545907e-02 1.405962175034632944e-01 1.576337249980428248e-02 1.384550573953838570e-01 6.901093140686263838e-02 2.507944599744861558e-02 1.522943716610055953e-01 1.467963138550455460e-01 4.940701478425300885e-02 1.350879886855822498e-01
1.198572029126541635e-02 9.839550122701568036e-02 1.002151775192742234e-01 1.194850284956083669e-01 5.057645852532933334e-02 2.275354547845796216e-01 4.320240302969943769e-02 3.941243590024778171e-02 1.904671519224931664e-01 7.198016519794317447e-02 9.694794562488567857e-02 1.525950840726434700e-02
7.111505826074353276e-02 8.263741862379726799e-02 1.200450034547243389e-01 3.710134691403245422e-02 3.851575423306838331e-02 2.147028037970009906e-01 4.232327010973030434e-02 4.094534843063572793e-02 8.512764664011364391e-02 4.103668388571495018e-02 4.396667605277805591e-02 2.043700800353489277e-01
6.894645639415095117e-02 3.431605135437471032e-02 5.684816569536630532e-02 7.954335710326172759e-02 1.006987959604751237e-01 9.280850906221105312e-02 1.660433031151125061e-01 4.398653950097368426e-02 5.278602032107885395e-02 1.329044909840549071e-01 2.290239910905776666e-02 9.093006151729779440e-02
1.362420982768731137e-01 9.823535841964911586e-02 9.765259508789000953e-02 3.852395434087935167e-02 9.845857973616292669e-02 4.099142600578811746e-02 4.904125959613320207e-02 1.488010296226625201e-02 5.464973688997847717e-02 7.620026270321705875e-02 2.567408826364512286e-01 4.620039486424599995e-02
5.049958196626656154e-02 9.542069129432351193e-02 9.076731319443281931e-02 7.276841981746298704e-02 1.027610014969752711e-01 5.787422733457533996e-02 1.445240357352850225e-01 8.433179201525865809e-02 1.239123411697544835e-01 4.529438201182225260e-02 2.586360045173844921e-02 2.655857989875148178e-02
8.240358903809336111e-02 5.868915087413213022e-02 3.685937294073974441e-02 6.469480902717368587e-02 1.239284507643878541e-01 4.919211215829166761e-02 6.737120471850151227e-02 1.227740289852692762e-01 4.353880514825749642e-02 6.598782313873373384e-02 1.359789560444504830e-01 6.395409686267666816e-02
2.765380425242300322e-02 3.230225991199305730e-02 5.842677639450264554e-02 8.050034245190483551e-02 6.867170702478579691e-02 9.302902561015682914e-02 7.031385319439924231e-02 1.422214757609119862e-01 3.385150033368362205e-02 1.619946457197491696e-01 2.237045132966153718e-02 3.189665726638466481e-01
1.143226667089037168e-01 8.023492821105294992e-02 4.882024289856289750e-02 4.157463280650822157e-02 1.150573259620282646e-01 4.383051607707748321e-02 4.401998866872607052e-02 1.029847466754798685e-01 4.105790350968958197e-02 1.844700223688340301e-01 9.849483098617253796e-02 4.709179432121881476e-02
5.966323748373191654e-02 4.119462426962776369e-02 1.029321965511860171e-01 5.408723689282856489e-02 1.047593601197083640e-01 1.147320832705809451e-01 1.008376431248803468e-01 1.956378616098720588e-02 9.551218241853488833e-02 3.545711302166339868e-02 1.404088021595272517e-01 7.323535539214826029e-02
4.374642631058081599e-02 7.046485963742525616e-02 4.561238226102928839e-02 3.105571768309057790e-01 3.969121148779845148e-03 3.915163552284452175e-02 1.710914910663190736e-01 6.746539232445657175e-02 1.300756695010641673e-01 4.454496919684791667e-02 1.495422722054199072e-01 4.615960425576626225e-02
5.805359431748800814e-02 1.126552307401764708e-01 4.642710600799294235e-02 7.068483636165705242e-02 1.105132039549815287e-01 7.317686773030143699e-02 7.747866918282785009e-02 8.117263591158890845e-02 7.059273235904710286e-02 9.414631940957894629e-02 2.850987786121847792e-02 6.957471558137469370e-02
5.191947231269107565e-02 3.573542796873677846e-02 1.058672202312103683e-01 5.052955824431484139e-02 9.325733442016377606e-02 1.179985519497441793e-01 3.430793929237484913e-02 6.465445215502635401e-02 8.294712507763626896e-02 1.381856238883550081e-01 6.763018703752186889e-02 7.034100497905912408e-02
8.972790713204685520e-02 7.492880581453618960e-02 4.980669288219271434e-02 2.277764132932172947e-01 1.222284923306168371e-02 2.789696843287805400e-02 2.493556955619274651e-01 1.725583044157659104e-02 4.180713346300580363e-02 1.124713971169596094e-01 1.354868144498425353e-01 7.016699064211898151e-02
1.183827677899364911e-01 6.004094374151233704e-02 2.191808604705359348e-02 2.053428162392852141e-01 7.745166405243390784e-02 2.170913276457913169e-02 1.696265449532298464e-02 6.214326928046916276e-02 1.279846350621396400e-01 5.170653274337055211e-02 1.362537024415257925e-01 1.147008068361500682e-01
2.523253825633137507e-02 6.731937292143864993e-02 4.854273616791475454e-02 1.325324161950050816e-01 8.212703480044321325e-02 8.524675726377325957e-02 1.283238507130931294e-01 4.640353987310746886e-02 6.038831205612552738e-02 1.331778633049168215e-01 3.158985141634132465e-02 1.072235179648129283e-01
1.317889388324538780e-01 1.053967422257122144e-01 6.620045303640846590e-02 7.913443747452092447e-02 1.005076508153473214e-01 4.618105771324559905e-02 5.506605177904549259e-02 1.661350507091622630e-01 1.158637966336692748e-01 2.698064940616243332e-03 1.234358409410962233e-02 2.117770201827302301e-01
1.351528824794146280e-02 1.386735708151067281e-01 1.050751066830449415e-01 1.156381267966551524e-01 8.346419169433508256e-02 3.232305205309684432e-02 4.527620351907634538e-02 3.840556985066746754e-02 7.450556473085977183e-02 8.010343317613603797e-02 9.374398455998737834e-02 1.582506611527356166e-01
7.894709553497523610e-03 7.293987812912158808e-02 1.778362273241363978e-01 2.419285615179793056e-02 1.429575386254039737e-01 5.094177711066253528e-02 5.438538328488535384e-02 1.899848126917149105e-01 7.802275766204788687e-02 5.348666482211922313e-02 1.688583352366056223e-01 3.917858357750743370e-02
7.238833925073560882e-02 7.488515230182153648e-02 3.129737885969143679e-02 4.985873583664722497e-02 1.162244644865277760e-01 1.250676250510670273e-01 3.680283867123121389e-02 9.394974061762052797e-02 7.316867936733978395e-02 1.093996523927613929e-01 4.740249274088188108e-02 8.887403427218587559e-02
1.322139238517406334e-01 7.812148937536116111e-02 7.123697618626712025e-02 8.073041371028436691e-03 2.271979500878598124e-01 3.645952139685211535e-02 1.298026724614120830e-01 8.276349124864686158e-02 5.049178353976676442e-02 9.858997548458640903e-02 2.719740325761596869e-02 6.529776598598538428e-02
8.123897368106325345e-02 6.213585717856289631e-02 3.732514990074460859e-01 9.714514681585845191e-02 4.904979854231142355e-02 3.890985278072335574e-02 4.054026507553946945e-02 4.863579722658958188e-02 9.020993946741158453e-02 7.346044474025579564e-03 3.226640758057948699e-01 4.239677767344266629e-02
1.480369607296097012e-01 4.261049512872645134e-02 3.228466274359654414e-02 9.399801395039113217e-02 1.193831470158263075e-01 1.176964109638714145e-01 6.675308704076826638e-02 1.934645874408337241e-01 1.556081084054290221e-02 9.552143243600094702e-02 2.011453052853419757e-02 7.909348371527073762e-02
4.735518652859477262e-02 7.169604415533584185e-02 6.533017092887442867e-02 1.123260325592072145e-01 1.558104924433004190e-02 9.295738376923629032e-02 6.020402678940460495e-02 5.048005176750747225e-02 8.761294969870708771e-02 9.730229061844573868e-02 2.091895207129534362e-01 6.061155574861291223e-02
1.391828406587413414e-01 9.238610547302616993e-02 4.968484021204362666e-02 3.522712835415136440e-02 8.125169234086014602e-02 8.751654690941737536e-02 5.491751898137996191e-02 6.772782796052834176e-02 2.542254790951873830e-02 1.678368374279607667e-01 4.296290589815388028e-02 1.024415383377786509e-01
4.301402079386057453e-02 1.310076583891286450e-01 1.723260212661041901e-01 5.309295954436198117e-02 4.743463235991816213e-02 4.703438537470221170e-02 1.408272631225787608e-01 5.798544315202165678e-02 3.139319292277163720e-02 7.051124272576964058e-02 8.772097944986732843e-02 8.019389229302480160e-02
3.981749250871997881e-02 2.828293179811391250e-02 2.691480124929482992e-02 8.276565890596558617e-02 2.122853721096459589e-01 3.051010645283117051e-02 1.824677563677804537e-01 6.811964410672448345e-02 1.815515828648569530e-01 2.090599051714263010e-02 1.353793820820464733e-01 9.503230902951570469e-02
5.527044770907519472e-02 5.795933201459450845e-02 1.847447120423387212e-01 1.953511162290522685e-01 4.310701788528387840e-02 3.414990392901078725e-02 5.639869461588972038e-02 5.525512188669458313e-02 1.680437277550360098e-01 1.673022018405617706e-02 2.302582340747286183e-01 3.350917839911041890e-02
7.806407541452239918e-02 1.133837303435712707e-01 7.147714010754607772e-02 1.151214008806863143e-01 7.240840115302003832e-02 3.083874235494661609e-02 5.522665670706788238e-02 5.982573535268887605e-02 8.923049750898903731e-02 5.909494287488517572e-02 1.142243258952740578e-02 2.024172526546522966e-01
3.952352613102030898e-02 8.010294569826230393e-02 2.138178085339805662e-02 3.211268762766071316e-01 4.350662100989582254e-02 5.305111606782809963e-02 1.701861635750633317e-01 5.036089770687788431e-02 8.930573940488985285e-02 5.433775849276807624e-02 4.275170863174609232e-02 1.363908938730526432e-01
1.011821643271980237e-01 6.637957494267884839e-02 5.254090230736364366e-03 2.878044987199399746e-02 1.665021049923305352e-01 1.659692859776540352e-02 8.803361091329722776e-02 9.816381276418485735e-02 9.689852384356258119e-02 7.462121948303947205e-02 5.322459756147505938e-02 2.439760003103998987e-01
8.266641995557576228e-02 3.604640752400067871e-02 1.278383243548508741e-01 3.730015319728847284e-02 6.968019097723292254e-02 1.600352650961148482e-01 2.535906699189905550e-02 1.312868697615348357e-01 9.500506163396715831e-02 6.356026417073649959e-02 7.098236662061344071e-02 6.646407844268903409e-02
1.908927713743606425e-02 5.860191652390869810e-02 1.406377477285341571e-01 7.502100679253337345e-02 8.672853882319346563e-02 1.081457423746916280e-01 9.335483243103750994e-02 6.932729106692882282e-02 1.356558237639250361e-02 1.574483016370710753e-01 1.142695582440839408e-01 2.552100727239760974e-02
1.526278267687900675e-02 3.322899176047994924e-02 4.272810254624562903e-02 3.737238884888068047e-02 4.502719193724934177e-02 1.062639585049523772e-01 7.960494434149967269e-02 1.515985338914904723e-01 1.216428990494933249e-01 8.266494866216785031e-02 9.952036185901644294e-02 1.107838336437489413e-01
1.762428011343065704e-01 2.617951360017132731e-02 1.638504003925083663e-01 1.971640333384333532e-02 1.464575751004405235e-01 2.158821650864551842e-02 3.097549424826451583e-02 3.846568907978061835e-01 8.035994594240944422e-02 1.483413982395050956e-01 2.269606289820528741e-02 5.661241112451463608e-02
5.577711593928142558e-02 5.563360020304212311e-02 1.067578589886799822e-01 4.611075907414230457e-02 1.279396445337395993e-01 9.035832012718561512e-02 1.776284147596930013e-02 7.110153139148665813e-02 1.891868964218111349e-01 3.292529318707971414e-02 4.757288373200944248e-02 1.727705262142942011e-01
9.560838070778637787e-02 6.138067167958918824e-02 2.531900362758724987e-01 4.370548524863063916e-02 2.504386256035027181e-01 5.778045496497757200e-02 6.927096249027962782e-02 3.729713865104199860e-02 5.284634338510359880e-02 2.937224844990647676e-02 5.971940151896705518e-02 5.375142419753819317e-02
6.269046111063497628e-02 6.028161714331024129e-02 3.806639705772933702e-02 5.477817037365854264e-02 8.378211091776059660e-02 7.414366111369551093e-02 1.840199783320127513e-01 5.218744426668051745e-02 2.035729398483311983e-02 3.268614264123403390e-01 2.873730554673445056e-02 9.895236671206987522e-02
1.257355698241469366e-01 5.119220791016496769e-02 2.303694218038928286e-03 1.854093609609450480e-02 1.166278465371536066e-01 7.057058201741878145e-02 4.685768114023367570e-01 7.111916618191042871e-02 2.795817697890278300e-02 2.947628084424707695e-01 5.290162510355771175e-02 5.146825044578051678e-02
2.061065518836010038e-02 3.213727117964343960e-01 1.159328404753056166e-02 7.037869275033850625e-02 6.683729958603920607e-02 8.787192211233554873e-02 8.139298739550018813e-02 1.508498217964592339e-02 5.451188277236201224e-02 1.692887602048526452e-01 6.160530881248211382e-02 1.974385453937784196e-01
3.873228325440715436e-02 3.059993291843417576e-02 1.603323688232951849e-01 9.350925378842810110e-02 5.486060156673704113e-02 3.772186874051341315e-02 3.708831018194062856e-02 1.511021123882379802e-01 1.589369560005799709e-01 5.583114938223172202e-02 3.218058600313835477e-02 1.884234570920382268e-01
1.115772580160822036e-01 1.298723030164765091e-01 7.171262504299366625e-02 1.018945109133888027e-01 5.558830031409408429e-02 5.842436954848137520e-02 2.715659151742296634e-02 5.930820008179279318e-02 8.086137743477821160e-02 3.945512182872549373e-02 9.448125041802567237e-02 6.721434903296405472e-02
4.114062795086531610e-02 1.881187693971086983e-01 2.047663545063327026e-02 2.257284059409043336e-02 2.057841255020933513e-01 4.553952621395047223e-02 9.859003374249157570e-02 1.007818048845759290e-01 8.257484418292192208e-02 2.042350222006514004e-01 3.818569063399149949e-02 2.913274964234459363e-02
4.783561650659678977e-02 7.642927503765108155e-02 9.667944378440809783e-02 4.034310927961143323e-02 3.057143524457686320e-02 1.169254236741305297e-01 3.381325551017599906e-02 1.240731047667484460e-01 5.294154219367004643e-02 9.003494994665388329e-02 1.755141298836160324e-01 7.603793820245519086e-02
3.964185391481760135e-02 9.414591395353057168e-02 4.305802948677673464e-02 8.609529276215471816e-02 6.457684925252032970e-02 2.036006789060962885e-01 3.739084917564765298e-02 2.005804158083642763e-01 3.803969835308873559e-02 1.948698466566738466e-02 5.078908605091331241e-02 1.880937963539578706e-01
3.006843422655810019e-02 1.316649887980946010e-01 1.726394589542475100e-02 4.410672542814811359e-02 8.342335514782835137e-02 7.393697676253481454e-02 9.757886219940684058e-02 6.647125103345716268e-02 8.433441829484343566e-02 1.423770495230187727e-01 3.327976219893041265e-01 1.652937097384768808e-02
3.411807298614713546e-02 5.712590736247952911e-02 4.322519088375471885e-02 3.557494416920071179e-01 1.351935267321417722e-01 4.931735698884681662e-02 1.189104127210670880e-01 8.369081761401771236e-02 1.601202689399387410e-02 4.939871559718776728e-02 8.782162218649917917e-02 5.764522853087045151e-02
9.553382674999252866e-02 8.975456323192174124e-02 9.287420589921593916e-02 1.119477891596311059e-01 8.618803145604003735e-02 2.485503693009413415e-02 9.313362112274306548e-02 3.197998106785108346e-02 8.325670982973465070e-03 2.531579677982543838e-02 2.811632284705389284e-01 8.769827099894156319e-02
5.214266630508557210e-02 2.961269754094433826e-02 1.917279347489408425e-01 8.062635478591895569e-03 1.761278744731305801e-01 3.605876475651381696e-02 8.673063931394744963e-02 7.489194394931929233e-02 9.447113713612668995e-02 1.203154993744249140e-01 1.135670450080511762e-01 5.616886432473455065e-02
1.199474317650397470e-01 6.173808297655619670e-02 1.309308656659153303e-01 2.991405786262608599e-02 1.258545152067347961e-01 1.098179962111961103e-02 3.691325451066431590e-02 2.493106021903814251e-01 6.558298323551313425e-02 7.828959726539191921e-02 5.079045003910570566e-02 7.799149454469185561e-02
2.965817919447207712e-02 8.416779412089286927e-02 4.266845589571848646e-02 9.509578218169031927e-02 9.840196197514645970e-02 9.324285553674603599e-02 1.029205236453699102e-01 9.885079888455806929e-02 6.769465349226667927e-02 1.396004195669257042e-01 4.164087873671998286e-02 1.896891007756793326e-02
1.562314134032556125e-02 5.662151832315346495e-02 1.991228242090226641e-01 4.114864435645667479e-02 5.615166252154529802e-02 3.463434089749749950e-02 1.055603831597365511e-01 8.036748793188208673e-02 4.303216462103803125e-02 1.637275964586178134e-01 1.091435242546009293e-01 9.833037990754606161e-02
9.191302892713605621e-02 6.784008733020004123e-02 4.040542544050326756e-02 9.416958653804809176e-02 1.045399449832170452e-01 6.870848108349481009e-02 7.373572392491645200e-02 9.992916629683974705e-02 4.305163962754886969e-02 1.487814744226198804e-01 4.834550437727347383e-02 3.844551877509366083e-02
7.696948082649479606e-02 5.322642168758450615e-02 5.529115105539400554e-02 1.011629554058940568e-02 3.563740673656310559e-02 1.927099265590252186e-01 7.998457516351226149e-02 1.267705025694316756e-01 4.000835586284709477e-02 1.055840468413504901e-01 1.833431482794784517e-01 5.263195090281613114e-02
1.308152622926227193e-01 8.314436725969201469e-02 6.804288547578576929e-02 2.701748436163705150e-02 5.851415322810732400e-02 8.514513648956428815e-02 2.230683944980912936e-02 7.270145867640330495e-02 5.574448341441220339e-02 1.052728037306101816e-01 1.411472026858203443e-01 6.174875618727709153e-02
2.102206041822751725e-02 2.789101519586349373e-02 1.100852592724860940e-01 1.998801178401172218e-01 5.799651529214216311e-02 8.105345416273010417e-02 1.612518014326552451e-01 8.142803782731895812e-02 8.929671935187181997e-02 4.102335466551615406e-02 7.609590386745353208e-02 3.302122400717025924e-02
1.027162227909673570e-01 3.605595297816532874e-02 1.581918650585670549e-01 1.065242111501411987e-01 4.081108235872100282e-02 2.441274628542705605e-02 8.026474395136823370e-02 1.600325685240256146e-01 2.275196772349375243e-02 1.081494341445209673e-01 8.570926283902277620e-02 6.840571968144366910e-02
1.906559560029418357e-02 1.213389464025388942e-01 5.285876328861686263e-02 8.039549882857253971e-02 1.664412742024783953e-01 6.182291493032172902e-02 8.875272853712024013e-02 8.233712502866254168e-02 1.228015582478155232e-01 1.556428703199394699e-02 8.058992659318807428e-02 6.316821420019512467e-02
6.443330581804837531e-02 5.897448228486704136e-02 1.362770014476574199e-01 3.338835670805281874e-02 3.639325347397404098e-02 8.795470700541681286e-02 2.771978047020118990e-02 3.438911774363423435e-01 2.035852079432518003e-02 8.002934072576586844e-02 9.852795289643422050e-02 1.068532585062128282e-01
1.284362561015887916e-01 7.079632337070500270e-02 4.361702656394920996e-02 1.154303534458509806e-01 5.084477627102518271e-02 6.030627864887939255e-02 1.320619137668101184e-01 6.940759331786766628e-02 4.344948002221708794e-02 3.342426421603265918e-02 1.971988723968315371e-01 3.654788073289354927e-02
1.063598299252128676e-01 9.194817381476423634e-02 1.287782072774825148e-01 3.615709764067405463e-02 1.235081409244922629e-01 1.181920878963334393e-01 1.267434920517792989e-02 1.277892759162157499e-01 6.307276391424393447e-02 4.418146199487964915e-02 1.005861541485908589e-01 3.342033644160813388e-02
8.192854031261406766e-02 4.126222933626737255e-02 6.975766176369997684e-02 5.667374136064425028e-02 8.425142561313857248e-02 1.016246700232928263e-01 6.312718435741129785e-02 7.994592831922399390e-02 5.596889228317705051e-02 4.661206392520674674e-02 9.699553222601639546e-02 1.004782977898036056e-01
9.510143655094673021e-02 6.614089731426021912e-02 9.994247687601436059e-02 7.371731418563109983e-02 5.010664702141631732e-02 3.936599818294270886e-02 6.292908777263798992e-02 2.912570782018519475e-02 3.534271186483597949e-02 2.340724789548650209e-01 1.060505363257059214e-01 7.709682139784292121e-02
2.096861846528680698e-02 8.424922347390935429e-02 1.572349007284633837e-01 7.582121803594392417e-02 6.170252377612561734e-02 1.017224931236202778e-01 4.119400331306949381e-02 9.644656444133001272e-02 6.098635588672486618e-02 1.248507240782684574e-01 9.048191663637762672e-02 2.248478600683568099e-02
4.347425114565584697e-02 1.045965600100249998e-01 1.810704736324934283e-01 2.636513553716781852e-02 1.136966069198079021e-01 4.749247911136648265e-02 1.168719820056443037e-01 2.929793125823463087e-02 4.083203393656487101e-02 1.200411786825879845e-01 6.278011529765867293e-02 1.111631636892242009e-01
9.332395156352958632e-02 7.660408915777577876e-02 6.924354428762358182e-02 8.021468214365881644e-02 6.882354658846069964e-03 9.308950528286930037e-02 8.052567259248974429e-02 1.895537542742897485e-01 6.907286926768073376e-02 3.858762007851362918e-02 1.256056343741271675e-01 3.380006871301634297e-02
3.634084273669219850e-02 5.984879294447147113e-02 6.876983433811070801e-02 6.209379708054662411e-02 2.946838033399097612e-02 7.695305584839166879e-02 4.542857523870585251e-02 6.924033165231642528e-02 7.425996611723424679e-02 1.476054527265976135e-01 1.431434731933698135e-01 1.391958199742396318e-01
1.055315213470677492e-02 1.005778312407388936e-01 8.074868422637135335e-02 5.362085335715754270e-02 1.181070534100587405e-01 1.796043630660138501e-01 4.338736255421595661e-02 1.101040364882965167e-02 6.123512852237140980e-02 1.262472262691103908e-01 3.777816884676678949e-02 2.518523966521259427e-01
5.374022259944472718e-02 1.371944941330743573e-01 7.146283705900140226e-02 2.162537541297901780e-02 7.739297338454144415e-02 7.993998526292059315e-02 5.358517581948223779e-02 2.071978752881620256e-02 1.433718222701873546e-01 5.170815581170123965e-02 7.899769554800821492e-02 1.647483379653522928e-01
8.903793498581578925e-02 1.345527398362106331e-01 1.101467468002401834e-01 8.729295685950831662e-02 2.146243896762804401e-02 1.261961466788096842e-01 3.961565501387902949e-02 3.440311230798316633e-02 6.763290927551279808e-02 7.648541662456050105e-02 1.189032566971175153e-01 4.203000165400188476e-02
3.218450618860172613e-02 6.490372871371080654e-02 1.664521096648963749e-01 5.007136214591768886e-02 5.086206999867560336e-02 7.743613873121378555e-02 9.595229178341241338e-02 5.598503097803481099e-02 8.183652265339946830e-02 1.116620253938944568e-01 6.388423223900528691e-02 6.573249960617985610e-02
8.381495854744763774e-02 4.411973655147854306e-02 1.370436777695274722e-01 1.339579640484842293e-01 6.534407579564460722e-02 6.061964727988352307e-03 1.756362555603021569e-01 3.466470312516486962e-02 3.513588831446787936e-02 2.564290602464355251e-01 3.286707701238062579e-02 8.949900167424883202e-02
4.030075601385606915e-02 1.893303455421471437e-01 4.353858591025152464e-02 8.995957051885561384e-02 5.891253481779003959e-02 1.423784984749458180e-02 7.324750375494112897e-02 7.592313552623895789e-02 1.500544842990686641e-02 3.523407043579344089e-01 3.423311338711513413e-02 2.500938674752143931e-01
1.225350953232368090e-02 1.057801878399408507e-01 2.184137668876160732e-01 2.923393866991327167e-02 1.335178606325232720e-01 5.332849359151906748e-02 8.227793779676856323e-02 1.166919235009172273e-01 5.756462975428916495e-02 5.575734349186017152e-02 1.546639891415846901e-01 3.167285547024651510e-02
8.243971805025407384e-02 7.385013744125655533e-02 1.139530461361147606e-01 5.410458684940269020e-02 5.655808188893792637e-02 5.271607944038037702e-02 5.519038052491009871e-02 5.571641835945055632e-02 1.371642625800844062e-01 2.001348072685192950e-02 8.244138075143271627e-02 1.476266662191124679e-01
2.126791097328632474e-01 9.910089379741540694e-02 4.633303418979948379e-02 6.473110791510047757e-02 1.860610728083205989e-01 9.307011298175796310e-02 3.494182672675049534e-02 3.722214393426154233e-02 9.975911380265155282e-02 9.661382841044427461e-02 2.212838805531622266e-02 3.465791768698024689e-02
7.878704272217113003e-02 3.656762781308740551e-01 7.912768136833711607e-02 3.012232353920514180e-02 1.033396730379867734e-01 3.543319716072954040e-02 6.374537276736656766e-02 6.237353377983519825e-02 7.356061258507819167e-02 5.897371385633989188e-02 4.753446167990218324e-02 7.775469472474325072e-02
1.040530234080943583e-01 1.437855337410279821e-01 2.916356213279924087e-02 1.315986427479113319e-01 1.131298558472612348e-01 1.707981757656566388e-02 2.554032744269331759e-02 1.990828278743144164e-01 1.071330149416380162e-01 1.101107863624824629e-01 5.964851032207945519e-02 1.261424769210585384e-02
6.762921802484880840e-02 6.998268812667776673e-02 7.437723156583093964e-02 8.740142945556966803e-02 3.910390674585158266e-02 1.862093975677935609e-01 3.685194340131896923e-02 5.387643333057808015e-02 8.633249487309388459e-02 2.502946538107705399e-01 4.662554081153556795e-02 2.666066952655350708e-02
7.536347861991310459e-02 3.648713491092563099e-02 4.238723505738849900e-03 4.264187344706441007e-02 1.429658672403152364e-01 3.898548875372336714e-02 1.843469394028368902e-01 8.043612301142681609e-02 1.576399798151740805e-01 8.335089390404187837e-02 1.133787003834657720e-01 4.730405439360847730e-02
