-6.997805533232417829e+00
-8.026961955462137865e+00
-8.204117163256468004e+00
-7.419017451838843868e+00
-7.316281187282354992e+00
-7.627899022497870440e+00
-8.045856168550027832e+00
-6.439921093787210893e+00
-8.152385263708552543e+00
-6.395330010616535610e+00
-6.899898485173418194e+00
-7.650547841089365697e+00
-7.551758601492026379e+00
-8.895044901493397660e+00
-7.949106251852178673e+00
-6.055531874413267346e+00
-7.629543108246340744e+00
-7.970557040091381218e+00
-9.079615394233362835e+00
-7.054054408470189941e+00
-6.745155305224010966e+00
-8.063022479603805692e+00
-7.411364805264609501e+00
-7.791636902197028647e+00
-7.437036746704971613e+00
-8.506961533984945589e+00
-8.153125476051801712e+00
-7.425221761436803014e+00
-1.047647103727951112e+01
-8.873990397040811828e+00
-7.318128592129741428e+00
-7.530416897026596779e+00
-7.245100998970946726e+00
-7.861394237885001246e+00
-7.513440355676865856e+00
-9.218907353132539839e+00
-8.208342734728491408e+00
-7.945444128623876168e+00
-6.392440712311613815e+00
-7.334434063432069273e+00
-7.636455332093933457e+00
-7.172871887417221259e+00
-7.935491205461678632e+00
-8.227425274882088857e+00
-6.661685844140226465e+00
-6.418710964338436575e+00
-7.972794409135651073e+00
-7.537767199405164931e+00
-6.823388929596817754e+00
-7.850382873298467068e+00
-9.007874675142065968e+00
-7.587632384259938689e+00
-8.200636732421767050e+00
-6.314527305603375495e+00
-6.263861415656734266e+00
-7.563752000193674441e+00
-8.188711547406148483e+00
-7.594065261330195327e+00
-6.673884297423886558e+00
-8.741406818367881471e+00
-6.321212638369361869e+00
-7.379842524678627669e+00
-7.436404422820519500e+00
-5.943102891030821233e+00
-7.857650296431479831e+00
-8.019744329098502433e+00
-8.525554459516168748e+00
-9.002139590149358384e+00
-5.810014129779711212e+00
-6.672016671343588889e+00
-8.973396444396335880e+00
-8.448656107355535738e+00
-8.964152226338558904e+00
-7.940166153423313666e+00
-7.136623271055126949e+00
-8.552975652642222926e+00
-9.372976445158712977e+00
-6.216864301711868102e+00
-7.565555607324904841e+00
-9.284354000487345715e+00
-7.699598054703688632e+00
-7.026531937823272678e+00
-8.131726109958815840e+00
-7.549592417223248475e+00
-7.606670974722164580e+00
-6.763625369093114514e+00
-8.620922930857000566e+00
-6.756010243873454613e+00
-9.245308960481082750e+00
-8.379718382197793858e+00
-7.449619377608337700e+00
-7.312468824979799109e+00
-6.345651432566535632e+00
-6.291470022920208294e+00
-8.543754512316622751e+00
-8.107518440126199266e+00
-8.434990272313171999e+00
-7.039332523473557757e+00
-6.583467619428914119e+00
-7.516971024686649017e+00
