-7.203691678669306597e+00
-7.321174927029999502e+00
-7.367511249243327676e+00
-7.259648076059794342e+00
-7.229449676535618430e+00
-7.282547855500260958e+00
-7.330273025444605572e+00
-7.136810175938688161e+00
-7.320788694708808997e+00
-7.091620184083474498e+00
-7.188303028185156762e+00
-7.293117783428327172e+00
-7.259519155188229433e+00
-7.440956113940257133e+00
-7.324094499123691371e+00
-7.086332317698923688e+00
-7.295101491499850432e+00
-7.341384824231178108e+00
-7.450215445277398096e+00
-7.217734083058154226e+00
-7.163429058758960188e+00
-7.331581530607183872e+00
-7.255426220863633979e+00
-7.311918520115760600e+00
-7.235184421649764275e+00
-7.397249480742557282e+00
-7.358073149289963588e+00
-7.263684855645331062e+00
-7.669547467205187097e+00
-7.452074169173636520e+00
-7.256225798363611368e+00
-7.271319419941451478e+00
-7.245671117089253599e+00
-7.309632008885185606e+00
-7.275633561066738864e+00
-7.500141504416484750e+00
-7.342525426779765496e+00
-7.339407982252240892e+00
-7.129765884122365449e+00
-7.250725194051018008e+00
-7.280838448681683950e+00
-7.210475853667507096e+00
-7.330531315820103977e+00
-7.367037737922707663e+00
-7.114745478978583115e+00
-7.114170875642372494e+00
-7.334766524207234184e+00
-7.280861713304734195e+00
-7.168914298950538111e+00
-7.313637424419612287e+00
-7.451113628421127011e+00
-7.271707477352340909e+00
-7.360902893827697469e+00
-7.116451944511278604e+00
-7.109091005998526391e+00
-7.272924000100019271e+00
-7.347400521791888295e+00
-7.267254207667949828e+00
-7.155453810568745077e+00
-7.421676690145019073e+00
-7.106007677209150053e+00
-7.245351162903040709e+00
-7.267895472345020202e+00
-7.051273998182650438e+00
-7.322426648618757028e+00
-7.321426621470213725e+00
-7.402128506007246145e+00
-7.462806294054200151e+00
-7.057809941820113231e+00
-7.127190365892449364e+00
-7.432643783600604515e+00
-7.387449415169738742e+00
-7.469849907043431436e+00
-7.333418845587428514e+00
-7.216542258382567354e+00
-7.415683753215449592e+00
-7.515932163684547085e+00
-7.091072965628019809e+00
-7.278710501155966739e+00
-7.494356474185887684e+00
-7.304481741328621602e+00
-7.181115081722103888e+00
-7.359392531316736097e+00
-7.268730879789805144e+00
-7.290448051529816453e+00
-7.176929603521052137e+00
-7.428075916836165860e+00
-7.169961339329181449e+00
-7.496764954268033243e+00
-7.393769528547633918e+00
-7.263860431400665618e+00
-7.244706219075121467e+00
-7.117580843913363431e+00
-7.112253273321553770e+00
-7.400618756349915728e+00
-7.353931839743871990e+00
-7.385633981845718843e+00
-7.219800519590688914e+00
-7.158948483994711509e+00
-7.275158853070794684e+00
