2.987923380281224187e-02 4.033807466733767971e-02 2.761975631071593440e-02 2.036400323055100742e-02 1.851424829205262912e-02 1.911535111743626475e-02 2.873766643508068874e-02 3.229839794598168834e-02 2.828570431083035977e-02 2.812463194333197219e-02
1.563223519147467766e-02 2.006862255223258035e-02 3.608456559276326803e-02 3.097798001040874896e-02 2.610629727300195491e-02 3.055500675536871810e-02 2.219267730322418974e-02 2.990272285662622098e-02 3.572871813580062034e-02 2.615617158419863628e-02
2.872529675033928115e-02 2.112699029594056893e-02 2.206376791986954661e-02 2.791695337647029027e-02 3.067391825550816464e-02 2.754768203178466213e-02 3.040905751520392442e-02 2.639609734865522306e-02 2.860839774754844050e-02 2.675932732258500674e-02
2.449072100135848279e-02 2.542322524129120645e-02 2.728310102202598925e-02 2.652612403809127481e-02 2.252576048505413459e-02 2.084142112619658677e-02 2.162600466305958369e-02 2.573926689465000708e-02 3.785298888441816778e-02 4.057186606703953174e-02
3.010947407821215963e-02 1.479852710467413103e-02 2.307116005745142931e-02 3.289742267051306429e-02 2.908431540880081906e-02 2.563716512499000441e-02 2.155093991920989036e-02 2.340201055213419340e-02 3.499593855492332678e-02 3.835593060997626730e-02
2.351494488332080482e-02 2.953518575013343653e-02 2.826493691564333638e-02 2.957952183993312403e-02 2.463721640274147903e-02 2.296409594213247307e-02 2.667465650490324566e-02 2.372055229595960296e-02 3.073446267161871609e-02 3.038829725379346355e-02
2.613961673685223641e-02 2.651833326590915391e-02 3.384388789798132430e-02 4.755503714290368333e-02 3.385281462876239128e-02 2.490773838078474967e-02 2.317245467779834728e-02 2.221105229034761597e-02 1.608488098928848031e-02 2.120439090147328495e-02
3.642638330347845038e-02 3.140860605346543211e-02 2.565228385779467352e-02 2.314635469595275122e-02 2.447277269164567504e-02 2.868069374505352945e-02 3.125107358341582681e-02 2.126436118042366805e-02 2.069223905425045945e-02 2.863166237945984072e-02
2.595222598735787492e-02 2.284937148153278960e-02 2.761477205801509544e-02 3.219622303428029686e-02 2.309180086623615138e-02 2.149170003188538569e-02 2.087827725231185261e-02 4.388760647406561577e-02 2.700361615463423015e-02 2.738319714213409417e-02
3.151436918335873139e-02 2.575958832434196641e-02 1.975169248826933246e-02 3.234587192866209687e-02 2.579162006496798359e-02 2.279583776483641577e-02 2.685686949280738714e-02 3.417856114365969145e-02 2.994846444978424213e-02 2.203139589908780296e-02
3.095381916549837242e-02 2.785908101964616745e-02 2.525531157395880660e-02 2.141375786797711928e-02 1.775728486920061244e-02 1.946537097305024028e-02 3.023597451476982625e-02 3.606434874922688494e-02 2.909220076858989174e-02 3.487482755628980302e-02
3.071085254590898844e-02 3.307252298978214516e-02 3.549433112915886118e-02 2.990785160148059368e-02 2.267221885062344414e-02 2.249166823755005540e-02 2.600567693458005064e-02 2.922934437457806733e-02 2.085147496095754796e-02 2.132872820965892730e-02
3.996621983130257960e-02 2.926307232889612323e-02 2.292427381382211235e-02 2.700253038537510364e-02 2.415296238042061866e-02 2.322238175487457978e-02 1.719273035237749853e-02 2.526856230186841010e-02 3.181810682845510885e-02 3.181657229810114923e-02
2.971746803207619275e-02 2.740383950315231076e-02 2.924080819515236657e-02 2.885649366048845949e-02 2.064319708775223111e-02 2.235303892336058112e-02 2.536987858991373787e-02 3.118135124983935705e-02 2.300529810237468900e-02 3.285878973750101795e-02
2.938820613107322177e-02 2.882929477471096388e-02 3.188930994825209253e-02 2.147717340598403676e-02 2.851379004313214088e-02 3.102029800445843880e-02 2.560822829073491555e-02 2.108404898566823560e-02 2.295641703718840840e-02 2.991667471754604762e-02
2.883552243920523700e-02 3.020878847692461816e-02 2.460263210385584681e-02 2.333715755410711856e-02 2.828372067815422553e-02 2.819144640960126458e-02 2.604530104668273741e-02 2.892965556005061903e-02 2.732297655376432141e-02 2.407468286088446097e-02
2.368357808905983616e-02 2.673293346376727150e-02 3.188168463048900864e-02 2.957244504133580906e-02 2.442306013935466313e-02 2.333154612374697609e-02 3.451075943037774235e-02 3.138824629705953828e-02 2.433851245487358983e-02 2.124292451799944179e-02
2.787849674990592816e-02 2.743094278612453335e-02 2.264022043251687211e-02 2.343888391132740653e-02 2.492861228726584583e-02 2.924317591447384360e-02 2.586525984589733290e-02 2.646463329598997341e-02 2.930884057691360983e-02 3.295960269850026214e-02
3.602555070276455829e-02 3.258565432927781197e-02 1.983520284146168822e-02 2.141860431222291153e-02 2.012494136565765035e-02 3.435417415852853179e-02 2.698738451490299839e-02 1.965223863514063696e-02 2.804483247171120006e-02 3.405676487817180936e-02
2.431995780436561547e-02 2.318557556817974277e-02 2.940812843003460034e-02 3.627878093763056699e-02 2.824206940362443061e-02 1.700030439437526936e-02 1.867224695112841559e-02 2.785680144725872359e-02 3.667748389994880676e-02 3.203620113085559745e-02
1.732256930435855519e-02 2.455771951039294534e-02 4.288174121982386844e-02 3.688998487651467401e-02 2.305034360082009251e-02 2.067840097456882451e-02 3.762319299260333261e-02 3.307843494408171242e-02 2.237073020466511658e-02 1.809381901714965726e-02
3.191572006201305600e-02 3.167814529481735586e-02 2.624995673202475122e-02 2.701201799078671237e-02 2.291393847725136518e-02 2.326492805767137878e-02 2.340948875440699434e-02 3.500191126013239840e-02 2.805222478940031308e-02 2.145644073673977359e-02
3.042234798374403304e-02 2.690023908639991787e-02 3.255545635596818199e-02 2.989892822533654973e-02 2.036037769640029749e-02 1.934432483928810037e-02 2.336485828210655910e-02 3.431871590896387603e-02 2.813911354324034886e-02 2.628345314904667607e-02
1.830410239389217153e-02 2.240122478982454340e-02 4.113599223488922929e-02 3.275886200610093890e-02 2.416895664159390139e-02 2.244961756045770612e-02 2.937337555179610205e-02 3.293431265390855955e-02 2.814013673900434692e-02 2.177992431518428057e-02
2.125471073209465531e-02 2.674615898868450137e-02 2.778890060262169392e-02 2.938788899948489505e-02 2.161909054200664149e-02 2.803130788019291345e-02 2.485979188498464373e-02 2.279904768543859761e-02 3.440120168138842416e-02 3.406685001883737879e-02
2.212808165653720391e-02 2.485309635425100513e-02 2.022175013825449480e-02 2.809508846212495359e-02 3.232165709302885215e-02 3.074937084222442718e-02 2.812671221381836048e-02 3.610583162523706147e-02 2.638441651428617002e-02 2.240017874518490659e-02
4.101401673581614449e-02 3.143101224235136937e-02 2.470632657146945230e-02 1.890658986322280716e-02 2.459263078598342839e-02 2.945313590240433016e-02 2.847838956172829214e-02 1.962578060940274940e-02 2.070643599265804477e-02 3.484701519722990803e-02
2.483130395509818358e-02 2.176206654451982858e-02 2.259461285060549232e-02 2.114410909126557964e-02 2.510397005296982620e-02 3.709729372679401727e-02 3.244430084712222884e-02 2.621877662647924268e-02 2.853053431050223826e-02 3.196665354753133736e-02
2.849673354746432713e-02 3.020519684485410694e-02 3.187130941022771335e-02 2.373832121562520492e-02 2.308413921378980882e-02 2.538942320788139390e-02 2.082813588813939992e-02 2.620171306097736352e-02 3.118690912344204702e-02 2.955470021515696835e-02
2.684058658936723171e-02 2.454258962095600891e-02 2.909722680250325863e-02 2.550286412031718339e-02 2.240048551217863407e-02 1.748274564966416367e-02 2.268396591148260158e-02 3.256116855077728633e-02 4.331220867169321975e-02 2.895973417261845859e-02
2.189089120888556422e-02 2.730174168959861869e-02 2.887990028644346618e-02 2.665439566224986345e-02 2.587666922001834180e-02 2.508563669964594678e-02 3.173752478717623005e-02 3.161232332593545691e-02 2.942640992022164254e-02 2.200329126523557083e-02
1.940274746970927638e-02 1.869105288234364226e-02 2.771529132759494723e-02 2.835977282031998045e-02 2.538147149702213445e-02 2.844469375114248508e-02 3.249414096250129863e-02 2.866054655416299876e-02 3.103393003080017615e-02 3.128869908880146933e-02
2.538051417566426424e-02 3.076352210220581820e-02 3.827277154140687476e-02 3.028966752353080133e-02 2.090113664731340498e-02 1.967280691552498323e-02 2.351095269105599184e-02 2.837814936532193771e-02 2.781266429673314583e-02 2.696306914230351195e-02
2.774134823780571857e-02 3.180680296166631116e-02 2.367926293014490161e-02 2.486008411535706522e-02 2.284029767146974338e-02 3.922112348270764826e-02 3.422962441801712108e-02 2.599542066982522825e-02 2.050501766224623046e-02 2.144405323448173029e-02
2.939584233689921527e-02 2.388352887894761717e-02 2.212051037006225115e-02 2.506330058389348928e-02 2.637952995371636508e-02 3.684303856759099660e-02 3.143162920558717488e-02 2.364910144390319768e-02 2.536629692697133301e-02 2.678256969253797748e-02
2.644606231757292564e-02 2.379897652645433792e-02 3.039659081460508588e-02 3.521696600204576866e-02 2.976889966340776766e-02 1.944701527847287476e-02 2.176803628782446667e-02 2.316567631753933126e-02 3.226273222484310477e-02 2.938943032144147524e-02
2.000783223351315643e-02 2.493293683717113379e-02 3.132594105359234882e-02 3.718850967682545139e-02 1.702666314665077230e-02 2.141563657878590293e-02 3.422633607027093794e-02 3.338455717930413624e-02 3.133679991785815605e-02 2.264871320176517488e-02
3.134698395828441203e-02 2.571754802216784028e-02 2.465992892731705410e-02 2.705243266637043925e-02 2.403122072479173255e-02 2.649384380745439804e-02 2.953362274415315819e-02 2.698395183502989153e-02 2.590757636458205365e-02 2.802190646697214418e-02
3.073747871964176842e-02 2.978320592186227411e-02 2.452170393601425802e-02 2.603952896021315827e-02 2.328237941774116346e-02 2.267491225870474358e-02 2.651612470942480912e-02 2.538638071074567418e-02 2.932103152641635929e-02 3.196691805465479153e-02
2.218065091856081042e-02 2.166086084380283022e-02 2.713374868887727734e-02 3.183677802694755837e-02 2.620453766538744650e-02 2.369101815833469377e-02 2.625784919951822810e-02 2.706254301553509198e-02 2.964694890069693653e-02 3.517635944603772491e-02
1.813097945301916925e-02 2.528343601993336687e-02 3.762608919636096366e-02 2.302877293405948891e-02 2.138216176523673878e-02 2.948927044585224200e-02 3.466368909002927323e-02 3.092316238133974507e-02 2.987579284961275339e-02 2.235438564757964708e-02
2.423275985014317416e-02 3.669145655852810994e-02 2.971275813622120329e-02 1.859824045811572096e-02 1.660561420920917547e-02 2.425897070515752041e-02 3.149798926558648043e-02 2.865326550174429610e-02 3.261039662688108853e-02 3.026080647206020463e-02
2.145573855573417593e-02 2.220436779992197851e-02 2.418483293690412012e-02 3.176507643080191817e-02 3.048524928387134902e-02 2.992214380372368310e-02 2.976265598362861503e-02 2.472772484876532839e-02 2.651226486321869164e-02 2.953677731278908647e-02
2.327379636631884963e-02 2.733547805430920630e-02 3.357112182004373668e-02 3.022129827249494388e-02 2.548675221206937042e-02 2.524383487966626316e-02 2.559205168404432920e-02 2.230975187076241623e-02 2.527375438697412532e-02 3.213391039970046187e-02
2.955881169171047443e-02 1.677275091545010755e-02 2.048906607309227898e-02 3.315249974668443150e-02 2.313723475539513838e-02 3.131391962675281193e-02 3.412658786320910131e-02 3.220523760792552703e-02 2.718456497150244927e-02 2.393491506656257942e-02
1.837080960142616765e-02 1.859504081256525485e-02 2.429048989727202942e-02 2.967478958306318457e-02 3.316039562910479133e-02 2.977892382507498284e-02 1.998131393138606604e-02 3.259926517142268387e-02 4.253598138807222068e-02 2.542346522076738974e-02
2.885488223794778484e-02 2.378359419224263666e-02 2.531157417145151606e-02 3.359013109369942546e-02 2.759665766398741726e-02 2.490014124231890169e-02 2.968334354049494139e-02 2.399878984902572426e-02 2.515379481928852606e-02 2.716670753129341032e-02
2.049422553791386409e-02 2.464230567855676263e-02 3.386894636718010276e-02 3.299397768568576583e-02 2.355232733742359391e-02 2.576405569261103201e-02 2.841938169736173483e-02 3.059962600084523837e-02 2.587167793681111050e-02 2.477525716347137377e-02
3.429347681943854809e-02 2.889027492114200693e-02 2.239415817274659909e-02 1.781446758400560826e-02 2.973758495199526480e-02 2.760810032370566644e-02 3.228951134896091563e-02 2.757461278955263342e-02 2.332396591423552962e-02 2.747486648626975766e-02
2.065549065506849802e-02 2.227394864568271043e-02 2.531865060840881448e-02 3.127422995901917024e-02 5.105660910572025479e-02 3.538371918106365810e-02 2.284419403748110672e-02 2.049091570291293463e-02 2.304103580392180203e-02 2.351995725891134134e-02
2.289517051207715093e-02 1.698597378319342821e-02 3.357222117603790579e-02 3.039496307341095493e-02 3.140204929892610741e-02 2.140489040167139687e-02 1.878413361689960231e-02 2.752147545508505655e-02 3.669885319057152040e-02 3.388263795085444396e-02
3.372791396434717676e-02 3.651593113005774383e-02 2.184558268450655788e-02 2.325730356628764872e-02 2.153002223614064459e-02 2.850187225341348912e-02 2.524940793814505272e-02 2.505512695305315771e-02 2.562241243341412816e-02 3.002320706386696694e-02
1.932941927128382226e-02 2.420912022985804296e-02 2.391415558396395302e-02 2.311916178276706563e-02 2.617011441970036947e-02 3.185213860738148051e-02 3.702471463287443365e-02 2.933355438409181171e-02 3.104102824413981776e-02 2.557106846284336668e-02
2.422063328452687264e-02 2.293105437181314904e-02 2.842244899901916547e-02 3.077815246238770064e-02 2.597250584996901521e-02 2.340624077782201690e-02 2.282238340760537471e-02 3.215163719306078638e-02 2.905129865807312695e-02 3.068443857000947503e-02
2.378342717119354480e-02 3.597543589559845656e-02 3.892249503760429608e-02 2.511908532731156260e-02 2.063985250754261230e-02 2.471960097085056790e-02 3.393590798869444702e-02 2.775058801808937686e-02 2.083888391384907529e-02 2.148157635763588841e-02
2.748165897233213750e-02 2.476277545261659080e-02 2.112037107015646634e-02 1.812945992365068426e-02 2.098352774607947085e-02 3.221710391458736111e-02 3.880318773318017223e-02 2.641441649348585247e-02 3.244557640703202989e-02 3.052612180174874706e-02
2.783145351515677740e-02 2.483401078367160689e-02 3.312692822453747188e-02 2.884222113312985211e-02 2.051860282790023485e-02 2.256553813799850455e-02 3.731465529061917669e-02 3.756899758698589720e-02 2.201281229351085764e-02 1.864018252710262710e-02
2.355426988324430676e-02 2.452873379615490290e-02 2.905727701717409489e-02 2.189896387680199952e-02 2.858833891935989510e-02 2.308079457762829412e-02 2.878027222184650208e-02 3.170370266709345020e-02 2.967331642519954044e-02 2.920841955665074569e-02
2.678852846953573563e-02 2.222881660808039700e-02 2.379095137338645485e-02 2.783498386602532501e-02 2.958983154905360860e-02 2.452339965895154739e-02 2.166426009462431995e-02 3.569636072756095235e-02 2.946862778129165014e-02 2.914211275870879497e-02
2.457026188045048631e-02 3.769659615478189452e-02 2.662566309120096078e-02 2.527107282354085910e-02 3.179513828627937577e-02 2.690278370025882271e-02 2.564719002633317202e-02 2.301820204399407377e-02 2.241152632526278304e-02 2.675282440694878860e-02
3.228256569208746984e-02 2.499554363482785202e-02 1.692505357593180812e-02 2.251332064653242468e-02 3.184936215306488627e-02 2.457771358373707013e-02 2.812642393576939015e-02 3.069466963330475320e-02 2.988040255732345857e-02 2.971774344270989437e-02
2.797142437881901603e-02 3.789478071776301860e-02 2.745248655311828892e-02 2.159821718246382818e-02 2.462551302915371582e-02 2.314737021608413714e-02 2.825879341585442114e-02 3.122027800659073205e-02 2.239856071388971609e-02 2.652318247261954351e-02
2.939232891603239112e-02 2.513236921914280969e-02 2.379276491977436528e-02 2.172857130146345003e-02 1.935502508403279601e-02 2.652226682240094516e-02 3.448667921420638799e-02 3.025122372739074555e-02 2.918652027759863210e-02 3.152829713349370594e-02
3.467007182245124969e-02 2.922893277307988397e-02 2.379338122527943633e-02 4.124248225989864819e-02 4.139126642066277839e-02 2.493558142349655560e-02 1.692776376193539517e-02 1.762765935236942222e-02 2.069718703241256452e-02 2.563337976927409362e-02
1.798431262128450878e-02 2.342557545783297002e-02 2.822124977834224169e-02 3.403879311647621531e-02 3.043130999797343667e-02 2.520520733240370209e-02 2.703849687361165738e-02 3.175098807449357186e-02 3.379360962287258213e-02 2.033604175696122895e-02
3.037205437568723035e-02 2.287045617457071980e-02 2.386934234606860258e-02 1.756713002034233223e-02 2.404371189886119267e-02 4.611257789413882036e-02 3.653668611931462640e-02 2.850259645994470195e-02 2.010156572974534234e-02 2.478289751507539024e-02
2.289244784807725752e-02 2.361139924183645183e-02 2.743712730374656128e-02 2.729050756604419620e-02 3.269142316046571434e-02 2.742534301536088404e-02 2.007202206518085910e-02 2.830173750335606905e-02 3.653615259093331846e-02 2.499254589738127488e-02
2.419295479084892370e-02 3.379058606232888257e-02 2.783968567596733362e-02 2.546706464485216925e-02 3.264932183982721670e-02 2.803621931599156389e-02 3.570722356170036998e-02 2.571941721584866669e-02 2.036738759869465357e-02 1.833781763838747761e-02
2.662731395771035861e-02 2.269670799426564203e-02 2.634406386467574163e-02 2.863120398674547790e-02 2.867668364286984212e-02 2.600806455538159229e-02 2.270723819475138627e-02 2.599158250290922734e-02 3.095957865515864410e-02 3.156302672281216526e-02
3.786167104397642619e-02 3.070383112292968814e-02 2.470495994359414235e-02 3.554656208747858370e-02 2.688350671078654913e-02 3.194982169262552268e-02 3.335566951833583704e-02 2.220514918632678775e-02 1.258300781207875689e-02 1.960029377459363009e-02
2.721472603163092516e-02 2.858913908135679235e-02 4.221946686082289624e-02 2.620664053219317474e-02 2.061769099111356376e-02 3.141736898454015880e-02 2.298060349545723996e-02 1.915348067200142376e-02 2.095237005198820682e-02 3.378662403491302507e-02
1.850472833480523716e-02 2.142675813678822025e-02 2.652189690250598628e-02 3.065608191521898562e-02 2.549666417169379334e-02 1.892831111605847161e-02 2.544375509920414682e-02 3.762427260168869914e-02 3.513955778225386767e-02 3.354913617976117840e-02
1.933183508283745772e-02 2.169183922180851348e-02 3.541858031330621936e-02 3.355321277584317335e-02 2.315398216608327911e-02 1.846558846501967707e-02 2.188852528473172326e-02 3.695629773272268714e-02 3.934720715815331893e-02 2.520850870223034085e-02
2.539276624173919875e-02 3.669583213671300664e-02 3.452618644964924877e-02 3.197049198756276439e-02 2.757376589394796434e-02 2.828360709714131116e-02 2.493158500464099162e-02 2.204333428996125763e-02 1.920482461246574707e-02 2.164912140372917543e-02
2.625579336490873467e-02 2.388399792100186908e-02 2.765119767061863590e-02 2.809105080643398145e-02 2.774110967952765280e-02 3.189511078656190324e-02 2.093917623924739305e-02 2.181938745439975305e-02 3.396534617090032904e-02 2.839831742614437257e-02
2.478051071014118756e-02 2.751665224476663660e-02 3.180835169509799165e-02 3.505284081896244824e-02 2.094452593035718915e-02 1.700102011401004309e-02 2.381659551261621974e-02 3.262008530859476785e-02 3.327671719237523806e-02 2.586089172775080450e-02
2.272306424700452215e-02 3.084356092609030417e-02 2.692811757774160597e-02 2.849761779958148028e-02 2.585308782871708483e-02 3.357312552502531022e-02 4.222355360013723552e-02 2.929041704071140562e-02 1.685123257815128797e-02 1.763263655821662237e-02
2.546776323494817293e-02 2.417602715687677123e-02 2.637791211644484671e-02 3.376224590449573848e-02 2.825289987648232914e-02 3.279533448822227748e-02 2.203257589137976730e-02 1.842246415756723654e-02 2.533318206749315266e-02 3.518282098555985948e-02
2.590303554005910294e-02 2.627327905542415146e-02 1.957898562202260370e-02 2.208567637111381182e-02 2.744630323700412294e-02 2.941949846976817107e-02 2.857181339327127118e-02 2.661283614461157354e-02 2.993476468345378574e-02 3.507620292406681689e-02
4.038233682210853881e-02 1.955090406546684811e-02 1.495933470894773160e-02 1.790845795099958032e-02 2.623537024164677295e-02 4.671292295708952963e-02 3.314857209553968842e-02 2.107581635513969959e-02 2.564351775701983333e-02 3.277433092489661498e-02
1.770208690062027163e-02 2.302046769027403517e-02 2.850619591258209823e-02 2.793731753463826045e-02 2.905399347750207972e-02 2.906871477802810619e-02 3.147736956256193958e-02 3.510452852732055817e-02 2.990786398390733736e-02 2.033309024677855403e-02
2.680356387895442907e-02 2.131184188672554519e-02 1.752236613127077652e-02 2.569889441695614660e-02 4.814133617555887285e-02 3.646131625917067853e-02 2.396118805849860312e-02 2.237257359471456208e-02 3.106619134937516763e-02 2.194529580185569304e-02
2.941193091415956334e-02 2.172670088954112635e-02 2.314501906659692868e-02 2.485272906168439419e-02 2.949721832472346553e-02 3.235089868421861525e-02 2.927039186423152639e-02 2.387793458582829903e-02 2.827085786468545858e-02 2.796792267778240929e-02
3.257137022836656404e-02 2.438312668159195451e-02 2.323441158286637664e-02 1.692663896083873229e-02 2.556769672850457351e-02 4.246257177203083266e-02 3.178068695738256455e-02 2.443141478609500011e-02 2.323280631803281357e-02 2.880231052721707319e-02
2.179746321827195216e-02 2.258786351267901699e-02 2.277992557459304276e-02 2.810325321367898588e-02 3.040561478126562259e-02 2.958074896679396132e-02 2.915546223722590563e-02 2.838126684552428475e-02 2.788670385777716754e-02 2.966383333069911102e-02
2.304845516239545367e-02 1.683293625005093802e-02 1.909065607474623796e-02 3.216969417370078854e-02 4.377314348344032990e-02 2.757595536423378124e-02 2.177605717076348812e-02 2.370774464290787906e-02 3.412364643205393483e-02 3.331721876229209317e-02
2.227905152468242014e-02 3.131447516996511277e-02 3.368857470728688075e-02 3.016453804274472558e-02 2.598585487760853019e-02 2.287601689721639395e-02 2.210985148305606024e-02 2.834099360755376606e-02 2.978548498544426534e-02 2.436332445185447615e-02
2.722108220019594724e-02 3.198246574752761778e-02 2.968099054449801349e-02 3.376108395308775878e-02 2.713258855169356845e-02 2.517075261591934440e-02 2.806441249041375166e-02 2.619017730122564364e-02 2.298260816580305690e-02 1.880834798336905589e-02
2.294344957201715357e-02 3.168675311557039853e-02 2.910482169082841825e-02 2.578560868333569164e-02 2.067602392563705482e-02 2.659465219967303146e-02 3.209582447884781753e-02 2.571735788710054552e-02 2.952816856403518361e-02 2.625691497144105879e-02
2.397911139264436234e-02 2.197695461109309967e-02 2.651210933668952940e-02 2.835545521983815972e-02 2.216042097903513433e-02 2.319196272826699878e-02 2.559671034011385890e-02 3.408314172822664995e-02 3.719910063320011617e-02 2.848197476832760311e-02
1.608301011513603440e-02 1.929936442037290256e-02 3.274927243453600728e-02 3.914757844482138344e-02 2.665560201285210179e-02 2.663427198447726810e-02 3.433982398592994034e-02 3.214612732157959285e-02 2.760368053956834683e-02 1.985553443682097283e-02
2.639463387011557055e-02 1.981604857445043097e-02 2.378016731085520752e-02 2.573528910286590823e-02 3.686002171088689772e-02 3.242383779307472791e-02 2.096215570666498315e-02 1.931964217875883558e-02 3.030767797913562836e-02 3.784318813348283572e-02
2.192334439117253966e-02 3.192709313214091987e-02 3.448440780988114296e-02 2.777608782714903121e-02 1.961952993490992392e-02 2.366979534627576889e-02 2.480239255617665284e-02 3.030992835334002378e-02 3.351882949532056927e-02 2.369830436484821404e-02
2.589026702772428273e-02 2.872858674844041768e-02 2.839024108111506961e-02 2.010406849573515703e-02 2.291669499223866757e-02 2.456197997001253325e-02 2.865648030769869792e-02 3.152358419625741343e-02 3.387336789843464063e-02 2.615072024384626145e-02
1.976684411328245156e-02 2.248664866996668427e-02 2.554093677240750621e-02 3.751615541482300475e-02 2.316947264972735177e-02 2.376986595425141513e-02 2.796072830721805375e-02 3.193253370751027859e-02 3.348168061542249746e-02 2.621963929004057781e-02
2.412041237240254016e-02 2.724392418289421983e-02 2.538937165805591617e-02 2.775981258852194128e-02 3.310963424882314154e-02 2.687288073416711429e-02 2.180311875607159056e-02 2.416494477745438629e-02 3.401026037079583203e-02 2.608423759166681594e-02
2.870653007459881764e-02 3.051439916118265511e-02 2.843262134993727527e-02 2.352262236088367361e-02 3.139558460881509971e-02 3.069546114825845093e-02 2.124119169436517601e-02 2.690043418537220454e-02 2.526716445708630798e-02 2.360043803116239000e-02
2.835988704128208915e-02 2.533249105140747415e-02 2.690672960717388137e-02 2.394792014401289984e-02 2.473646714319843037e-02 2.573505755707344508e-02 2.946530449222948406e-02 3.050935497223184606e-02 2.727531034523399817e-02 2.746147430887375257e-02
2.383713623399559556e-02 2.605224128596652505e-02 3.220861873261568475e-02 3.314371148471288026e-02 2.854996485158470612e-02 2.613318285751108083e-02 2.897267439944137615e-02 2.721480739046469588e-02 2.325772467781310471e-02 2.129405398221951434e-02
2.018599253026787110e-02 1.611143995375646440e-02 2.243167867611440755e-02 4.093984011139858992e-02 3.490598508942724387e-02 2.294899434344220904e-02 1.805442962653033834e-02 2.887109653591042255e-02 4.087221954855099759e-02 3.160217473939908039e-02
