2.069768615504522236e-01 2.412257709547455109e-01 2.005189319696146499e-01 1.772545391873735499e-01 1.715332562485341605e-01 1.707651817556906371e-01 2.069084435858115079e-01 2.167449221607777865e-01 2.034936023046986509e-01 2.045784902823024609e-01
1.556212741740078953e-01 1.746974776309708766e-01 2.311584919028573659e-01 2.110029050354626512e-01 1.953160210732692303e-01 2.159107268806151891e-01 1.808368512619141222e-01 2.094035291355907658e-01 2.271993492558690986e-01 1.988533736494432214e-01
2.082952956802437416e-01 1.785766255642265710e-01 1.829890748017508617e-01 2.039851697723381041e-01 2.121933523186251280e-01 2.002332514023701382e-01 2.126425163142419694e-01 1.968675654141489040e-01 2.064113841495741064e-01 1.978057645824795874e-01
1.889733996212809852e-01 1.960500116259548120e-01 2.015659140618006884e-01 1.988935712266797495e-01 1.847665428739124205e-01 1.794808064062277109e-01 1.825398161111007056e-01 1.948823202947941591e-01 2.317133526602097593e-01 2.411342651180400365e-01
2.134350689108019117e-01 1.496017162313209581e-01 1.888037281708448423e-01 2.201989536612279919e-01 2.048901572419961903e-01 1.970151516257588886e-01 1.817160978083222633e-01 1.872327907384005730e-01 2.247177523130104992e-01 2.323885832983155209e-01
1.857638534687193754e-01 2.105545757641382465e-01 2.027639204839877252e-01 2.095493700568070161e-01 1.919303794441147570e-01 1.856937464103260438e-01 2.019328758536239332e-01 1.866017527577856772e-01 2.130403190779538436e-01 2.121692066825443534e-01
1.994190641540186382e-01 1.975062014541855981e-01 2.193737457179756878e-01 2.581965453008358002e-01 2.196441342117427808e-01 1.924079325219957837e-01 1.879597702499151146e-01 1.869938101992792423e-01 1.570017588560192467e-01 1.814970373340329679e-01
2.286850956137718160e-01 2.130829479624585243e-01 1.958408302250677635e-01 1.876434961223265585e-01 1.916275701734299897e-01 2.047070242761210301e-01 2.158135317970401590e-01 1.790998013327447236e-01 1.777648613063555760e-01 2.057348411906840813e-01
1.985802621702206228e-01 1.846391927227849783e-01 2.018961606978943446e-01 2.181367247008826615e-01 1.858172661863588815e-01 1.833826221409596557e-01 1.742228194049071921e-01 2.549546760994102490e-01 1.955708117992099038e-01 2.027994640773717883e-01
2.184765118045027266e-01 1.969035499922304200e-01 1.702984580726727426e-01 2.218442239262149174e-01 1.951972279372759800e-01 1.851927265320749694e-01 1.993042493866803433e-01 2.229911611860798670e-01 2.105235588896889609e-01 1.792683322725794060e-01
2.117733112529914807e-01 2.025361053351330543e-01 1.948247768761233734e-01 1.821250130174221216e-01 1.669590473788717944e-01 1.724072982541636212e-01 2.111742810365435097e-01 2.284920117499803505e-01 2.039253405751881576e-01 2.257828145235828143e-01
2.138876044219281125e-01 2.171588599325731950e-01 2.258068989979845065e-01 2.097735232919291648e-01 1.850503649806148065e-01 1.848836620652217488e-01 1.963717302661594499e-01 2.099362202799302524e-01 1.773849680638081849e-01 1.797461676998507729e-01
2.399957515806382669e-01 2.066148247097628343e-01 1.848269906447108646e-01 2.022429249501018211e-01 1.897405959636303263e-01 1.902708446793477948e-01 1.616061052282729837e-01 1.962120102960789869e-01 2.163604437768261168e-01 2.121295081706311425e-01
2.082411888914625642e-01 2.004741637223629303e-01 2.073025195531393583e-01 2.079979759797780936e-01 1.764297011538302207e-01 1.850932141529349484e-01 1.940871525568182987e-01 2.166266530468519691e-01 1.825141632065558073e-01 2.212332677362662536e-01
2.069788128112733938e-01 2.044997838908311771e-01 2.191642313669692754e-01 1.776154135688531033e-01 2.063945504821031729e-01 2.133575861902298754e-01 1.955092964709113368e-01 1.793819944387127774e-01 1.860383674366168083e-01 2.110599633434993572e-01
2.065174303269375344e-01 2.112858400673089387e-01 1.916032244952293462e-01 1.869635595282141405e-01 2.056155817534165431e-01 2.042070438900940310e-01 1.956845531131274074e-01 2.073149514327001786e-01 2.019599521393473096e-01 1.888478632536254587e-01
1.900333266350263395e-01 1.985521808470464555e-01 2.155674406892476025e-01 2.086536546083339050e-01 1.919072755378266604e-01 1.857256028134255388e-01 2.249582355829978231e-01 2.132672029945374137e-01 1.910159047152099054e-01 1.803191755763497162e-01
2.013910084334712414e-01 2.030952869138112904e-01 1.847241508172494384e-01 1.888122246827413919e-01 1.925898728959711814e-01 2.087617549197696709e-01 1.956511269557318911e-01 1.984451925737953926e-01 2.070637832169062997e-01 2.194655985905518691e-01
2.259848086510958531e-01 2.193348727089340644e-01 1.727751614991254736e-01 1.844821598610144608e-01 1.723048381542177376e-01 2.264149491172985640e-01 2.002835824684721100e-01 1.715238511545306987e-01 2.058067711963028623e-01 2.210890051890075370e-01
1.911518818784619655e-01 1.872194425608444401e-01 2.072518002178410090e-01 2.282564506796498638e-01 2.053392937981841082e-01 1.620687301778601652e-01 1.708015293545305235e-01 2.033552577685397711e-01 2.289766638810155908e-01 2.155789496830723406e-01
1.651363446500065946e-01 1.905331559564704402e-01 2.463491933270557377e-01 2.294700603965298680e-01 1.865718271171296627e-01 1.753496545542565788e-01 2.349848137853475794e-01 2.177907834968351719e-01 1.836876949727054842e-01 1.701264717436632712e-01
2.181665341566260408e-01 2.146700204669269307e-01 1.960030251411842839e-01 2.019648405162014770e-01 1.859635820587933197e-01 1.890371638016833944e-01 1.852532173692343909e-01 2.273245765049839440e-01 2.037531047429926301e-01 1.778639352413746710e-01
2.134492673282694097e-01 1.974843501250277966e-01 2.179254050171920698e-01 2.105129357171083848e-01 1.760709852841896295e-01 1.736195400365712904e-01 1.866658637508127327e-01 2.250639822396500733e-01 2.022741740860759252e-01 1.969334964151019107e-01
1.691120622119610395e-01 1.820820037635384192e-01 2.438412330888868329e-01 2.163162044710033871e-01 1.907231586559132719e-01 1.841860989584398478e-01 2.084296278263333968e-01 2.182733774673144000e-01 2.035530658686434125e-01 1.834831676879670470e-01
1.768157649900923833e-01 2.016379480341349284e-01 2.019494523254035667e-01 2.100766531651717117e-01 1.782488788305541805e-01 2.067180972180142629e-01 1.938670700150360582e-01 1.830362326090239633e-01 2.241103815613493533e-01 2.235395212512202023e-01
1.835419096702223252e-01 1.961782384014371938e-01 1.737175226847659237e-01 2.048641423036305920e-01 2.169179711943680366e-01 2.120426937298205694e-01 2.013312229539710452e-01 2.302430646241780954e-01 1.968714388558641393e-01 1.842917955817427733e-01
2.401652609455282861e-01 2.127734140472919699e-01 1.942906833945052258e-01 1.699726162882885805e-01 1.930949737116695597e-01 2.076374548462355252e-01 2.066920193504082903e-01 1.733506781303054134e-01 1.769912919693782116e-01 2.250316073163897146e-01
1.918943909601610043e-01 1.818305349686080152e-01 1.874737090220003344e-01 1.796245961870596153e-01 1.922846393838482382e-01 2.318917564249296237e-01 2.164285592747749454e-01 1.965149025384340942e-01 2.048362184516126228e-01 2.172206927885708683e-01
2.045918726347768501e-01 2.095728077981817150e-01 2.171395792423272408e-01 1.875984714841913148e-01 1.867664186387101577e-01 1.979034620472643058e-01 1.765997421782569687e-01 1.980881100488623148e-01 2.140141534956888081e-01 2.077253824317397690e-01
2.011928943449622920e-01 1.908911669128205979e-01 2.081538169323799981e-01 1.945421222133270900e-01 1.863187949150675315e-01 1.646405017311836638e-01 1.861867105505193298e-01 2.159936857011608979e-01 2.482351691804396132e-01 2.038451375181398739e-01
1.822715093212487203e-01 2.021913407564057130e-01 2.061063961601669325e-01 1.986310554375112503e-01 1.974051217698412630e-01 1.926175052659143683e-01 2.158858380093521268e-01 2.133860289581480107e-01 2.091195425719107881e-01 1.823856617495011323e-01
1.716797153559889988e-01 1.691722039055230664e-01 2.050957963643496307e-01 2.046308950676133942e-01 1.936072937965848395e-01 2.047964333494124989e-01 2.185849052161026596e-01 2.038304527913581410e-01 2.120655614281169721e-01 2.165367427249502985e-01
1.942241513082520465e-01 2.111429876919396209e-01 2.339678004591169702e-01 2.104035013799547826e-01 1.784607532460726342e-01 1.746594733573690050e-01 1.888690617211148393e-01 2.051346944056725019e-01 2.021867932352114094e-01 2.009507831952963564e-01
2.026335687012995879e-01 2.166467402141899201e-01 1.870303773799479319e-01 1.960748920326607636e-01 1.826358266529597985e-01 2.385742003920320320e-01 2.207001122459029685e-01 1.971320552881333232e-01 1.778418432218367984e-01 1.807303838710362653e-01
2.091593348218514226e-01 1.890557829359582609e-01 1.833494901068133398e-01 1.955884683982584138e-01 1.957951202919244738e-01 2.310124088165037004e-01 2.138156882066770681e-01 1.875897563985907956e-01 1.959775696878895968e-01 1.986563803355334279e-01
1.992012775581335216e-01 1.884600047855109761e-01 2.109073787740935457e-01 2.248678648205946207e-01 2.099266726109020875e-01 1.715519232414796091e-01 1.845832791209276458e-01 1.856728277595362797e-01 2.179794823819825034e-01 2.068492889468399321e-01
1.757112060289644506e-01 1.939883439090565043e-01 2.113436856337271297e-01 2.361081428675132488e-01 1.591788219600411280e-01 1.812076245334412194e-01 2.248356893265457124e-01 2.173191313257331614e-01 2.150359119251924467e-01 1.852714424897851098e-01
2.152198199745616325e-01 1.948945885233972219e-01 1.919186447024522069e-01 2.023183387668671673e-01 1.890797154116270473e-01 1.984271505486567277e-01 2.091032695655559714e-01 1.998055353020299907e-01 1.963571815703178958e-01 2.028757556345357760e-01
2.110435161609591215e-01 2.100383761133425287e-01 1.903678725551396500e-01 1.987465586995489641e-01 1.875360213284965327e-01 1.846573774465312123e-01 2.005024600404257118e-01 1.936843916414377753e-01 2.077565775402892556e-01 2.156668484738290259e-01
1.815676628209192678e-01 1.818003216505836850e-01 2.008776032189624194e-01 2.162229369836258797e-01 1.967907628055884928e-01 1.885555516420628352e-01 1.992061336584368403e-01 2.001298699737948938e-01 2.066596125279683283e-01 2.281895447180588288e-01
1.667026723010545941e-01 1.933227995568749524e-01 2.359746626165548644e-01 1.840644527272528863e-01 1.801070380894576606e-01 2.093384354352755827e-01 2.237247555254159026e-01 2.105136219173713852e-01 2.107669877361229849e-01 1.854845740946190757e-01
1.871821123401941622e-01 2.316259992754628738e-01 2.091225090264833275e-01 1.694058693341491395e-01 1.611366008363235569e-01 1.922828282895243934e-01 2.156473428835536943e-01 2.030149836053389001e-01 2.185103937777422567e-01 2.120713606312281674e-01
1.792529097532810367e-01 1.849361159132090204e-01 1.899198980991338437e-01 2.163048298353956733e-01 2.101203070671793793e-01 2.088282620373522191e-01 2.104153523599478492e-01 1.913424583225445952e-01 1.980968099494124224e-01 2.107830566625445989e-01
1.848801069922893225e-01 2.013333690553517630e-01 2.212463307334893159e-01 2.099126721259966799e-01 1.944845363387230353e-01 1.945619144244730148e-01 1.973350297722930025e-01 1.830502758452108580e-01 1.934144437798537008e-01 2.197813209323213057e-01
2.151280154977336656e-01 1.589475412412988398e-01 1.762523165575022310e-01 2.256295594018121464e-01 1.825976286526850290e-01 2.153575848069992915e-01 2.214383379972375554e-01 2.163892790297570756e-01 2.008583026943456529e-01 1.874014341206283185e-01
1.695124489879892282e-01 1.707417452767998056e-01 1.922551280574098242e-01 2.077773005174993193e-01 2.187943226013602249e-01 2.117559443274120712e-01 1.719191189789804064e-01 2.178866904827402584e-01 2.463252310386023214e-01 1.930320697312064848e-01
2.076736902285021558e-01 1.884934578467926669e-01 1.932179951700448706e-01 2.228883783550393016e-01 2.010411265281483728e-01 1.916454004991346993e-01 2.116217021690080524e-01 1.886491912326952736e-01 1.943450895658727084e-01 2.004239684047612324e-01
1.766710411096847344e-01 1.917263993870034211e-01 2.216764340511632736e-01 2.193910561077787036e-01 1.866681518440894139e-01 1.971315151092064843e-01 2.045073105291256299e-01 2.120791668836770061e-01 1.952613615542611869e-01 1.948875634240111732e-01
2.229981965869219929e-01 2.058897711780746376e-01 1.857523127214784076e-01 1.639301203057716427e-01 2.135656238015788133e-01 1.993143295672921700e-01 2.177136035442032713e-01 2.025570641460582300e-01 1.868034696139579121e-01 2.014755085346636720e-01
1.772119739618339962e-01 1.852487868729443821e-01 1.955941656127375139e-01 2.105932932069673746e-01 2.668500829861101820e-01 2.239209035851968399e-01 1.855991958657151053e-01 1.776410729714794079e-01 1.878881174739898408e-01 1.894524074630254962e-01
1.873352667183817988e-01 1.595432208898591997e-01 2.259592167586407518e-01 2.074138368010781663e-01 2.161829720166479341e-01 1.809882306873806801e-01 1.696821343511547564e-01 2.027996303068389794e-01 2.284354560574917703e-01 2.216600354125266847e-01
2.190874417633059124e-01 2.312885309388003907e-01 1.794101297910249415e-01 1.903188486053131456e-01 1.795518899634374610e-01 2.072895098988015161e-01 1.934206266431579002e-01 1.941385315623964380e-01 1.956602991837836092e-01 2.098341916499804893e-01
1.706048352290510106e-01 1.932851002647039684e-01 1.902149729904032416e-01 1.866152356682244662e-01 1.975812833637606847e-01 2.144756846264198047e-01 2.313833635605256622e-01 2.049413762791572335e-01 2.143528253936463068e-01 1.965453226241087314e-01
1.906075310963033231e-01 1.855734426920558067e-01 2.053484050933498950e-01 2.123573718834841917e-01 1.963967914255361491e-01 1.888808542146499514e-01 1.843116862297196901e-01 2.187631986671455531e-01 2.042985174529034775e-01 2.134622012448525730e-01
1.879927419193925531e-01 2.269596879474771178e-01 2.359563770178692010e-01 1.929660715286857786e-01 1.778913247918318952e-01 1.919555301332380171e-01 2.230223799319865918e-01 2.020674259386358584e-01 1.781029618517065150e-01 1.830854989391768328e-01
2.011643190305948403e-01 1.932485851526685727e-01 1.809831564169192553e-01 1.684245751535603519e-01 1.784419290030118121e-01 2.162472118115622011e-01 2.368949107299797852e-01 1.946048070790182272e-01 2.191351536524102361e-01 2.108553519702748569e-01
2.079638061248679226e-01 1.894996967232251972e-01 2.204215260681556265e-01 2.073674665367117032e-01 1.766730162839015017e-01 1.837258301266785909e-01 2.314196187082952216e-01 2.325571193653074575e-01 1.815775817004840753e-01 1.687943383623725646e-01
1.874245063240434217e-01 1.914838227435061713e-01 2.100018684774188626e-01 1.790034113286549100e-01 2.095215484026734243e-01 1.845650573434791109e-01 2.066489648165287796e-01 2.151532578713786781e-01 2.073046371785689235e-01 2.088929255137484398e-01
2.007268323403082477e-01 1.831757719115091609e-01 1.896039714060910319e-01 2.026217061922453988e-01 2.094532460091278470e-01 1.924976400560244605e-01 1.785824018632050925e-01 2.306333969170462628e-01 2.054504583760981828e-01 2.072545749283454253e-01
1.880706307738328753e-01 2.362849538727778698e-01 1.968808720228132636e-01 1.932463826080583202e-01 2.176201083419594395e-01 1.982070337199539067e-01 1.966099856314146299e-01 1.868736483049834030e-01 1.840303688390494963e-01 2.021760158851571842e-01
2.175978954446231572e-01 1.951640960986179008e-01 1.607551502373051611e-01 1.851115748342720413e-01 2.189569241368181929e-01 1.891015234187855831e-01 2.045717400825230181e-01 2.123507159217654094e-01 2.090093898081833712e-01 2.073809900171069143e-01
2.008010277760143292e-01 2.347821669397945343e-01 2.005580131625310236e-01 1.803134317886444515e-01 1.953146333429053305e-01 1.855919193137899326e-01 2.040229032965823197e-01 2.158092687818366495e-01 1.819058719788730072e-01 2.009007636190291435e-01
2.078604336581539869e-01 1.931836105869252362e-01 1.902231178526112010e-01 1.836507955392098768e-01 1.715898896956647712e-01 1.987930920101812771e-01 2.241589125981173214e-01 2.091679514664820938e-01 2.065796843717540021e-01 2.147925122209003446e-01
2.251631660971111781e-01 2.080656778323555778e-01 1.859971816887506790e-01 2.427315059577499490e-01 2.413713039867679544e-01 1.925741095949666803e-01 1.629262123396012507e-01 1.680691122194716558e-01 1.791601575144703695e-01 1.939415727687557323e-01
1.673850214136336223e-01 1.900423388755433374e-01 2.030227272079995759e-01 2.219509439719520860e-01 2.110813454061158112e-01 1.937019292462082432e-01 2.004006577376659104e-01 2.137814937109585312e-01 2.234361432360917332e-01 1.751973991938302055e-01
2.131817282582818551e-01 1.831584450852530854e-01 1.942416552909818628e-01 1.645852588965362462e-01 1.882161586772034545e-01 2.562379506533075113e-01 2.257719884063997262e-01 2.069393654049870024e-01 1.741844935419622209e-01 1.934829557850879789e-01
1.869322067747647975e-01 1.890112292253471882e-01 2.029440565413231090e-01 1.990266524221482036e-01 2.189763958196269400e-01 2.030151749605992872e-01 1.732276708541200527e-01 2.045920375469706676e-01 2.310698336172794520e-01 1.912047422378194417e-01
1.901231334699941544e-01 2.231576308230621974e-01 2.017355968986005166e-01 1.936265366246619490e-01 2.208317423292479598e-01 2.000017084414325019e-01 2.289692063079477036e-01 1.948874843055064254e-01 1.779733831909521280e-01 1.686935776085937144e-01
1.992347826100599462e-01 1.846166717941214175e-01 1.989736659995314239e-01 2.051609354128708929e-01 2.054372731969087151e-01 1.976541861518644194e-01 1.849169628697477363e-01 1.970880585365077653e-01 2.124895817607737880e-01 2.144278816676132293e-01
2.364089887479784435e-01 2.103454503768314166e-01 1.895824387821302692e-01 2.309397926464790418e-01 1.969261382144298356e-01 2.151612966346681810e-01 2.209335182234107020e-01 1.859813452200221873e-01 1.404589430601099476e-01 1.732620880939399755e-01
1.992007993553542300e-01 2.024129276161623914e-01 2.480657297412390272e-01 1.959496514214560670e-01 1.747138317017992160e-01 2.191493421254336882e-01 1.857150522806387261e-01 1.720926788009798925e-01 1.773938859740724350e-01 2.253061009828642158e-01
1.668086439044118019e-01 1.824433017852292171e-01 1.984997902523105151e-01 2.120173893000392717e-01 1.965418216603582180e-01 1.696356902429197178e-01 1.952807097280640503e-01 2.330349394926804485e-01 2.218381640501980168e-01 2.238995495837887706e-01
1.733995159291455423e-01 1.806328714575915761e-01 2.270451058429443503e-01 2.197966417161962560e-01 1.872156419286746809e-01 1.699939010392330641e-01 1.815858937781268112e-01 2.303297987205410458e-01 2.363481598806973227e-01 1.936524697068485179e-01
1.933938051513249823e-01 2.303770684879654085e-01 2.215754229880967929e-01 2.159820299475383454e-01 2.010700088616915737e-01 2.051382587435755522e-01 1.931567372780428615e-01 1.839376409319333217e-01 1.724077890224356702e-01 1.829612385873949920e-01
1.985564739813113766e-01 1.889272287193495825e-01 2.035137239162588263e-01 2.037239304750185498e-01 2.004490987586292072e-01 2.193214894238528778e-01 1.772854676931003848e-01 1.806346817126329163e-01 2.249394946491898306e-01 2.026484106706567534e-01
1.933403399814193069e-01 2.020996744708409010e-01 2.133866062400808228e-01 2.271356227589441668e-01 1.781120016843198706e-01 1.626284736517543406e-01 1.905634546317460376e-01 2.175114611280085652e-01 2.196194631715243650e-01 1.956029022813610962e-01
1.856405788984529237e-01 2.139520218219009284e-01 1.979272970039465673e-01 2.070453071837899395e-01 1.952442486320714043e-01 2.192927735970902625e-01 2.443369900747668355e-01 2.077528817030295238e-01 1.615228118060163809e-01 1.672850892789351507e-01
1.930128968903458697e-01 1.912563479974945524e-01 1.974887160363244520e-01 2.231757645529091616e-01 2.006784763674137051e-01 2.213508941235794447e-01 1.829270656974359421e-01 1.680573018129423724e-01 1.945014312860238459e-01 2.275511052355319308e-01
1.937908873101194529e-01 2.009768000056644799e-01 1.726626935513451699e-01 1.835969314381453721e-01 2.023798121111911597e-01 2.074626534934178590e-01 2.056528876087468927e-01 1.982692802697076928e-01 2.086865907511643303e-01 2.265214634604983679e-01
2.425602248041325015e-01 1.713262710565089386e-01 1.554342889428202978e-01 1.693118004996055914e-01 1.951300904855364227e-01 2.568821706986056386e-01 2.183256024350428981e-01 1.780282905294806595e-01 1.973440516250086207e-01 2.156572089232591249e-01
1.658510188695291321e-01 1.877246234891861154e-01 2.058474535507056058e-01 2.021263403119932245e-01 2.072578210733138360e-01 2.065885259901233395e-01 2.133331443391281446e-01 2.245416032271815021e-01 2.100745455530767247e-01 1.766549235957633468e-01
2.028114625515936020e-01 1.822635751490065958e-01 1.643992322831158981e-01 1.942309443455989548e-01 2.601778951222259995e-01 2.270931872579189936e-01 1.893369690088062551e-01 1.831543950436043955e-01 2.181295484599117263e-01 1.784027907782189393e-01
2.098854024943113961e-01 1.803739604911053229e-01 1.883800425490331776e-01 1.929809352314749982e-01 2.077325620613086898e-01 2.168029485934405698e-01 2.079753640113577995e-01 1.881347600617411242e-01 2.058032247366171075e-01 2.019307997696117296e-01
2.185394329680716285e-01 1.893334589334555729e-01 1.915662773042573763e-01 1.610931596187409887e-01 1.945067279459996579e-01 2.467127356235271074e-01 2.130601798922329981e-01 1.919559252868902333e-01 1.871377883958431354e-01 2.060943140309814681e-01
1.805384449026136151e-01 1.867036534099457967e-01 1.852490253780189056e-01 2.042098246314799082e-01 2.108723920519608996e-01 2.078112571007628695e-01 2.072623209638475017e-01 2.045723556828066558e-01 2.019502011098261718e-01 2.108305247687368711e-01
1.871612598293593555e-01 1.631413583108254350e-01 1.715805443529305196e-01 2.156144941948771598e-01 2.490959583472904249e-01 2.002781482204417096e-01 1.826785289584376137e-01 1.884886600294898296e-01 2.225186811276167187e-01 2.194423666287317609e-01
1.824812406115471075e-01 2.150517057368014073e-01 2.201381793459496472e-01 2.095429298456807643e-01 1.972706480722389299e-01 1.869286420836603901e-01 1.823881129598389772e-01 2.050316852609350149e-01 2.097794399616569050e-01 1.913874161216913283e-01
2.025632839157464338e-01 2.163780630376848924e-01 2.062956048338072668e-01 2.227782535690071564e-01 1.997997757151306342e-01 1.934857480836237875e-01 2.043858593689747982e-01 1.974934361563337459e-01 1.881616594315752844e-01 1.686583158881170275e-01
1.839941663203763511e-01 2.169485170175959321e-01 2.058517638931291194e-01 1.976152981350471349e-01 1.764144514280027165e-01 1.993429907578506410e-01 2.181440895838769878e-01 1.929550391084262073e-01 2.102108351223351546e-01 1.985228486333591169e-01
1.909786558147252289e-01 1.821169996642892919e-01 1.989989181192761136e-01 2.060472869109414851e-01 1.821966789302149059e-01 1.885718734007363895e-01 1.948575800966589888e-01 2.215110372495664726e-01 2.307632056199447890e-01 2.039577641936472507e-01
1.599276544503272779e-01 1.719617615209774741e-01 2.181506190149448687e-01 2.370061679262584486e-01 1.970914650400503731e-01 1.984882754781344405e-01 2.238884798164597068e-01 2.146922972001746865e-01 2.028337927314665945e-01 1.759594868212081831e-01
1.972985088058510361e-01 1.739199396391770125e-01 1.921907816969554150e-01 1.938401924066647797e-01 2.302554782463909488e-01 2.176771922097570644e-01 1.787073114573312638e-01 1.717831835362215731e-01 2.110075547630332615e-01 2.333198572386170899e-01
1.813968026820937107e-01 2.166213470019702769e-01 2.225287376026277575e-01 2.033830123894127540e-01 1.722152353342663034e-01 1.917118162456545039e-01 1.920979823268649522e-01 2.096446714433184977e-01 2.221703869790892238e-01 1.882300079947016314e-01
1.962683608600322704e-01 2.058200562705475578e-01 2.065383897500621679e-01 1.737239210928461230e-01 1.880993319097949423e-01 1.920925895131059824e-01 2.054842395937544475e-01 2.132130361757612058e-01 2.225117331821385158e-01 1.962483416519574531e-01
1.740056784180026850e-01 1.865039187911032292e-01 1.925837995616981602e-01 2.358868002072559422e-01 1.840647560905787072e-01 1.900645113012984222e-01 2.040118954329669942e-01 2.144530976851796722e-01 2.204796991569566711e-01 1.979458433549587948e-01
1.898829221080371998e-01 2.031186561865570561e-01 1.941327817388039390e-01 2.015517747454292352e-01 2.202722626468703315e-01 1.998057251770464782e-01 1.817920475506485944e-01 1.893157158564733877e-01 2.247357173150628107e-01 1.953923966750708563e-01
2.063130113901157359e-01 2.111017210625628637e-01 2.059667239310188358e-01 1.858657521672026358e-01 2.153569426086889838e-01 2.136010522967760616e-01 1.767458752708221947e-01 2.027774005625650466e-01 1.948725296133606844e-01 1.873989910968879291e-01
2.054818561380687414e-01 1.933850274100051003e-01 2.012895689031467816e-01 1.893438940856537189e-01 1.932790842171832058e-01 1.955993693596586036e-01 2.080368811699175313e-01 2.116730630318975348e-01 2.002562730604820207e-01 2.016549826239871224e-01
1.907430628211724266e-01 1.962174429239876838e-01 2.163810266533987836e-01 2.191279785573543859e-01 2.048807752208894328e-01 1.965268903942126166e-01 2.072137699513255660e-01 2.010553010701777166e-01 1.875451341577388242e-01 1.803086182497427858e-01
1.771612201895422234e-01 1.595681115838834541e-01 1.833679471901104030e-01 2.421061891985331060e-01 2.230968713198636100e-01 1.871803300764475486e-01 1.663144170734997818e-01 2.067571240125092025e-01 2.405991577370967249e-01 2.138486316185153335e-01
