-9.416806724335973655e+00
-1.066588700299974235e+01
-1.051933729810673412e+01
-9.801478151621996204e+00
-9.706872184965202877e+00
-9.923955145879478579e+00
-1.057913700907338139e+01
-8.779171682036041702e+00
-1.082052591244668527e+01
-8.906856462329210800e+00
-9.350178695398419393e+00
-1.003450894751602718e+01
-9.982101676013039437e+00
-1.128329898356536098e+01
-1.032833036721096143e+01
-8.357706434833092501e+00
-9.948595303167351744e+00
-1.025231317098597650e+01
-1.149716951144197097e+01
-9.422552509086756345e+00
-9.262532669455501022e+00
-1.046602828303718802e+01
-9.827834322883964191e+00
-1.021710415905749159e+01
-9.831669884514930402e+00
-1.091350992834252587e+01
-1.055811632736496186e+01
-9.800882546340593748e+00
-1.280164032422750964e+01
-1.128476645066055717e+01
-9.600390664622246106e+00
-9.972029989534910044e+00
-9.569919403731841356e+00
-1.022652812174150405e+01
-9.823598395067486777e+00
-1.151911877966958642e+01
-1.073967254874813193e+01
-1.023007151403340664e+01
-8.672245155422109164e+00
-9.717317947037436454e+00
-1.020070241256481403e+01
-9.692586032391439232e+00
-1.025981198092507185e+01
-1.060544543404010476e+01
-9.246102294602470906e+00
-8.882648359245729708e+00
-1.034065092355119830e+01
-9.849280662777168516e+00
-9.173043404301626680e+00
-1.037983518617805778e+01
-1.144892227047643551e+01
-9.916718847720835228e+00
-1.057229426502209435e+01
-8.624211391650524305e+00
-8.633419457928765084e+00
-1.001744903280201804e+01
-1.068047785361954816e+01
-9.887285378278287240e+00
-9.081789331171423285e+00
-1.117418169792023797e+01
-8.765021894814452708e+00
-9.739160067803181775e+00
-9.778963105495675379e+00
-8.438680406426900760e+00
-1.022005292044874381e+01
-1.054525085117532690e+01
-1.092562209953061370e+01
-1.148944565337393442e+01
-8.069026523306449761e+00
-9.529380326666576195e+00
-1.182178492036782025e+01
-1.090234788131311561e+01
-1.135380173292969452e+01
-1.029366416916866456e+01
-9.564336720465963282e+00
-1.094703470134630940e+01
-1.180789084516581333e+01
-8.714026930937853521e+00
-9.881493139762298483e+00
-1.191072061047969655e+01
-1.005069942612159295e+01
-9.596104212735777850e+00
-1.040832239778802659e+01
-9.970766225586753961e+00
-9.883447442565833185e+00
-9.195048468677665454e+00
-1.093529858616705042e+01
-9.105648512657996463e+00
-1.158813382298161976e+01
-1.068664676909053490e+01
-9.901609020590079524e+00
-9.721022731004365980e+00
-8.695353911970292060e+00
-8.608799557514553058e+00
-1.095277837000410592e+01
-1.050131337330578596e+01
-1.077503900975960782e+01
-9.293388840694101205e+00
-8.869591510729332384e+00
-9.979454334111359515e+00
