6.131917768110912992e-02 2.243609705107588725e-01 5.061483882563390380e-02 2.826563186370991548e-02 2.751173234168479212e-02 2.241952632239268065e-02 8.678723219786615983e-02 1.007217188822730064e-01 7.412666165563361331e-02 1.025524850085071937e-01
5.337509253049117081e-03 2.055910255564888378e-02 2.384968168128872579e-01 5.691521422585574946e-02 4.123405507616352550e-02 2.413463214420965564e-01 2.603190923321389849e-02 5.799831835653145029e-02 1.524384967331728902e-01 5.533962327213504812e-02
1.153100547025683875e-01 2.719363911276758555e-02 3.241333188519603115e-02 8.792418399330134693e-02 9.905155146706379199e-02 5.082177454698821872e-02 1.269933669945081667e-01 5.874230081248177360e-02 7.706230559899411581e-02 5.383254194333933484e-02
3.407646211725551266e-02 7.468478908215916978e-02 8.185676050746905352e-02 5.597031002166188984e-02 3.352117109768933123e-02 4.255224173794207310e-02 5.483293444321438864e-02 4.920066975017174660e-02 1.208999197945894999e-01 2.102818806243337835e-01
1.262418461902150013e-01 7.635611952407039132e-03 5.425953665434037065e-02 1.360028585879295149e-01 4.935020638712230012e-02 5.980267205893415039e-02 5.190530055297239154e-02 4.832616777290328625e-02 1.061302331519403119e-01 1.186844068061793794e-01
3.132676484486082019e-02 1.117934652491883313e-01 6.448655959133225979e-02 8.720770779741926493e-02 4.539766003214244783e-02 4.456917608033115347e-02 9.568057857141618050e-02 3.052258388600392891e-02 1.044456531651034581e-01 1.113054104197225558e-01
9.790511887722654072e-02 6.410841252159943382e-02 7.669656690961243473e-02 2.874895445566348906e-01 7.870569987381619004e-02 5.231973889404867295e-02 6.392133935240218445e-02 5.229524021367135123e-02 7.735792148425702300e-03 3.278627625799281076e-02
1.413053316931898173e-01 7.709397856850132291e-02 7.349338663208745959e-02 6.085207546029495346e-02 4.448277526074956301e-02 6.340141530866832964e-02 1.365550217761569707e-01 2.926739534541353271e-02 2.789880321219760650e-02 8.422852900019600630e-02
1.081932570906084939e-01 2.933358730248319945e-02 4.828974457717141733e-02 1.344742119548636428e-01 3.578733155567136864e-02 2.431921625111659740e-02 1.377744381100910742e-02 4.383592758520589161e-01 2.417532815848320860e-02 8.685874231129286915e-02
2.048150271691387969e-01 6.058924646316626167e-02 1.169974494305355515e-02 2.038148271620641716e-01 5.392182418500812008e-02 2.184483134148108505e-02 4.610438904471263200e-02 1.470982830088895521e-01 7.361528182411206100e-02 1.897185300533065638e-02
8.309924190105916209e-02 6.081189079181696655e-02 7.064994454658200806e-02 4.592065287025839243e-02 1.576986726135559680e-02 1.610700575885304353e-02 9.568971617096627691e-02 1.614494445181106075e-01 4.832232647068887554e-02 1.930537716203811760e-01
1.473961493997645589e-01 8.310774701247965190e-02 1.227987781464350003e-01 1.083955838059646459e-01 3.821808593927224218e-02 3.159580311921745405e-02 5.735315671101505475e-02 1.169335544744498218e-01 2.319989785740319069e-02 3.109433922658076666e-02
2.356260174041934496e-01 6.976067154483697741e-02 2.875148366750002529e-02 8.758620147145695922e-02 4.790204016298680451e-02 4.255988268280582604e-02 1.045186725445080428e-02 7.978401198960406726e-02 1.390577792863668116e-01 5.373106454186381276e-02
8.374429537886900199e-02 4.597230261157031483e-02 8.461958943198694127e-02 1.099143436150148978e-01 2.003946793922371794e-02 2.913032851552346120e-02 5.696587454353267688e-02 1.529975351009464912e-01 2.139813876742001353e-02 1.735960607294914082e-01
6.271616303690435990e-02 6.135593871309282660e-02 1.998913053152012176e-01 2.167122168020402251e-02 7.865439294450954355e-02 1.100875271475887929e-01 4.747786440023128718e-02 2.309850549297066957e-02 4.326444544756214566e-02 1.254003501005176435e-01
8.276618503491005308e-02 1.117893070179674930e-01 4.157791562750390302e-02 3.724545386374016054e-02 1.054777167022259987e-01 7.714710733900483064e-02 4.325998188738312822e-02 1.028683061252412961e-01 8.579413921845681357e-02 3.452674513530343964e-02
6.578220755800003039e-02 5.504647144973140449e-02 9.557781012691834999e-02 9.739906746745938260e-02 5.610740714334640222e-02 3.324230294709698552e-02 1.591977783800824497e-01 8.176852362263858920e-02 4.244808690279908148e-02 4.286356168255523597e-02
5.577785232242279956e-02 9.335421952993393224e-02 4.367468174633013650e-02 4.409236742534018705e-02 4.709991724030442029e-02 1.037991237585224602e-01 5.492452865558222763e-02 6.218624505772985672e-02 8.431456514875013131e-02 1.243430181568569992e-01
9.348651770608375211e-02 1.478948072130124025e-01 2.445446547895462758e-02 3.341172611926784136e-02 1.504590638899710661e-02 1.908195006294208518e-01 5.646234501668925820e-02 1.654114713853846105e-02 1.166298440045137885e-01 1.122308673430029435e-01
6.867527247958074565e-02 5.626623495917484202e-02 6.678336686876829020e-02 1.365954674578236383e-01 7.994811740970028668e-02 1.440264381970664254e-02 2.528765568088754689e-02 7.821038214529163479e-02 1.305108783129457772e-01 9.153724570210949874e-02
2.919548727525585891e-02 3.784233819237491081e-02 1.892468063639433928e-01 1.288144342011082466e-01 4.386173512723588741e-02 2.447031143410951376e-02 2.175252493694495581e-01 7.524555055914003421e-02 3.129751893615737024e-02 3.947898491570891316e-02
1.598184455816140936e-01 9.537679529560426361e-02 3.719080827285968505e-02 9.276362570455465306e-02 5.393886796902230829e-02 4.040330854941526911e-02 2.372316950269790642e-02 1.942226367346891747e-01 6.769489206557478822e-02 1.900696672682541943e-02
1.678192989102968713e-01 4.327564907203719502e-02 1.067642245083096908e-01 1.114586126779143760e-01 2.316020362154822682e-02 1.734136526177220555e-02 3.597830416314451440e-02 1.816947309738663474e-01 4.950475606796532480e-02 5.827078152298174191e-02
2.308437496285480409e-02 2.433943328347039706e-02 2.421834350644343492e-01 7.167845928893340490e-02 4.946499832615355863e-02 5.304929709872714672e-02 9.589667234526055850e-02 9.338100321631336020e-02 7.364122732410514904e-02 5.339562162970834525e-02
1.641759230412593445e-02 7.782542010324335069e-02 7.432233223511280906e-02 8.393847403172394195e-02 1.970404331117048269e-02 1.391801764805488117e-01 6.729845417206242741e-02 2.012173007978474565e-02 1.309058100156796356e-01 1.435602527457423838e-01
4.711060201196694275e-02 9.349027151457291185e-02 1.940793651680668488e-02 6.998231377093974692e-02 1.209696006705647114e-01 8.776178383662985860e-02 4.753530919767461754e-02 2.150002220289326804e-01 4.455106581286162604e-02 2.930637708400096741e-02
1.475987529878383386e-01 8.447118702674458190e-02 9.510449593112908773e-02 2.382198322187610920e-02 4.388647283284718981e-02 7.656285781038278671e-02 9.381608766315741033e-02 2.258113950071903228e-02 2.746573120703103485e-02 1.512211650245080530e-01
3.736672983620979022e-02 3.671642772797784060e-02 7.339184369270375374e-02 3.681480089183140902e-02 3.624176602572660305e-02 1.751234220201416947e-01 9.527579918606035592e-02 4.874697013443816257e-02 8.354393146178260010e-02 1.283652568879971589e-01
6.621886150623150502e-02 8.650746188416533200e-02 1.286574802147413821e-01 3.255465854675074905e-02 4.585344430262154602e-02 9.805644158622066342e-02 2.511508571674975904e-02 5.544762703150518668e-02 1.120732340734306720e-01 8.032540964068829448e-02
1.021479397368083158e-01 5.038537749061899884e-02 8.468768326496990684e-02 5.048501179235985459e-02 5.011256203811896570e-02 2.000754258279128020e-02 4.246343259386477220e-02 7.951707440260706583e-02 2.345758582434503414e-01 5.509165887626878144e-02
3.624917865739556155e-02 7.998939334821014713e-02 7.665164539358676477e-02 5.885641301797837205e-02 7.426161542852283137e-02 5.406944302391092361e-02 1.102306654569816524e-01 8.252603862528432033e-02 1.013583455477946316e-01 3.687187381145953097e-02
1.679265416646188308e-02 1.477458484713510198e-02 1.082194755673688558e-01 8.338489647051655629e-02 3.562653933403847617e-02 7.761395792447677022e-02 1.554829871922824569e-01 4.924507769762495601e-02 8.399677235174289602e-02 1.577028249110873914e-01
6.458665484320599837e-02 7.857387602195013698e-02 1.618197189104298717e-01 8.257551885613845233e-02 3.004880386896689043e-02 3.117215783603487916e-02 5.301718179646763146e-02 7.817791520045003217e-02 6.253665973371932973e-02 8.734361204015159141e-02
6.540744477092065579e-02 1.116600756333672173e-01 3.791656947027038926e-02 8.584563567633640702e-02 2.902473853842600995e-02 2.110873936770204795e-01 8.559625318976160635e-02 6.137279041743638752e-02 3.806408903182818826e-02 3.448297391543283380e-02
8.945396063767327433e-02 4.076075000224829020e-02 4.568911584992791514e-02 8.048231280091688866e-02 4.277160731189090515e-02 1.649987489571461130e-01 9.351107693305556190e-02 3.928692238934460707e-02 6.916840961719147862e-02 6.213299447423300398e-02
7.941743288429313485e-02 4.948954593946418984e-02 8.593759370739459391e-02 1.198779470685680248e-01 9.001043562394508979e-02 2.292076602423745793e-02 5.154755197047118653e-02 3.814994001365143439e-02 1.170747953476856118e-01 7.009043566957078031e-02
3.109082270433848050e-02 3.446967531750822628e-02 5.486602461960596311e-02 2.613482783900964446e-01 9.089879227766406791e-03 3.679684750378758862e-02 1.856122937019318853e-01 6.608142999501989689e-02 1.057141049689680756e-01 5.765144079504039981e-02
1.251205210532426726e-01 4.538211487160588586e-02 5.110175134171439371e-02 1.025698925777380477e-01 4.183035561651370082e-02 5.559360476514338401e-02 1.025858803749163106e-01 6.754229899471864140e-02 5.225294555479571834e-02 7.101331290434764743e-02
8.438230608782774922e-02 9.904388273559293354e-02 4.500110188013857482e-02 7.685311240637078545e-02 4.282865836644660085e-02 3.679406057445034489e-02 8.340853480937993059e-02 5.146758657884651506e-02 8.508575850679356289e-02 1.059611030321784414e-01
2.841720748620816042e-02 2.794984033909375318e-02 7.163988027393708435e-02 1.181998152516142847e-01 4.397216613655790390e-02 4.647681145243950929e-02 1.024011610059182703e-01 6.228458551308788116e-02 5.522520430213961884e-02 2.127284042482202320e-01
1.064815791489411544e-02 3.553910657448249022e-02 2.635790976152060372e-01 2.311660507704765138e-02 2.424969506456364082e-02 1.199308386711603336e-01 1.240708816929028818e-01 5.775431268183574968e-02 1.371730618387871359e-01 5.376769045133657221e-02
2.299501988849960918e-02 1.932454659502911010e-01 7.837246146508332345e-02 1.054667290613946727e-02 9.566805603491462806e-03 6.811202733410173793e-02 1.369810182958017264e-01 4.213778626928094129e-02 1.362172472048908678e-01 1.327534501557134927e-01
2.760546890752612129e-02 3.459700196318637316e-02 4.634332681252480851e-02 1.304472211671023896e-01 7.037738521216918564e-02 8.374770291644922926e-02 1.236215417545473427e-01 4.058853285264971134e-02 5.654921799161035517e-02 1.273419638441272705e-01
2.954637465759915246e-02 5.949643485127652232e-02 1.439078503706326950e-01 7.407265285677859523e-02 4.401495073794464696e-02 7.073445924123904216e-02 8.121993998565579798e-02 2.617942220574743378e-02 4.436344350999243957e-02 1.904057451567123249e-01
1.811438948341446142e-01 8.172525164843555401e-03 2.109858439284508641e-02 2.574440306255708633e-01 2.262528686129181704e-02 8.794462909849520837e-02 1.138359055163092465e-01 8.761015128083232684e-02 4.559380491228078036e-02 3.652490446230512861e-02
2.014989862713645677e-02 3.824036498096686221e-02 7.283899141236815922e-02 6.253345221169115398e-02 1.004356421156618329e-01 1.531629160106228738e-01 1.831732582529616016e-02 8.842241564599215287e-02 2.213131661407437556e-01 2.855355288156859184e-02
1.093132062146335848e-01 3.519240886069573832e-02 4.240918054671605208e-02 1.808006178104638040e-01 5.305214880673379124e-02 3.969092929259465663e-02 1.517150105593901843e-01 4.150733167694031778e-02 4.221431122276508158e-02 6.764690855919056056e-02
3.153056392531046470e-02 4.055536096731666984e-02 1.207821879649588759e-01 1.161804656009427922e-01 3.444826151613324117e-02 7.737428081396499624e-02 8.182687450531597739e-02 8.631860652167544501e-02 5.125963620980872326e-02 8.456012565088563693e-02
1.276383067125129722e-01 6.648810939401784970e-02 3.550274956017594741e-02 1.747502606135397513e-02 1.728315467172099051e-01 4.319725413048618179e-02 1.114888913897394696e-01 8.911238069709247200e-02 4.048389162527092633e-02 5.736399349654711793e-02
2.355140406291407473e-02 5.716805359788236507e-02 9.038629434571930632e-02 5.821286711858213170e-02 3.191420829688731975e-01 8.974242512526670046e-02 4.255448197811084049e-02 4.061696987817257215e-02 5.289891325678795775e-02 4.134320286307809067e-02
4.192685530677706801e-02 1.376720917337936542e-02 2.321045133421459905e-01 4.661855766185764305e-02 1.170786606750657266e-01 4.431190494058917517e-02 2.345454880097554151e-02 6.269475132604017398e-02 1.117227290994475819e-01 1.088526546823614938e-01
8.217035634256539267e-02 1.971687663331432583e-01 2.522692839474188764e-02 5.440296609212064149e-02 3.124812363271186472e-02 9.767448777848466990e-02 4.380596429059029073e-02 5.565628197923234988e-02 7.169468958598163022e-02 8.980915145385703902e-02
1.628364912140659385e-02 6.143049332154950498e-02 5.780474999684402648e-02 4.109216121127585997e-02 5.334040165647729870e-02 9.339410107769617608e-02 1.734561322639965320e-01 5.203605967926419607e-02 1.363463106804931047e-01 6.816009657963253976e-02
5.628725303884282022e-02 3.688385190140790193e-02 7.701703427865455587e-02 9.745811137723381368e-02 5.293521237687173753e-02 4.659603412509839143e-02 3.957585175059501886e-02 1.493695547114082256e-01 5.264633937859425350e-02 1.223392565307633018e-01
4.560953988723170927e-02 1.119713978624028716e-01 1.719272974114637587e-01 4.930399866367000949e-02 3.138789076037103165e-02 4.907442517702683554e-02 1.434441635375766078e-01 5.578277155539278220e-02 3.209045404089662379e-02 6.492334893693077480e-02
5.362772932832214623e-02 6.443896649647047614e-02 4.921757494723385390e-02 1.982964060914143428e-02 2.000726764544941139e-02 9.022730254406785555e-02 2.036474356071821534e-01 3.425458597072132683e-02 1.729763505762891562e-01 8.706256211235570419e-02
1.878377660455674281e-01 2.954918082532702675e-02 1.149730140196176809e-01 1.102021321409312193e-01 2.699517723467291172e-02 2.308205638630666384e-02 1.382820101111908451e-01 1.382300255940209222e-01 2.092395006572438793e-02 2.694830173484397129e-02
3.847608448085521049e-02 4.763064060169839437e-02 1.134023172777644251e-01 2.365007941863049232e-02 1.232526085111464997e-01 3.418872454814849554e-02 8.373270365104749924e-02 9.931974536632084960e-02 6.872962258582339390e-02 1.006186938810293419e-01
9.762235768138277647e-02 3.682424468939283352e-02 3.506455199176110316e-02 6.512154320996496604e-02 1.037642820792451515e-01 4.597362028425562575e-02 2.296232640972382250e-02 2.528842656249107312e-01 5.032734828289096157e-02 7.765167476261411461e-02
2.569957048361066684e-02 2.712374181681216356e-01 4.327527374560123652e-02 4.189344463360913234e-02 1.540458009902817005e-01 4.916184843249386816e-02 4.774492778293534800e-02 4.303834998423095026e-02 4.678775706364490805e-02 8.361028952204671572e-02
1.359473438205163753e-01 5.921990418156836827e-02 8.659446659816461347e-03 3.984794788870513887e-02 1.855511112488713865e-01 3.005532318243592932e-02 6.939772391615259273e-02 1.240278187547819294e-01 7.632349414684841404e-02 5.794742512828401221e-02
4.897509323866572339e-02 1.973778164375209199e-01 5.123431607123730275e-02 3.304950692158638292e-02 8.853845182302381989e-02 3.500372555346861758e-02 6.243548157675357646e-02 1.300337994066138314e-01 3.230922679624478877e-02 7.923572832099193275e-02
7.684748427392745773e-02 4.647872188151214168e-02 6.251205269863813196e-02 4.968490698950150941e-02 1.914797207905701015e-02 5.765087054599964123e-02 1.534324318697500855e-01 7.042360801505248569e-02 7.811741826332785354e-02 1.224359171946187708e-01
1.494787414080087640e-01 1.023875082565380013e-01 3.042348365308451819e-02 2.073040615196984904e-01 1.480637571072276337e-01 4.104853368560525823e-02 2.307275073345816524e-02 3.564092155627712755e-02 3.417441508371239778e-02 3.554691959627613584e-02
2.017096378024127445e-02 6.433522659358296980e-02 6.663377691216565424e-02 1.102282693036149841e-01 9.820344061013797088e-02 6.494278567459363383e-02 6.489863208664950478e-02 7.992016155468667504e-02 1.545605827682363098e-01 2.199055561125255742e-02
9.938238306220355256e-02 2.792176429159106549e-02 7.693372296980838243e-02 1.688985926415632541e-02 3.171650366420344230e-02 2.997497458711753104e-01 7.689265286150710754e-02 1.148687111600969757e-01 3.132161876985810334e-02 5.231935712671294259e-02
4.053511429153324602e-02 6.778261053093874444e-02 8.823995636504483597e-02 4.002307764040927834e-02 1.351149900438957108e-01 9.301195225559984181e-02 1.652912722280934499e-02 6.756066468416974113e-02 1.942594221503350371e-01 2.959615725556742627e-02
4.094922694598601004e-02 1.643755381933330040e-01 5.070473444418173437e-02 5.006193961893685984e-02 2.115593600615967851e-01 3.988731932414270320e-02 1.818848653818036232e-01 5.484496408535879247e-02 2.393662650249965551e-02 1.313116383178017897e-02
6.754660887859299800e-02 4.163067417463447994e-02 7.569845745829115180e-02 7.369581632601054921e-02 7.420985439293939501e-02 7.078094315631509870e-02 4.372080133804581714e-02 6.335200460103343478e-02 9.131701231024230703e-02 9.841356512891301367e-02
2.591568444899099988e-01 5.466780403061973631e-02 2.626011487600060298e-02 3.302189824428499731e-01 3.515375638528637353e-02 7.120662429261073734e-02 1.493595939142675633e-01 3.639437815045261371e-02 1.932955938707150729e-03 1.591328131806551277e-02
4.496790362832092658e-02 3.332987799339774682e-02 3.428606109654419032e-01 3.128002975142033654e-02 1.603458252527902722e-02 2.330888115881463718e-01 3.691559776176502050e-02 9.061868660808219608e-03 1.889288219819825615e-02 2.492193259415048101e-01
1.983441034205689693e-02 3.024673134581069844e-02 5.189589298835059483e-02 9.493553643864174885e-02 5.492594079527474138e-02 1.742932778846824696e-02 6.885914605955775758e-02 1.850369060316623404e-01 7.132931042911047625e-02 2.153865814611603258e-01
3.560125845071415718e-02 3.320795034930482115e-02 1.439852304280208606e-01 9.558914019201902867e-02 4.413012149573616871e-02 3.220164271003314593e-02 3.785985746465853063e-02 1.361463680614563576e-01 1.490233055099693393e-01 5.478073630032011254e-02
4.774793187418624463e-02 1.669372479857731961e-01 9.830626959010753396e-02 1.205317195195080571e-01 6.886324732566337370e-02 8.364355683389233798e-02 5.219795888213830948e-02 3.961713001972891335e-02 2.576095361017199936e-02 4.089923536458451442e-02
5.036266351874965630e-02 4.955101556294692899e-02 9.905437650925794091e-02 6.035782858400820516e-02 4.906461594429331607e-02 1.914287037546540948e-01 2.432143456578470669e-02 2.428608641432591919e-02 1.901716371860068810e-01 5.267465736071088450e-02
8.343234423076976991e-02 7.447998679093012497e-02 6.829425184206745769e-02 1.833418076132886931e-01 2.786227994152901816e-02 1.307851945943133871e-02 5.035403916275242586e-02 1.094091656376045829e-01 9.868461131976558054e-02 5.582141759502014244e-02
4.660868092643395688e-02 1.169225275736408692e-01 4.460600878004417763e-02 1.246643341037930175e-01 6.887528242954968349e-02 8.459883916166960338e-02 1.974243914483385931e-01 7.183017859075713218e-02 1.168552051920180787e-02 1.981540183806103708e-02
3.438980723007415558e-02 4.075028546195401391e-02 7.175533182883972461e-02 1.567055508671657271e-01 3.802376366544873987e-02 1.975465348983175828e-01 4.102525292074139102e-02 1.204795622959890095e-02 4.397298451746844972e-02 1.889395372088824021e-01
3.940970816493127166e-02 9.861021773520341205e-02 2.721192312294434118e-02 3.570952939683341709e-02 6.937190434804155204e-02 7.930723143282035481e-02 8.347485499249129859e-02 6.011937259352449769e-02 8.140967817986091704e-02 1.573661443532754778e-01
2.493345372673845539e-01 1.852604773271613811e-02 1.189869917562508608e-02 2.199700377280561572e-02 3.509468016792206130e-02 2.642919062807244646e-01 8.365884588188063353e-02 4.198500307660416042e-02 9.143699095085042194e-02 6.603647514936863971e-02
1.644875436065114729e-02 5.197837178540479913e-02 9.157970755496991355e-02 5.778003199681988611e-02 9.359089329334580043e-02 9.902906746758841083e-02 8.364070093727793420e-02 1.232453524730556249e-01 9.688613871194069749e-02 2.582703233782004254e-02
1.014361188844742079e-01 6.016183996659073274e-02 1.611750412148068093e-02 3.045113334650124959e-02 2.793180097129402961e-01 8.350897887620703508e-02 3.807886148125254333e-02 4.612130669884807049e-02 1.767393332073167733e-01 1.742573660478864001e-02
9.994697628719016735e-02 3.070244090427450348e-02 5.599123167166020210e-02 5.748045690765371529e-02 7.474798410202221355e-02 1.041752831913390492e-01 9.283930589309537240e-02 4.222432831733460151e-02 9.180920308813983466e-02 6.150482169560034934e-02
1.040411574791655774e-01 4.035952734934557945e-02 8.577692376933335194e-02 1.471583989031180310e-02 3.965131841608494218e-02 2.424858368356263560e-01 6.254056573729613322e-02 5.534414982524753224e-02 5.604028802270959869e-02 7.936752411224543002e-02
3.067316992328351921e-02 4.466410058693489477e-02 4.051813305755176675e-02 8.192759860865705956e-02 8.744265840908163612e-02 7.934230921399389180e-02 9.517599806271506702e-02 7.646459206482275617e-02 6.183076871968024718e-02 1.159209890527107684e-01
4.782952171599945401e-02 2.199403057160915359e-02 2.386993916894806708e-02 8.018134967336909558e-02 2.235718677912424679e-01 5.185184568037066316e-02 5.554118267439941969e-02 5.367712358660834543e-02 1.175070009932816933e-01 1.028036949229841068e-01
3.211419847019697515e-02 1.300360920912212170e-01 1.028979560504999363e-01 7.510390876504689783e-02 7.985629543320836576e-02 5.412827516494950197e-02 2.920401991401565603e-02 7.490530938710540654e-02 1.012219655967795673e-01 4.691311965599229139e-02
9.427497379867744165e-02 1.202306958026465727e-01 5.260295285043040114e-02 1.704975303815425280e-01 6.533373828595560873e-02 4.271572299565827568e-02 8.191354871762175638e-02 6.584026015281621569e-02 4.119158644050786855e-02 1.587030163025026155e-02
2.699099266893623811e-02 1.191664417955351218e-01 7.349940685814637664e-02 5.588382952156745187e-02 2.175831778246022086e-02 7.536435103879002284e-02 1.388527405143399063e-01 3.292443878752404629e-02 1.226738047399772574e-01 8.147662575218339587e-02
6.055957881288563660e-02 3.459301967890442836e-02 6.547362702091320819e-02 8.897917246238448707e-02 3.226511558542109054e-02 5.576005111787740720e-02 6.036311146679022854e-02 1.110037697579581706e-01 1.424455003018773591e-01 7.222698794888200713e-02
1.503933814227967347e-02 1.627094725851595258e-02 9.269406456457933430e-02 1.822059515142492037e-01 4.438294208686043713e-02 7.680218055816637190e-02 1.589379522812987000e-01 7.363345945314551944e-02 8.664117660713743785e-02 4.200440817437313401e-02
4.257307047851991572e-02 3.348558329384616894e-02 1.039354626220806987e-01 4.261832463557561901e-02 1.341239585770877263e-01 1.194228031527224954e-01 3.046522773853161531e-02 1.907767297182032945e-02 8.550132705103025144e-02 1.609697720557669021e-01
2.911140255037816815e-02 1.148867043958138323e-01 1.088546934519176584e-01 6.262778710834648876e-02 2.670298815224146638e-02 8.863094943050600638e-02 4.735881648950979184e-02 6.596739001052011331e-02 1.571371346393531099e-01 4.407261587907231049e-02
5.223549147464511683e-02 8.579020965123132503e-02 9.208789502558401008e-02 1.940952454405717523e-02 5.348515458625423269e-02 6.459157422416467176e-02 7.563322788049670065e-02 7.728714543247679203e-02 1.556071791544066940e-01 5.297267807869539269e-02
2.776365288056162339e-02 3.644289859854254326e-02 3.434601037259126660e-02 2.495529365316865866e-01 2.576412151137419740e-02 5.596379805175413086e-02 9.791007758556877216e-02 8.055786909766934900e-02 1.111915348213091403e-01 7.204229373389291202e-02
4.199292866216204623e-02 1.211860545182835147e-01 5.440304682221419608e-02 4.901434896818628040e-02 1.411193334133521993e-01 6.734573465896856459e-02 2.531268283756225868e-02 3.947332360900751569e-02 1.945853396182539163e-01 3.929883014548730263e-02
6.980118510731277148e-02 9.995910912518449210e-02 8.137364203003080720e-02 2.710148672265196707e-02 1.271224183837154631e-01 1.114382240099296290e-01 1.817673084072447126e-02 1.051540243683630471e-01 7.192208622727055967e-02 3.190825063063493922e-02
9.063534023550100238e-02 4.634329163181969552e-02 7.836726667956030179e-02 4.978651386728288192e-02 5.787240434211707307e-02 5.438354591679771255e-02 8.652501888723407308e-02 9.953732467086352786e-02 6.094456147488164915e-02 7.570828271258425723e-02
6.394440887383599781e-02 5.618503482621165640e-02 9.930111903776418780e-02 1.183930809596205058e-01 7.825542838045081162e-02 5.698553337564744858e-02 9.394653770527656989e-02 6.866708857543354916e-02 4.001129966918978709e-02 3.638716899772431040e-02
4.061405878490136762e-02 1.897741061251665209e-02 3.113301900160910310e-02 1.973972581337093135e-01 9.257120376951934182e-02 5.111403337555532611e-02 2.636841604240482834e-02 8.523367247491667187e-02 1.653268055597970632e-01 8.231524571973614091e-02
