-7.178260385518357545e+00
-7.973584748560787361e+00
-7.451679551255075751e+00
-7.639350894693749616e+00
-7.717963156992562190e+00
-7.932314499900016358e+00
-7.148354752898969267e+00
-7.488887819312511240e+00
-7.092816003213570752e+00
-7.712921182087452365e+00
-7.669402613820185621e+00
-7.919459268588677325e+00
-7.362526330127461272e+00
-7.447808299306185376e+00
-7.552824475936208870e+00
-7.950780074838502465e+00
-7.564003997439041171e+00
-7.456738611075090617e+00
-7.548345692878766222e+00
-7.601584549047737838e+00
-7.465369528895767104e+00
-8.078271774109204273e+00
-7.406434649788764091e+00
-8.362632548930651666e+00
-8.354020029049836538e+00
-7.220056764268822036e+00
-7.955681811091709577e+00
-7.446279635058387747e+00
-7.457857521662868194e+00
-8.078581158425702569e+00
-7.837469435684305097e+00
-7.464796017896949465e+00
-7.014196327689123933e+00
-7.691899778873340310e+00
-7.493116378155686874e+00
-7.602879458533158719e+00
-7.837821104061355015e+00
-7.080592903181829101e+00
-7.632307698618086000e+00
-7.511660623358837441e+00
-7.107859952447467933e+00
-8.077594438010013533e+00
-7.994859723189991385e+00
-7.593936368626438949e+00
-7.282361771841923570e+00
-7.060752494077466856e+00
-7.869385548742643621e+00
-7.410874128589581389e+00
-7.519238288046306451e+00
-7.870884108009775559e+00
-7.333009957416333435e+00
-7.171048414484025635e+00
-7.759183687923258077e+00
-7.096633248878382538e+00
-7.803993609846787471e+00
-7.990038325833186406e+00
-7.676484397697850959e+00
-7.409743449499595513e+00
-7.660716631158692280e+00
-7.990023293579676888e+00
-8.183795953245050825e+00
-7.485485319979916952e+00
-7.612480637694497787e+00
-8.495197924565808023e+00
-6.924579984236307162e+00
-7.801911695950693115e+00
-7.873650709116940760e+00
-7.940929735684570723e+00
-7.412292096046268597e+00
-7.643154566392116323e+00
-7.357766176510048162e+00
-7.809671080066236115e+00
-7.647915854270983971e+00
-7.679605038098046954e+00
-8.037079808656050872e+00
-7.431536303243685637e+00
-7.558041652133621113e+00
-6.761151466979159252e+00
-7.714027973936195437e+00
-7.851683995394349580e+00
-7.748000046978633648e+00
-7.392919002796777050e+00
-7.206228233515851400e+00
-7.643956281547684029e+00
-8.020669812647621910e+00
-7.762410973686892923e+00
-7.042827538269684773e+00
-8.085469431114283623e+00
-7.414676647456926339e+00
-7.662329726758769333e+00
-7.700320654718205482e+00
-7.531851710631036312e+00
-7.110437591592839723e+00
-8.439203891199545282e+00
-6.798634595146427984e+00
-7.518667996762004258e+00
-8.459503303776426009e+00
-8.477095597302437113e+00
-7.072054350440589054e+00
-7.396050126390814050e+00
