-6.395305064744436940e+00
-7.322784381718983049e+00
-6.864243434858714465e+00
-6.820723467106333260e+00
-7.119788531873834536e+00
-7.090718219693347812e+00
-6.554406219950378976e+00
-6.619385336269922426e+00
-6.406822585936025050e+00
-7.049362347726029654e+00
-6.957425961062865483e+00
-7.267203397630113137e+00
-6.763419675299807032e+00
-6.852493884016952030e+00
-6.988386740991874291e+00
-7.243866809291829689e+00
-6.822845244701338352e+00
-6.784530679874269055e+00
-6.866748908427626752e+00
-6.937307808708076173e+00
-6.811651798492186494e+00
-7.356432275697974532e+00
-6.756751756592577429e+00
-7.768134927569343873e+00
-7.636117697847700114e+00
-6.567809902434781577e+00
-7.395381709532487413e+00
-6.803667178493997270e+00
-6.864826072989704819e+00
-7.460413088313454288e+00
-7.129255333584754162e+00
-6.925762435669654771e+00
-6.426078775442253033e+00
-7.029923424210441141e+00
-6.772476712633888063e+00
-7.011624483013758180e+00
-6.993554458304790167e+00
-6.366516047427477787e+00
-6.947371840335927473e+00
-6.937320190425573685e+00
-6.468242805498594983e+00
-7.185562500218177995e+00
-7.291134091817754737e+00
-6.950933802328523647e+00
-6.669461158744228513e+00
-6.431581860050336275e+00
-7.149378673526037176e+00
-6.644478880069502935e+00
-6.873858158348454594e+00
-7.222516751842087857e+00
-6.601284164978452829e+00
-6.605453067101335840e+00
-7.071998834491015629e+00
-6.349978953890234479e+00
-6.992465232661364993e+00
-7.375324693376661855e+00
-6.970563745223121721e+00
-6.744548528842960522e+00
-6.615755217496798402e+00
-7.280183573638339567e+00
-7.499865485042304769e+00
-6.892487532857436427e+00
-6.921179226415852703e+00
-7.889385566783197135e+00
-6.264616384465451659e+00
-7.045555813960648450e+00
-7.102671348122643558e+00
-7.165238985168731922e+00
-6.771128426793646682e+00
-6.947767207642339571e+00
-6.725493676606088655e+00
-7.142268906041215892e+00
-7.099815026193805778e+00
-6.937605024220236061e+00
-7.428126338152866381e+00
-6.687994092456893469e+00
-6.937541169424339849e+00
-6.163720696068257787e+00
-7.074703464545180509e+00
-7.269675197291382673e+00
-7.151096778421988986e+00
-6.838049479091955263e+00
-6.527965961902553182e+00
-6.984133043884411585e+00
-7.416082620652687751e+00
-7.088477401024554148e+00
-6.364560725797884899e+00
-7.385692015312416814e+00
-6.807084005044445441e+00
-7.040814930725429299e+00
-7.121610821181272755e+00
-6.841521448462107635e+00
-6.426481244820244854e+00
-7.764330968827708901e+00
-6.205628786888630621e+00
-6.833005028058567021e+00
-7.695785459768510250e+00
-7.723141821942721919e+00
-6.402543625585059850e+00
-6.653881554185047342e+00
