4.990318209751137268e-01 5.113746250786879166e-01 4.973627491318710625e-01 4.975932178397813876e-01 4.997256775369175452e-01 4.933215232431639174e-01 5.035761984268694036e-01 5.030939658436400785e-01 4.996079265122285729e-01 5.059736704128013907e-01 4.912284489525903797e-01 4.981101760463301220e-01
5.074401037725571051e-01 4.982467464325451290e-01 4.942737849625004065e-01 5.099083077196149283e-01 4.902133243081397973e-01 5.016540754924527779e-01 5.037473119136994804e-01 4.982932735933495727e-01 5.050282676428721196e-01 4.937017269243526574e-01 4.974624431340314845e-01 5.000306341038642799e-01
5.051793902898127353e-01 4.969276910377473655e-01 5.058883476024043091e-01 4.967163634870795930e-01 5.041849589134828058e-01 4.986125592050461575e-01 4.957988900782913655e-01 5.024394712257540530e-01 5.004926415274582041e-01 5.004105516974242107e-01 4.971113532661110557e-01 4.962377816694157895e-01
4.987380878055012179e-01 4.968001254004683620e-01 5.037249716697881352e-01 5.073215663061036995e-01 5.070989031071659880e-01 4.823412875675902045e-01 5.028141865308313196e-01 5.050288824816798749e-01 4.974966334657435763e-01 5.015489923488083424e-01 4.985765995234641146e-01 4.985097637928848080e-01
5.019929874282029747e-01 5.032655046464736825e-01 4.918666885873480554e-01 5.058808448933964641e-01 4.969166737151450297e-01 5.035436880987909092e-01 4.981562194356438100e-01 4.960118870899321020e-01 5.051698367069508144e-01 4.924823418499053584e-01 5.033561428061755771e-01 5.013571847420258409e-01
5.003981547011309150e-01 4.969544604374923624e-01 4.992453883169786777e-01 5.114816371300393572e-01 4.998088750864257412e-01 4.977669983476970539e-01 4.981204513867948380e-01 5.040288798470898834e-01 4.882490617119076282e-01 4.998622755783451721e-01 5.052650452317328789e-01 4.988187722242897748e-01
4.983841934289059417e-01 4.986764431246915041e-01 4.985799190975984674e-01 4.988489221999405365e-01 5.063603722690358522e-01 4.944986034579783585e-01 4.969455419081265646e-01 5.016929147544845202e-01 5.038765051661804328e-01 4.960962697558056744e-01 4.998862276371742741e-01 5.061540872000430680e-01
4.976036096649806839e-01 5.049833303023233411e-01 4.855591081191684699e-01 5.209181211239979348e-01 4.893585109836371960e-01 5.033551394898997389e-01 5.050312676586389271e-01 5.006408517139727676e-01 4.859934517584690306e-01 5.118452433191371664e-01 4.965313440901531483e-01 4.981800217756520155e-01
4.958229451053328130e-01 5.039991396468062046e-01 5.037010294280411804e-01 4.897390431919891873e-01 5.048775687567625958e-01 5.007672290930573755e-01 5.004238922660901867e-01 4.998032040635016493e-01 4.964721932386855219e-01 4.945763251818385831e-01 5.030379863896016213e-01 5.067794436383252776e-01
4.966188632685442639e-01 5.057919715139052030e-01 5.020951654423839727e-01 4.985523166824801233e-01 5.035334869819305670e-01 5.019277095519649734e-01 4.967733132286902276e-01 4.984023761039347855e-01 4.980467882931327583e-01 5.061196953712363555e-01 4.943524209026441962e-01 4.977858926591620103e-01
5.088707050376133356e-01 4.995887700379284535e-01 4.942280854195041373e-01 5.044035534166873003e-01 4.954495813494874112e-01 5.048320727043189571e-01 4.882115488349709764e-01 5.032766609830441329e-01 5.041288264696939248e-01 4.974709489077043800e-01 5.019944049452449431e-01 4.975448418938140938e-01
5.032136870352675873e-01 5.054462577313338922e-01 4.932748406152135390e-01 5.009290234627203908e-01 4.965712616049946515e-01 5.093494827578033401e-01 4.883579494897630213e-01 5.098258994808846367e-01 4.979802556364431032e-01 4.967897206578120173e-01 5.093799008055049926e-01 4.888817207222599381e-01
5.031699036155548033e-01 5.025046752830356622e-01 4.995443056647353441e-01 4.970430072547900591e-01 4.976429787604206290e-01 5.052535368658062076e-01 4.988653941319594054e-01 5.023105672786477571e-01 4.973208201005980822e-01 4.960431100565597107e-01 5.021042242284197155e-01 4.981974767594409270e-01
4.952598109051299380e-01 5.018431484769032558e-01 5.010798322169076613e-01 4.949578316610597772e-01 5.014661319988278354e-01 4.983201597077358547e-01 5.031455152523989227e-01 5.012786276423635279e-01 5.001636687965331785e-01 4.937268273214817094e-01 5.074817408646102868e-01 5.012767051560310660e-01
4.973560562204346613e-01 4.969193497176181973e-01 4.995453911215887999e-01 5.043216043803504522e-01 4.963750109804258015e-01 5.005304818612816842e-01 4.971597847926517710e-01 5.042298724668036192e-01 4.974956597997652885e-01 5.004483125405155830e-01 5.000026001244781693e-01 5.056158759941238312e-01
5.039078388482156612e-01 5.077898133352195531e-01 4.905960730714115092e-01 5.061884370092799568e-01 4.873156727030645285e-01 5.110520427412075239e-01 5.000206927706907223e-01 4.912294842179232290e-01 5.055601676655822052e-01 5.043366743227309934e-01 4.964801947718642250e-01 4.955229085427703128e-01
4.976610892820005905e-01 5.039960582450877524e-01 5.026636687982520835e-01 4.917096414421807671e-01 4.974798017099109626e-01 5.008049818608807380e-01 5.047474551820894106e-01 5.032247614090348264e-01 4.930144974146044023e-01 4.945522405982765712e-01 5.081234386282373894e-01 5.020223654294263538e-01
4.998582485785312279e-01 4.906823337093261239e-01 5.105250901538569419e-01 5.000994397618849785e-01 4.951156336499392685e-01 4.944876133978217680e-01 5.077998940400079153e-01 5.023258581051139871e-01 4.962792947814476663e-01 5.039629701167321896e-01 4.968028529037517016e-01 5.020607708016320281e-01
4.907103198490778695e-01 5.090463745547266772e-01 5.012063583745089979e-01 4.913108730621750242e-01 5.076234018390155533e-01 4.949028027310129474e-01 5.039474863077839650e-01 5.035656743871634866e-01 4.947145608662835703e-01 4.985431627809182031e-01 4.952123278173458654e-01 5.092166574299772375e-01
4.997073340333133551e-01 5.007430054630293004e-01 4.971245290603757416e-01 4.925414132162748704e-01 5.119691634104163169e-01 4.990829148169161344e-01 4.991334751171092043e-01 4.966020478697489859e-01 5.023001247120268964e-01 5.022752736147670927e-01 4.998472606413023600e-01 4.986734580447645948e-01
4.897709925063855607e-01 5.057860813228960417e-01 4.974120641155296285e-01 5.067139443959489675e-01 4.893093377316866666e-01 5.067712653342590912e-01 4.998858609828310540e-01 4.923248250040649365e-01 5.053969264634488034e-01 5.056448858006949987e-01 4.948561449148101699e-01 5.061276714274638433e-01
4.925782459439061456e-01 5.038730197720578952e-01 5.022357390919076625e-01 5.025571510447315315e-01 4.947550377757000128e-01 5.091235975486604337e-01 4.956331492909252789e-01 4.950164387829725787e-01 5.075132434865460285e-01 4.993821989515798698e-01 5.031921412113680159e-01 4.941400370996497649e-01
4.979902168910591009e-01 4.997880558073196644e-01 5.039600129686704344e-01 4.953200935773144353e-01 4.959273852241009584e-01 5.097317681243620502e-01 4.966119568281219809e-01 4.970175386955338892e-01 5.018831835411441400e-01 4.969696012136771701e-01 4.961488989607114042e-01 5.086512881679883247e-01
5.008851335081991873e-01 4.966500781036904399e-01 4.984711536701466050e-01 5.006732982465325055e-01 5.014322463602877145e-01 5.004266338781110379e-01 5.059420341360205686e-01 4.956691569821156662e-01 4.978827621543026050e-01 5.053994237784282806e-01 4.931285994178278842e-01 5.034394797643959585e-01
5.039846986616622893e-01 5.009716494834810518e-01 5.022708760481342516e-01 4.950448330676276987e-01 5.038513325484063055e-01 4.968345985538704102e-01 5.020088332044247981e-01 4.922474436911528639e-01 5.001058219684919592e-01 4.989256686292024567e-01 5.104658407426041489e-01 4.932884034009755170e-01
4.991592204960900725e-01 5.025931354843763410e-01 5.013101144458931291e-01 4.989190295129660724e-01 5.017673190824230023e-01 4.963991570575271295e-01 5.046378725197813164e-01 4.998874270524308328e-01 5.043657632453386608e-01 4.979850689354816673e-01 4.966679736005018553e-01 4.963079185671973592e-01
5.011061733787303130e-01 4.993332414107269357e-01 4.962758597456092824e-01 4.999189670689401788e-01 5.046987483199760760e-01 4.967688993799879160e-01 4.993361952416365268e-01 5.042401223139998390e-01 4.959568278154969367e-01 4.990625589116588490e-01 5.049681025310454041e-01 4.983343038822033444e-01
4.941004351034813391e-01 4.973842274557263576e-01 4.986387784713591231e-01 5.018595263029801412e-01 4.987327309177459478e-01 5.016100084977768159e-01 4.985571550203041213e-01 5.056738508012714739e-01 4.929969861037343248e-01 5.064570911448791346e-01 4.901441366170995462e-01 5.138450735636248545e-01
5.033969351018596772e-01 5.008055125274837316e-01 4.977527231793057449e-01 4.970867306344888270e-01 5.046224543651933736e-01 4.974863276442970106e-01 4.972942531317265935e-01 5.028884608930386246e-01 4.945549927932392231e-01 5.074206191467304228e-01 5.015876539920848254e-01 4.951033365905608274e-01
4.995763587805972517e-01 4.959504249613345683e-01 5.033400651517692115e-01 4.964885562599591351e-01 5.022892478016307560e-01 5.030849826505017219e-01 5.040606715069708699e-01 4.914625844211524264e-01 5.034753191986870435e-01 4.941091837756729221e-01 5.064298329080544336e-01 4.997327725836558932e-01
4.963625244848502982e-01 5.007173599779263240e-01 4.967122309362843047e-01 5.150805097215329642e-01 4.839552564173159599e-01 4.993708593548070729e-01 5.071282146294385784e-01 4.979446228371230965e-01 5.038890227506460651e-01 4.953787054688176816e-01 5.053682516677788783e-01 4.980924417534245419e-01
4.984343797034415102e-01 5.041158247854677921e-01 4.963623832668043745e-01 4.999681417259929095e-01 5.028377182815363389e-01 4.995378512177244823e-01 4.996436736085428931e-01 5.007354434299051693e-01 4.995160069753153964e-01 5.031759500260247764e-01 4.945586768139171308e-01 5.011139501653170125e-01
4.984676198449106699e-01 4.963758585713015647e-01 5.035705891550095181e-01 4.968894079816356668e-01 5.021016642338478331e-01 5.043268912377709690e-01 4.949538304303942038e-01 4.990442868479847416e-01 5.005066670814435348e-01 5.048451340575872415e-01 4.988969846567903876e-01 5.000210659012700454e-01
5.007179800837601169e-01 4.992479423335612343e-01 4.969436604195101026e-01 5.101913102361141927e-01 4.906639040027693799e-01 4.962881129138202452e-01 5.120544893430289957e-01 4.921746608080549423e-01 4.966303218491875948e-01 5.029209072971058125e-01 5.040680424970070961e-01 4.980986682160470913e-01
5.026849186720798723e-01 4.990482957479245307e-01 4.915109680425228111e-01 5.096596819382364085e-01 5.015209616230542622e-01 4.952971908500657383e-01 4.935430388458561524e-01 5.008103170080652200e-01 5.045801242639250672e-01 4.954201262027083663e-01 5.036263730977604824e-01 5.022980037077406923e-01
4.938206847794723853e-01 5.013082416263237029e-01 4.963469713823009943e-01 5.050958871607559297e-01 4.994417507762176633e-01 5.002660138518366661e-01 5.039132301177483564e-01 4.965214868906663859e-01 4.984144449752851425e-01 5.058431806326884050e-01 4.939754187739612279e-01 5.050526890327489138e-01
5.038392819431923852e-01 5.008754627194456077e-01 4.981317930622918277e-01 4.994686338505031076e-01 5.025208935017304590e-01 4.959727320295634900e-01 4.970144270122928143e-01 5.076121589796374067e-01 5.082256762614151269e-01 4.849224095555995095e-01 4.930914318523824669e-01 5.083250992319732209e-01
4.878833882317127890e-01 5.059795432866727172e-01 5.020069293663168564e-01 5.026313941661115781e-01 5.015306659266851597e-01 4.957028740624064289e-01 4.980056044876326471e-01 4.972285342969710586e-01 5.007706785424900220e-01 4.998464756928571728e-01 5.015028300030002217e-01 5.069110819371518417e-01
4.895377591324024946e-01 5.033623007544436589e-01 5.090267897064488789e-01 4.913390753715461412e-01 5.052479101859710386e-01 4.969953059341030155e-01 4.967736821734116681e-01 5.075661168326666139e-01 4.986326774827217756e-01 4.960260560837265187e-01 5.074837124737634486e-01 4.980086138688566977e-01
4.999786698552373121e-01 5.015578597991325882e-01 4.951145126800572949e-01 4.982652122886507273e-01 5.037544999562130199e-01 5.045844772472501960e-01 4.940251407956390284e-01 5.019684684746301695e-01 4.993758415851232146e-01 5.032154067954923704e-01 4.961912035918116248e-01 5.019687069308060856e-01
5.054950131899558219e-01 4.995154546711271792e-01 5.020995251643914914e-01 4.876503476583238794e-01 5.108431174787531059e-01 4.936099403368960914e-01 5.053670638911478274e-01 5.009567990412582272e-01 4.974118201468312739e-01 5.022004718397871104e-01 4.950838443446680115e-01 4.997666022368595362e-01
4.999312719301454155e-01 4.948275410586990830e-01 5.137196349350552360e-01 5.003653897590862876e-01 4.970409968968791392e-01 4.965638836141297308e-01 4.993284365231406285e-01 4.978728333681051721e-01 5.053563332163628630e-01 4.857543070632202586e-01 5.145152505203627324e-01 4.947241211147712647e-01
5.061465240471558769e-01 4.972980450259704144e-01 4.942204107258151291e-01 5.017234985248314461e-01 5.029785221815146201e-01 5.026631089852031664e-01 4.974500785215720811e-01 5.094583163149066785e-01 4.891507473076522894e-01 5.045828583181682925e-01 4.913871879959696432e-01 5.029407020512310922e-01
4.962477175519910411e-01 5.004145549434073637e-01 4.994157978895745198e-01 5.053378412818995136e-01 4.912384804006251771e-01 5.038965713539527158e-01 4.988466338654852783e-01 4.977094274965127019e-01 5.000594190126719241e-01 5.008333175441992413e-01 5.079639011461465348e-01 4.980363375135288817e-01
5.047211479910946874e-01 5.011808452245530843e-01 4.974295321885379151e-01 4.965124956918993693e-01 5.013563365630365753e-01 5.024681957946510735e-01 4.980282636147172481e-01 5.005711791614253503e-01 4.935546534258667961e-01 5.073228776449550947e-01 4.946398883990063000e-01 5.022145843002505661e-01
4.946490637062239681e-01 5.038182502417446473e-01 5.067530469772388857e-01 4.968627083109802278e-01 4.973003144174741319e-01 4.971878353705522224e-01 5.061474374640748675e-01 4.993952489791240734e-01 4.952354304116500239e-01 5.005621926703034408e-01 5.015457781030223661e-01 5.005426933475920492e-01
4.976671058145820115e-01 4.954767331474239089e-01 4.955111236243608386e-01 5.015835783918843882e-01 5.092922406269024815e-01 4.907937423916458042e-01 5.064318641165816981e-01 4.974298275359985144e-01 5.070726288809255244e-01 4.900482955080520675e-01 5.059910650574512836e-01 5.027017949041654443e-01
4.989144237596964127e-01 4.959098966324628766e-01 5.067147067038865194e-01 5.071477838344647937e-01 4.963452849162823810e-01 4.952806815028456544e-01 4.997590621701673008e-01 4.979914196609401267e-01 5.084445500593768319e-01 4.889820409393533240e-01 5.103518976370335913e-01 4.941582521834983477e-01
4.994216351634125362e-01 5.020361972419091767e-01 4.981847329164394989e-01 5.033637389535249307e-01 5.006378611684415558e-01 4.959370156762253901e-01 4.986974155148036769e-01 4.997837597405309085e-01 5.022811896519383534e-01 5.004165124932591358e-01 4.892084318227697404e-01 5.100315096567387130e-01
4.952950965627590518e-01 5.018165178018202388e-01 4.906912872157271344e-01 5.136090938795062621e-01 4.953868585158163196e-01 4.971600636690367558e-01 5.067770504153690236e-01 4.965806807511788379e-01 5.011941858710349251e-01 4.989822575890342504e-01 4.963024165693921685e-01 5.062044911593608365e-01
5.011812420687131731e-01 5.017029681594222801e-01 4.897907596638573224e-01 4.981215714000692962e-01 5.085647808051696472e-01 4.921685371267025544e-01 5.022746153021147020e-01 5.021326555368441635e-01 5.005881861647228925e-01 4.987537760949967147e-01 4.955837956558286628e-01 5.091371120215224533e-01
5.014664476486339062e-01 4.955368216393581937e-01 5.049466201153283151e-01 4.951337996929641161e-01 5.003078862491798784e-01 5.068365760235652440e-01 4.917986210953722015e-01 5.046787432377578542e-01 5.019446670998699567e-01 4.980332353657328515e-01 4.998181378072926173e-01 4.994984440249843338e-01
4.933824226947761682e-01 5.001233948058640966e-01 5.053321280215022915e-01 4.988129613311743094e-01 4.996739178581299234e-01 5.022493840688337929e-01 5.011640224988771486e-01 5.010456563954933662e-01 4.896845969569323387e-01 5.085250868283148762e-01 5.045674520258620621e-01 4.954389765142541702e-01
4.926474528781351059e-01 4.986788396235000698e-01 4.987300148453427950e-01 4.982783015683184824e-01 4.973311884578001107e-01 5.028125470393354224e-01 4.988465606532879182e-01 5.044458820708673796e-01 5.021576841940720293e-01 4.989727911058610132e-01 5.018279974852889458e-01 5.052707400782059377e-01
5.086102202105993175e-01 4.913392552331724561e-01 5.075699544791106854e-01 4.909751344518880067e-01 5.071493243063370793e-01 4.919302474744195464e-01 4.949666288741112474e-01 5.135330425457407255e-01 4.981216986884612341e-01 5.045682521419437849e-01 4.926020881250213757e-01 4.986341534692054767e-01
4.975138560068081972e-01 4.976694451408086861e-01 5.027979552545893682e-01 4.956361974621227295e-01 5.047248077823893730e-01 5.029117333585482186e-01 4.912467069750485749e-01 5.010891017032199635e-01 5.084807517398977073e-01 4.939432718497623331e-01 4.967889546284835478e-01 5.071972180983348455e-01
5.018090787228589589e-01 4.965364636267943221e-01 5.097053701901596012e-01 4.925907146223008071e-01 5.098727342582143329e-01 4.968828163956801047e-01 5.004016770068955289e-01 4.965064921699128275e-01 5.013039133543181203e-01 4.955175400524398643e-01 5.009090231201418497e-01 4.979641764802794635e-01
4.990593542166999463e-01 5.004616029568110802e-01 4.960523334813175533e-01 4.994535044322627737e-01 5.005877233803116555e-01 4.988390154520969122e-01 5.075622560503403324e-01 4.982975123967570141e-01 4.910436667064938532e-01 5.130233940345316768e-01 4.926401836649878518e-01 5.029794532273826890e-01
5.052785462108020376e-01 5.030063825033868063e-01 4.862407048258282627e-01 4.972767684300378743e-01 5.030833878112165314e-01 4.969938978400059715e-01 5.151665602022105217e-01 4.976569694762246199e-01 4.902191194131415575e-01 5.117971150493557664e-01 4.957943090736067759e-01 4.974862391641670101e-01
4.886578335657714156e-01 5.131233891008961656e-01 4.886090972869068794e-01 5.015550502781553899e-01 4.987115099087313652e-01 5.025454146924622778e-01 5.015114432127422139e-01 4.924903881478687739e-01 4.996315394791716602e-01 5.072506757054007220e-01 4.967287946513959662e-01 5.091848639704927848e-01
4.964556959484244247e-01 4.941943440473275384e-01 5.065655212552728770e-01 5.020404899520967135e-01 4.978801479729890733e-01 4.971064584525618502e-01 4.951750094089874543e-01 5.054649027650539583e-01 5.056136595109367304e-01 4.974572182525528463e-01 4.940961632042675800e-01 5.079503892295285095e-01
5.024186018591069169e-01 5.037897679035937548e-01 4.981480372606448270e-01 5.025074452136508718e-01 4.983393356201211710e-01 4.998671293249664638e-01 4.957068981111611983e-01 5.006424977930897802e-01 5.018632985720868911e-01 4.964391056097137156e-01 5.020438148399025691e-01 4.982340678919576771e-01
4.974365309990750328e-01 5.095132307376832870e-01 4.934938920035199517e-01 4.939977348273693059e-01 5.091017332453178224e-01 4.950815086651790264e-01 5.014165722829722061e-01 5.010741034738949162e-01 4.990459720524674792e-01 5.088534375280782118e-01 4.955134809233400217e-01 4.954718032610923584e-01
4.961175102324418829e-01 5.009958989869407464e-01 5.025972141701008367e-01 4.979507246241112739e-01 4.953169697097030699e-01 5.049791169677064762e-01 4.945453632046942771e-01 5.045451364635986646e-01 4.962500636208813654e-01 5.007208213015165166e-01 5.067493605302684223e-01 4.992318201880072692e-01
4.945424277415229053e-01 5.023038899357451514e-01 4.961219999475030007e-01 5.010705314141170597e-01 4.975807797669623556e-01 5.081557261001700132e-01 4.926518592494595894e-01 5.091098482217062404e-01 4.964870534040223826e-01 4.943588368552606083e-01 4.984742239922164697e-01 5.091428233713417573e-01
4.961578885273622008e-01 5.065889028547900796e-01 4.932078500047815672e-01 4.989608382635365991e-01 5.012163346856097768e-01 5.002459046303815438e-01 5.011911373934883063e-01 4.982099705340748419e-01 4.986299153757084435e-01 5.031529616223393564e-01 5.118810605364740862e-01 4.905572355714116206e-01
4.954174473084367314e-01 4.996730536831819891e-01 4.941898727871677499e-01 5.128258874101093712e-01 5.016157206036992999e-01 4.942482658956191544e-01 5.039080879319897122e-01 5.026934059586043446e-01 4.925437258623727166e-01 4.998007638503421668e-01 5.024978108277152744e-01 5.005859578807606569e-01
5.000510777906037596e-01 4.997420819138393977e-01 5.000366064154476708e-01 5.029744736497717694e-01 5.020896440663192850e-01 4.944910821191005890e-01 5.036553776017685946e-01 4.980453814661883749e-01 4.930326084774809825e-01 4.951713444609160963e-01 5.120117434995614669e-01 4.986985785389935200e-01
5.000093640733007661e-01 4.939933018278709342e-01 5.113966252427797343e-01 4.857595491420513834e-01 5.095421582472673405e-01 4.941895843908725161e-01 5.020329939568886068e-01 4.985719101592610003e-01 5.012532870792927309e-01 5.026424974350881536e-01 5.034604310738142185e-01 4.971482973715219411e-01
5.039047838499548515e-01 4.973865618355307605e-01 5.054594381475351339e-01 4.932211803099793013e-01 5.064386760957632072e-01 4.896429032516489976e-01 4.981922185897004196e-01 5.108937692465839175e-01 4.980799632884282402e-01 4.994557769716846951e-01 4.973913078381770880e-01 4.999334205750273208e-01
4.969376993001621834e-01 5.027226436311786895e-01 4.966899819218845158e-01 5.020893588941818253e-01 5.014368325708199459e-01 5.003783789448548180e-01 5.013046542053318788e-01 5.010162196886179808e-01 4.979782416484861418e-01 5.058965424867393201e-01 4.977902943131791158e-01 4.957591523945467094e-01
4.912172345249587457e-01 4.997929660959353759e-01 5.095315286544326305e-01 4.955544989879607787e-01 4.987288735366252057e-01 4.958929959680077326e-01 5.034704021798626083e-01 5.006958259371251385e-01 4.946062768732492620e-01 5.052324135088976931e-01 5.024353414965885278e-01 5.028416422363584104e-01
5.024340419741244457e-01 5.004877915321329640e-01 4.958114859992002188e-01 5.021628529893870097e-01 5.024469284397894420e-01 4.987722349664266974e-01 4.995343613294457863e-01 5.022973003547263060e-01 4.955245795555497379e-01 5.062291248914924102e-01 4.976739907859129564e-01 4.966253071817753884e-01
5.012638504358780667e-01 4.983838265679846335e-01 5.016546128871448573e-01 4.913025339742893571e-01 4.978699128132265672e-01 5.082898482993948308e-01 4.992089710710893025e-01 5.033625913533925633e-01 4.937707693868654824e-01 5.014894995433006875e-01 5.074239949360946911e-01 4.959795887313245277e-01
5.038201391708688748e-01 5.005529731317996944e-01 5.000513620817770288e-01 4.956424769400489816e-01 5.002652944473677810e-01 5.035394271930870858e-01 4.942673929925277543e-01 5.009802652025346914e-01 4.973656807297849314e-01 5.025288830987612032e-01 5.045886375190982154e-01 4.963974674923645192e-01
4.966175658869954601e-01 4.948695089703014638e-01 5.033294921025375235e-01 5.077954624906820813e-01 4.957230394927523154e-01 4.989776030935972884e-01 5.055922010207778428e-01 4.992977248105365806e-01 5.015436513085453907e-01 4.967507053910681925e-01 5.019795864014637843e-01 4.975234590307524019e-01
5.024342972020199305e-01 4.936895563200514037e-01 5.060235093651714866e-01 5.031950046050952530e-01 4.964849279170052698e-01 4.939877845990240379e-01 5.021979219304693043e-01 5.073546456469676391e-01 4.916109683867631586e-01 5.034054655159867497e-01 5.009838155452366326e-01 4.986321029661445747e-01
4.935017897681003296e-01 5.046322886259546614e-01 4.971354858341332505e-01 5.001603133984713345e-01 5.064235446031437604e-01 4.963473826441944237e-01 5.001033245852546383e-01 5.005369224915816595e-01 5.051631912567589033e-01 4.918421135353408524e-01 5.030624044669891326e-01 5.010912387900621212e-01
4.980307562623376705e-01 4.985976791767275929e-01 5.051666528885168095e-01 4.968568318138091300e-01 4.960154869225696928e-01 5.028222422650274748e-01 4.928928456068154551e-01 5.137446000734674501e-01 4.907764558064967031e-01 5.012266418856829997e-01 5.015679185397625695e-01 5.023018887588006631e-01
5.048184192020523930e-01 4.998449338510106421e-01 4.964132465807686301e-01 5.035185027513102707e-01 4.976337677114084368e-01 4.981827405136682874e-01 5.052109206514404649e-01 4.995312232600681024e-01 4.971360435283235235e-01 4.952348503917808897e-01 5.086285476780750825e-01 4.938468038801576698e-01
5.027991175433090820e-01 5.009953554319483970e-01 5.035030502749886505e-01 4.929051054912433338e-01 5.046670038458662688e-01 5.054908453777209321e-01 4.895361207158950290e-01 5.058886450620365682e-01 4.998553257061594257e-01 4.968937284113264519e-01 5.026275841259914001e-01 4.948381180135476010e-01
5.011881891093918906e-01 4.964821614819603934e-01 5.003102421489546980e-01 4.982644632139150986e-01 5.012534171884530654e-01 5.024408954372782121e-01 4.987423661449241763e-01 5.008079085052140611e-01 4.988001947377893042e-01 4.969552204065153522e-01 5.023391428662562497e-01 5.024157987593607100e-01
5.011640023148140610e-01 4.979578838116326955e-01 5.024801059138266357e-01 5.003266727838904249e-01 4.989264446771024542e-01 4.975385737499462557e-01 5.011523047767114658e-01 4.958261250427951627e-01 4.954190253878513195e-01 5.097225695395948275e-01 5.011025922024300305e-01 4.983836997993652540e-01
4.935691653421826475e-01 5.020610968645421446e-01 5.064138771989019627e-01 4.993731088387625694e-01 4.979528230974664682e-01 5.025541390536594211e-01 4.958262441465855486e-01 5.022027715734282971e-01 4.976972430090448873e-01 5.047496383394148856e-01 5.027132363881690047e-01 4.948866561478512671e-01
4.948776006693783591e-01 5.024543869116625538e-01 5.080124917620120195e-01 4.915908886480501727e-01 5.039306513277697075e-01 4.966102379438025460e-01 5.048838072356374163e-01 4.948027068794315086e-01 4.975930851791067200e-01 5.040765503477486753e-01 4.984418907232413543e-01 5.027257023721535267e-01
5.019556600138856961e-01 5.009059131646977914e-01 4.995747113279244145e-01 5.030623159953853119e-01 4.883792877733963977e-01 5.047855746517873055e-01 4.994453032840242002e-01 5.079123424414133670e-01 4.994785083325602448e-01 4.950847269405753703e-01 5.039140553293048885e-01 4.955016007450137039e-01
4.942241741946041822e-01 4.996309149552236040e-01 5.001708907895833223e-01 5.011235245373970582e-01 4.952362841503434865e-01 5.022177602556812115e-01 4.970612825593795914e-01 4.997297860234650169e-01 4.983789408498600637e-01 5.041705627312025317e-01 5.038399445128304288e-01 5.042159344404789634e-01
4.881209765031622183e-01 5.037223844283302832e-01 5.005362886306677916e-01 4.961897412415068320e-01 5.016480104169009913e-01 5.077781242862269284e-01 4.974573734507602429e-01 4.920029333003327898e-01 5.010161489044029359e-01 5.057113955717555953e-01 4.942310713818609536e-01 5.115855518840697336e-01
4.956320885536404930e-01 5.047668163288492327e-01 5.013103962526570534e-01 4.927594214909261638e-01 5.025638669931524749e-01 5.013551809684941851e-01 5.000629602764571358e-01 4.927854083666756146e-01 5.064641935732048239e-01 4.963664927126930637e-01 4.999118789457660528e-01 5.060212955374917554e-01
5.008044405853591119e-01 5.038923209233199252e-01 5.022564143890586585e-01 5.021976506992442690e-01 4.923901312560461374e-01 5.055328174859150536e-01 4.973396019562424386e-01 4.970006225696091962e-01 4.997742167633792976e-01 5.007144839269782599e-01 5.033166371221511337e-01 4.947806623226897460e-01
4.952940437035960874e-01 4.999302212199498441e-01 5.073920851215600880e-01 4.970982858931283777e-01 4.974117747442294291e-01 5.006582194787227991e-01 5.020056523708571472e-01 4.974424939879615315e-01 5.005143505326139497e-01 5.033442732235168249e-01 4.989621854094859477e-01 4.999464143143685924e-01
5.012843947994582994e-01 4.945513237088209335e-01 5.038395137785692812e-01 5.047061493680435884e-01 5.022316064699274829e-01 4.867179777883899883e-01 5.095987502405392444e-01 4.952659074676053486e-01 4.961126054913344574e-01 5.106543966230479015e-01 4.941516271985401110e-01 5.008857470656904454e-01
4.932519624955163384e-01 5.071514506167073000e-01 4.952524316278753558e-01 5.025514184350073910e-01 4.998045427807238927e-01 4.936954513942528600e-01 5.021147743903285887e-01 5.027153998886616515e-01 4.894725288614569791e-01 5.132160335654242234e-01 4.917583213610218218e-01 5.090156845830604571e-01
4.906088723506030758e-01 5.045721137275060997e-01 5.095985581875017711e-01 4.913483653305804610e-01 5.047047269938920167e-01 4.966348297853558358e-01 5.004221881140897832e-01 5.034115783901427221e-01 4.976184022542564644e-01 4.976837179468120986e-01 5.069717509990876447e-01 4.964248959201479350e-01
4.992690964314716040e-01 4.986208111889005035e-01 5.035469086185598853e-01 4.976928157886387760e-01 4.996153071709583116e-01 4.982695036391597831e-01 4.995170892791497286e-01 4.985015968078568283e-01 5.061295632922069299e-01 4.915421101663097758e-01 5.018589117370692021e-01 5.054362858797174507e-01
5.091629208361482251e-01 5.010296599584984634e-01 4.950702780019224925e-01 4.977682100402951448e-01 5.073546596823622634e-01 5.018131618152449347e-01 4.951617030715184109e-01 4.964343039605947916e-01 5.035438983103996957e-01 5.035930708580583781e-01 4.936255903251201005e-01 4.954425431398298274e-01
4.976330398127260524e-01 5.134184274813049509e-01 4.995768876626756061e-01 4.928907573323274560e-01 5.037108928090240356e-01 4.959316677677599872e-01 5.004313511231106570e-01 4.994999640740118152e-01 5.011065809425776507e-01 4.988687460667658446e-01 4.973968095168622705e-01 4.995348754108702161e-01
5.046421279239157176e-01 5.056468829457465564e-01 4.917176041621634242e-01 5.047609989131531805e-01 5.047923407982399802e-01 4.919546417200468813e-01 4.939659912469493430e-01 5.082586150911588829e-01 5.019789923598447778e-01 5.023270774686944273e-01 5.002629852912676700e-01 4.896917420788198250e-01
4.999758467566444153e-01 5.004101914918305249e-01 5.000804203659492408e-01 5.015884886120454134e-01 4.951464888209122783e-01 5.077445436741867546e-01 4.952303974197030945e-01 4.973943783129516349e-01 4.994880729757337212e-01 5.108334087619772479e-01 4.970521372807524263e-01 4.950556255272776651e-01
5.010995986631092691e-01 5.005048062174840551e-01 4.891960504196369297e-01 5.004335613141626116e-01 5.062693044564237077e-01 4.936607008430007881e-01 5.061509444077477715e-01 4.984015324326162011e-01 5.045906243594722174e-01 4.993365908043045365e-01 5.027499266048827131e-01 4.976063594771807375e-01
