-3.784993291603623966e+00
-5.328485666709011248e+00
-4.367495039971640125e+00
-5.397671162455656813e+00
-4.720848104580920079e+00
-6.063522915657418189e+00
-3.837274497508535998e+00
-5.995479715839629797e+00
-4.098343418873186650e+00
-5.190687187983035855e+00
-5.219925214607883390e+00
-5.361618715379274036e+00
-4.139320779228088831e+00
-4.437427768590152866e+00
-4.382954585280803173e+00
-5.460249251632184553e+00
-4.789217706593751345e+00
-4.768656605213946520e+00
-4.732828539279811508e+00
-5.045612629823531314e+00
-4.459307393150891308e+00
-5.645638955649285862e+00
-4.218151786056393071e+00
-5.889407115762658407e+00
-6.524561534791690320e+00
-3.977222111471288457e+00
-4.992916775317815414e+00
-4.787245890425336547e+00
-4.445983719055773165e+00
-5.388549414671996551e+00
-5.566625863964427268e+00
-4.057914676768458406e+00
-3.569747231446291913e+00
-4.979166340137857638e+00
-4.749775957723996633e+00
-4.552315445578029696e+00
-5.521547107582748026e+00
-4.013777120895239747e+00
-4.934011854225639482e+00
-4.321648748330281009e+00
-3.822170340843460412e+00
-6.880589725379100408e+00
-5.496142480877136194e+00
-4.852291483862147814e+00
-4.191296618775420590e+00
-3.859788697001343749e+00
-5.387765135336654687e+00
-4.790168520955853104e+00
-4.827472202530234568e+00
-5.701392716500213176e+00
-4.472212429613602325e+00
-3.827850899575024446e+00
-5.006830078649715965e+00
-4.254864650010556915e+00
-5.785427120216496633e+00
-5.295494909657187499e+00
-5.719705693389334655e+00
-4.065250919503367477e+00
-6.217595549511514719e+00
-5.871134232658871355e+00
-5.821843292460654240e+00
-4.501544547021097742e+00
-4.919797484238621621e+00
-6.203372947461549991e+00
-3.740347849243843115e+00
-5.768640584458290199e+00
-6.047727071657678977e+00
-5.744758132000083783e+00
-4.349235712228725070e+00
-5.049141732205942645e+00
-4.236737953989893946e+00
-4.717044198765406371e+00
-4.449086734100503371e+00
-4.497653108888811424e+00
-5.538534841682722032e+00
-4.920703562454784574e+00
-4.556338648090581422e+00
-3.241024964032492850e+00
-5.226977503344006237e+00
-4.922600295563745121e+00
-4.835280603176308922e+00
-4.018206611528886363e+00
-4.378087576548334248e+00
-4.766611595148371627e+00
-5.377899676061963952e+00
-5.092606267807052056e+00
-4.359436853947916468e+00
-5.240038635753193397e+00
-4.390587565312899621e+00
-4.817769737038100075e+00
-4.326171740367155572e+00
-4.872322533376872933e+00
-4.514400744509007524e+00
-6.232390933150846912e+00
-3.305728757198516998e+00
-4.981759400655742631e+00
-7.042893804697488491e+00
-6.274439860326580742e+00
-4.188823033269666318e+00
-4.676735235825480785e+00
