2.063189103095568883e-02 1.445559877443259866e-01 1.282851346519470193e-02 3.215542999646305456e-03 3.121724853363326817e-03 3.665580262314150316e-03 3.285582518771980320e-02 5.068798177065723942e-02 3.209266401386967615e-02 3.592082449016268525e-02 1.965496629080272853e-03 2.303376416632636585e-03
9.151545815323469668e-02 1.123257011513480522e-02 6.140397111278434947e-03 4.580585641033116384e-02 4.263579041384063691e-03 1.734589260034584760e-02 4.596221257233216312e-02 2.367601668435304757e-02 2.460868514679918559e-02 1.873418361080902549e-03 2.170196924551922105e-03 2.165520123355252000e-02
3.910260074431315402e-02 2.295285724823216411e-02 5.493877666858295455e-02 2.133830231213082462e-02 4.658951872508975550e-02 1.210054313700506534e-02 4.983517847053161795e-03 2.136087633294209837e-02 2.554631913721301661e-02 1.109886928956853140e-02 2.961739573186771175e-03 5.617942038918356286e-03
6.762185884390771971e-03 1.311088390835223050e-02 4.943362317115890248e-02 1.129008596488304678e-01 4.228747077385688891e-02 4.476030362653800527e-04 7.515625611116186038e-03 3.902334021107531359e-02 1.349039761113642218e-02 9.312140000161913886e-03 5.575054561860135101e-03 4.275596299812770527e-03
4.802652866349985117e-02 2.883358040863061300e-02 4.588637239638258467e-03 2.400267346973116583e-02 1.628578814890219162e-02 1.748105068136385568e-02 5.176074140203617072e-03 3.956620537307740937e-03 1.323334211870460034e-02 5.640687814117351789e-03 2.467042285028169316e-02 3.902950355153173706e-02
1.510676011535545642e-02 1.179554593501103837e-02 3.094750028566998351e-02 1.733179181824222592e-01 3.134741972500119933e-02 1.263653091835189972e-02 7.516246370099754527e-03 3.090279223048715378e-03 2.652664974245129881e-04 2.798514270391111187e-03 3.293575471858227466e-02 2.298627351545933298e-02
1.681225880292091732e-02 6.136114434017700923e-03 6.669605083408204280e-03 2.074588929220332750e-02 3.911514497865423157e-02 2.874708395061467171e-03 2.913503273556388492e-03 3.071089917990492066e-02 5.145345998184737424e-02 9.562204600980780261e-03 2.212549243470538635e-02 8.195966600861039064e-02
3.063849916936731838e-03 7.337493428908303458e-03 3.345404202927925504e-03 3.693554376293314290e-01 7.279284415130760945e-03 3.931413203219093211e-02 7.949497990448949059e-02 6.531698471187925327e-03 6.211192311839819520e-04 2.731918886843929736e-02 7.021297669618278489e-03 1.836889656502460003e-03
1.377331125101477136e-02 7.160019430171118970e-02 4.039058156685524509e-02 2.033687319360616679e-03 1.965636005480335055e-02 3.033118455869345323e-02 1.262122902375776776e-02 2.165633347169563638e-03 4.180407537551497155e-04 1.157019766560816575e-03 3.925734491200089105e-02 8.949537232237378404e-02
5.534389773045808592e-03 7.077820970057763228e-02 5.006553109748190789e-02 2.380066025377055791e-02 6.605137906655825231e-02 3.489247476852789381e-02 5.461815945124135277e-03 4.270808140395715956e-03 1.496406713072909525e-02 3.447186432310361121e-02 2.897087858131958300e-03 1.104930313109285522e-03
1.214557789459801002e-01 1.939741426545638081e-02 5.080180515298520980e-03 1.626542333641817217e-02 7.234443439309945316e-03 4.658235733535560572e-03 7.106245669705712727e-04 1.415394855372418756e-02 4.766690692717829442e-02 1.936066687547155843e-02 2.605703811788614987e-02 2.442814647099979253e-02
1.948532577358935702e-02 3.601022546099310467e-02 3.436267456289963506e-03 3.733755604439111236e-03 1.229166186219429746e-02 4.270211253142504326e-02 3.786041738020323212e-03 6.668766942099872697e-02 1.961344105961156103e-02 1.396866830435601094e-02 4.220597205613890734e-02 2.376218621861771099e-03
4.426237097180762969e-02 4.632481915349814794e-02 1.772527672701691356e-02 6.041980350973881649e-03 1.171049231334909436e-02 5.022139372906521404e-02 2.390854051658452065e-02 1.725179992880346638e-02 4.720743477984306984e-03 4.240732229839274878e-03 1.589710521842351704e-02 1.873144446938421886e-02
5.517297325057655272e-03 1.377379907436781029e-02 1.309557865314806870e-02 4.865389800522920000e-03 8.645428364963781559e-03 1.400666118132675060e-02 3.998553287829634262e-02 3.776223173097634223e-02 1.200314408332354629e-02 6.435081758714676636e-03 8.148934025025542094e-02 3.132899274750141488e-02
9.452339102412074187e-03 4.132404964963341115e-03 1.678525781138601528e-02 3.763622217453522351e-02 9.017094386230606329e-03 7.412954229352508584e-03 1.202639728541715289e-02 3.947221606338362915e-02 1.663657315337150472e-02 1.741788062582855928e-02 3.217863733828487532e-02 6.273876480557435964e-02
5.062538744902881499e-02 6.492826365108458897e-02 2.343433471514367282e-03 3.221645222960073558e-03 2.807661897202685334e-03 6.220133722761489459e-02 1.101539898348713291e-02 1.640041656766799867e-03 4.832935594546571706e-02 5.749755537709526354e-02 3.820048206773291564e-03 2.808999105239018846e-03
1.794382607485121850e-02 7.251557042911056794e-02 2.726572043890147096e-02 5.842617476985565881e-04 7.021066496080742309e-04 1.119762886603675733e-02 6.497832853585322477e-02 2.288366040919908098e-02 7.384918052746858828e-04 2.467244612804007139e-03 9.332435373939181045e-02 4.711452250063025149e-02
2.866213715844472074e-03 2.173693525303242724e-03 1.026227618671399083e-01 2.613339596282174618e-02 1.205969292419311299e-03 2.518336284970488538e-03 7.915918800154116142e-02 4.326634169601022151e-02 9.169346957337908693e-03 2.331048014005079883e-02 1.571221903985357132e-02 1.202666733601511287e-02
5.397149520243249912e-03 9.968050760897623208e-02 3.083567268798774463e-02 4.186923871354809000e-03 2.612338135992295363e-02 1.018704064012508279e-02 4.738820519799314540e-02 3.797817446129765628e-02 1.901678913188286670e-03 7.919960619243778411e-04 2.912218302425979496e-03 2.438684869855982720e-02
1.691223676093175227e-02 1.100269564532472752e-02 2.033304131945958167e-03 3.108955766291547629e-03 1.229495373808541514e-01 2.822894993395395555e-02 9.371979840722534025e-03 9.233653894828362102e-03 3.954092244663992561e-02 4.157408123320045779e-02 1.771887350809718195e-02 1.228498460025909469e-02
2.920474410563287087e-03 1.589587999193618414e-02 1.955553861013140104e-02 1.907798493741782314e-02 2.468469430933103916e-03 1.370712378582626852e-02 5.862344550846577788e-03 2.266478843863898186e-03 5.301459261416226199e-02 6.373569210083838976e-02 8.819093043716625877e-03 1.116062633082871500e-02
4.165220979001287667e-04 2.026745656259740930e-02 5.415861523993310139e-02 3.010202968351299510e-02 1.360967960251713814e-02 1.146545716044394814e-01 1.130143329045278297e-02 5.277079684239945577e-03 5.780408051980524126e-02 2.831828286569802039e-02 6.800998336877368822e-03 2.896466880124788689e-04
2.229997345655816005e-02 2.804399735264452576e-02 3.878109578551296871e-02 5.061467070641520460e-03 8.357493385598518953e-03 9.295762275391658558e-02 1.125941511482089069e-02 4.037599662822448192e-03 7.027654029228370958e-03 3.985970357346512762e-03 1.007421878176381277e-02 9.086674901097172019e-02
1.600151435048052101e-02 4.697786124710714648e-03 7.931562758961513068e-03 2.385040044028105544e-02 3.481958879979224486e-02 3.833287926801252216e-02 6.606095149703969382e-02 8.787539758586589839e-03 1.010315760534419814e-02 2.486929489297769885e-02 5.795597150893787471e-03 1.946931584548514810e-02
5.139310634261645694e-02 4.803689715006394245e-02 2.428676386436264684e-02 8.482500667147879064e-03 2.342878606958467835e-02 9.095474401679437201e-03 3.077429074377793002e-03 5.451053999032208280e-04 2.847310839172219592e-03 2.421458026825088969e-02 1.253663379245743004e-01 1.052278527592283124e-02
6.265615134800721353e-03 3.569549820016141434e-02 3.294377430497340276e-02 2.020297970591244593e-02 2.758958495535622849e-02 1.980225289251028378e-02 5.476913688674342473e-02 3.848995304286759178e-02 5.255166097187252000e-02 7.158816662898421189e-03 8.513634124184904723e-04 8.410497661389263521e-04
1.618935658775248754e-02 7.600318440769056674e-03 4.426262095347762923e-03 1.839274634123118368e-02 4.480020879846020876e-02 1.075143825259537896e-02 1.779413323520064732e-02 4.083864486817261052e-02 9.767336160240619111e-03 1.586996644040290089e-02 5.260557557530669281e-02 2.059238726178033718e-02
6.579026734830305083e-03 1.993733652966529508e-03 7.720878044127240519e-03 2.173445115086304613e-02 1.907166726451824112e-02 2.255407789347031733e-02 2.412342243929423147e-02 4.207029056556846336e-02 8.308860287689765617e-03 1.720817442872767111e-02 5.985335021556765535e-03 1.053703301021754191e-01
3.760364025192802773e-02 2.835215666794820011e-02 5.754476228690636429e-03 6.448783577860968744e-03 2.191540094278918854e-02 8.541732049314389175e-03 6.381120360983852727e-03 1.167382514651718085e-02 8.942188124101057775e-03 8.723744283370021835e-02 3.640508775090466748e-02 8.625020012042024231e-03
7.677761344202070452e-03 6.978665083318068806e-03 2.111946540188432836e-02 1.287299561635170397e-02 3.037977471746493990e-02 5.799875495130291797e-02 3.100203457946993160e-02 2.849152634020533752e-03 5.716462339750868343e-03 7.172341004707126662e-03 4.865234556608105665e-02 2.398868989823395997e-02
2.359895953423325841e-03 4.381726277745745524e-03 1.717150460201963963e-02 9.575235965749499811e-02 6.350247747873575188e-04 5.231221409897519013e-03 7.367448363977323333e-02 2.624370995389603556e-02 2.912042328292690357e-02 1.395006070004126998e-02 4.709306412273014941e-02 9.646273667043110331e-03
1.870430164508858975e-02 3.355098224979384536e-02 9.114459082861509423e-03 1.693160396369026641e-02 4.356226837181229050e-02 2.312945196764949404e-02 1.699882634266355538e-02 2.118210219027925889e-02 2.448897862386909680e-02 1.999567268052673819e-02 4.094042657410354447e-03 8.212607081948354593e-03
6.162168454512932485e-03 6.797932114654944846e-03 1.869473760204263743e-02 1.179781393204355419e-02 3.679442305741488506e-02 4.776009995050892187e-02 6.181517387740686001e-03 8.148522597126384853e-03 2.957082627529774785e-02 5.862166075778641600e-02 1.832710523475372666e-02 1.001602310709285085e-02
1.731973840446104917e-02 1.342327718341927364e-02 1.743764503565881085e-02 6.274005035303019395e-02 1.830358275741713128e-03 5.409428602607031095e-03 7.230077383967492555e-02 3.432990640810889508e-03 3.081152299152396627e-03 3.715306607480572954e-02 5.797773025879638525e-02 1.744233323593854038e-02
4.709965194466295829e-02 6.731927079677410899e-03 3.210971178750502211e-03 1.021390108029792965e-01 2.737155161394279335e-02 6.323462466913494159e-04 2.975419541610758501e-04 6.763360922895199009e-03 3.570331793912758650e-02 1.413056952957265217e-02 4.062354161014919418e-02 5.508638557115663054e-02
3.067083617058721356e-03 5.110704443631250427e-03 1.154499596870489121e-02 5.183125570214144190e-02 2.649689268941570267e-02 3.178496663705167313e-02 4.870249227886975368e-02 9.458569481486638758e-03 1.241573289840764566e-02 3.401012292323136316e-02 8.486237529794469353e-03 1.129616718753783181e-02
6.149639350391433723e-02 2.013589441893444409e-02 1.112509519329971802e-02 2.230720683686941361e-02 1.850714347428442097e-02 2.231022730528067766e-03 4.247441301752411490e-03 8.711051732896583910e-02 4.124011684265702082e-02 1.073788919718960170e-04 3.794027766973811990e-04 5.506551024744672090e-02
3.204327534363005971e-03 4.580174763634053958e-02 5.364393198984881289e-02 4.614912386448880716e-02 1.804979187156334486e-02 2.209196906921797720e-03 1.132181474026546213e-03 1.682592002586335775e-03 8.651781176126091891e-03 1.888812691304455477e-02 4.328408888572972402e-02 5.188233630190771523e-02
5.575072436581119707e-04 3.174757076254391963e-02 9.680275066691426678e-02 4.621837706952237369e-03 1.336522361344645582e-02 6.771728770329153192e-03 1.023303814296996385e-02 7.942982759906506984e-02 1.715369618061718046e-02 9.744759370717726021e-03 3.351394457701385027e-02 2.920811826954512400e-03
2.762343565623402372e-02 1.277782695112531647e-02 2.119701927202671289e-03 5.770173475490641621e-03 5.376531252111978187e-02 4.802245615002416479e-02 5.232016511212230457e-03 1.592280584429023316e-02 2.995724607612219523e-02 2.738441388470496535e-02 8.104864628376723737e-03 2.036673733658828783e-02
5.780336671607760879e-02 2.336551607954379800e-02 4.944391431028127490e-03 1.461823270627435507e-03 3.430025099414901052e-02 1.033597267922840499e-02 4.884822752043493227e-02 3.177916985433647257e-02 1.347666871237118355e-02 1.246685730232885946e-02 3.574730777708948811e-03 1.288304235041322701e-02
9.651343069029833660e-03 1.275941571390382459e-02 2.069849041121477884e-01 2.883335869332736764e-02 4.279980255808823845e-03 1.941435857834910347e-03 4.910074329340936850e-03 9.832443512435262364e-03 1.044051704041766560e-02 1.777747320411152783e-03 9.498671745943611244e-02 1.482517657196407920e-02
6.762638658551654858e-02 5.984032478122916499e-03 1.997403796431385277e-03 2.381485340792394850e-02 6.252242544227226695e-02 4.036703001262462870e-02 2.543815916771712676e-02 6.756417120406806032e-02 2.482424609304332251e-03 1.876747619626868051e-03 1.269239856004668755e-03 2.561817106455561988e-02
4.638205573060202869e-03 1.148113639120536267e-02 2.411485237633512885e-02 2.371763718170765908e-02 2.687154021843096534e-03 1.203323593511845466e-02 1.354399423918439815e-02 1.008380929608012309e-02 1.764411827694505747e-02 3.737935720560955216e-02 1.070035248425516006e-01 1.432415651738832077e-02
7.509214059318267132e-02 3.114465203990531700e-02 5.321566830105138070e-03 4.317827314326329498e-03 2.011601366221673140e-02 3.088319319948129582e-02 9.986063769011370092e-03 4.644593166094246675e-03 5.118421183830277124e-03 4.189675441328181982e-02 1.265860197536824647e-02 3.379230300432432832e-02
5.722548480540209231e-03 4.575442191777558815e-02 8.383448245027337598e-02 7.441486471966290463e-03 2.753748648992730957e-03 1.169780484398825864e-02 6.379129108682875249e-02 1.344088857150125410e-02 2.806723510184249998e-03 1.316255934287412568e-02 3.746229059483520418e-02 1.836598453286894181e-02
2.043665746803109001e-03 1.984833932565816265e-04 6.779085151294361386e-04 3.014975739593372950e-02 1.031628411332344841e-01 4.425494917195117034e-03 2.767701611774860820e-02 2.590928526035197327e-02 2.671824646771058659e-02 2.994570636597493687e-03 5.506386743890991087e-02 4.280700511218409748e-02
3.714655540912718563e-03 7.847685230463748857e-03 7.235401125657030252e-02 7.744181421704046664e-02 4.144347214576654670e-03 1.106107700745571649e-03 4.416454181043977766e-03 2.118804038897001418e-02 4.659562444115916691e-02 3.194183862584945490e-03 4.442484551210065802e-02 9.815334639799068103e-03
3.820610168150412322e-02 2.979232448902287972e-02 2.284550742867803852e-02 4.783859631355154296e-02 1.527550309136487330e-02 2.407945037216690978e-03 3.771025774518536877e-03 1.604579115356214586e-02 2.875347591724655358e-02 6.788138854786188864e-03 1.863281016710356891e-03 7.802723104538750176e-02
8.885464712965033401e-03 4.436303139247012306e-03 4.592921086240119889e-03 1.442489697331649223e-01 1.369982886003572042e-02 1.237335000155347781e-02 6.336665481715822446e-02 1.578215334324979333e-02 1.165584145068107244e-02 6.679691421281058403e-03 8.834126692395494543e-03 3.699834696894195585e-02
3.638199126908620018e-02 4.902627322705319611e-03 3.186642690824287262e-04 3.356794985906301661e-03 3.181359187682866047e-02 5.645156885619137185e-03 1.973020084448405542e-02 4.341085365702353205e-02 3.171991308304099311e-02 1.389400558343666103e-02 1.094119631643667052e-02 1.021143069547210541e-01
1.354313265234454930e-02 8.023367305368447541e-03 1.865387917365989023e-02 6.652970761788870938e-03 2.497475713095001493e-02 5.834611999456681963e-02 5.687812199213052727e-03 4.011062939381988823e-02 4.040279121562307535e-02 1.117166700068823043e-02 1.004051293121677353e-02 1.328894785869718514e-02
3.133422742953609840e-04 8.619705144461852278e-03 6.537343141562201865e-02 2.280084982761498152e-02 1.703320179248979035e-02 3.995165772251589587e-02 3.705585943320580805e-02 6.892057588889004445e-03 1.520341537892124211e-03 7.451091492209384326e-02 4.873512327441259506e-02 1.056027659706895412e-03
1.267385887146993233e-03 4.047847246821369908e-04 5.160428295523019357e-04 1.787446368900653341e-03 8.930143219654561662e-03 3.848218915029663623e-02 3.019648161174316031e-02 7.662559790152229100e-02 6.100107330766645075e-02 2.709545395233657616e-02 5.372721030499688633e-02 4.186107754840211193e-02
3.489357340224921722e-02 4.643379302252494296e-03 1.224233367088756880e-02 4.928109503217092957e-03 8.251045850702494813e-03 9.999035286263936468e-04 4.446206999215070350e-03 1.860599232126770586e-01 3.189648107701651553e-02 2.782066667544014910e-02 2.711083138835520320e-03 9.566306601289825337e-03
1.446750938055756629e-02 6.876879712801279611e-03 1.277643360364868336e-02 1.001221052732976374e-02 5.196871098328054162e-02 2.376538881641977394e-02 2.019681027960178177e-03 2.372292160518461174e-02 9.308395785333657690e-02 4.770038224709446245e-03 6.250868836333233272e-03 5.698485878894621326e-02
2.152783173161295499e-02 2.236664791466855262e-02 1.196725304851437577e-01 1.443528236821656555e-02 1.163640343970483298e-01 2.004631973619642668e-02 8.151048727728213775e-03 3.482948779213841054e-03 3.886044591903185710e-03 3.186452964968639490e-03 7.777159921185104394e-03 1.164764539943244880e-02
1.681933251838888671e-02 8.956919007489886134e-03 4.221937708062810900e-03 7.419104900846719419e-03 1.525750456271453455e-02 2.501493541528381284e-02 9.575394881919203904e-02 1.270581170724586519e-02 4.787970222219618474e-03 9.762134101078875914e-02 8.592681513929915568e-03 1.866211450594578228e-02
3.264969850425750858e-02 4.841126745504488287e-03 9.336805853071332103e-05 3.378165355276561890e-04 7.040036802231735419e-03 1.888415495258835911e-02 2.621907962330727870e-01 1.570827093408538877e-02 4.515375389269004475e-03 1.161200808851321625e-01 1.323808170180361746e-02 1.027239682694441013e-02
5.056628437255526569e-03 2.697983849141190327e-02 1.193575500059254743e-03 2.816376801805361898e-03 1.360089424950486695e-02 3.271955559808473191e-02 1.114570578602576065e-02 1.555467880721778757e-03 1.438434752705757685e-02 1.002537347294252673e-01 2.513001832581663458e-02 5.303840778486191426e-02
9.158257321832560111e-03 3.743019621244660089e-03 5.887919131412570894e-02 4.013619266776775885e-02 4.925941961017345216e-03 1.121786820997049475e-03 3.108143509062395379e-03 5.926287305840700903e-02 6.906634186996706004e-02 8.203410861689183070e-03 8.677290992721102200e-03 7.633931445150823891e-02
4.950670552347891801e-02 5.851348792539716459e-02 2.257827026890823693e-02 3.237899325166128384e-02 1.395187286509845352e-02 4.862276719297609767e-03 2.676688602879372710e-03 9.197345146781244277e-03 1.641923512074117131e-02 1.043853479471379235e-02 1.972079581057391284e-02 2.012217494318113697e-02
1.078343082878018520e-02 6.125448803477550469e-02 2.846084732656750833e-03 2.362260740707413514e-03 4.484117919685608883e-02 1.336421698741865199e-02 2.470081585513718772e-02 3.142124080987619694e-02 3.238618470787339026e-02 9.170270261835396230e-02 5.490301125475326692e-03 1.180693175119219927e-03
6.465917686267586006e-03 2.531688019554890340e-02 2.970713239070918790e-02 4.789439552682961398e-03 2.794140061632280521e-03 1.335053806974086966e-02 1.037433851509273093e-02 2.348385159030762226e-02 1.032264399395642004e-02 2.934799446538641568e-02 9.427122022110386024e-02 1.728033940304309415e-02
1.005179344267665732e-02 9.160131905488014606e-03 6.684439964867463189e-03 1.372123696593461652e-02 2.255055259931872114e-02 6.679784011125840248e-02 1.029593093835031066e-02 6.895131562791216584e-02 7.923625509223621716e-03 1.224579575416614476e-03 1.206211468022882344e-02 8.038845240999324682e-02
1.751246927640450054e-03 1.024369255844011402e-02 2.648060631570135857e-03 3.428170855719890695e-03 1.480824610322066526e-02 2.471051457054350767e-02 2.891548325288841037e-02 1.952543739698437211e-02 1.908088410409207805e-02 5.816414987546875137e-02 1.192999567454041676e-01 1.663353684244119057e-03
3.488624828937060985e-03 2.899936921558188361e-03 7.112949760330108256e-03 1.764464703962405623e-01 3.625429735483332722e-02 9.111201943134080578e-03 6.005492214812839513e-02 3.100450279923767233e-02 1.690613080461443162e-03 5.152822451037123927e-03 2.239021941018962472e-02 1.503491812272316278e-02
2.410290415284422130e-02 2.959309927694272341e-02 3.209233371428344556e-02 4.988734516036387456e-02 2.480668594950995870e-02 6.502803760839006089e-03 6.539700428805977558e-03 8.399240935133393555e-04 1.902823917102616986e-04 3.103668722952970891e-03 1.405415762012381387e-01 3.078832193894839864e-02
3.497855036328324698e-03 4.962271014159730549e-03 2.307832708958466525e-02 2.084347838664226890e-03 1.652323444631055224e-02 7.224648628229084386e-03 1.346553144235781811e-02 1.936169515306149225e-02 3.010447749551108457e-02 5.133672696041542000e-02 4.463553361071859876e-02 9.548114423774043541e-03
4.187625374643655363e-02 1.596572526157747154e-02 2.630780795168211408e-02 8.235381201419145203e-03 8.410893440696769890e-03 6.817735666354812589e-04 6.141811292419879602e-03 1.270256128560791065e-01 2.049937139713519860e-02 7.957166323211741985e-03 7.300273437438658565e-03 2.556141825711158791e-02
1.462594454169377674e-03 9.136967986952952703e-03 1.193345658569137935e-02 3.028328735359489196e-02 3.877957726683657624e-02 3.603258063480469647e-02 4.211748617725840499e-02 3.026312823360265136e-02 2.322861433026224623e-02 5.343895721869042909e-02 6.063601668263288516e-03 7.794860076851199259e-04
1.595376606540882970e-03 1.749504384271892074e-02 1.110482104709880624e-01 7.194925110297538048e-03 1.903681810823936371e-03 4.425099584743925202e-03 3.628240016780209104e-02 2.448526177248925434e-02 6.949094394913115508e-03 4.704294550931112373e-02 5.601791858896094239e-02 1.842029103721833094e-02
2.316320713205888976e-02 1.616093749876394703e-02 6.893723845676426494e-03 2.731175057279537979e-02 4.062886098616151631e-02 1.768516479676629505e-02 1.876332013497612056e-02 2.252791011298426252e-02 1.240784987375267122e-02 4.345493008477206709e-02 1.026214872149608902e-02 6.160123075837787426e-03
1.354887834961738396e-02 8.602839396455969762e-03 3.111307986025648939e-03 4.585006073638326534e-04 5.319405179043714890e-03 8.491857725853337036e-02 3.481359146144422795e-02 3.051253753371876987e-02 7.663537742637123451e-03 3.593056218257178330e-02 8.954001802707708957e-02 1.177764183866231509e-02
5.001220980880015377e-02 3.346781165551077769e-02 8.898791996574409446e-03 3.168364420130429914e-03 1.094116760540688252e-02 2.002055360435246734e-02 4.905946867694014300e-03 5.942560598989150324e-03 1.011896543451282736e-02 4.517296705918547733e-02 6.481663656911376692e-02 1.597827834237876971e-02
3.238219569788263310e-04 1.091548833285053716e-03 3.769251423653946498e-02 1.007248274395718401e-01 1.166862700890876868e-02 2.847936052591372100e-02 8.615492637094655792e-02 2.696283752898355479e-02 2.251257056154308545e-02 1.243302436018299192e-02 8.070173849852816522e-03 1.120383085746971125e-03
1.076531105618611442e-02 4.888765327823165092e-03 6.307126614220419369e-02 4.098928241420170954e-02 2.250874496582995141e-03 1.357077448320259325e-03 3.214699303744777276e-02 7.291971126864668640e-02 3.962384336913725436e-03 1.642866207129833195e-02 2.641232226859979368e-02 1.675403507123170502e-02
4.487041251986029038e-03 1.657853877841891643e-02 1.126772643804954677e-02 2.789140778897176987e-02 7.846974009426146979e-02 1.203853597911935802e-02 1.477028244424337389e-02 3.613202656299252524e-02 3.177273764258855410e-02 2.841882171697746734e-03 8.133449409863513849e-03 8.556740686534631407e-03
1.144971775537799441e-02 1.979117701150666722e-02 4.668750220685326940e-02 5.957454737867004524e-03 2.242440160821560988e-03 5.085020102025609307e-03 8.844514871995164812e-03 9.934192584640769152e-02 4.330668570233481285e-03 1.513151609309857162e-02 4.525551353494104700e-02 3.442823402012629153e-02
3.910904446912219501e-02 2.111958595356484142e-02 1.124665025584023134e-02 2.537531812158640154e-02 9.603434353134345652e-03 1.339162682914419623e-02 5.713915208805561696e-02 1.797496914462916318e-02 3.022310733406240527e-03 5.843024182369534886e-03 5.038096611512085654e-02 1.096417489741401997e-02
2.045789829774105617e-02 4.056101717561297337e-02 2.392834509902264095e-02 4.904175403179669539e-03 5.844652366875825733e-02 5.087714355797046811e-02 2.359502892191370563e-03 1.897091721308009210e-02 1.609313035740581391e-02 6.412098702751410639e-03 6.219934094045119662e-03 3.876017668171046100e-03
2.147377825320974723e-02 6.868815676304986309e-03 1.007920593662866258e-02 1.346862817760075687e-02 2.789797215604758462e-02 3.477463684982630421e-02 1.837559148980295876e-02 1.859693449973081822e-02 1.000878635622727379e-02 8.172656944859685649e-03 3.085885316254629446e-02 4.496216300475950473e-02
2.836984652360142675e-02 1.926049345190497877e-02 3.237999904480219626e-02 2.070347964162991272e-02 8.420952912795355572e-03 5.339681509152418779e-03 4.527172914494536834e-03 1.779811609628005045e-03 6.274221098374315603e-03 1.162561908764337681e-01 4.181623350603698441e-02 2.110941139569481872e-02
7.591861127321875360e-04 2.145404436235726769e-02 8.774430152114705284e-02 1.850448437331391610e-02 1.154213069232088926e-02 2.348040159896939982e-02 1.185568245597715467e-02 1.528993927312139074e-02 1.485290367917791940e-02 6.320313215473816193e-02 2.885855875948807603e-02 1.122107522849207948e-03
5.842420001522972799e-03 4.397463302724780032e-02 7.982229113446749624e-02 3.856103785953940866e-03 1.327527676644290472e-02 1.744415832699931085e-02 1.896722065329267334e-02 1.935699202198728824e-03 2.988088988413099053e-03 2.417528170045264366e-02 2.360577477852034492e-02 1.574146876237423470e-02
1.592003610606188349e-02 2.243980734142130701e-02 1.548248549668587541e-02 6.722154534493551999e-03 1.272142737666631315e-03 1.727289335762773048e-02 3.288412283161104566e-02 1.008758529473184201e-01 2.176496855319690754e-02 8.620196463446461871e-03 1.808605169355581577e-02 7.398507999819494037e-03
5.923485916825463674e-03 7.463911545075339188e-03 1.307265928989510481e-02 9.932735764142408899e-03 3.640656258669747007e-03 6.893902875813357964e-03 6.635593734340338931e-03 1.182021391442123620e-02 2.478577833822941112e-02 6.694433361520063519e-02 7.874721166400763805e-02 5.437117420850178656e-02
2.915968631411670463e-03 1.264264720252511985e-02 1.258890276257306796e-02 5.764004955087949356e-03 3.324156440618920849e-02 8.407355192018398093e-02 4.889769196170285284e-03 8.881142462730039037e-04 1.910817543329315638e-02 6.169666152011701876e-02 1.218042035033947527e-02 4.863320777645321197e-02
1.531580519587628052e-02 5.342982805556423243e-02 2.075249974937229056e-02 2.869776044083209403e-03 1.548011904578554601e-02 2.103750037958432989e-02 6.382368631395679039e-03 2.998669924895134252e-03 2.377165393068714563e-02 1.209881421142461680e-02 2.597064808999807045e-02 6.742517528795799464e-02
2.387381875893529459e-02 6.620333398354899535e-02 4.938212206378643498e-02 2.103918842130366937e-02 5.576381960830145527e-03 1.830735879547942466e-02 5.029607422263136091e-03 2.273987937746609414e-03 7.582334112354095247e-03 2.833054870142960938e-02 3.187966598219663106e-02 7.421565407324097821e-03
3.003069741005756459e-03 2.066195324393088617e-02 8.480564903254333986e-02 1.058561800519753487e-02 6.126107976811117663e-03 2.362389850922554102e-02 3.262819067208198170e-02 1.164774573683389179e-02 2.111269837754973372e-02 4.473516277094773813e-02 1.833262918757721377e-02 6.179108390053266592e-03
1.464699545395321476e-02 5.647296797341320139e-03 3.839686798500783343e-02 6.859854967115697200e-02 9.996453606201556596e-03 9.882471916430302615e-04 1.707896881093578373e-02 4.953768394708239070e-03 8.380697041295522010e-03 9.925994854400942147e-02 1.006761324496324890e-02 1.664209433539478797e-02
1.286774820279097675e-02 4.720417629096597401e-02 1.210159962040370171e-02 1.529882895181947609e-02 6.073099653567516285e-03 2.157397704188013157e-03 1.186840425641553717e-02 1.267141065657450237e-02 4.194927419710262409e-03 9.572278981533567654e-02 1.186469705106026756e-02 6.865693540998531186e-02
6.022152344175243661e-04 4.040022052342907150e-02 1.026069583916674466e-01 4.073206796543535346e-03 1.598767423537933788e-02 1.290049186504336337e-02 1.979476107100948748e-02 3.390493804376514680e-02 8.573392456745269202e-03 1.310355499396732501e-02 3.208366331545105254e-02 1.839443187812233281e-03
2.230072004833651145e-02 1.901857869558034805e-02 4.046040192408709851e-02 1.250531492588006360e-02 5.607342167842228366e-03 4.293291740738094421e-03 6.878035627561967895e-03 1.860465194761220034e-02 3.298931297258880790e-02 3.603984191094668048e-03 2.527420351448719793e-02 8.322382041936771113e-02
9.842870993882647801e-02 3.125630656241564637e-02 2.630808191453807340e-03 8.452496812408283322e-03 9.607485289496872638e-02 2.666136325979773930e-02 1.761699170316851368e-03 3.703203522198002251e-03 4.920588184687760269e-02 3.857348475505736896e-02 1.591590601729340766e-03 3.221849336574390040e-03
2.292861287529633640e-02 2.141897965090499012e-01 2.260966983288063142e-02 4.631260788922540034e-03 1.295301162673031040e-02 6.927992424661640058e-03 8.632431860860684258e-03 1.287501160686603356e-02 1.655462450667624305e-02 9.850668876821908407e-03 8.736487580631474570e-03 1.432026026330128834e-02
3.361673577635547472e-02 4.557062923210432326e-02 4.087504768371991518e-03 4.227336715372152776e-02 3.594742153589385036e-02 9.629375801245172988e-04 1.579491638174137591e-03 6.300726079086296783e-02 4.807501001165135485e-02 2.815631250373790487e-02 4.803727369795298373e-03 1.445302837238406296e-03
8.885089349671852765e-03 2.133917050070261931e-02 2.300349847855158100e-02 1.646212932636282808e-02 1.118624224386433053e-02 6.322992081147155163e-02 9.263132832978464293e-03 4.856392926992780454e-03 2.424248317417690771e-02 1.410782663634780332e-01 9.512874009426675742e-03 2.066195507700002969e-03
6.318697593460002350e-03 8.991801316011658034e-04 1.809389494619697745e-04 3.699794298633294481e-03 2.821872811878804732e-02 1.094536164671471024e-02 6.014652049541933942e-02 3.727574139917452789e-02 7.246831906314861460e-02 3.442645586303050287e-02 3.564563139525316060e-02 1.430764562875502278e-02
