2.812712076875287792e-01 5.104819952461410182e-01 2.089077714931745489e-01 1.637906189296810533e-01 1.593341290344639227e-01 1.034235473973278696e-01 3.455600891586165790e-01 3.600663832309970447e-01 2.895280520212838438e-01 3.824984100410505627e-01 7.538654688931209491e-02 1.197512488704182282e-01
4.432745550548183866e-01 2.010139656168492550e-01 1.303988950770703648e-01 4.329486776865570929e-01 9.949159612093555483e-02 2.711522219586672833e-01 3.562115194298898224e-01 2.469614583956742104e-01 3.441816602019572291e-01 8.742691621088702347e-02 1.100242949113360291e-01 2.769142393353591913e-01
3.674455462664304450e-01 2.430642344066954175e-01 3.963106033926409033e-01 2.408376133560981569e-01 3.660830193096936691e-01 2.075501986154631162e-01 1.361704696253188684e-01 2.901435143247799164e-01 2.660992177375803847e-01 2.261291966423938649e-01 1.224782031857445802e-01 1.376881831371576381e-01
1.858376691056528029e-01 1.935406468546090886e-01 3.924421838633371240e-01 4.883028678422219326e-01 4.184615326848927230e-01 3.435965275978396238e-02 1.858914411147956636e-01 3.549958748795533636e-01 1.955027633890356054e-01 2.327115467640685775e-01 1.553707941880455579e-01 1.625830265540034181e-01
3.475858167662668197e-01 3.376117186959064487e-01 1.090892348759349012e-01 3.567165145046261587e-01 1.969123608681053739e-01 3.060547644255356414e-01 1.419465966465998652e-01 1.235973232622780554e-01 3.208663343851408944e-01 1.157253623336623738e-01 3.250177732693195765e-01 3.188761999666248625e-01
2.613229024993002358e-01 1.967268056241443797e-01 3.314164034675938231e-01 5.395777200831024523e-01 3.335868990234855391e-01 1.958298832096668218e-01 1.920669780681248384e-01 2.047235917804022254e-01 3.131884959139820401e-02 1.109120310416401856e-01 3.572781062765006954e-01 2.452398293346431668e-01
2.341413640683330244e-01 1.729490770464212623e-01 1.913330247201729672e-01 2.378779146086427432e-01 3.788161742880136185e-01 9.791163677867067983e-02 1.205330132859685072e-01 3.151958938037462410e-01 3.742097907502420773e-01 1.767696277144881201e-01 2.734316182512495086e-01 4.268308646840560661e-01
1.523698702876917777e-01 2.689035672201036675e-01 9.810218358386429971e-02 6.667233510423022924e-01 1.485415280689149631e-01 3.691282752381653265e-01 4.240563014281996113e-01 1.677041284211437389e-01 3.982806380124843254e-02 4.237509007815705164e-01 1.303986338687526669e-01 1.104931962580450872e-01
1.981550608300871041e-01 4.201300401366819814e-01 3.788709899083013699e-01 7.787710471210219920e-02 3.175042736900819396e-01 2.752349452068284519e-01 2.378470885862253859e-01 1.364808037027841758e-01 4.933141890045446981e-02 7.781457843445566125e-02 3.724787446074915298e-01 4.582749512844997986e-01
1.411030155071245351e-01 4.217451831328092871e-01 3.762385702264970933e-01 2.625928724317508900e-01 3.987444759362446245e-01 3.339885462860291421e-01 1.487657275340892316e-01 1.638262410170935601e-01 2.071228899773365217e-01 3.625652343452964166e-01 9.992618723116622470e-02 8.338105637456644237e-02
4.834892775743234172e-01 2.647673079372611094e-01 1.297361569092793654e-01 3.002007737537363274e-01 1.456210717830702384e-01 2.126298324735940160e-01 5.156368231571463456e-02 2.415471892294784317e-01 3.597708203830458085e-01 2.338396483840366191e-01 3.101071425826936734e-01 2.667270966737540494e-01
2.733029291195771537e-01 3.459424263107075959e-01 1.048557896169055453e-01 1.833060149917294102e-01 1.816819393450906650e-01 4.210426520873579714e-01 8.947115353428056195e-02 4.492029500063708936e-01 2.518288987439422644e-01 2.027682512063867792e-01 4.211525874670544733e-01 7.544440757059700520e-02
3.562634641789002021e-01 3.523196262324334582e-01 2.433054632686117436e-01 1.647991452668455814e-01 1.968003851917834723e-01 3.798720612318025602e-01 2.535585293727363188e-01 2.801548271263729628e-01 1.390964357618183489e-01 1.261837186802939881e-01 2.774503635785704470e-01 2.301959801098237002e-01
1.364140960876283337e-01 2.592283699442176625e-01 2.320454888390127424e-01 1.237085498464464972e-01 2.359233535587942632e-01 2.103968119802251402e-01 3.462688946583548089e-01 3.182742656035952300e-01 2.328498598491983429e-01 1.362708149251069534e-01 4.434812971840934592e-01 3.251381975233211818e-01
1.794042881299764136e-01 1.423186268015605438e-01 2.335584858122496388e-01 3.450837275477135480e-01 1.679048823559052273e-01 2.060384804719949392e-01 1.921044374568463275e-01 3.528353050964750937e-01 2.202310245905087505e-01 2.568481419946732069e-01 3.013975625653240731e-01 4.022750371767720989e-01
3.936575658350666140e-01 4.367512724688845105e-01 8.327563660370002063e-02 2.684030566699852072e-01 7.942466077308228678e-02 4.370285337526637059e-01 1.930286129306493514e-01 7.470203378754469714e-02 3.997416362066858464e-01 3.969215658805004820e-01 1.277980318790248038e-01 1.092673932122142505e-01
2.325181051859935566e-01 4.075600166616376030e-01 3.254611896984470620e-01 5.535272297161932670e-02 6.355326888121189122e-02 2.249518299263525145e-01 3.805727124259467020e-01 3.092078442526644544e-01 5.754077965574375120e-02 9.006502815179173727e-02 4.671883593392055500e-01 3.860281428493859690e-01
1.387331888060666374e-01 7.761641256227280738e-02 4.807187707694212109e-01 3.148474294165828358e-01 9.241280824103992320e-02 9.120369101708374060e-02 4.514527162415210571e-01 3.747297170633727692e-01 1.659998166921934359e-01 3.424689452615130580e-01 1.923097970217924890e-01 2.775067069071356918e-01
1.115431813157657104e-01 4.749121317072966253e-01 3.458226987744741354e-01 1.036860918941847620e-01 4.052913430839020781e-01 1.619592942273701541e-01 3.752811118487946462e-01 3.490141956220351727e-01 9.979161534435715408e-02 6.827436855293503304e-02 9.473129779886328705e-02 4.096926698300232816e-01
2.314009900557482680e-01 2.356540480461059295e-01 1.096586150182963654e-01 9.351359225514963014e-02 5.007355568441845817e-01 3.087784749359772096e-01 1.992489887415063166e-01 1.840826580537036627e-01 3.355373277974266766e-01 3.409749345126237285e-01 2.448511644381821117e-01 2.155636493010948951e-01
8.047543327061346119e-02 3.380148273516236368e-01 2.098162459811961367e-01 3.573252255338321692e-01 7.310627485282451821e-02 3.430850840779034461e-01 1.645063158751775556e-01 8.455339170324996378e-02 4.101058136248358910e-01 4.246533425856652832e-01 1.535175649812717813e-01 3.608404801618025903e-01
4.384126147475388147e-02 3.000174378765527727e-01 3.525173207339056813e-01 3.228898511035870333e-01 1.999718709002093753e-01 4.802626415404152582e-01 1.971665417348127947e-01 1.323219658173679647e-01 4.193237398175180264e-01 2.739468760574544914e-01 2.370256551208002604e-01 4.071483782262348694e-02
2.620519278396493679e-01 2.828923275651623603e-01 3.614842452041480136e-01 1.331784681944145343e-01 1.636903765678232037e-01 4.601799080447097623e-01 1.878532516689286613e-01 1.402380889021966892e-01 2.329487352822956769e-01 1.450079524594945490e-01 1.733532669612938282e-01 4.571214513098817989e-01
2.392609006398859484e-01 1.391193125631395855e-01 1.802247577760947017e-01 2.801658675324585346e-01 3.150841397651413245e-01 3.257130410039435486e-01 4.141417009944071692e-01 1.659603174038654927e-01 1.850049689564202127e-01 3.419870188173089187e-01 1.217611919240484397e-01 2.915767826232799620e-01
3.891983793565494398e-01 3.508717482576002022e-01 2.944748728235228596e-01 1.614379095001097775e-01 3.088467729927977246e-01 1.701288550549842349e-01 1.673127793771660432e-01 5.425646547440937661e-02 1.402331982322605475e-01 2.949204991435597778e-01 4.982601041756469229e-01 1.700584156113902345e-01
1.706897780728041103e-01 3.247522162082088215e-01 3.120386307402431836e-01 2.460220175384723595e-01 3.154940601708169923e-01 2.281508801075418369e-01 3.907520944772686633e-01 3.243599562786779744e-01 3.758552514822993129e-01 1.698757515115324190e-01 7.274546756673319625e-02 6.926389584539625888e-02
2.581536361216336672e-01 1.868432493066251032e-01 1.367195460229186921e-01 2.441913662415803876e-01 3.638030152864337730e-01 1.855870742409206908e-01 2.401258614883658993e-01 3.573304618294936841e-01 1.741850793856037360e-01 2.324255943977299177e-01 3.804073232104470681e-01 2.402277924682520993e-01
1.396798934006755755e-01 1.217976672043946940e-01 1.788327349794350263e-01 2.815367107999425800e-01 2.372894795797453604e-01 2.873793559946792309e-01 2.553664117591104010e-01 3.829794035832245203e-01 1.407265866856845793e-01 3.602811183120295802e-01 1.177443015478562560e-01 4.963863361532185881e-01
3.512955892195654961e-01 2.877683900659986360e-01 1.658540991400748732e-01 1.470071104545097596e-01 3.259156464309811430e-01 1.622557350437652812e-01 1.581276162913884675e-01 2.842188421095326323e-01 1.569705630028757071e-01 4.515940913720901673e-01 3.486227547820076600e-01 1.603695620872230276e-01
1.981757450429775247e-01 1.479970752680258572e-01 3.117472677634612888e-01 1.915850627158181274e-01 3.160658514393764884e-01 3.719145381288437857e-01 3.301161353577999891e-01 9.560260854855130719e-02 2.439188720434862234e-01 1.406465359362473466e-01 3.890267993122136225e-01 2.632035084431948446e-01
1.074416800425982976e-01 2.015009777706085747e-01 2.338486950029344258e-01 4.962335440479535009e-01 3.748830442330780555e-02 1.409429412927940828e-01 4.279107501642824274e-01 2.710826733818368917e-01 3.291962155855481242e-01 1.947192327195982064e-01 3.769596508415422598e-01 1.826753347269959027e-01
2.294217167843712879e-01 3.420246447025732106e-01 1.696871866476375723e-01 2.462015783941641223e-01 3.435888862900671192e-01 2.667507720093866830e-01 2.398657571492217033e-01 2.738005978202129320e-01 2.575374305461007318e-01 2.948848179117979917e-01 1.171223368001768350e-01 2.191142749442935855e-01
1.649967356319891887e-01 1.478515087503760594e-01 3.085387913779726321e-01 1.866808586635435585e-01 3.327549158080094216e-01 3.734343191939887285e-01 1.413350884792977102e-01 1.929338694909033536e-01 2.989201193564973158e-01 3.909572204601634016e-01 2.346822344898286672e-01 2.269143382974392886e-01
2.665636223888491751e-01 2.284171828747836586e-01 2.231493637839691013e-01 4.431211495456818250e-01 7.275841152985304539e-02 1.248062123745345975e-01 4.644079589393768082e-01 9.259951304546679141e-02 1.230618675278240121e-01 3.446832320948170492e-01 3.874311577080836178e-01 2.290003281867544760e-01
3.621496962826226129e-01 1.779456610234709524e-01 9.634881734456002267e-02 4.752273607557105373e-01 3.259784541188358586e-01 6.914863115308736430e-02 3.682318660104555441e-02 1.756914775603866941e-01 3.505013083689031417e-01 1.932435561599056550e-01 3.571474102553650054e-01 3.797944403761054355e-01
1.030123242172778231e-01 1.915717848594211681e-01 1.860934304048325605e-01 3.842366744373580389e-01 2.754043027045361969e-01 3.033991101291581005e-01 3.712038089769820193e-01 1.773304464983682660e-01 2.003001793533057961e-01 3.633456072716179097e-01 1.436619614701580838e-01 3.004403696769873955e-01
4.018200522921211992e-01 2.562432184316659756e-01 2.200647330249773659e-01 2.448698046558568930e-01 2.954823664967718422e-01 1.050331271210059730e-01 1.258592681263512592e-01 4.515081609248162153e-01 4.080974256326074245e-01 2.101728131769360283e-02 3.885410508827254888e-02 4.311504568878574140e-01
8.536801433304745668e-02 4.050394261909479043e-01 3.694909444059711334e-01 3.432998261759286907e-01 2.789043202135483290e-01 9.571843695154055864e-02 7.993599274508676744e-02 1.150125875765999478e-01 2.270871139918404780e-01 2.416867334296553815e-01 3.442235479541877474e-01 4.142330560316379584e-01
4.961677908519178393e-02 3.543182244602399167e-01 4.703489703392850219e-01 1.090336656244882130e-01 3.347302724642976512e-01 1.590172411530403340e-01 1.786847426544766471e-01 4.332191202464387159e-01 2.472960675589340185e-01 1.646617368636934531e-01 3.953917140861326618e-01 1.036814654637894240e-01
2.668505380690658901e-01 2.557349788637053312e-01 9.727768242681177069e-02 1.552026101581982231e-01 3.808628150512037847e-01 3.866672750687252247e-01 1.263620379901176927e-01 2.819418332407255812e-01 2.720269976342876705e-01 3.267482325161711332e-01 1.591502178209690810e-01 2.911747811600018387e-01
3.892578474807376065e-01 2.677285336192926635e-01 1.911630826050099430e-01 5.705201140911929369e-02 4.323012709062269421e-01 1.549240721007683619e-01 3.878285438737281710e-01 3.134428242238171958e-01 1.990310068901370577e-01 2.693439118128342358e-01 1.261851173356374201e-01 2.117417777426928716e-01
2.435380678027674051e-01 2.044051184092038620e-01 5.623397547073916147e-01 3.267580161701567620e-01 1.431451246402390964e-01 1.225621332361443161e-01 1.575066633443114039e-01 1.788442556978516729e-01 2.965383742219490637e-01 6.284766405879323170e-02 4.935368350978343588e-01 2.079779926133465684e-01
4.080541798441634782e-01 1.484056016245936249e-01 9.379627800943433902e-02 2.954010237536743855e-01 3.852364406529567020e-01 3.420659794610205751e-01 2.658141056040244643e-01 4.407942261356502800e-01 7.881055112933441076e-02 1.640903861076891124e-01 7.572793362387836291e-02 3.018032940535773645e-01
1.416887734891373041e-01 2.366548708167938164e-01 2.497689429975661346e-01 3.320163643055621394e-01 8.608570865193264365e-02 2.748849832860273956e-01 2.101092332073352387e-01 1.917510143528678435e-01 2.581038210189229298e-01 3.309543545279352017e-01 4.668063044752545077e-01 2.211756288706618334e-01
4.196039959614927262e-01 3.112134479904878903e-01 1.602053012965362067e-01 1.334462148536463000e-01 2.684093260671827075e-01 3.025826658622401966e-01 1.926118001081885134e-01 1.781676452344774231e-01 1.174183381691296518e-01 4.011915438921382915e-01 1.797287890476339522e-01 3.354209315168472094e-01
1.364171887810147754e-01 3.840643234276566176e-01 4.433796188265176075e-01 1.587434181574038650e-01 1.326496641040886826e-01 1.967544934544736279e-01 3.999530197626764982e-01 2.178735771411449695e-01 1.096269169284514594e-01 2.393406039231916194e-01 3.110511274701777684e-01 2.701460480232054095e-01
1.159118762386616708e-01 3.356329026411290078e-02 7.257235656227303822e-02 3.435496622541706069e-01 4.792163287462199994e-01 1.072507887117730152e-01 3.738657376429901924e-01 2.387880212057252316e-01 3.735680170753564733e-01 9.041545863714120501e-02 4.117181403631221537e-01 3.595803222984556569e-01
2.035517255130488423e-01 1.697073148493988271e-01 4.414791788840069509e-01 4.480924018261134290e-01 1.178765695845108846e-01 8.672547260845361872e-02 1.990892477524341397e-01 2.374897629586800174e-01 4.188008157040239432e-01 8.509576483521602563e-02 4.385637512497529977e-01 1.535279942343738546e-01
3.289246378980250629e-01 3.060836706124218098e-01 2.606769428179098180e-01 3.548450631197218041e-01 2.410743347202504161e-01 1.056736603542886704e-01 1.524657319450861692e-01 2.309975486829599356e-01 3.028070630274367625e-01 1.869026762843186695e-01 6.988561467383437587e-02 4.596630558637502251e-01
1.588653213967353151e-01 2.055287568517793484e-01 1.126612671426873019e-01 5.213785585873925710e-01 2.178997098998180226e-01 2.019628729385196664e-01 4.179581640606688242e-01 2.065385518006143950e-01 2.493125502596764964e-01 1.780754027537574391e-01 1.611455504925055626e-01 3.686732938158494566e-01
3.350232126132162702e-01 1.781356040364935889e-01 3.434249036186276527e-02 1.076876089391801822e-01 4.015972327148033538e-01 1.146794275984202860e-01 2.916101272081972340e-01 3.361280329037334980e-01 3.008291573809591113e-01 2.377713608969189152e-01 1.895283958759558796e-01 4.726673494702641198e-01
2.422273457210417646e-01 1.514146076361813920e-01 3.203664174160993361e-01 1.466729141752315946e-01 2.809241229560636155e-01 4.120074002161023818e-01 1.221214858584619006e-01 3.661820261641806074e-01 3.314602400606603272e-01 1.993996188877659170e-01 2.061455588266705163e-01 2.210782620815445465e-01
3.853160189777250777e-02 1.907041037546782780e-01 3.965200199783957546e-01 2.699470678961319869e-01 2.383877950477884533e-01 3.439421374044678847e-01 3.186838996973556659e-01 2.002265810665198043e-01 6.664270398865773659e-02 4.566608414110087111e-01 4.041900242072008487e-01 7.556322365002282604e-02
6.783153599162514147e-02 5.822637127294182785e-02 8.761338918313928137e-02 1.218250000286354995e-01 1.744556684359152565e-01 3.403178228577399267e-01 2.908855831254528179e-01 4.309094202771709958e-01 4.011072858271836905e-01 2.785301307034431240e-01 3.689439579738154618e-01 3.793538343229337362e-01
4.004557671503748417e-01 1.030237901840240500e-01 3.645951816473580465e-01 9.827397952762906286e-02 3.598124539235170172e-01 6.923960420426053530e-02 1.177724965629466103e-01 5.476902987623130104e-01 3.125101243895158643e-01 3.562059222397971903e-01 1.039143856431371388e-01 1.665059957651216505e-01
2.055216745327137495e-01 1.747432178291937199e-01 2.648496831295663601e-01 1.717594381632620015e-01 3.725765305546067663e-01 2.961762113906352134e-01 8.548747703850650970e-02 2.959438291975771684e-01 4.564920493193262985e-01 1.225262820997147506e-01 1.448903294453136870e-01 4.090332772995834976e-01
2.830865121795528849e-01 2.590965739194499573e-01 4.916992259450331249e-01 1.977568938713598623e-01 4.882820370923126596e-01 2.513883891829004069e-01 2.058239578411524828e-01 1.316085565595041529e-01 1.759773417083906888e-01 1.124541169488095377e-01 1.992381167629667105e-01 2.035882779885667682e-01
2.271410075509464610e-01 2.132633292369615630e-01 1.259064697739497030e-01 1.901403685177742720e-01 2.525287963293987303e-01 2.714481590492651142e-01 4.517621090266038530e-01 2.182338464712165749e-01 1.131717982357305918e-01 4.906338836315578544e-01 1.514610590228520626e-01 2.943091731537494926e-01
3.548352601288515262e-01 1.615671971392660944e-01 1.559532336698030500e-02 5.776870451920680660e-02 2.941652571541175654e-01 2.448380372234136015e-01 5.982742899218504995e-01 2.648834917539644174e-01 1.077123246308859944e-01 5.001079456598610529e-01 2.154352067470585719e-01 1.848169617545390997e-01
9.526958529289170086e-02 4.468642201105087475e-01 5.292458738775472626e-02 1.659037606224687544e-01 2.222786931619646633e-01 3.041109047095070794e-01 2.355091243532883016e-01 7.598588842918521657e-02 2.403031204315838332e-01 4.514388446019406143e-01 2.681414631525074199e-01 4.412698077463972357e-01
1.732041325147628263e-01 1.122813043755033630e-01 4.133744519987162525e-01 3.392654366169406410e-01 1.578049528108615707e-01 8.438355873195196866e-02 1.079066138436154121e-01 4.118986601647887102e-01 4.254734630169478282e-01 1.748690873215150432e-01 1.622338741769884796e-01 4.373044644274081127e-01
3.685183129615882680e-01 3.930405880376040550e-01 2.510646265267508226e-01 3.246303092904752607e-01 2.112485834807366070e-01 1.744145895421333192e-01 1.057912304121416264e-01 2.023114811601667840e-01 2.648407787047857287e-01 1.725932964659676883e-01 2.924797060055452369e-01 2.390664974121055053e-01
1.813459930598586012e-01 4.342736796423634638e-01 9.021466242600602314e-02 8.518781226457586286e-02 4.217499441206419286e-01 1.828443745983230340e-01 3.049293316517721064e-01 3.040231565991089457e-01 3.065149612856267747e-01 4.606103855196582719e-01 1.339833580307250860e-01 9.432234080134434262e-02
1.631841063891688592e-01 2.803395346311813863e-01 3.131786632354751632e-01 1.431543740586169455e-01 1.045205705320381706e-01 3.192967523056103873e-01 1.538940859848493825e-01 3.440947353112229767e-01 1.751152547384047520e-01 3.145068170972002419e-01 4.483795798176795078e-01 2.403355258985594156e-01
1.653570193847723191e-01 2.536004535192106779e-01 1.542410776041904796e-01 2.485437340508729887e-01 2.516637779593987601e-01 4.324071421604311904e-01 1.590577636874160317e-01 4.425442679635093746e-01 1.563728675374899679e-01 8.867459782471512342e-02 2.022498661866563019e-01 4.452874321213359798e-01
9.584917159732386782e-02 3.526136742556349457e-01 8.276159740238364648e-02 1.392444115822738804e-01 2.645232046194600506e-01 2.654480770071076523e-01 3.026721553827592670e-01 2.516405491670470895e-01 2.602362161640697780e-01 4.137228750520698384e-01 5.071404570099351528e-01 6.414761075994136752e-02
1.268020733253487631e-01 1.708391675507603680e-01 1.535592794301388342e-01 5.426577089002000420e-01 3.631765604673495851e-01 1.653505617136200034e-01 3.941700938894008854e-01 3.291528373711476996e-01 8.226488931419979889e-02 1.561865046544332336e-01 2.930166005732280921e-01 2.228237228101698220e-01
2.784561095664153108e-01 3.007925907472528415e-01 3.028102819233841059e-01 3.558678624500117849e-01 3.007799418074952325e-01 1.332606122890017397e-01 2.735396780118910520e-01 9.571985317970384266e-02 3.004008118608497008e-02 9.701796986434135794e-02 5.133086292960851171e-01 3.184063896783390080e-01
1.665148353680848681e-01 1.083096914192087645e-01 4.205409617354999297e-01 6.007989237122514370e-02 3.929215887795258211e-01 1.310757461605686625e-01 2.701539653581649381e-01 2.368338275034694296e-01 3.091745166809932721e-01 3.611762295690167379e-01 3.539772853157370225e-01 1.892414597385055908e-01
3.605091763131263449e-01 2.073308931338288252e-01 3.575982365966654530e-01 1.349225786853794906e-01 3.324707121190427772e-01 5.433177010681136676e-02 1.438688896525567307e-01 4.935418183792274482e-01 2.654748879470770762e-01 1.912294750299811663e-01 1.840913155597926343e-01 2.746302464765171258e-01
9.757478902317806568e-02 2.570626597132648627e-01 1.829172643442192603e-01 3.176971315328911416e-01 3.249649461492721825e-01 3.145042675540319910e-01 3.426700593765397707e-01 3.038039517902121900e-01 2.567581891797356963e-01 3.923936384399681621e-01 1.474531204036634291e-01 6.219998249302473303e-02
7.839307146963236939e-02 2.572338633579188127e-01 4.725556097089813612e-01 1.539581288447757768e-01 1.131653489637635401e-01 1.328243168291299292e-01 3.345872923522102416e-01 2.823726328997080426e-01 1.502114876788233633e-01 3.811992656887768227e-01 3.644708740577450312e-01 2.790281081485317394e-01
2.904159553323696352e-01 2.415001731764229720e-01 1.531496018703023543e-01 3.027478297921156747e-01 3.338917740143628743e-01 2.379908866951085389e-01 2.461104426385913313e-01 2.974547490827463836e-01 1.810092198420817367e-01 3.820120654232216917e-01 1.811913973676413658e-01 1.525259047650314725e-01
2.495580804157537802e-01 1.877807885115151953e-01 1.532525548442676411e-01 4.675921003447708335e-02 1.371661687470078772e-01 4.459034282682239336e-01 3.090087176146464332e-01 3.395486822626876400e-01 1.512057884342241088e-01 3.431759368898953388e-01 4.507409572419583954e-01 1.858996867353467364e-01
3.787561648502423273e-01 3.056667370310103271e-01 2.064557947812682426e-01 1.114191979705441149e-01 2.120807804203489466e-01 2.888244749568832370e-01 1.215372169605258568e-01 2.071692887307856057e-01 1.853284393156766630e-01 3.622120877109000214e-01 4.085368770888884171e-01 2.120129401829133342e-01
4.302626533245141466e-02 7.387049772086076715e-02 3.720596455102889166e-01 4.713951053460168072e-01 1.895081972684465876e-01 3.096926015179350955e-01 4.395237150479639476e-01 2.775586351536811769e-01 2.977165332318559843e-01 1.834803030251997702e-01 2.433580135970778713e-01 9.881048724822391605e-02
2.530105784084762943e-01 1.221120045592671288e-01 4.149359154789881154e-01 3.634276904200767766e-01 1.035715147723620250e-01 8.206148841438944130e-02 3.351899773780072644e-01 4.336172271116198740e-01 1.058295533334931704e-01 2.791708996934342268e-01 2.793791392364186055e-01 2.276940111934692423e-01
1.074916467267176129e-01 3.261342995122694655e-01 1.841830655771615477e-01 3.033033952483992213e-01 4.309423939772870638e-01 1.899309594158820613e-01 2.507780435062080815e-01 3.018024089089914597e-01 3.528229448720788808e-01 8.869230976436587310e-02 2.515288962890042113e-01 2.123896362016374217e-01
2.046607017779907833e-01 2.450828253673755786e-01 3.750273205285641342e-01 1.433119379772646307e-01 1.059589001865938740e-01 2.479093983253632394e-01 1.550229299101453795e-01 4.937610109419835469e-01 1.059890901868821983e-01 2.598731510304546077e-01 3.352465158915894916e-01 3.281562178757906345e-01
3.619067596414928256e-01 2.624200084940656041e-01 1.831529450646709190e-01 3.209661663658532893e-01 1.841526739221752140e-01 2.098469677043848514e-01 3.850656563208850747e-01 2.469470831767341945e-01 1.301071711944443987e-01 1.301418208739165694e-01 4.208361102347877303e-01 1.644566370065828065e-01
2.948200365871989082e-01 3.100686673437209606e-01 3.190232375713408230e-01 1.206993276120986308e-01 4.082336399791068882e-01 4.053205383076309287e-01 7.986228650547610997e-02 3.331967252696368398e-01 2.171852297527081255e-01 1.584029805199883567e-01 2.386357269524208014e-01 1.145516035986837017e-01
2.724607270935132108e-01 1.588989979667146946e-01 2.204435165391715468e-01 2.100116844687135442e-01 2.932566289099720613e-01 3.216725891504186863e-01 2.354751774266031217e-01 2.623467052844912217e-01 2.002545813442084266e-01 1.695319332059165018e-01 3.150806469014758582e-01 3.405668117088059277e-01
3.107832830198967722e-01 2.350880622282626731e-01 3.182166297801026777e-01 2.616198892476962468e-01 1.840343957492474591e-01 1.490842861846451983e-01 2.004879781840485653e-01 1.055728512780896855e-01 1.386415151057753814e-01 4.878342121268547937e-01 3.582455900400556281e-01 2.503913070553253073e-01
5.936340128261370641e-02 2.890575508718198350e-01 4.314146164239706094e-01 2.480770560614229958e-01 2.011822215417806703e-01 3.057128852953280296e-01 1.786501494185822048e-01 2.809287895584896555e-01 2.115275051120106276e-01 3.941986880202639765e-01 3.241025763110931268e-01 7.578456010261662434e-02
1.367314339202032047e-01 3.796605213490690245e-01 4.571677475522550882e-01 1.028338894991588232e-01 3.174107895931529422e-01 1.989114189485603756e-01 3.348970724104042285e-01 9.128765514121618685e-02 1.141729223670205073e-01 3.310710745790660381e-01 2.386199825067455427e-01 2.972354921331459843e-01
2.632132453010382900e-01 2.609273227337332024e-01 2.332176318761634004e-01 2.141962978827381958e-01 5.897069140991024333e-02 3.122159531420367617e-01 2.941963963823048256e-01 4.594963514582796060e-01 2.812733060307656130e-01 1.558774286711336332e-01 3.188436191395553898e-01 1.475717559723387917e-01
1.351744319945880068e-01 1.888885504978827234e-01 2.312007669340345462e-01 2.059088100002993138e-01 1.172125643518795446e-01 2.193469963793434063e-01 1.570233249112308327e-01 2.279733048847695787e-01 2.644878489698350155e-01 4.157986339416654964e-01 4.351927982739813849e-01 4.017919688604875139e-01
7.634601859552811454e-02 2.755090877648088687e-01 2.346955622566181121e-01 1.432800432846829675e-01 3.345704786982140466e-01 4.450438485275672873e-01 1.301284905424165972e-01 6.648270502252226488e-02 2.700936337274520427e-01 3.990747913957037318e-01 1.775689279749391447e-01 4.472064122095506522e-01
2.034578343385776422e-01 3.850114913954102436e-01 2.684654093554512677e-01 1.013166107426085732e-01 2.539123482640043283e-01 2.695325081852304461e-01 1.731710633237771857e-01 9.361702637972477148e-02 3.607550875703529059e-01 1.833792648981231732e-01 2.912097200422492094e-01 4.161716355044923210e-01
2.954727884281775352e-01 3.959982763151846941e-01 3.542514775397581639e-01 2.974595830676941555e-01 1.163850972932615191e-01 3.350274191064652185e-01 1.367701300634125150e-01 1.045572924232729406e-01 1.997714338388608957e-01 2.798660707528470293e-01 3.337706228049088786e-01 1.506698083661552334e-01
1.164288687451355692e-01 2.668599783452175189e-01 4.369848580587745168e-01 1.862812758962942294e-01 1.633100720373212023e-01 2.772907383482720034e-01 3.133723462090301504e-01 1.984142885914244592e-01 2.646658158423997875e-01 3.496583238417736994e-01 2.399794398009555962e-01 1.867539942834046673e-01
2.704752730596533539e-01 1.340730725026972880e-01 3.581883838096179273e-01 3.987277762686018412e-01 2.101969706440675878e-01 4.944635133069677502e-02 3.988811128152092156e-01 1.200306940286164914e-01 1.654019009394854245e-01 4.715052465900175238e-01 1.712466935985905991e-01 2.518265244127448343e-01
1.790566132141073741e-01 4.031124421698498717e-01 1.770002749606165160e-01 2.793761860885899395e-01 1.704823472437851373e-01 8.599700024308837287e-02 2.419522417496818012e-01 2.584465061525644813e-01 1.000330138656856244e-01 4.888040776439230295e-01 1.725684731417324314e-01 4.431708235263677742e-01
4.972645594832660054e-02 3.986710839665037476e-01 4.859675309606142357e-01 1.042637370742594827e-01 3.408474357363324159e-01 1.848178078747174102e-01 2.668521195360357701e-01 3.214136474329841731e-01 1.892325572000955747e-01 1.887601193800919896e-01 3.843551863096335008e-01 8.509231858040963714e-02
2.644262306652812033e-01 2.442258935254791319e-01 3.464467999840538659e-01 1.993441490696671592e-01 1.753420833751434815e-01 1.503330677456017894e-01 1.944387721720667594e-01 2.233414557193518224e-01 3.693618713815459698e-01 1.012886676857649854e-01 3.045443058913659407e-01 4.269067027846861206e-01
4.707236070578893483e-01 3.385620308551481328e-01 1.107570143305619537e-01 1.752533456995398198e-01 4.488013140297802961e-01 3.186013460604865122e-01 8.832602935117908616e-02 1.327456224871260970e-01 3.685208235057865211e-01 3.597811835807946945e-01 8.540675669439816431e-02 1.025209263473047527e-01
2.742916769763776852e-01 5.666636986682586086e-01 3.023156058361822218e-01 1.179059764296460922e-01 2.994335997282349116e-01 1.464178683143846360e-01 2.037832766484687641e-01 2.174362715538278312e-01 2.478620157824130699e-01 1.987681364366382097e-01 1.775909444690288441e-01 2.475309291565444547e-01
3.377646061546001333e-01 3.731910383365213413e-01 1.092303732039894282e-01 3.593593121610042518e-01 3.530722095291038420e-01 6.015802504147380048e-02 7.282508040971760743e-02 4.319987797029706256e-01 3.605039564572316557e-01 3.034228236348183172e-01 1.716292551110423503e-01 6.684454025753285011e-02
2.057514436945676872e-01 2.612859679711062588e-01 2.639689483152841687e-01 2.649221897935149506e-01 1.763774779900807721e-01 4.229416320138995045e-01 1.653096112591732891e-01 1.562810163659890117e-01 2.929902602947526136e-01 5.051477840649657436e-01 1.825236889274528540e-01 1.024999793092126604e-01
2.216352078449781715e-01 9.982066811208889501e-02 2.472497119710883109e-02 1.262880684326410374e-01 3.686944974207370107e-01 1.609028182081783109e-01 4.150664897628244532e-01 3.222750058169502330e-01 4.145123952473473983e-01 3.040140611032123852e-01 3.397393705863529512e-01 2.023264462675779252e-01
