1.557777306648809763e-02 4.363932918958079443e-01 9.074089152527879676e-03 9.721670060455028480e-05 1.389819027508941974e-06 3.760610201974767200e-08 6.212019166918699241e-08 1.212559467777677280e-07 2.163472397095023170e-07 1.085404627786269101e-06 1.542880666903291436e-06 1.581523530236223515e-04
4.752063191047310037e-02 6.201463615551217577e-03 1.700316104869678806e-03 5.716153203843583365e-03 9.829806473041659677e-05 8.528659467240991678e-05 1.073057429450305730e-04 3.387006473985014455e-05 4.044478892507063811e-05 1.112656812855981839e-05 9.543916806693635013e-05 3.638454033781224513e-03
6.622566288258968648e-03 1.583246069340735890e-02 9.354342677403039430e-02 1.620414060193825501e-02 7.794476469889053717e-03 2.915861446414584070e-04 7.601380771714296526e-06 1.875948341935708857e-06 5.509095050509039857e-07 5.457682668263466086e-07 2.719701589497473595e-06 1.105730261016096025e-04
3.190952016414029734e-06 3.663995624994340755e-04 3.708953925877951641e-02 2.450064759605908304e-01 2.493836120208006712e-02 2.038634728631988767e-05 4.678636525510188821e-07 3.054063250723634040e-08 4.617993152890237784e-10 8.382496546000810651e-11 3.735992266429925513e-10 2.545415973824960290e-08
6.418684430966994925e-02 1.864664162785818757e-02 5.719803146478660665e-04 5.062562848693442181e-04 3.808887356863605348e-05 1.139192560454437903e-05 1.350337486519790708e-06 1.580534243265256379e-06 3.165163471290276606e-05 1.320395713349772947e-04 8.755713119125750968e-03 4.478183632710829726e-02
1.857853377542848379e-06 1.277537965487410374e-04 1.368149715729767915e-02 4.379068094343092077e-01 1.321823638404644001e-02 9.096374188858740448e-05 5.015788694755426093e-07 4.011234350278738932e-09 7.334505575671135379e-12 1.006981882231261795e-11 8.405503068288969256e-10 2.372388409938407370e-08
7.423571726521762358e-03 3.473361630280600828e-04 2.610632986964504785e-05 7.999478067817116991e-06 9.443338437864985237e-06 1.235657329530246424e-06 7.762313869027871204e-06 3.105525948728441983e-04 2.687514683274129339e-03 3.204677603965621398e-03 2.402806367592146344e-02 1.094042988125988186e-01
4.647324899573275250e-08 1.255258015095026603e-05 1.013985365480411360e-03 7.487460882857451816e-01 2.708809654388183788e-03 1.101167112846144060e-04 5.405491426006810340e-06 2.985950465183833856e-08 3.538804653234245181e-11 9.165292379825955642e-12 3.116113692046631604e-12 1.678261082601257678e-10
1.703253098251053879e-02 1.486130420669120808e-02 1.626986900586742087e-03 9.958358721353282933e-06 2.167895921597253893e-06 2.069511864859658019e-07 3.772274841003054322e-08 4.736981077027468821e-08 6.636111003300452408e-07 7.514232276892372341e-05 1.239854500409166144e-02 1.080842948088619054e-01
4.285754559211034918e-04 3.257725247339488678e-02 4.940662625463598800e-02 2.010206389839731128e-02 1.512506639497168161e-02 1.420762832710101287e-03 1.855659660656814406e-05 3.170928278253701594e-07 2.405459042602341421e-08 3.843813020650816603e-08 5.366520116395043896e-08 3.781313338877658702e-06
2.611786105030602934e-01 9.805383994702029926e-03 8.101173229019102435e-05 3.558491673316961076e-06 3.411504031318853728e-08 3.844181640402019415e-09 2.809971045534745350e-09 7.248291933387855943e-07 2.439296187800573531e-05 1.443521014948302705e-04 3.016021016022122671e-03 2.311835338847554808e-02
1.683341981972873088e-05 1.002974833452821999e-05 1.298843860710447854e-06 1.017512585219150183e-05 1.858074606707421585e-04 6.795062934572259142e-03 2.429770203099511534e-03 6.746671034719474436e-02 8.636137151483102431e-03 2.427456978262589136e-03 3.841568994005869868e-03 3.215147324374287671e-05
1.604345372889983898e-02 1.671975539286983670e-02 2.788041279387391044e-03 5.197963742492845525e-04 5.122235978053937475e-04 1.590329370641257187e-03 2.947924848014686020e-04 8.255788567021917336e-05 1.404687981570500021e-05 1.740077408367293678e-05 2.336056017651227956e-04 1.579748135826213084e-03
2.093565531971802360e-04 3.122596871028826809e-05 4.441535753756524246e-06 1.077406924773764355e-06 7.508217179249525867e-06 7.464149517862978195e-05 1.199101679246099630e-03 2.627014148043314585e-03 2.644427666594422865e-03 3.668329158089326039e-03 5.763662654030262539e-02 8.594383828332781416e-03
3.119013332136835303e-03 1.289362977436374303e-04 3.285514090764421870e-05 2.230809852232007708e-05 3.444003377209985658e-06 7.509633926160309978e-06 4.797450154008838240e-05 9.281924720301615870e-04 1.759006634281221537e-03 1.000759848988821282e-02 3.931970326998891069e-02 7.853559346414197562e-02
4.914241885011348676e-03 7.159996202385192875e-03 1.421986933223742128e-04 1.287566815920972955e-04 3.382700659960440097e-05 9.291875003520560583e-04 1.487799652880148100e-04 4.585742489955524251e-05 9.212929854007534955e-04 1.370005221899694243e-03 2.771445061524430392e-04 3.772278202019114330e-04
7.222064893170322686e-03 2.465451463573558027e-03 1.098220171678623261e-04 4.499134701775349536e-07 3.984729269678418488e-08 2.092624635538801614e-07 2.797000276380402299e-06 5.945601440536059642e-06 1.184238179791858038e-05 1.026260421434010061e-03 1.222139726458462555e-01 6.311510516881765898e-02
2.183693528336183328e-06 6.912112941015249664e-06 8.020310217772252384e-04 2.873767729936112800e-04 1.144116983795531619e-04 4.035106109562762835e-04 1.302493823599627266e-02 4.448536864946978954e-03 2.587660537419189102e-04 8.009551280117399932e-05 6.517541328118808077e-06 3.721135261037646534e-06
4.497619327547786212e-03 1.133120200552106965e-01 1.437668191895145886e-02 5.637043445914565474e-04 1.025745914709534894e-03 6.969589999093238146e-05 5.070713975813221914e-05 1.025751239914064328e-05 7.307600715055037106e-07 2.281207871713621165e-06 7.408984999955937358e-05 6.151443160840277223e-03
3.978352249612190175e-08 6.730850271208850088e-07 2.146881080570452673e-05 2.267033579263255747e-03 3.853817374607012569e-01 2.858022675271730539e-02 9.587503412507432333e-04 3.333045879285350858e-05 7.759617104305221969e-06 1.196663988882296342e-06 7.193906153040163168e-08 1.345993347366390410e-08
1.125025650386243536e-05 6.263245588396225291e-06 1.127764535875792490e-06 1.646012480887641775e-06 6.539307874290923617e-07 3.541236742342974053e-05 1.039791733072251129e-04 8.895785850540335665e-04 8.373154189804885017e-02 1.369432586229647753e-01 5.363262506039575411e-03 1.114108001934637068e-03
6.583726348800249445e-07 6.009284931375283745e-05 7.361483551028283811e-04 2.558130752936173952e-03 3.921859722990336632e-03 4.707069731018231201e-02 2.869712830671162888e-03 1.042987180796399330e-03 4.042061231265023195e-03 3.119464847724204054e-04 1.938772633972429347e-05 4.453592110717565109e-07
1.613276029613952859e-03 6.726635346752254203e-04 4.404024183595469863e-04 6.027084605904017324e-05 6.593023958298409478e-05 4.249376391710434184e-04 1.816233590635509587e-05 4.507998956169499656e-06 7.944344080199571261e-06 1.247373695593282469e-05 1.912545427814139941e-04 7.925404571336516768e-03
2.746548273297803942e-07 9.085259721984075646e-07 3.387250201192991373e-05 1.354571538260475848e-03 1.691556819434482731e-02 6.153848155641865325e-02 9.526173453764079369e-02 2.362607986554694350e-03 1.383114657258261067e-04 3.305382897668933265e-05 6.425962839045398801e-07 3.509086940857816049e-07
7.122668971983867926e-03 1.023417898251540847e-03 5.913285982093613197e-05 6.161792674024703425e-07 3.531740538041781394e-08 2.470392752336103876e-09 8.506363968882213553e-09 2.392442669823645992e-07 7.772074283045381313e-05 6.680698336004091409e-03 1.897059243547924712e-01 1.052759226400219565e-02
5.567947201341124411e-07 1.022561629878119013e-05 6.294016499766496241e-05 2.543471110093247617e-04 1.759240921423802515e-03 6.110487467986123328e-03 7.064129445852840306e-02 4.277323316365747030e-02 1.573821949453524383e-02 2.967297198669282448e-04 3.125315779308800814e-06 1.877626212669831837e-07
9.700510422056177846e-04 1.333812393749843957e-04 4.197420971675906314e-05 1.507870766527272613e-04 7.597513908374598597e-04 3.813193861960229958e-04 1.119880500308257027e-03 4.686958020498375316e-03 2.174908864055545565e-03 6.939251306179881375e-03 2.777523307201406472e-02 4.542202398656454594e-03
2.674608837269867347e-03 3.756653864021965237e-05 2.427839417019138726e-06 9.267825309245223903e-07 5.161856879549433468e-07 1.841394800205810631e-06 1.033760644521415821e-05 1.144414413013325374e-04 1.225782848787042897e-04 2.434939325274239081e-03 4.871779531576188142e-03 2.638171516875043032e-01
6.173994212035016855e-04 4.333978683841308905e-05 1.143518062686191154e-06 1.261292735731349060e-07 3.349362583579726259e-07 5.813656477555297342e-07 1.043333319060391165e-05 4.801359339085619986e-04 4.936328994837925824e-03 1.875981559233467766e-01 4.651942545293207693e-02 1.981804212177615959e-03
8.695387120471154108e-06 1.967242190606223527e-05 4.070014789866514913e-04 2.054159430265504495e-03 3.500330229174802854e-02 9.491490064437498042e-02 2.366383636593263895e-02 2.682608416392256350e-04 6.376418522088103994e-05 1.346851515533136258e-05 5.633934530414378924e-05 1.615512241836590079e-05
1.600985459104728513e-06 2.453817692757397897e-05 6.211568089438879907e-04 2.396893378518928988e-02 2.641654475256385794e-04 4.191016461793564533e-04 1.381742729781952140e-03 1.497477333991713234e-04 3.992324893890145175e-05 2.673651015534123934e-06 3.274581133349875024e-06 1.119094576932984160e-06
2.227015681402926049e-04 1.560568894710736947e-03 1.411550643935190891e-03 7.240932276042947452e-03 2.853054696877976859e-02 1.528753465526635352e-02 7.242491531144294552e-03 3.525884066981114194e-03 1.109923194567250622e-03 3.935656747468002257e-04 3.495409996899140922e-05 6.714940297752887259e-05
2.239219778901567351e-05 9.650949083597042675e-06 4.201506008476441751e-05 8.118641507763730539e-05 8.657035521003634757e-04 2.324144519734098416e-03 6.503704168369854426e-04 1.761692689647204610e-03 9.505973774899204726e-03 2.551286613090180538e-02 2.723812672288510820e-03 2.335873881227281009e-04
7.189888509086893157e-05 6.241565737604569300e-05 2.105872305357470761e-04 3.021337439777158507e-03 2.675182309390213334e-04 8.504814382701017875e-04 1.484686749805721150e-02 3.607168092520617042e-04 1.932199680116195733e-04 7.821179698116518088e-04 9.437319132151976431e-04 1.427020088131520075e-04
1.377159648983385110e-02 1.132652052436302313e-03 2.196951285727993016e-04 1.443681759123939968e-03 7.532587188383752213e-05 9.550031472422362251e-07 2.720731919359582332e-07 5.266331523270024767e-06 1.338772149015791360e-04 5.733297245449677773e-04 1.482859810300811258e-02 3.239226817596979613e-02
1.487926953024050887e-06 3.175079217018404281e-05 6.255945071561300674e-04 2.195666020819671271e-02 2.618983471234291593e-02 2.901988944116818889e-02 2.105940821252430192e-02 1.052439664286424978e-03 1.906482743284543160e-04 1.161848853781689980e-04 4.206093174377788836e-06 3.137806379851475428e-06
1.079948060283174131e-03 1.198268606065642713e-04 8.418766433091323992e-06 2.896314367118642461e-06 2.637342468042534219e-06 1.524274169190212431e-06 1.159040132020397458e-05 4.324302212807154631e-04 3.177694945458873956e-04 1.304870079677667927e-05 3.324816142549549960e-05 1.244479875316394394e-03
1.009432551696894326e-03 3.417452849636288398e-02 4.780406917339433126e-02 1.545582570658778077e-02 7.937617395294611390e-04 6.463316341124652231e-06 1.677452076082306234e-07 8.521570172819099629e-08 1.302591274045395601e-06 3.195423724651316516e-05 6.390577844430959335e-04 3.503051400449266276e-03
1.031041724100097723e-05 4.032278533565243129e-04 3.010301760134656123e-03 2.055668057440593810e-04 4.681681651447774451e-04 1.715421505931277897e-04 2.734774561943182128e-04 1.945379612778865529e-03 2.139371881996571744e-04 5.115719546765119824e-05 1.434379274560010256e-04 1.896730935181350336e-05
1.974321022759927926e-05 2.914693332523853470e-05 6.121915231102467096e-05 1.830784363731456860e-03 4.761565670406305711e-02 6.015862078444305511e-02 3.519517047758795834e-03 2.230815576317067561e-03 8.488041010399058122e-04 3.926682894382976991e-04 3.599826492413584118e-05 2.625049709123183906e-05
1.087751651872887566e-03 4.883814250840164605e-04 3.088170402500306521e-04 2.333202338374866687e-04 1.689817689593214531e-02 4.041268532730605059e-03 1.261814183963350447e-02 2.542799903417127232e-03 2.016773010286369275e-04 7.300636494704620093e-05 2.399957882912513208e-05 1.363653615633150947e-04
6.838528524151228465e-05 5.061086954993378878e-03 5.149037544177207382e-01 1.435641553989062090e-02 6.557532542416585365e-05 2.057041389988573011e-07 1.062474668453352448e-09 2.661759275109390663e-11 6.226894413823967092e-11 1.702635406536201503e-09 1.399254525637764977e-06 1.710833050977977280e-06
2.539158451447907555e-06 1.824911172021558011e-06 2.096563885616904320e-05 2.016802127880727106e-03 2.766862046579770043e-02 4.420064497509816615e-02 1.798493770942340142e-02 2.059887876182761243e-02 8.163254164800319004e-05 3.672034742848504014e-06 1.021542843876409099e-07 4.523634001346720520e-07
9.388987187725487721e-05 3.150782792532845786e-06 1.498892146524232449e-07 2.104828307370610566e-08 1.644441369033444482e-09 4.212726075671153524e-08 7.472184692467160228e-07 3.157407642310840109e-05 1.938400438499043995e-03 4.529150467736253738e-02 2.559607978920411253e-01 7.404048243111411957e-03
1.352342384371576500e-01 1.605177344363429778e-02 3.114053186815700152e-04 6.346149991794453244e-06 8.847819209390634366e-07 2.332128493047382016e-07 8.923521980227741211e-08 5.576409669990020063e-07 1.191243235195592222e-05 1.211078933278290351e-03 2.302225669758134127e-03 4.161658481238556667e-02
1.347397017799476264e-03 7.830357514449379219e-02 1.949245646082761740e-01 4.481187005288718439e-03 8.494010093452202166e-05 5.657096247591942256e-06 3.513861024541525953e-06 1.835006122799746360e-07 3.245467190919414700e-08 3.892900711358563621e-07 8.022269419813028352e-06 9.303442559841008821e-05
2.881582854370541050e-07 3.399450826491579749e-07 1.683816608685264200e-05 2.524553930024797752e-03 4.082194326797886769e-02 4.284993446064576730e-03 1.647811160360528049e-02 3.937467483602865269e-03 2.491985844414948501e-03 3.690267406580352019e-05 2.891903153703915321e-05 3.973396586175512051e-06
1.984440717835454565e-05 1.721388021124782607e-03 1.461848081522993392e-01 1.544176494704626312e-01 1.436975170330309160e-03 7.572452690703251684e-06 1.164628411714304102e-07 6.436669435093903125e-09 5.890638279260634979e-09 1.781409019620273777e-09 1.422862420056689123e-07 3.001619244927743346e-07
4.659387149465137046e-02 1.438644298999071196e-02 1.508287316641047666e-03 3.320167468515050385e-04 1.232025047211486987e-05 1.438970698796968342e-07 1.688632107792616051e-08 5.470320293698704066e-08 1.003834233911904460e-06 1.421354237351080303e-05 4.674119329606459005e-04 1.185518347778342085e-01
8.515281922592557236e-07 4.401463165041560920e-05 1.685757515657565660e-03 3.022533859850540239e-01 9.878575772209097564e-03 1.223354198979160036e-03 9.406780633549339512e-04 2.014224237421058405e-05 8.576944497727389907e-07 3.570294544572545696e-08 1.657096934395556886e-08 2.382694989123915258e-07
3.540425137855572613e-02 7.684634697078816844e-04 1.755264269774861753e-06 6.995365744759287439e-08 6.994735980550453937e-08 1.235654799868956980e-08 3.393920848577637558e-07 5.493623991760202441e-06 3.763467879594212945e-05 3.222922570948850507e-04 7.002673293807414219e-03 2.939927955697326789e-01
5.119427722124203020e-06 5.347300746798073157e-06 7.849664663499891218e-05 1.824727848649882248e-04 4.127624992951349492e-03 3.471281333307569411e-02 5.834655613223203342e-03 2.485889468119341361e-02 8.832086209671940677e-03 5.476240579512581860e-04 5.530171084509980135e-05 9.640154166041898921e-06
1.255134238588040384e-05 4.453445845719492750e-05 2.702612918237798693e-04 1.581744558661946130e-04 2.488736456695195731e-04 6.453606505950392012e-04 6.230465376538019432e-04 3.891477849069889658e-04 2.983210999434015827e-04 1.175239227182846118e-02 4.181423417810676765e-03 7.830547557108724752e-05
5.977449755103630780e-07 6.660362118085903109e-09 1.785915908032259694e-09 3.398415598623646754e-08 3.739999752134672448e-06 4.041803534390754475e-04 6.408593601400245331e-03 8.591672367626267126e-02 6.157660292242977257e-02 8.833722815445716608e-03 1.873088841740740444e-03 1.796389507092665508e-04
1.257656117103703828e-08 1.027446321746558491e-10 1.576236371804727087e-10 7.138932058643568089e-10 1.908821216937932691e-07 6.253948564897373749e-06 2.377973013856178163e-03 4.424915182831716254e-01 2.248095549194487758e-02 1.265266413185221414e-03 4.687195524342065844e-06 8.730228042493446608e-08
2.600653455897246140e-04 4.075450769677202987e-05 4.815407713764146891e-05 4.636467022389124997e-05 4.852797525099741198e-04 4.822307040024586470e-04 2.004223816559984848e-04 4.390689128258014155e-03 3.694402467952718344e-02 2.031877728710574597e-03 1.317009210818875006e-03 4.322699921530495301e-03
4.846308036534983905e-05 1.546166056370822149e-03 6.507979359764459737e-02 1.342450191994172190e-02 4.950641409806040560e-02 8.590780925720520106e-04 1.194834400989030479e-05 7.404099107127168302e-08 1.496219546608390010e-09 2.785257643338864693e-10 7.358622647891304433e-09 5.162049973459939518e-07
6.797682802988430301e-07 6.476708990277308072e-08 2.790942743098152299e-08 3.072910098335294965e-07 1.195760664786737672e-05 3.097060711160841916e-04 6.077159065337333146e-03 1.823175640397522350e-03 1.432897242978821992e-03 2.785892926414092544e-02 3.149669564376793469e-04 2.073137221259387157e-05
1.472346895107075568e-11 3.415789192116288066e-12 6.724284218939863146e-11 1.190858984126114661e-07 6.975383226405527449e-05 6.793455107326827440e-03 5.766098071805031422e-01 6.231062758835922803e-03 3.212941019742584142e-05 1.380933988400090412e-05 6.599516105962089360e-08 3.626335188826614200e-10
1.446302381500961035e-03 3.262441389969725387e-03 9.081962476950206932e-06 2.329666030581742626e-07 2.281391544418248377e-08 3.927039250519191622e-08 2.062363067928944852e-07 3.906883052313720419e-06 8.055989819271943200e-04 3.259956578739932331e-02 2.197051467104263120e-02 5.383427683984740725e-02
8.524007827630736896e-06 2.074635979106941059e-06 1.843489557652682096e-05 1.223952473391312112e-05 6.244210547002206210e-06 2.431823146732115705e-05 9.356761776723263729e-04 7.678290596397677192e-02 1.182294844431885372e-01 3.768310052850603210e-03 2.009086020013601062e-04 2.502335331999437119e-04
6.092650708330728943e-02 1.002143117034952902e-01 1.107515014831138463e-02 1.570457233848217195e-03 4.179615747398940557e-05 1.025179415204153490e-06 3.803508735894758953e-08 7.353250989718908314e-08 8.239292497461129641e-07 1.018032060314399396e-05 4.530104375937197788e-04 4.806963972297149078e-03
2.111927077587717963e-06 4.211016731867002408e-06 2.763588920446514198e-07 1.762284265658117112e-06 1.664220705783228628e-04 1.428976065194185216e-04 1.474597627005969514e-03 9.200647254064470149e-03 3.292965371201212604e-02 1.162999703169592947e-01 1.346229460457702134e-03 1.459932157702079545e-05
2.856301796352764223e-04 2.406187310838019353e-05 2.164774964576132576e-06 6.931514355429733983e-08 2.545323427226439245e-08 5.588528601551300111e-07 4.103144643119139414e-06 2.394251062342779720e-04 1.436702304210716284e-03 3.447611527491704908e-02 2.178529513870856305e-01 1.315109637875010347e-02
1.049790020706062925e-05 9.759532430611766597e-06 1.262716355958366207e-05 1.877278587323988291e-04 2.605477081719804241e-03 4.546668699363710237e-02 8.364156630433350684e-03 2.564103440971626791e-02 5.261291414079521511e-04 2.622443222339865829e-05 3.756631336498675652e-05 1.794058311812114174e-04
4.005868014369922435e-06 1.349572867243010104e-07 4.727558891224121610e-10 3.971266837440078290e-11 3.468667286698170343e-10 1.443976533209175918e-08 7.247971349240299476e-07 2.643031647889039582e-05 1.615942482484352587e-03 7.065670708300665626e-02 2.832707180091247334e-01 7.595071913127136951e-04
6.723745794593996401e-08 1.941429195228332682e-05 2.850836572957794312e-03 4.472167488980204331e-01 2.849280081319657820e-02 2.260987817636760544e-04 1.106499518787168198e-05 1.833064948930845461e-07 4.361265492980644675e-10 1.167893791529070778e-11 2.748085800761352157e-11 7.237122331565038296e-10
2.498736029841947589e-03 2.231421384704939271e-04 2.770024799298131642e-05 5.019800822144675353e-06 2.397323316570817079e-07 5.432244055696390350e-09 8.191504496206426336e-09 4.887771924976387964e-08 4.379000843783523804e-06 1.810002095231378781e-03 3.034897998946476383e-01 2.927128145605212284e-02
5.850570903659954407e-05 5.929911644690761364e-06 1.802044447754377711e-05 6.821142855153919578e-07 1.312181755627197300e-05 1.136473362436412317e-05 2.171348088236986214e-04 2.131259723193854993e-03 2.627080911063415028e-02 9.422186167041202154e-02 4.201177263239463944e-02 1.306878378419588016e-03
2.203145166687236230e-06 2.519549838784385464e-07 2.640280167208779962e-07 1.373332578418561818e-07 2.999576984843458457e-06 2.240199977108315587e-05 6.018364307242451972e-03 3.795398028906304955e-01 2.001022375770064587e-02 7.629839045128417518e-04 2.861464339055420653e-05 5.374548489369782383e-06
2.715684614730346731e-07 3.763689128585462835e-06 4.640558095035134307e-05 1.733361717398354583e-03 1.136747918741716316e-02 2.329750806292396961e-02 2.921905914746841110e-02 1.368321927683563942e-02 3.406417623545128417e-03 2.082808803350301441e-03 3.859697290767202240e-05 6.197032163745885582e-07
1.847963524594132016e-04 6.202746877254491573e-04 2.599266507209149063e-03 4.418290228695360592e-05 2.517066111850595568e-06 1.050669532130880957e-06 4.647984940361164910e-06 1.098617928740508661e-05 6.317889953937336548e-05 2.765918946103293388e-03 4.169861786815539338e-03 1.440329722600126178e-03
1.415206047059678490e-04 1.391011915469821147e-04 2.233694061390501884e-04 3.033956787019598342e-03 8.816568666715278793e-03 4.990454027974096200e-03 4.766337605654539372e-03 5.558563649408856423e-03 2.345719514160979000e-03 6.369191014037184351e-03 4.719693439990142584e-04 8.155426347000061676e-05
5.047284892685528097e-06 3.276707862008313143e-07 1.742431295435076890e-07 3.342869608542625270e-07 5.133359747389127574e-05 4.273155878147101745e-03 2.641072947677417827e-03 2.308768853198777359e-03 6.353431682884617439e-04 2.537558802103718602e-03 5.208018149367293730e-03 1.108149905597684737e-04
1.427563505453627660e-02 1.444073276414686640e-03 4.739806291320607367e-05 6.699967628388536242e-07 9.409476013850684020e-08 1.076003934044954954e-07 2.568566623502610408e-07 1.679083178270990564e-05 5.500320224619463603e-04 2.076205374610390342e-02 7.833387875661387834e-02 1.680213636389905202e-02
1.706423280551265443e-07 2.759667335326229624e-05 5.455666021659612112e-03 5.466730306343347418e-02 6.315919708598409683e-03 4.821114083473074415e-03 7.522495477226794243e-03 5.041849469470775780e-04 2.174409076594083185e-05 2.937130051209861058e-07 2.302382548542027056e-08 1.032109091895434356e-08
3.181218236132664400e-04 3.529002393338751052e-04 6.045966698052337995e-03 3.125352786370503948e-03 2.532418366702445032e-04 1.235853558282695491e-04 8.437849129080242242e-04 2.242115579015888007e-03 1.239682280431912535e-04 2.838742208450994640e-04 2.507096060823678341e-04 1.793615201400182207e-04
3.148505649140703250e-06 1.921932787145998287e-04 1.097378880558443634e-03 1.883608981719034695e-02 1.181687524842491566e-01 1.059062124513917430e-02 3.019389341120707129e-03 1.149311796113093717e-03 3.183769799885405012e-04 3.903657930192457809e-06 1.491774448894767395e-06 1.084642234320257924e-06
3.117989400634392238e-06 4.668879288670527514e-07 6.496297136917286016e-07 3.526831179846510618e-07 2.668222654076635245e-06 1.681629483246831246e-04 3.640044185930426703e-03 3.030747882354931644e-01 4.351977457421505983e-03 1.137387738621350184e-03 4.061879578797043398e-04 6.967008191709814756e-05
1.203521508116541829e-02 1.867209776077938341e-03 2.372053369726521369e-04 2.307620677753045445e-04 7.245050672429824933e-05 1.338693679236536494e-04 8.199610334513828501e-04 3.480311464214321643e-04 2.342139740421151555e-04 1.241855580459742814e-03 3.497341567341145929e-02 6.310859267371852349e-03
8.529407949298111608e-04 4.390404274839771262e-03 8.929925606407941238e-03 3.819285434960614355e-03 3.307914632226142265e-02 1.883152443681941277e-02 2.768245107828296654e-04 2.324617819030595203e-04 2.496872674349969823e-05 4.192083606097447004e-06 8.837795870649909700e-06 2.545573212569870184e-05
3.641540770426012451e-03 4.057846512296974634e-04 2.753937623106494708e-04 2.824106610814871611e-04 8.547495559848731833e-04 1.391602395942917372e-03 5.965459183223928213e-04 5.098331097633951054e-04 4.033571295058881851e-04 8.419151579374588388e-04 7.547924419711495719e-03 1.311021108911766299e-02
1.540201710702512189e-04 4.808894089424777573e-06 3.694196191717146777e-07 1.426575138945780345e-08 1.434396117143738121e-09 4.475309301240902969e-09 2.506371054739442691e-07 1.507419753936996630e-05 2.442352340081636528e-03 2.635032932758560320e-01 5.210185512229523891e-02 2.465564803256352876e-03
8.650881001691171910e-05 4.782949325939589436e-03 4.298279171231268736e-02 6.063923397354581239e-03 6.476167128812333751e-04 2.121282772301828605e-04 3.467281771096819462e-05 4.631804173806216353e-05 4.771950498009323811e-05 2.181740278653662799e-04 1.197133241789887989e-04 2.854460750739288826e-05
2.087422794000633706e-03 5.959433674575623230e-02 1.768238040917117782e-01 2.359103796804762343e-03 3.576103960804069841e-04 1.444446531641821353e-05 2.976344704545222137e-06 1.578730308362178750e-07 4.265058287808857943e-07 1.137820387987957929e-05 5.101736549763271174e-05 5.115177054501009657e-04
2.580238248105837084e-08 8.143947275961244407e-09 1.792120058051819247e-08 2.727450480611725476e-07 6.026433524954807379e-06 2.326961743928031377e-03 3.206421387059468775e-02 2.520526014859995056e-01 1.269057306718311684e-02 1.871249415157312567e-04 1.448115777174905216e-05 2.218266163229458977e-07
1.655947003282300057e-04 2.317240382620107499e-06 4.042216527045953174e-08 1.006230436662176554e-09 1.656243831122653106e-10 4.964604646179338605e-09 2.422121938285255526e-07 2.786894984917172660e-05 1.706383133758832904e-03 6.408539437395514848e-02 1.363283970077310281e-01 2.371913644264546719e-02
2.285538017266712085e-05 4.383821076589916171e-05 3.803842577660103278e-05 3.699718790501379910e-05 2.968763524131388812e-04 1.118918641871885283e-03 6.737203501311511981e-05 1.514967801428500039e-05 6.457552129055387934e-05 2.669154572315648403e-04 1.405176646899146235e-04 1.020018204888276407e-03
1.733598057238242701e-02 1.792250392554641664e-02 1.176813155495425424e-03 1.199660306449596971e-05 1.952256031335764484e-06 4.975544395312123857e-07 3.212293106386485058e-07 1.888975393399957346e-06 1.842261263151002873e-04 6.020850610844777871e-04 1.042859391171092540e-02 8.696628170297195093e-02
1.162264124709712874e-02 1.138210869055478608e-01 6.913063266022485831e-02 6.014429749370529994e-03 6.019504582861511563e-05 8.421346360875784406e-06 1.729045794880805081e-07 2.310316499356215401e-08 1.585758911946188212e-07 3.867411700868324079e-06 5.901429442593267782e-05 2.901892109778080823e-04
2.543795684872395403e-04 4.163762016863072242e-03 3.561890912057865538e-02 2.520267958580943435e-03 3.971361295838972427e-04 3.159619166255032757e-04 2.414040841055261949e-04 9.141887353149796098e-05 1.783340280380283239e-04 3.826468650714209049e-04 1.760456790337853626e-04 1.609652108043260364e-04
8.841536545086774157e-05 5.534708951149597722e-05 3.812641793465681148e-04 5.075215876269515824e-04 5.744162534360234125e-05 5.063958665498657201e-06 5.457262555246412944e-05 1.784461662579286335e-05 7.839801203337729604e-05 1.997255278589433070e-03 1.381824690667334931e-04 1.068020946244356182e-04
8.012924024169846074e-04 3.041777636997474690e-04 4.087509236793803153e-06 1.934411001807015987e-07 1.053827391033843856e-08 7.261196118130373906e-09 4.343987018958959204e-07 1.582511578388531257e-05 4.259825971188683363e-04 9.823053039270229769e-02 1.091442687743762914e-02 2.679648370223418341e-02
1.704566561512400131e-04 4.815149492363639955e-02 2.792502072129538493e-01 3.751955542995261562e-03 7.154342438698469862e-04 2.272273424857704276e-05 2.957486708907432026e-06 7.416079890738864646e-07 8.331767055971930475e-08 1.674478734735807472e-07 2.959595688710647548e-06 4.858786044259961773e-06
2.553377409468653852e-02 3.679804120107584096e-03 9.169288979011488462e-04 2.702989050157224648e-05 1.179662766960642662e-06 1.679826879433688951e-07 4.283561460275479479e-07 6.487041133657715074e-06 1.540698050094812263e-04 3.031477543474376808e-04 1.770171257351049049e-02 1.393726984440916972e-01
6.816203392925702237e-03 2.316383227721359982e-03 4.914514366829707704e-04 8.756461348920433884e-04 4.225834636013815759e-03 3.442502767904782250e-04 3.989813423922514164e-06 4.019017237165253092e-07 8.691530787547990192e-07 1.130782891709817974e-06 1.295722385793407219e-06 7.357504266349131018e-05
9.192543291893826019e-03 5.281553763010520264e-01 9.372704279896655263e-03 2.811313964829972268e-05 3.681738527568451053e-07 1.341083749274057445e-09 1.433080952362337611e-11 2.052629035808012315e-12 3.505495079764796306e-11 2.840842809601850044e-09 4.472764323706422879e-07 8.881610809160539368e-05
2.001078637210297212e-06 1.007329651233905143e-06 1.001816091367549660e-07 1.194370795314728848e-06 4.027221029656473516e-06 7.004967877933151740e-06 8.104870289898556896e-04 1.280421861809042661e-01 8.666136624767296903e-02 1.309814654930333694e-02 3.104602650471179667e-04 2.421946338743828556e-06
1.144105437117575066e-06 6.358868871297201796e-08 1.124540577072790893e-08 1.444073991063772123e-08 9.905830692977518628e-08 5.696679164035573093e-06 1.102107314297206137e-05 3.527979141849726399e-04 2.241406362436952973e-02 4.035209906564051208e-01 6.663585919198692503e-03 4.625240214632879394e-05
3.699973674684703474e-07 9.426936460629197484e-09 4.438030324079800371e-09 9.912481145571710463e-07 8.054532696844276770e-05 4.576122300278765028e-04 2.412848821394640228e-02 3.362254460130797984e-02 6.815253228813523967e-02 9.455649941513481760e-03 9.978521939545850587e-04 1.660434047379985507e-05
