-3.285037412124661493e+00
-4.413815244162845985e+00
-3.951746817840859460e+00
-4.239471463775347004e+00
-4.173569275748604923e+00
-4.567432990140632754e+00
-3.699042187673077908e+00
-4.344451885405391067e+00
-3.723088667527457929e+00
-4.274923781506734244e+00
-4.276252460066215733e+00
-4.373911891363112758e+00
-3.884900299103634769e+00
-3.974901731023162910e+00
-4.013300448742324278e+00
-4.430353330409661616e+00
-4.121752089235110716e+00
-4.025509829627212710e+00
-4.090339677092621251e+00
-4.186902662665269226e+00
-3.994149587185639394e+00
-4.541161636055339734e+00
-3.983807607709171528e+00
-4.713852703977519099e+00
-4.882224753667032680e+00
-3.800616976049832729e+00
-4.341773697287030664e+00
-4.022957640255314438e+00
-3.972919013688239520e+00
-4.489205888850777093e+00
-4.366264678821539569e+00
-3.913266209636516724e+00
-3.591424846828620066e+00
-4.181625683280430827e+00
-4.075487071779784642e+00
-4.079044806853108440e+00
-4.414595214541878754e+00
-3.263443690475085646e+00
-4.156707847373422915e+00
-3.986844565544379826e+00
-3.683668361358579446e+00
-4.831182896290213691e+00
-4.462828023092156648e+00
-4.122426447367723235e+00
-3.829734809490910052e+00
-3.665893854464845170e+00
-4.385333841671537058e+00
-4.050830826558029507e+00
-4.087703938251455504e+00
-4.400899393656104941e+00
-3.953031488228804680e+00
-3.698579990987841626e+00
-4.255768905361470011e+00
-3.831809113964757874e+00
-4.436481540073131669e+00
-4.401041993632883731e+00
-4.356636168085646688e+00
-4.044734769475160974e+00
-4.494615913806143226e+00
-4.515914648186995173e+00
-4.630435851016118320e+00
-4.005562141908178830e+00
-4.154317747166651031e+00
-4.846757936643229847e+00
-3.563079297666485346e+00
-4.413253462449053366e+00
-4.520518394743926471e+00
-4.533942403952854860e+00
-3.941675604558854573e+00
-4.209587921548822997e+00
-3.920668334933937516e+00
-4.330690956703259431e+00
-4.076582966308845535e+00
-3.708812324809836358e+00
-4.492117399778651432e+00
-4.122814723342982823e+00
-4.045830803330277448e+00
-3.393350094247092663e+00
-4.244572906180542837e+00
-4.266799328060306706e+00
-4.199671323507677023e+00
-3.872255398474372612e+00
-3.861002737616614944e+00
-4.149068505463771928e+00
-4.446022392630633036e+00
-4.261814288498707803e+00
-3.731068143167986406e+00
-4.555164188138130399e+00
-3.937481573339340901e+00
-4.162713215761923102e+00
-4.151855466087087443e+00
-4.098438899119405399e+00
-3.800746089575866460e+00
-4.835483865746981635e+00
-3.420174827141075014e+00
-4.113927398938472813e+00
-4.971311189980085032e+00
-4.877964522841105932e+00
-3.734695066147327935e+00
-4.037052629573338436e+00
