5.517870640624024988e-04 7.245105558832673552e-05 1.619699291046342189e-04 1.638900094653793855e-04 7.115225105419781552e-05 2.581002627225075120e-05 3.552006722086616732e-05 5.590063343649676736e-05 3.038789795463586513e-05 4.266155784562756441e-06 8.059561986773886748e-05 2.913709993282903089e-04
2.405163643761812451e-04 2.041052153219122625e-04 1.679881515509436068e-04 1.994673686079211430e-04 8.426281051338192904e-05 9.319811979063547089e-05 8.839729858972640412e-05 6.209337479304012598e-05 6.064319608725124921e-05 4.167389187417507073e-05 5.541228283956610326e-05 1.112340981039024288e-04
3.138196958310705094e-04 7.034216747742620462e-04 1.314622845310990142e-03 8.972501020484685693e-04 5.143718160470647869e-04 1.386136949551056109e-04 4.624445853532742400e-05 2.844644263012744112e-05 1.768805784687387444e-05 1.685037716622590372e-05 2.332179209211917220e-05 6.129035320805963354e-05
2.810610962614341042e-05 1.295123895338085322e-04 7.814335811749727276e-04 1.568695812304158558e-03 6.253885564627532055e-04 8.035314117751054023e-05 5.828436483802100666e-05 2.267566305494401444e-05 4.642339980360054414e-06 2.646115581201353328e-06 3.380016390615046917e-06 8.105815235959196904e-06
7.750524801327047858e-04 5.952763430905227320e-04 2.631770791420145203e-04 2.042611257943504829e-04 7.321939541479611222e-05 3.763002703362669748e-05 1.832156418108817235e-05 1.784675011020031443e-05 3.838936065729843376e-05 5.857726270310034694e-05 2.213525702524928951e-04 5.432117678376243613e-04
1.327682600933362321e-04 4.610520633832994666e-04 1.609532042649592298e-03 2.790284647401605929e-03 5.819721464351149467e-04 5.628942134818062563e-05 6.598253615163626414e-06 1.248239468761951652e-06 2.852299307238478121e-07 6.132290784936376031e-07 5.461133300998418268e-06 2.852982805258154456e-05
2.804469614677974725e-04 1.195178654731870690e-04 6.262212232717138006e-05 4.151303191724179244e-05 3.501715464374861262e-05 2.102557287647218126e-05 3.236581426206784612e-05 1.045441418674789670e-04 3.018883293449861724e-04 4.373212618524129178e-04 6.679865785099377328e-04 7.084851534892325177e-04
2.042912400907266775e-06 1.356752169230877192e-05 6.686836135412507309e-05 1.611885316462386645e-03 1.343863919899470662e-03 9.354423117069203455e-04 2.364081660476533464e-04 1.574079005788050849e-05 1.172232701036320256e-06 8.390700706760005818e-07 4.019126454063183594e-07 6.301779726121324445e-07
1.337410432536784415e-03 1.090843156893305183e-03 3.495758505432517956e-04 6.564950172856267555e-05 3.915992339762040011e-05 1.385061621311586420e-05 6.567706224170660569e-06 5.827824321363020481e-06 8.296137446988623569e-06 2.678539130412144846e-05 2.650823497736593979e-04 1.220377943187526699e-03
6.376331976128967751e-05 7.491478205814614249e-04 2.057681293105732834e-03 2.116760410085214133e-03 1.283366445221226834e-03 2.729722874078443920e-04 2.969767167754641749e-05 5.881753932355285772e-06 2.518573199919622179e-06 2.533368727386403640e-06 2.554839139277378593e-06 8.076463269812962046e-06
1.512166445906085177e-03 2.456295975253721471e-04 2.958847020089288541e-05 8.044730951760102348e-06 1.817025283825431543e-06 1.207008502335863994e-06 1.149833800962239791e-06 1.258358693368068502e-05 1.134617766362076727e-04 3.755350056925508434e-04 1.064529252488813534e-03 1.640077592024419490e-03
5.206994258075654867e-05 3.707589076704828455e-05 2.046011601787501549e-05 3.181757496318691477e-05 6.599230444388420685e-05 2.404695911495518265e-04 2.747340860036546670e-04 6.942700463339360152e-04 5.308110597085770148e-04 3.710564234707465665e-04 2.574717481289482248e-04 5.988728605471337502e-05
2.056881510736594822e-04 2.832994941527123330e-04 2.339262985854089979e-04 1.723963794401560878e-04 1.503366842206631379e-04 1.358616256380233277e-04 6.508000432720689417e-05 3.993262595930557830e-05 2.580637022476268153e-05 2.714307788585841149e-05 5.055354506658441243e-05 9.097371891045316562e-05
4.746856316706020006e-05 2.732619357545615973e-05 1.632017183818167052e-05 1.209650629324535579e-05 2.185034030800199554e-05 5.232409557724232397e-05 1.811447162364641797e-04 3.729986635696522787e-04 4.724088887449848402e-04 4.409986952736471492e-04 4.949921174252387831e-04 1.720577603961754784e-04
1.848287621707522105e-04 8.824928433636241285e-05 6.232369841883585984e-05 4.790555230872800476e-05 3.002438591595522096e-05 3.919947351549505206e-05 6.826289099040933257e-05 1.924884118091472931e-04 3.177731780720820720e-04 5.216397019405805959e-04 6.423472231401896292e-04 5.283235073303449740e-04
2.390590543995353755e-04 1.621520552579728820e-04 4.856338930970993982e-05 4.625584961652881344e-05 2.860625979799945884e-05 6.662070252011714853e-05 5.891825478409417987e-05 5.419075517031158641e-05 1.408844846865715328e-04 2.161832357072720600e-04 1.822216666285198167e-04 1.831213456995640107e-04
3.209731629014745953e-04 1.585790472137623872e-04 3.831378720426397062e-05 8.991828010510480285e-06 7.590900547521745194e-06 1.292794096684501201e-05 3.707902522761933223e-05 7.123472561016529886e-05 7.951561304262508691e-05 1.481265463376269377e-04 5.068015812697864017e-04 5.615803976940451220e-04
1.715560723675410592e-05 1.639531061156828035e-05 6.941985816384665942e-05 1.008510427797876610e-04 1.072507848083913476e-04 1.552139119774928380e-04 3.557991086791795470e-04 2.963933139228892497e-04 1.501621924345716310e-04 9.577224306855744603e-05 3.973977288341591120e-05 2.610401576546715114e-05
1.398296800957376531e-04 4.285263860849624858e-04 4.099077284299576735e-04 2.547074547984008838e-04 2.748492295050266611e-04 1.168877760867404126e-04 7.423586021042612073e-05 3.026116870714124459e-05 1.213130101207203345e-05 1.292109227671898463e-05 2.231801464810251323e-05 9.298756432346802383e-05
7.225006300446254915e-06 1.014922132703243641e-05 1.540926732220048915e-05 4.151421885043664307e-05 3.430239462374484478e-04 4.466192671970184045e-04 3.310590203967678008e-04 2.074334336267485805e-04 1.385555669549393804e-04 5.511996563119638069e-05 1.605562452571798323e-05 7.474637797417636553e-06
6.064966904774948163e-05 5.684717327144550402e-05 3.310004858939778261e-05 3.295210352283971358e-05 2.455724615487870567e-05 7.164755800753258271e-05 1.145289687257304768e-04 1.575760908047801282e-04 4.440713083918293100e-04 5.492288060201205684e-04 2.717872659032003965e-04 1.759588260703670430e-04
5.944282014864780161e-06 2.405980182018940149e-05 9.372809969019536987e-05 2.356129208601126165e-04 3.389410887706556953e-04 6.107755899497664806e-04 3.553654053154256553e-04 2.549055030775253705e-04 2.034581801590696856e-04 5.157376809243942610e-05 1.484813267111675059e-05 5.432196484354482238e-06
2.805877726280648818e-04 2.705113374758701377e-04 2.139381124199092891e-04 1.047190594739201038e-04 7.961223052398223692e-05 7.217940004342612099e-05 2.370471288470835921e-05 1.701074414033051317e-05 2.233625753222625142e-05 2.835406069021887548e-05 5.995272708090243426e-05 2.340489319542313901e-04
1.749700619497805514e-05 2.327833624740364534e-05 5.873123633064499237e-05 2.153891624920708451e-04 6.484776057607761265e-04 1.120756213335810268e-03 1.052025461683516773e-03 3.571269996369856375e-04 1.665075052194138407e-04 8.000974603248321194e-05 2.194750721105651609e-05 1.822392905020274098e-05
1.426819555120429836e-03 5.081212189420230901e-04 9.267068096651460052e-05 9.950913872483512892e-06 2.470366515331475196e-06 7.886141139497895941e-07 8.337167705750329991e-07 1.433474538609090468e-06 1.326068567856897731e-05 1.707240334509252985e-04 1.381044570036496196e-03 1.551758327124783511e-03
7.591468913991287175e-06 2.708477866470834482e-05 9.021262713535599853e-05 2.184563064143339663e-04 4.651490819746716674e-04 6.419488141516393759e-04 8.754473370764870657e-04 4.965635459002532741e-04 1.656278091503050052e-04 2.444335741189667863e-05 6.780014221751845198e-06 4.668346829682499539e-06
1.035665188734438355e-04 6.212470222904580366e-05 4.705307103342751745e-05 6.251056058011594666e-05 1.030765452226271243e-04 1.133989488356266465e-04 1.722507845137310090e-04 2.767051638616368527e-04 2.584059147532953723e-04 3.039465407239133783e-04 3.205966144899286452e-04 1.707912844191581997e-04
5.575454789738154598e-05 2.559610565570107001e-05 2.014014185665900168e-05 2.078175469865077839e-05 2.341458561713436829e-05 4.193115729927445850e-05 8.141870642110368673e-05 1.840293911126518098e-04 2.023465652247742423e-04 3.439529487455831431e-04 2.662047981633568878e-04 2.969891678712045118e-04
3.126948132611809174e-04 9.482001299731706624e-05 2.651532561342420311e-05 1.434684966162880936e-05 1.757573505289917695e-05 2.076326442515796902e-05 4.098232843188901370e-05 1.305467879729782824e-04 3.001562120993991238e-04 1.002194777327056543e-03 9.991960982877864852e-04 5.242889857948858584e-04
4.462890800931593004e-05 5.486658866288336445e-05 1.095322831760937876e-04 1.583205383372239354e-04 2.886819158163381259e-04 3.373716357344666897e-04 2.077521599645764012e-04 7.960272599233531455e-05 7.152661325359243119e-05 4.709877153201433780e-05 5.786753268871268623e-05 4.494339284294095020e-05
1.710557254998927817e-05 2.544903112341814641e-05 5.169654350630827224e-05 1.871398781608887179e-04 1.165973207136759756e-04 1.878704328276497540e-04 2.709453891055346058e-04 1.654189802925003260e-04 1.081211688399437930e-04 4.850594928188739448e-05 3.808299291398611691e-05 2.056189828432341215e-05
6.964852318180261707e-05 1.383821499993313873e-04 1.810575883896511408e-04 3.087857202840780472e-04 4.796212917086103457e-04 4.535948527432922465e-04 3.607939320323224003e-04 2.483836264039077178e-04 1.420525676231020734e-04 8.327500938054274769e-05 4.260964353565510832e-05 4.981783765112192153e-05
2.994218842383279967e-05 2.488947791586483665e-05 3.660796556567249877e-05 4.886767606460146890e-05 1.126607996217777633e-04 2.106500678725696225e-04 2.066931404810587328e-04 2.648952854706707744e-04 3.165287669438977152e-04 2.690421724255939750e-04 1.099099435207845403e-04 5.180483808616816676e-05
1.539555948025802623e-04 1.237252359026531912e-04 1.092555350503179585e-04 1.253880262892070440e-04 5.497948143633755639e-05 6.806347462356092783e-05 1.394083228608246274e-04 8.697702101152695459e-05 1.049700198128303649e-04 1.825990651361810129e-04 2.306677619594192717e-04 1.764381482793038816e-04
5.789680650546196947e-04 2.958166059499807454e-04 1.507319604409381288e-04 1.142531986592298866e-04 2.034174892529173754e-05 4.499956415822752835e-06 3.763461242188510422e-06 1.014790980348289343e-05 4.101079618625748271e-05 1.016181769153299354e-04 3.605366992172498604e-04 6.463472653067262649e-04
1.454121447549744286e-05 3.018856271945026331e-05 7.951727220688332694e-05 3.591708101503670583e-04 6.880040956146820600e-04 8.609753245694142486e-04 6.997489927830213017e-04 2.908689868306109415e-04 1.560677962487449664e-04 8.031328332832437242e-05 2.284811160858462681e-05 1.869957910550035802e-05
9.341121840102166408e-05 5.421347720216563172e-05 2.986616308785950641e-05 2.208343209810123859e-05 1.842286234447544724e-05 1.327320167676686294e-05 1.694909589636552479e-05 4.231349359863756225e-05 5.370688785717730876e-05 2.761044807532816848e-05 3.884700673631951941e-05 9.409424474820524749e-05
2.629731514571617988e-05 1.119901887550741855e-03 5.610473553561074085e-03 4.411887779679174275e-03 7.934167803343210529e-04 3.387225652864299705e-05 3.532446127847669264e-07 4.991419353406522855e-07 7.559876744357606885e-06 6.716908222395535314e-05 2.854352967190485358e-04 3.562160429239228992e-04
2.536358178324494268e-05 6.020351455966407601e-05 1.261598997591502520e-04 9.946246249712151026e-05 1.542942022900114531e-04 1.370783968323794884e-04 1.489985014259313876e-04 1.953376472217729920e-04 1.063680990255891969e-04 6.885312189119849595e-05 6.820852553838283960e-05 3.483798936930744658e-05
4.517930214707416097e-05 4.697695280992886859e-05 4.867254595602959588e-05 9.407997507303440495e-05 2.632399278945079385e-04 4.171065520166236966e-04 3.081681724871556294e-04 3.134662254135106487e-04 2.220990057666793322e-04 1.417179534292925731e-04 6.618154225921555288e-05 5.380755654760377405e-05
1.035821293803115709e-04 9.885328963192881603e-05 9.642139255648982761e-05 7.695265345452619813e-05 1.889032674940115640e-04 1.551117426840736770e-04 1.976016297435958331e-04 1.339898129028142023e-04 8.109054859937207739e-05 6.842037748762858388e-05 5.015723298627064463e-05 6.621298949320268841e-05
3.171389088853980532e-04 5.511075645806156643e-04 7.500163472571021389e-04 1.022075130177179530e-04 6.753328189067690504e-06 9.534863832914253965e-07 3.777431829864816174e-07 2.446572257093956129e-07 4.001042480972094651e-07 1.385272353936335077e-06 5.345627971111479573e-05 1.411371323043927840e-04
3.650266386317561050e-05 4.977869682174061191e-05 8.104445474692156131e-05 2.669522384902853966e-04 7.194156886705236524e-04 9.467373952799108122e-04 6.048544997351999915e-04 2.725510847555538663e-04 3.079980326486476754e-05 1.661486698565067794e-05 8.327751961232444298e-06 1.529321710480626415e-05
1.694586383958650235e-04 7.452834969785887477e-05 2.852064899824909822e-05 1.204290924177571478e-05 5.074993978275988402e-06 1.216935428396133769e-05 2.989112292990146291e-05 8.840346550367808522e-05 3.385335682171432790e-04 1.014088484228477423e-03 1.481219645904667623e-03 5.195651860875614200e-04
1.220985379738803505e-03 4.828391125232453767e-04 1.283614408101494905e-04 4.964263537781134195e-05 2.950528897190386645e-05 1.730108757899358307e-05 1.246897289120544148e-05 1.917210965762001582e-05 4.214791729949286250e-05 2.440076382471832370e-04 4.905501000026844891e-04 1.086492324739733902e-03
1.997410243737858103e-04 5.442076272868606951e-04 6.851295162090592552e-04 2.847933662568266611e-04 1.410949040443072711e-04 8.477760020755244674e-05 5.400422077103158973e-05 1.803881260619807206e-05 1.117730624964097420e-05 2.044618858338877011e-05 5.100721991765977458e-05 1.108677125140657951e-04
5.570305728885019281e-06 4.545768990830692109e-06 9.625751932647792943e-06 7.217249179830566525e-05 4.285275838529908551e-04 5.208584261656354613e-04 8.541322629318184216e-04 5.676706796137610377e-04 3.283112885442693914e-04 7.965565030700194203e-05 5.149148397318096106e-05 1.633607383940126898e-05
8.104250133296159555e-05 1.663691807943193542e-04 4.338520371919286607e-04 3.367489027925215620e-04 7.407771144944822535e-05 2.700341620740545319e-05 1.686235994283626067e-05 1.098794308643257982e-05 1.045005348880001664e-05 7.314568982573934865e-06 2.891261843626056970e-05 4.170335666334975047e-05
1.596410932342466615e-03 1.540805716563908596e-03 7.620928747917578251e-04 2.801741345155663336e-04 4.461178329079900669e-05 6.839315443419566025e-06 3.380140489352692090e-06 4.071528200058116326e-06 9.389567809521914038e-06 2.265484737851794375e-05 6.463309062369165911e-05 7.896043448534986872e-04
1.569357009095670815e-05 3.757035118048319315e-05 9.709550842428955810e-05 7.983286075221557960e-04 8.565604178264221409e-04 6.933978978949334286e-04 4.399550014753606983e-04 8.850361793019227436e-05 2.600768399412525182e-05 9.127009269989021592e-06 6.488319243049397924e-06 1.186833198371896328e-05
2.132564629198318001e-04 3.770445747431932137e-05 7.958977508354410962e-06 6.690264303860575231e-06 8.011739560792452075e-06 6.368400832442032121e-06 2.199471846504787859e-05 8.425437814659125291e-05 2.116297422200458841e-04 3.667422057876350131e-04 5.319433164239080166e-04 7.174138428714495804e-04
3.288980005255499076e-05 3.135584015193705495e-05 6.531336180503875843e-05 9.617593571555315681e-05 2.480138416113066317e-04 5.867098043971954828e-04 5.112402322449581191e-04 6.510703712174582608e-04 3.761490491781307988e-04 1.442803226392335748e-04 7.120410448764862704e-05 4.177711752695867489e-05
2.140020795424605243e-05 3.684413829045662269e-05 8.068388017013752508e-05 1.074213258895850663e-04 1.475747788407616933e-04 1.942112523085171656e-04 1.849440849551821137e-04 1.431537356461016011e-04 9.577368981520789073e-05 1.374712763525653015e-04 7.178472042245602773e-05 2.675549810671618966e-05
2.712137261675787240e-06 4.592185411813646897e-07 3.176236351254083749e-07 7.094934899571571164e-07 5.263076125846134412e-06 7.507667782754682835e-05 4.846116589688659370e-04 1.994636520771796932e-03 2.636510983501692308e-03 1.461366335461698534e-03 5.165344999430946521e-04 7.422074133205758077e-05
1.979564297820831387e-05 2.836462244632222126e-06 2.639992044094733085e-06 2.586379476577996233e-06 8.900851784924645085e-06 1.689607120129274468e-05 9.168832803235446062e-05 9.625957396819203237e-04 9.810949203749553486e-04 4.744619640350443077e-04 1.073574139447629704e-04 5.080844797072614586e-05
9.849224079884405850e-05 7.498865228920617717e-05 8.220794631003983078e-05 7.849742818151822705e-05 1.338834841622503361e-04 1.475648102593680761e-04 1.145822080638292492e-04 1.991217450413150937e-04 2.989801811786367775e-04 1.718715503738063523e-04 1.630454292542221010e-04 1.868347774533028337e-04
6.416770427627541151e-05 4.227680571866483357e-04 2.531866270924454116e-03 2.649068469339000472e-03 1.961268404908086613e-03 2.071892023156627152e-04 1.890630966984485604e-05 1.710517459049512345e-06 4.659704857901498097e-07 3.048388780683845449e-07 9.173186763164658815e-07 6.087753201557964676e-06
7.202070458907212339e-06 3.921504498248594503e-06 3.359807589595023178e-06 6.987443601195059286e-06 2.763044817565206177e-05 1.275035735083477478e-04 5.424430501381607506e-04 6.247398584403984333e-04 5.116932963946172050e-04 4.946508118896595762e-04 7.109440250378635758e-05 2.340239064554978666e-05
3.304775831919322651e-07 1.304570566307504488e-07 1.025864416429146576e-07 5.179290833749257819e-07 1.018728970332673479e-05 1.301271085123364144e-04 1.244666836594332396e-03 9.495814848634718695e-04 4.193868051329172585e-04 2.288808438621159987e-04 1.401268098837561990e-05 1.365400062730705357e-06
5.213747101349946577e-04 2.572566082122773406e-04 1.507865601338183794e-05 5.248440840500694233e-06 3.165682689785122272e-06 4.393917576033017128e-06 8.207036344152000129e-06 1.772709168673458486e-05 1.367551799587178639e-04 1.021887262085552231e-03 1.725685371074624610e-03 1.821518885521109616e-03
3.814563428905923861e-05 2.714720149707075745e-05 4.286622741056778628e-05 4.349304736580376896e-05 4.071132857473630442e-05 4.745918526707086405e-05 7.312888855472064146e-05 2.013397020352340684e-04 2.688744480931899955e-04 1.517749505788263200e-04 9.795489876900295159e-05 9.313450121968850845e-05
1.673057808514736861e-03 1.929377798988878229e-03 8.543312642389150943e-04 2.793854057205968715e-04 4.949915033036010712e-05 1.165205195319737084e-05 4.747728466992061092e-06 6.229030958927921054e-06 1.559227006302454799e-05 4.484944047090977696e-05 2.100124899566452774e-04 6.554284796103194500e-04
1.688707154998521842e-05 1.677069306843077137e-05 8.776596605640922972e-06 1.550695038527745141e-05 9.804946226799929299e-05 1.955253453540855483e-04 4.624705859907663093e-04 7.798701030514002029e-04 8.263153353048803161e-04 5.158490019525459542e-04 7.546739908876386811e-05 2.418239510711979508e-05
2.000617440668439671e-04 8.986267869831678675e-05 3.120619753848048587e-05 9.661876786866515604e-06 7.359182921451041630e-06 1.900070574954133159e-05 4.258075803065948484e-05 1.890831439951495905e-04 4.325993130486072017e-04 1.033747999279157909e-03 1.442181870022107588e-03 5.922909988208699622e-04
3.383119673913378874e-05 4.031535371530981860e-05 4.576254726025599209e-05 8.191560036897669185e-05 1.472001855545602967e-04 3.142299046001909403e-04 2.394973804716554299e-04 2.513965390407489164e-04 9.227872746938464450e-05 5.327596779682906652e-05 5.457527088456181637e-05 6.297620070704956026e-05
1.533174723663296816e-05 5.406891582463310101e-06 1.148879735022295383e-06 1.008101739949701800e-06 3.055408118736641277e-06 1.694013192430574247e-05 9.075595824333954336e-05 3.207061381614160394e-04 1.001086509991658269e-03 2.309312006417250842e-03 1.464622393963700264e-03 8.152224716581877347e-05
4.517329641883054916e-06 2.870645950744377253e-05 2.371101238735471737e-04 2.624301922105272671e-03 2.514534709468614626e-03 8.063726474800688793e-04 2.784845334916525054e-04 3.238173500736120190e-05 1.979604272042811907e-06 6.505673971918325963e-07 7.469746003437657624e-07 1.601717036688671476e-06
6.963143272880120823e-04 4.408470963603122695e-04 2.115364437216346464e-04 7.026505251633105196e-05 1.159780845918376341e-05 1.955671355968736051e-06 1.481626794611873232e-06 1.425871741550196244e-06 2.437580238144853073e-06 2.120539866407939039e-05 4.205302141931833862e-04 7.633269457256584194e-04
6.988924035599021868e-05 3.540303438103840764e-05 3.329659981893173435e-05 1.353361991194489768e-05 3.860416821235241138e-05 5.551657401354919856e-05 1.458533065117372841e-04 3.189267515951523012e-04 6.627432686180635907e-04 8.586251506735970932e-04 5.176534532439105822e-04 1.616897489643559917e-04
5.936503005058286320e-05 2.572713217993142165e-05 1.924918158861998660e-05 1.238663101643992941e-05 1.975207117099479063e-05 1.852317092276325983e-05 5.351523312807528047e-05 2.431126079379119522e-04 2.441072225620634232e-04 1.857399634538283600e-04 1.250024289811670292e-04 9.350029288776864011e-05
3.435582473197863542e-06 7.920473432194572778e-06 2.389661378520769032e-05 1.362150313087086599e-04 5.009747998473671089e-04 9.947206980210170080e-04 1.205703715623482157e-03 8.408287919525429940e-04 3.724542746379716344e-04 1.282073415308510457e-04 1.526045949563855608e-05 3.876830745875487242e-06
1.668578825892934976e-04 1.694770400437347301e-04 1.136809378624267401e-04 2.169551094842947912e-05 1.113278786537792310e-05 1.049767673608659873e-05 2.003911225278570617e-05 3.350742434031208440e-05 5.806131316514851566e-05 2.003076364954946211e-04 3.334621115469964389e-04 2.991391235782742109e-04
6.213153035463394008e-05 6.798803746641767746e-05 8.162225879531479389e-05 1.739921957563733885e-04 3.012025002778903290e-04 3.378615182571506376e-04 3.540317897714669059e-04 3.274658499585498682e-04 2.143691023361656445e-04 1.830260860399043736e-04 7.866711113882024443e-05 5.273541412251753051e-05
3.363464758283127949e-04 4.838768433142704529e-05 1.006567408944567100e-05 2.136124534911865301e-06 2.542455007693628080e-05 1.049503283456541033e-03 1.936662510910589028e-03 7.410657216821512749e-04 4.130977915899720471e-06 1.070248852082943472e-03 2.945332763462300916e-03 1.221148746269673253e-03
1.090468070791760511e-03 2.873598525190045527e-04 4.887240219303839057e-05 9.617755087357655297e-06 5.297466834222625952e-06 5.181363029708982345e-06 6.253533496298867837e-06 2.269810616378749671e-05 1.052968453813478270e-04 6.343473466210276194e-04 1.738017862308679226e-03 1.590127857608744427e-03
9.115111250733778211e-07 5.545341635628094861e-06 1.134980970632505203e-04 7.696049183165975822e-04 9.946791031400544891e-04 1.020054022941032593e-03 6.692515807289920685e-04 1.361654710102176940e-04 2.002251302509318746e-05 2.480613994340643364e-06 8.805018018030730471e-07 5.731477546595082957e-07
1.488947139797277175e-04 1.299170700733096051e-04 1.955233680964265134e-04 1.482049882620415163e-04 8.097299303772532921e-05 6.730052979156646157e-05 1.024009834569865514e-04 1.294584297534920900e-04 8.072828859919561114e-05 1.189093456068886304e-04 1.318150422930331953e-04 1.319878278473991069e-04
1.583275208188378018e-05 5.590159920187749330e-05 1.366874608152715759e-04 4.122456595615057204e-04 9.477552851217039111e-04 7.461774736079280438e-04 5.554702408100581660e-04 2.976445796637426904e-04 1.032992747946189595e-04 1.984005159220433796e-05 1.487445525468697607e-05 1.313674238355386304e-05
5.349429136622235444e-05 2.778722456714551218e-05 2.160334135930577139e-05 1.376401568232126497e-05 1.606350029386553779e-05 3.577579505927086306e-05 8.073186064157997211e-05 4.370504022158985249e-04 3.760414693818815344e-04 4.228659931452628850e-04 3.173797063405550136e-04 1.527022633206827796e-04
2.547291548339051170e-04 1.754004316908575479e-04 1.194084243896613722e-04 1.171794439471883481e-04 8.441253412265866318e-05 8.619436378859617954e-05 1.195723558625610847e-04 1.048024192675150513e-04 9.705845351217713061e-05 1.227575875109477189e-04 2.552468732682289850e-04 2.082156173280558188e-04
1.306476394033967772e-04 3.233949347379707425e-04 5.431124841440672845e-04 4.762386176193055009e-04 5.825047831391829160e-04 3.115404989272465381e-04 8.398903804399258293e-05 7.053918233649022281e-05 3.468760558759450424e-05 2.319033942931886334e-05 3.016767608640216181e-05 4.133330758458034280e-05
1.450841541040220732e-04 9.676548892573098263e-05 9.390935472176971019e-05 9.160196180256762214e-05 1.118996912717104672e-04 1.268951182667607753e-04 1.151343436730174931e-04 1.205894137431927897e-04 1.173807432699890179e-04 1.269920711743425764e-04 1.823857278940059707e-04 1.936523557694090451e-04
4.049569699001923226e-04 1.249670620533887926e-04 3.816960722794175036e-05 7.976523077961690243e-06 2.700071868885907323e-06 2.494131631357684273e-06 5.064778651907879497e-06 1.299978344106568063e-05 8.290150186222538620e-05 9.168309772700870006e-04 1.419484664730649584e-03 8.733949318614005371e-04
4.309085588629012707e-05 9.658418128578020621e-05 1.865270878040275831e-04 1.565439694321009282e-04 1.172396865695437645e-04 9.855563100000542805e-05 6.371061440802686798e-05 6.224545390203333460e-05 5.276156623610532488e-05 6.319874224146409235e-05 5.347617831403032423e-05 3.792091758570332482e-05
4.577577575877704997e-04 8.025322886320962034e-04 7.031300080588247106e-04 1.905156371299050559e-04 1.118065386883807742e-04 4.290267848011211659e-05 2.507978821257029120e-05 1.210997098319796132e-05 1.714096895125154211e-05 5.637659354778344991e-05 1.353415189533365521e-04 3.215118331780257230e-04
1.677927188841874778e-05 1.094518839575250087e-05 1.241348558785648938e-05 2.211645413164045143e-05 3.194867254272428360e-05 1.814992383903218920e-04 5.893397632343404507e-04 1.146758560655896384e-03 5.673785402353478859e-04 2.067028318262078093e-04 1.023824528156313282e-04 3.066997171726513832e-05
1.694508843301988576e-04 3.009780934476679020e-05 5.932975119223154901e-06 1.504407522204536348e-06 8.442534969716419581e-07 2.514822378523967923e-06 1.152495434177174109e-05 9.143725801093684669e-05 6.557750989808855966e-04 3.411796843442503266e-03 4.823999220684523428e-03 1.688705840309491025e-03
4.090357715035232200e-05 5.698601211941399243e-05 5.833581472944640003e-05 5.758920719284015569e-05 8.859262783837310940e-05 1.143021848588699965e-04 6.469715888710454417e-05 4.684330873736593253e-05 6.828477956738906150e-05 9.006288386297641271e-05 7.049384917441083292e-05 9.317939537090377832e-05
1.044084967671766962e-03 6.862748745321806771e-04 1.708227605293962130e-04 3.627981571649013240e-05 2.206286579587963761e-05 1.369695689071877395e-05 1.192216691068313927e-05 1.771353022272297104e-05 9.180609618716051269e-05 2.262751033678056186e-04 6.400826859588719950e-04 1.383697904902220352e-03
8.650047605004640905e-04 1.529587406481277027e-03 1.024584112447893269e-03 2.989892397083658885e-04 5.759261505352380442e-05 2.652747977850325768e-05 7.700719866400380280e-06 5.154980404130362021e-06 1.025279418154197093e-05 4.063023355452960710e-05 1.588836940281391477e-04 3.240937905216883272e-04
8.469800025887222310e-05 1.340642554292968908e-04 2.121671339970707939e-04 1.433890589288753484e-04 1.192080145705465527e-04 1.243185998960429409e-04 1.180267810826868898e-04 9.372191788694019421e-05 1.019981614282616355e-04 1.117302971486407924e-04 9.162228930376648786e-05 8.691911813624987289e-05
1.139834890952522774e-04 1.027881855483066107e-04 1.413354025542424099e-04 1.144814847898819482e-04 5.290379412510681729e-05 2.452727273785365451e-05 4.198777446096121875e-05 3.072400320177532415e-05 4.101897404997881008e-05 1.025679280959326350e-04 8.464116390850500555e-05 1.048712515031290928e-04
6.001707744527930415e-04 2.704475955637247958e-04 3.689865115494188124e-05 9.156884749153143554e-06 2.717638068806705346e-06 1.830932478273894655e-06 4.936613917650357687e-06 1.830370744152511381e-05 6.610384358903924069e-05 8.687702972650083360e-04 1.257410934560474836e-03 1.643870588611184933e-03
5.327821512559062061e-05 2.163316963886890911e-04 4.841839921624761008e-04 2.795767108319063788e-04 2.515426945560683106e-04 1.202564877657557186e-04 7.395209968399368426e-05 4.180198829129462150e-05 2.013199998903617802e-05 2.017630602307016036e-05 3.849550894691551914e-05 3.995218037146559299e-05
1.004503931129851080e-03 5.449653581654964043e-04 2.279485467467275161e-04 5.033139846596592802e-05 1.721689846998021757e-05 9.892914515306304904e-06 1.227212651562595347e-05 2.916862430884489186e-05 1.075336695938405407e-04 1.760358891326485608e-04 5.749525475443519745e-04 1.273129893053786101e-03
2.098306193778546030e-04 3.614697434305950844e-04 3.308711581863790318e-04 3.520816642279419283e-04 2.965983995585292428e-04 7.301332895222898203e-05 1.534788451529707636e-05 9.243195731667955514e-06 1.091446818137752084e-05 1.171762475751288456e-05 1.116645127352762138e-05 2.993679318317776149e-05
1.432255100263588781e-03 3.642221280111442895e-03 9.271819092631846141e-04 1.263438120358557459e-04 3.315179694137275186e-05 5.149030238945169291e-06 1.625841056131810633e-06 1.086889286357641680e-06 2.712555845093649128e-06 1.067527417879088930e-05 5.055728912080888844e-05 3.051691073533517855e-04
4.525026768039894649e-05 3.072099250518069976e-05 1.557000295725137528e-05 2.980704128620455197e-05 4.631184595193360955e-05 4.224745218892382809e-05 7.291265512126194920e-05 2.554563045315680282e-04 3.075532659696564156e-04 1.997146627620980568e-04 8.751317464999134189e-05 4.034253808499054666e-05
2.112328027127490535e-05 1.326749631313263445e-05 9.871667397775462971e-06 1.185398016465553147e-05 2.133358272270555555e-05 9.018193054121763092e-05 1.403759193114456638e-04 2.415862441377007654e-04 4.404561177177592456e-04 4.976968027237338920e-04 1.105081503159920412e-04 3.472917140103788631e-05
3.124748274596018450e-06 7.746687131060901134e-07 5.219639937936681533e-07 3.561062469462653421e-06 4.460343017609454743e-05 1.826611442957836872e-04 1.121627900231024098e-03 2.139712224175977472e-03 2.325596083928072478e-03 8.861116041674287330e-04 2.013887209585640250e-04 2.122425807862729141e-05
