8.994733814059703569e-02 3.576101956647289026e-01 8.817490052903569075e-02 8.327021106988168053e-02 9.270532396191423496e-02 4.929685132575283013e-02 1.687878057344427141e-01 1.500539789483840147e-01 1.040547813785781539e-01 1.574963054785452621e-01
3.156000826048976915e-02 5.811511780548698353e-02 3.443424831682297405e-01 1.282695479081752687e-01 7.917998829626150814e-02 3.373642394867758521e-01 4.362782734816487290e-02 1.546543144561414174e-01 1.922270549524063843e-01 1.726383873108890687e-01
2.025515193602864528e-01 5.729860071655586140e-02 8.619944113565504440e-02 1.291895901532305324e-01 1.495703051838325748e-01 7.667126330285320424e-02 1.891135612814209832e-01 7.514932203169434610e-02 1.591787863046171259e-01 7.271044427551175138e-02
5.261897974506434678e-02 1.308867985136525913e-01 1.062487342789851935e-01 1.142819789064735275e-01 7.732813180608323622e-02 8.558888711112969117e-02 9.890945033146431031e-02 8.629587688950313140e-02 2.093389327515624287e-01 3.535050983449278261e-01
3.883268357329182074e-01 1.244714099677135012e-02 1.130306997574370559e-01 1.728226327982498589e-01 8.661057918583058013e-02 1.240042385492365756e-01 9.491891656536129152e-02 8.611025891198013926e-02 2.183121031842308046e-01 1.880700236457311658e-01
5.138792602460323655e-02 1.993205912683450320e-01 8.211883794316064689e-02 1.554763997512720319e-01 8.968466973991220947e-02 7.209040356965873420e-02 1.794317150741898681e-01 5.326797220312082942e-02 1.745993158357043717e-01 1.752063950844063023e-01
1.230486318807102464e-01 1.030281713057859122e-01 1.702235014210215225e-01 7.102470602262194177e-01 1.733016208675745295e-01 9.891510337251058216e-02 7.806102300015838047e-02 1.201341941910766681e-01 1.005778168977607655e-02 7.289358837852624728e-02
1.868036239702179357e-01 1.158154295780444293e-01 1.067617720586419017e-01 9.475116987416715153e-02 9.481187816446638716e-02 9.841832912604611683e-02 2.058803979201125900e-01 5.980026053023521776e-02 7.727744186167805063e-02 1.332662825731311673e-01
1.465923679922102596e-01 7.210672317972291467e-02 9.764973803934301477e-02 1.976397988437201270e-01 5.731933258732219844e-02 1.457338820496211218e-01 1.636131309741431505e-02 6.929572132970829301e-01 4.818507132385767971e-02 2.026926330111280261e-01
2.794754141416293525e-01 1.212645625942256750e-01 2.388086560613922674e-02 3.868402131835519953e-01 8.857292809608838247e-02 9.306015287009275494e-02 1.070897191654772013e-01 1.984290713824329588e-01 1.920284011298846460e-01 3.708070878585430913e-02
1.263379798307180668e-01 1.161413715638850847e-01 1.034553518199320676e-01 9.977709530382705694e-02 6.261243721082748737e-02 5.914823381511292999e-02 1.778931884527416574e-01 2.573431591775653393e-01 7.961591833911682570e-02 2.804602357677708491e-01
2.113959425608250564e-01 1.146747777437173432e-01 1.805251243472207334e-01 1.534683146838695944e-01 8.046570389913271226e-02 9.179209220182717177e-02 9.007567597742530130e-02 1.942305128286701266e-01 5.557766109719904091e-02 6.990928546844724090e-02
3.834286685931977412e-01 1.454872950951213162e-01 6.716649319780768068e-02 1.723007474943526185e-01 6.658927491499076756e-02 1.625291438269357847e-01 2.591380215590438282e-02 1.668561997172000599e-01 2.002507028921094723e-01 1.051729250730457921e-01
1.155656161722619368e-01 1.068884943925741543e-01 1.160785459745603404e-01 1.860978230959411672e-01 5.102247634691612493e-02 1.169528701810728794e-01 7.703863819122906686e-02 2.756063227206553279e-01 3.238980960251482133e-02 3.157460943398447961e-01
1.165707992186952729e-01 9.125261352336487553e-02 3.144064042732526154e-01 3.412019359663273632e-02 1.613250826245561653e-01 1.355185583525492232e-01 1.060220387327425462e-01 7.515652107564876894e-02 8.256217474795148059e-02 1.683567231538970754e-01
1.305488682126491051e-01 1.454160681841596969e-01 8.681890408917046498e-02 7.552401177906001295e-02 1.430597088687791396e-01 1.165961321659644695e-01 7.857976146584179367e-02 1.367094973417544157e-01 1.247378042515483038e-01 6.824986090503330771e-02
1.134354828981556235e-01 8.799246014777918623e-02 1.465563524798481065e-01 1.216896676607462785e-01 1.070550305320746437e-01 5.638314830602160488e-02 2.342573240045739136e-01 1.228218293546870094e-01 9.455689846886576599e-02 7.764546197429675334e-02
7.840381360665560351e-02 1.557895937823453592e-01 7.079675418516388763e-02 1.085193942943171730e-01 7.948803994443899568e-02 1.595756751468266066e-01 8.205743148388511266e-02 1.121066765848697661e-01 1.069515611499594065e-01 1.807493664455292748e-01
1.631415022497272604e-01 2.902888998609596816e-01 4.049435871441480622e-02 1.937052118702063397e-01 2.585422496332097364e-02 3.326582828464131891e-01 1.100369830380144714e-01 4.443843913168163406e-02 2.215978275910815698e-01 1.733655119591777372e-01
9.890593771600207640e-02 9.116741869810560117e-02 1.144558646702039800e-01 1.851598080485574449e-01 1.732817884362830574e-01 4.408287282953343017e-02 8.149554783323616214e-02 1.303127306628077131e-01 1.833180245183753110e-01 1.363806177742963310e-01
6.917915869201098078e-02 7.151711252915568529e-02 3.546907124378026466e-01 1.968639178569697723e-01 9.857472864226121678e-02 3.945301587734429544e-02 3.537408778779527752e-01 1.429777800117972009e-01 7.337588724154678332e-02 9.175247441172208751e-02
2.492281736123431735e-01 1.456411251018528419e-01 7.491479556179664323e-02 1.554774828477179793e-01 7.386032915616549954e-02 1.286307842623433673e-01 4.800527053130400346e-02 2.850542796685734404e-01 1.292280031360388270e-01 4.334273167424820827e-02
2.087135170245696669e-01 6.798352858460252057e-02 1.662691986160969304e-01 1.669603921572901106e-01 6.342542558363986616e-02 8.798513004885968880e-02 6.937086755013871509e-02 2.564486150357389027e-01 8.869243518121582015e-02 9.300732324944116503e-02
7.176592069107921856e-02 4.649073731831915302e-02 4.082073518103569443e-01 1.190080838140122887e-01 1.040387257083947581e-01 7.638358844162065897e-02 1.417024467550267730e-01 1.378900303716742992e-01 1.044699468991766300e-01 9.913207472925353314e-02
3.538395528560243919e-02 1.919871631248758481e-01 8.744838307776128805e-02 2.282632793020311079e-01 3.494835604560365960e-02 2.115920237402561799e-01 1.051506102199923076e-01 5.307255245104714608e-02 2.369973450340380483e-01 2.886736011965230220e-01
7.266575148300927212e-02 1.843777208493403985e-01 3.729335742965150802e-02 1.789927192203695783e-01 1.497338003764200898e-01 1.681580091590250958e-01 7.501488930786449905e-02 3.165345531704155668e-01 8.417430260488382998e-02 9.663069808740853972e-02
2.516907354707911271e-01 1.158844523360569867e-01 1.702216748553301295e-01 4.695237233686051087e-02 1.174632108263524155e-01 1.066039708867219937e-01 1.631039782681017736e-01 5.764976070537118635e-02 6.425265723180861865e-02 2.466516389082390182e-01
8.247170008053800183e-02 7.576668030258146280e-02 1.249272888529176229e-01 7.509536405892322519e-02 7.607933773029079694e-02 2.624075062567665095e-01 1.386384430724626748e-01 9.162088720836013278e-02 1.126682792020471946e-01 1.854311267910310201e-01
1.143514638200284206e-01 1.132855387177815337e-01 2.020194425689936513e-01 6.893295707924766702e-02 8.210022771211039627e-02 1.726490807385429871e-01 4.865171425339806510e-02 1.325843478478467286e-01 1.503420442100942278e-01 1.145917856214235669e-01
1.813248634378374080e-01 6.919293170803940407e-02 1.657282894267055051e-01 7.568930529571049615e-02 1.281043776504877663e-01 4.172598549543449220e-02 1.211309142556606239e-01 1.318845502474073894e-01 4.305227850302804637e-01 8.060277745156362028e-02
7.910059021940119006e-02 1.281263026219996715e-01 1.154423994635588868e-01 9.290323050594594123e-02 1.237833933775444872e-01 7.421142845293393631e-02 1.687592701731312761e-01 1.048221971124574936e-01 1.610269763398612664e-01 7.284629373928608320e-02
4.995440432770932582e-02 5.008532165693847099e-02 1.885093686275605140e-01 1.177182946317732598e-01 8.502930619900847531e-02 1.195674467733919416e-01 1.940270744832978678e-01 9.593746966673014076e-02 1.273884059503712918e-01 2.614871318066807060e-01
9.040289914245938641e-02 1.197728286978254203e-01 2.174759780745584847e-01 1.421382512740224091e-01 7.410296208386148165e-02 7.941837621644035061e-02 9.488070643735516119e-02 1.270243467931187198e-01 9.563560951674834887e-02 1.268121678624928583e-01
1.045708086466561326e-01 1.891908922745019206e-01 5.171340412274951642e-02 2.012542654481228599e-01 3.695562529049864486e-02 3.953488730548471719e-01 1.314110172751697669e-01 1.199616564709741623e-01 8.142881281109058678e-02 8.264745391867502067e-02
1.549406317808658395e-01 7.823356224430966233e-02 7.786086744018749783e-02 1.420483962597483552e-01 6.363108056287712644e-02 2.472403135315761613e-01 1.455896672185959528e-01 7.076346692599660981e-02 1.273220129845160364e-01 8.583221685044248317e-02
1.346144863696359939e-01 7.437705371237593455e-02 1.444957624997360857e-01 1.573275036788722714e-01 1.844497825282444270e-01 4.403784092200260791e-02 1.474487838756056712e-01 5.875609085688201366e-02 2.058755876493915948e-01 9.588170662825891422e-02
7.625494380448230580e-02 1.284086572227324807e-01 9.916613523020360865e-02 5.550865898581575086e-01 1.325892909247124510e-02 7.423077051992202358e-02 2.267631031071540293e-01 1.007762501485785778e-01 1.731087754099006615e-01 9.781412001762698760e-02
1.703187311888002264e-01 8.285609616307458569e-02 8.571945980715849067e-02 1.507033530015533807e-01 7.222363568297252012e-02 1.049510814903182598e-01 1.374633791959444518e-01 9.825682521867420971e-02 9.895391261213504208e-02 9.853846859629485089e-02
1.095637026543568038e-01 1.633108216473587171e-01 6.723495429932968559e-02 1.407652078298873011e-01 8.542407811283954377e-02 7.204946879104139057e-02 1.509092438809034875e-01 7.733738805751738665e-02 1.344781386268339429e-01 1.419858843666213233e-01
5.063775633650614838e-02 8.725282355079791441e-02 1.094194373815721294e-01 1.626674225695398934e-01 8.667028212453542491e-02 8.317289945885480984e-02 1.318107417838003115e-01 1.095270072044577797e-01 8.904433720562233978e-02 3.085526683014540028e-01
5.381462631283270848e-02 8.818123321633435097e-02 3.727699730469404837e-01 4.943525469868242234e-02 8.052505441566930322e-02 1.675078285983339632e-01 1.881993290694859156e-01 9.710789446113621270e-02 1.758595573169556003e-01 1.098207025437158979e-01
4.560480913530810809e-02 3.221878213902215626e-01 1.505120554953952861e-01 6.499961000383877585e-02 4.817811116434921048e-02 1.266040682390635053e-01 1.837276286352595434e-01 8.245978390826329274e-02 1.957789209902955629e-01 2.275938644443401271e-01
5.253721218711365770e-02 1.177429434177634099e-01 7.574658796143064754e-02 1.870850316771578981e-01 1.066331949737375495e-01 1.164846184370852827e-01 1.646189274952328252e-01 7.875106696355990699e-02 9.326137428117935169e-02 2.015585296684711536e-01
5.001937131829044259e-02 1.283678434882810082e-01 1.730731708427218074e-01 1.227917195166837450e-01 8.978022024780905885e-02 1.005968650581604978e-01 1.354268078738006809e-01 7.121078324639282253e-02 8.141548900131143074e-02 2.667665326366729928e-01
4.204410097516459999e-01 1.606721825529449851e-02 4.168234528753782947e-02 4.120819181356191185e-01 3.399803344095064100e-02 2.967921129800664692e-01 1.905583893363013426e-01 1.793031016741103434e-01 1.679675114824363547e-01 5.755987616031549986e-02
7.591111808947688389e-02 7.498980398956564541e-02 1.122213303312260962e-01 1.114652739296077416e-01 1.369362699487102208e-01 2.365117475496698041e-01 3.497900875050484470e-02 2.110959751179837252e-01 3.592320291310296954e-01 7.285285034711111440e-02
1.561573516065425382e-01 7.694736090206594215e-02 7.816579741802372194e-02 2.259172154771526275e-01 9.877781648867597908e-02 7.121460500846231445e-02 2.113493485424266516e-01 6.511757928830429198e-02 1.105582260879396095e-01 9.688938124445693745e-02
6.199295715063635193e-02 9.259753525410187314e-02 1.685753000665284607e-01 1.850185386745283600e-01 5.971312076182199585e-02 1.306706021322334432e-01 1.020347846074417392e-01 1.529965749286032461e-01 7.483732508769762315e-02 1.492711149694669337e-01
1.840795373880069474e-01 1.059127694004703968e-01 1.191602898596837157e-01 2.543293614390732330e-02 3.573630684167273808e-01 6.395072181476399442e-02 2.179888244670939723e-01 1.264911413734851608e-01 8.427903042552027657e-02 1.038132350908676088e-01
5.467381279154683027e-02 9.256964133388473348e-02 1.378178474697023814e-01 1.015854945461324710e-01 6.458921758257685219e-01 1.786435982488164265e-01 8.898753790487010096e-02 6.963450277186429560e-02 9.342493384573677395e-02 9.002610255127672934e-02
1.164843713039794282e-01 1.698889360414365321e-02 4.807045379190542089e-01 6.866510178680189369e-02 2.369095250562162636e-01 8.541037866831704961e-02 6.551465306054460314e-02 1.404029833843404018e-01 1.779995973451140023e-01 1.608577272180674866e-01
1.210521391441775063e-01 3.799231326451836255e-01 3.664142179333906152e-02 1.830274159426401592e-01 4.589717553092322044e-02 1.874593999813373713e-01 7.209705450977600683e-02 1.134452514656539152e-01 9.923230269869033615e-02 1.492499139596324964e-01
4.070688391744049783e-02 1.485955425297728338e-01 9.269597791338192450e-02 8.448953807900416724e-02 1.161422618579254912e-01 1.354963180717302929e-01 2.689081013838202083e-01 8.238387182062546776e-02 1.898304696815208692e-01 1.418231478251968380e-01
8.740567709716590139e-02 7.890908710334219867e-02 1.249732828866536999e-01 1.383953675746875944e-01 8.898730295365772647e-02 1.135915330531517969e-01 5.789715431171130189e-02 2.389560534080070464e-01 7.120445672986304431e-02 1.851189400277375163e-01
6.900343474075756878e-02 1.963240701786459486e-01 2.458470806338442505e-01 8.481647423086208226e-02 8.256549022174491936e-02 8.437104624401052522e-02 1.965662439263058392e-01 1.024975813739108510e-01 6.547870224847464338e-02 1.239000831448422713e-01
1.083275498718488106e-01 1.000630780278568277e-01 9.772103404112973679e-02 6.303601424637873818e-02 7.226864980868327737e-02 1.672370836631258129e-01 3.467317171921878161e-01 5.379647203739090777e-02 2.597192504665420398e-01 1.235004349548125685e-01
2.918818125491690063e-01 4.423469466090607788e-02 2.369907604302443349e-01 1.550427064576991032e-01 7.184191893779372229e-02 6.601284710041895043e-02 2.460024856576106533e-01 2.543802262264337477e-01 6.381588408009532254e-02 4.107995884041484858e-02
7.807437349920250125e-02 8.082708261452022092e-02 2.352783437817221601e-01 3.215980684558102098e-02 2.930306242158842722e-01 5.135701856563857498e-02 1.725956944310043373e-01 1.489548515246674476e-01 1.034101356712657099e-01 1.685360334803628068e-01
1.367902987844244744e-01 7.430462795545361709e-02 9.402555192991585153e-02 1.086760399693412760e-01 1.340115373135173926e-01 1.077586516325030608e-01 3.549966046688909915e-02 3.909739029769769836e-01 7.915216455034158882e-02 1.406843076089487610e-01
3.558562710281990699e-02 4.328696223283358124e-01 8.084700075665382513e-02 9.348985493206235509e-02 2.149669027567386315e-01 7.649528928165069686e-02 1.173470117661980505e-01 9.025138400837975916e-02 6.668299768936332417e-02 1.936915806271202745e-01
1.820036389237315033e-01 1.608762663432477813e-01 3.605213783045819326e-02 9.107852552538911461e-02 2.643364975101311631e-01 5.298661082296436675e-02 1.610166300680929696e-01 1.519485150399381146e-01 1.345233016902886158e-01 1.065224224961435484e-01
6.808001713896143225e-02 3.009376873212150638e-01 1.008649641001857500e-01 6.499856550866420224e-02 1.641966095172909812e-01 6.494641533929211563e-02 1.134958274851202431e-01 2.157703448657071754e-01 4.603680244887807527e-02 1.904071788506280227e-01
1.286356107984209796e-01 8.644495180754355190e-02 1.021146448482952718e-01 1.115686687666256061e-01 5.265439877410921926e-02 1.279321433834577915e-01 2.034472874301755108e-01 1.079854274969185707e-01 1.160528628429084580e-01 1.515233328770492494e-01
2.219815545098386411e-01 1.797879232769395985e-01 5.437857970077987491e-02 4.147154513149097776e-01 2.857666788070266639e-01 9.681079731186911785e-02 5.114429465016756549e-02 8.423419144516268442e-02 8.229760975344407870e-02 7.469063411001360120e-02
6.146192195810108033e-02 1.346471043150152813e-01 9.229838098554292436e-02 1.721283560487469333e-01 1.365267108761597237e-01 9.121986560197357929e-02 1.190214756819674979e-01 1.138685615591366468e-01 2.731248250807281619e-01 5.089026804834687057e-02
2.029534146118316951e-01 3.927431258633337641e-02 2.077681821784467531e-01 4.175206911281200556e-02 7.304709633853957718e-02 5.300461814201729016e-01 1.340163538555345091e-01 2.058477886674160706e-01 5.519904931576160440e-02 1.063295855904435039e-01
1.071608110434026234e-01 8.790783737364343819e-02 1.452589655934960478e-01 7.201169418478917117e-02 1.806154471572465892e-01 1.561817128852560077e-01 4.581667958733627588e-02 1.373275071280901372e-01 2.713851558928953023e-01 6.072934056570791772e-02
8.601175145450044857e-02 2.231993100736595903e-01 1.038760955738324138e-01 8.025852596615330736e-02 2.980358076827956393e-01 5.625387874218527873e-02 3.041742540781501303e-01 7.958375684979633602e-02 1.043180776783758784e-01 5.859803967184523676e-02
1.138180802566285954e-01 7.071730168189173382e-02 1.235559516873848407e-01 1.068479581278101165e-01 1.108956353995011884e-01 1.158872687309072946e-01 7.501165623587863207e-02 1.081792210286878081e-01 1.254691501991461178e-01 1.309674540062646664e-01
3.659640283994757270e-01 1.642284574790077722e-01 6.885329752670801828e-02 5.727984333075452072e-01 7.570310068470988141e-02 2.021551366528252514e-01 1.795911533013537509e-01 1.204072259117090760e-01 9.176370908890304698e-03 4.896248372984654540e-02
9.686622752025568495e-02 9.596727506940225250e-02 5.015191819361000114e-01 9.343842709895666676e-02 3.487303146590353675e-02 3.287460448534527679e-01 6.662233849807343289e-02 7.806422940593078785e-02 4.666851571992150505e-02 3.623966949648118052e-01
2.784981733811488919e-02 1.074528647228184530e-01 9.159814402739088757e-02 1.333767288395163730e-01 1.212966882188094009e-01 5.085170517448965588e-02 1.361773467558007322e-01 2.765669918778861924e-01 1.080778502867692920e-01 3.932364245385412405e-01
8.702159946506715649e-02 6.168263337936394364e-02 2.230033826790804863e-01 1.406183395038868300e-01 9.069480031656926289e-02 7.688992409688180651e-02 7.011069975882244787e-02 2.232160346367239312e-01 2.240768143024201853e-01 9.060793748855369700e-02
7.593112234400661853e-02 2.743612405596249082e-01 1.344589169284787777e-01 1.767732823189268332e-01 9.494250458648906266e-02 1.415829235783658824e-01 9.020733224418785168e-02 9.968216977161833969e-02 6.156356465278863682e-02 1.162440222929774780e-01
1.318789319449958919e-01 7.647047954452618201e-02 1.429231254575108190e-01 1.223694790003513055e-01 7.678722075148375348e-02 2.775791913100308372e-01 5.134374914003331930e-02 5.543503668205229662e-02 2.860247838227018002e-01 7.915423072365769530e-02
1.107409658976783728e-01 1.209350774452036814e-01 1.047388005427436625e-01 2.781314945615792067e-01 6.445118914410059852e-02 5.216604630825166095e-02 1.246614319487249073e-01 1.429747402319835603e-01 1.571293848671970195e-01 8.814392595503951766e-02
7.608439360708246779e-02 1.908862044104258637e-01 6.811936357011756649e-02 1.935848703407956062e-01 8.991428277797586244e-02 1.668512499128421422e-01 3.180942286515973660e-01 1.751347258152816666e-01 4.194057286510665533e-02 8.362889490047281660e-02
6.277628946764571283e-02 1.218176129762654908e-01 9.124182864612949417e-02 2.661814104473205767e-01 5.619596756778066915e-02 2.825858783511379091e-01 7.731992236246210126e-02 5.872916611767237810e-02 1.008366655241662441e-01 2.683620435352090383e-01
5.509519718710138847e-02 2.132416750998242239e-01 4.837528272993150275e-02 9.054562898283458061e-02 1.236041955445544571e-01 1.125532625400504916e-01 1.252913500836835836e-01 1.024657633413574298e-01 1.144742664094538509e-01 2.738577945006156478e-01
4.561602406565200551e-01 2.811187826183182345e-02 5.277087248327733821e-02 1.002574456887387194e-01 5.810366603882627379e-02 4.785497400678935809e-01 1.806329922603114591e-01 6.378345585667008488e-02 1.606930661839603147e-01 9.941014368449206662e-02
5.753224001505637120e-02 1.097405340466460627e-01 1.358390750955038584e-01 9.361897706788693818e-02 1.380230784189616089e-01 1.233433736879269715e-01 1.270126203967191503e-01 1.732315783749534543e-01 1.616342129185163179e-01 7.918758427240782383e-02
1.987209511310900623e-01 8.683746711624276693e-02 5.840824669029532484e-02 9.418486394311094412e-02 5.677983722223746144e-01 1.805221601438637968e-01 1.105216896905689833e-01 5.724983203541546273e-02 3.393966612027000118e-01 2.246905075203782520e-02
1.944092011023902389e-01 5.368010097660288332e-02 1.209041853111375159e-01 9.023980236355688689e-02 1.201347802121045250e-01 1.359633980347801363e-01 1.476957549255615842e-01 6.411283847154272686e-02 1.649540399871403662e-01 8.032117624575071946e-02
2.002493975786562297e-01 5.556997420601712118e-02 2.035669211923821498e-01 3.281732618207484214e-02 1.004943748256904718e-01 3.792061743167621235e-01 1.131126883105331715e-01 1.119903696191159731e-01 8.996415478503919094e-02 1.202888030956058146e-01
5.322054163831115708e-02 1.246741503174180615e-01 7.271289000734693087e-02 1.318588772694402611e-01 1.232578357373459860e-01 1.132595180964144493e-01 1.221294166970289252e-01 1.230212148290266844e-01 8.805100828804945934e-02 2.025202566455353015e-01
9.739038207080305543e-02 6.256528050596218971e-02 6.984591007610349567e-02 1.545117093574070177e-01 3.547428843920198416e-01 8.394194298073449911e-02 1.056030270011382166e-01 7.790855476308571059e-02 1.776488658815719712e-01 1.459518451897862390e-01
6.076461631062185509e-02 1.899827068558015697e-01 1.361415135368516660e-01 1.157825028349581953e-01 1.090549506016457171e-01 1.032364719253221069e-01 6.623267713130347178e-02 1.335821327798860092e-01 1.333513683945947992e-01 9.712462772393651300e-02
1.817376019523079256e-01 1.674772771441826180e-01 8.502107312354643953e-02 2.245867517604703545e-01 9.812671768632805214e-02 8.802753109502282902e-02 1.331346879127980609e-01 9.608081866033624241e-02 1.259218652588754706e-01 4.061545236928367636e-02
5.228062507181110985e-02 2.166913380090093877e-01 9.427291483333953559e-02 1.452746105163674195e-01 5.417497038596830183e-02 1.262344641614237539e-01 2.068627676483708600e-01 5.543398725341619482e-02 1.765758671730915941e-01 1.264798643464754846e-01
1.189451933384216703e-01 6.942553402071877100e-02 1.094039827944269933e-01 1.507716786034049572e-01 5.995873028166818358e-02 1.226711659452270065e-01 8.858900349601922519e-02 1.642433937081369255e-01 2.016474961587955139e-01 1.000144249998428519e-01
6.000941450467184995e-02 6.109295917644635282e-02 1.923258453638503063e-01 2.861043188902754331e-01 8.418002878863790894e-02 1.153080545896132680e-01 2.149132794241710442e-01 1.166951382430932577e-01 1.336341564810451243e-01 8.686532812502047174e-02
9.297455063715485968e-02 5.615751660603014728e-02 1.688672724953049487e-01 6.166890820551440555e-02 2.304412117704356111e-01 1.741615160251989425e-01 7.605023068399996422e-02 5.683257402602335390e-02 1.617495631411714485e-01 2.231100740828566575e-01
6.437173687941398492e-02 1.857564627109023203e-01 1.444115405396199370e-01 1.486654443106656398e-01 4.594398788304986797e-02 1.630121114318514031e-01 7.914305115144651404e-02 1.173394922719820099e-01 2.055680616761747792e-01 8.178963065286598555e-02
1.075206581660024668e-01 1.132215190846174030e-01 1.888910588652838174e-01 4.282964700769040928e-02 1.337603212841281253e-01 8.963717003539820039e-02 1.289802245442157325e-01 1.118042059959052092e-01 2.097143478458527999e-01 8.272426679666716742e-02
5.882088038825992321e-02 1.391362032358974543e-01 5.412900628340062276e-02 4.095436433193656023e-01 4.304849512749971824e-02 1.276177220833341341e-01 1.263335943874903944e-01 1.244149711918849655e-01 1.615766647759714902e-01 1.260069504256781381e-01
8.512863368256499974e-02 1.541219926800151130e-01 8.653881110893128781e-02 9.240205213938959550e-02 1.822146159134127308e-01 1.082223057395442778e-01 8.143415526253093562e-02 7.055216495152455414e-02 2.616723350467826670e-01 7.380073318598422139e-02
1.407558049830765767e-01 1.209197484593038802e-01 1.549266612632219930e-01 5.498825678520675303e-02 1.882779123818834333e-01 2.166585462361321768e-01 3.631628628122531011e-02 1.865939646714021571e-01 1.017064846520475963e-01 7.147673923825494102e-02
1.388150802890900093e-01 7.291838014407819868e-02 1.417929985582561669e-01 7.707333452025656728e-02 1.110703228367676265e-01 9.016244876730653002e-02 1.223060804173874416e-01 1.340658229889210851e-01 9.372967081893222863e-02 1.052697303517107358e-01
1.188751642436551709e-01 8.610433076372879524e-02 1.501240169053013884e-01 1.454625139297991698e-01 1.153768277655948526e-01 8.698098047158088486e-02 1.347148815267443789e-01 1.101289037134099424e-01 9.195908314295710151e-02 7.512620551501586474e-02
9.480841360895261860e-02 5.884760602340354668e-02 6.503075103793781730e-02 3.307086897775533552e-01 1.444422321623045069e-01 1.122059872818908788e-01 4.845826033397337279e-02 1.641062691423927355e-01 2.411868550997546268e-01 1.286183513350835916e-01
