-3.080584404945729382e+00
-3.353681777764259131e+00
-3.519513721542460338e+00
-3.224374478415923839e+00
-3.124823345744504266e+00
-3.304826165295760010e+00
-3.359318033568198025e+00
-2.934185403144569104e+00
-3.351407390648853735e+00
-2.794936061626673851e+00
-3.041492508126526051e+00
-3.317589731860099977e+00
-3.211930968170447098e+00
-3.687188237312831518e+00
-3.400141558101406503e+00
-2.824327361113950108e+00
-3.335008743757632566e+00
-3.459256536167450768e+00
-3.678602861653152090e+00
-3.118931021875975595e+00
-2.948064995388875786e+00
-3.412520837996483092e+00
-3.223323868375733259e+00
-3.352674565248437766e+00
-3.163004442583446707e+00
-3.574178601137053768e+00
-3.462003571408064584e+00
-3.246253798180595229e+00
-4.270047138299060130e+00
-3.698716689655592305e+00
-3.244843587327189027e+00
-3.260500697184316454e+00
-3.204903363619309609e+00
-3.350156420401450674e+00
-3.285401494101206854e+00
-3.839294687997116817e+00
-3.405259872603906501e+00
-3.458525999444071797e+00
-2.927980104094669134e+00
-3.221024865182610331e+00
-3.268318090214509475e+00
-3.087946557131513892e+00
-3.423877699917540873e+00
-3.512501952265506322e+00
-2.827154153700869088e+00
-2.841159328052968114e+00
-3.437165384450152406e+00
-3.299144923813353003e+00
-3.003189247898842229e+00
-3.324179434548062417e+00
-3.680301393086389261e+00
-3.262668254171853910e+00
-3.484700214102763205e+00
-2.891516219814411759e+00
-2.850156832167227261e+00
-3.252501831235558249e+00
-3.428812117065879406e+00
-3.258518637033647636e+00
-2.977702304253693644e+00
-3.637208596729989196e+00
-2.842414724157584782e+00
-3.198614731026404812e+00
-3.261355949453973668e+00
-2.667120220812053244e+00
-3.389948534602157171e+00
-3.344303497219331511e+00
-3.591916239249151488e+00
-3.731712152191771992e+00
-2.753669048200553693e+00
-2.833127052167662807e+00
-3.619182644000445315e+00
-3.530823724519937201e+00
-3.738160912304563599e+00
-3.415990651277720502e+00
-3.129497666858262583e+00
-3.619467212187448268e+00
-3.849077275799188680e+00
-2.803737610691330318e+00
-3.289617867675789675e+00
-3.754232596456672510e+00
-3.347730134366503130e+00
-2.983861050138753690e+00
-3.500562718369533144e+00
-3.236922224884854149e+00
-3.328983018382932535e+00
-3.001517312904316004e+00
-3.669008217811651207e+00
-3.015473611695110634e+00
-3.835400632507392160e+00
-3.576416475206400047e+00
-3.221181937425412034e+00
-3.183570482549701097e+00
-2.880676935204750766e+00
-2.876311429728026337e+00
-3.580048320204938683e+00
-3.481147510183100646e+00
-3.556196186862570663e+00
-3.161315806758376645e+00
-3.000147063773993761e+00
-3.232199714956077052e+00
