3.604577937053676795e-02 3.925229560902595422e-02 3.639689219035470436e-02 3.676292834968566264e-02 3.739766898985922433e-02 3.587541225469901424e-02 3.790722388045360269e-02 3.753453916693089143e-02 3.669042639126210426e-02 3.760042030409655595e-02
3.547562831154314755e-02 3.627679537790635955e-02 3.933701273775369600e-02 3.676288454574794251e-02 3.591211753124726874e-02 3.948704956334300048e-02 3.512259006216253421e-02 3.759161146904786005e-02 3.796827957127278663e-02 3.784327270224553674e-02
3.856259188763352941e-02 3.602134393472165158e-02 3.684795337279130750e-02 3.743639077346683913e-02 3.769991107727823504e-02 3.621419248912235989e-02 3.827357408754207546e-02 3.622825844626496178e-02 3.792349037565114628e-02 3.618687504337171623e-02
3.542929252096411324e-02 3.760401669175247180e-02 3.716732217890509476e-02 3.731870871480214014e-02 3.675126417077129171e-02 3.697311162885109220e-02 3.712144027020925635e-02 3.646346864960007400e-02 3.764513283692257767e-02 3.896111085779180305e-02
3.927332357129180440e-02 3.388680706458900571e-02 3.808953065366273844e-02 3.817604504994807912e-02 3.646407148639231599e-02 3.750381130841669991e-02 3.684605152616541451e-02 3.637563696046312162e-02 3.793806490009205001e-02 3.719297969343014071e-02
3.546898924520368312e-02 3.851364091625177066e-02 3.636526090495475344e-02 3.791343672130337294e-02 3.681797736344213229e-02 3.637277514844012433e-02 3.845526552411616256e-02 3.560176612965706283e-02 3.795994021485904479e-02 3.800877430138657753e-02
3.768514951933435442e-02 3.654498916773980116e-02 3.671647033410190691e-02 3.924285654959552144e-02 3.681667809483030185e-02 3.667377975811951518e-02 3.686655073063541815e-02 3.839435631196018439e-02 3.506386773156973391e-02 3.759313094561386737e-02
3.798608087341599771e-02 3.700734326827848086e-02 3.704635429504950228e-02 3.698720036181065568e-02 3.692666620155122398e-02 3.683076253714055726e-02 3.855066241778568048e-02 3.608183796363582940e-02 3.662611316882111862e-02 3.730608012862093870e-02
3.762474059272115368e-02 3.621940902769473641e-02 3.700894989300949900e-02 3.851434341696393510e-02 3.594419960981674184e-02 3.832220225936221192e-02 3.406926394807277547e-02 4.185971052245163887e-02 3.467904826047762956e-02 3.789469773192350593e-02
3.923807130780972152e-02 3.754854202398791307e-02 3.444961142354067973e-02 3.993798330645838279e-02 3.636978012083425665e-02 3.668462789053648226e-02 3.688212156522403112e-02 3.796571376021472960e-02 3.799046175124352193e-02 3.480395176423876219e-02
3.687955964542682930e-02 3.703595183496149329e-02 3.715416948526824997e-02 3.725841091590403886e-02 3.668776628804253787e-02 3.617882873414751677e-02 3.769525388289896028e-02 3.832520812636864421e-02 3.567938969983329434e-02 3.853500690457799249e-02
3.827803831024829267e-02 3.667905012827205047e-02 3.774197829840950785e-02 3.747752967801321056e-02 3.655309654946913706e-02 3.695889545338504334e-02 3.673603302370419266e-02 3.853457238428167897e-02 3.604568788495363801e-02 3.639338990060098089e-02
3.899313035734051219e-02 3.695777627429259332e-02 3.597174193620052834e-02 3.824349175338229850e-02 3.621520134459804002e-02 3.852955730221609143e-02 3.491678397771439540e-02 3.799085102530663088e-02 3.786721948106352292e-02 3.594407974751429730e-02
3.684409753925455694e-02 3.678902160564661433e-02 3.714150963912189046e-02 3.824514513756634149e-02 3.577127892546883015e-02 3.750937670472375557e-02 3.636444790384621428e-02 3.924755471969082476e-02 3.458549425597005206e-02 3.913396641800118841e-02
3.699444775903058119e-02 3.636910225728513801e-02 3.934653595849579161e-02 3.483371285634140335e-02 3.809053717801579725e-02 3.754465776102863805e-02 3.705887547516768799e-02 3.662926749274439397e-02 3.663748609070244938e-02 3.801725146978615633e-02
3.751202656975223537e-02 3.774474115953303788e-02 3.673932389042336433e-02 3.648222284093687734e-02 3.777325699328296787e-02 3.729804999858896825e-02 3.642908416150685696e-02 3.766281268076165228e-02 3.747320388342885444e-02 3.618656870124773578e-02
3.738459959050791787e-02 3.669406538113332422e-02 3.766476122641264357e-02 3.729862050931261747e-02 3.721669445393322589e-02 3.577162640552163791e-02 3.865596050665019712e-02 3.710923701198980129e-02 3.690113096791242109e-02 3.665341413092612632e-02
3.629461583144810016e-02 3.797159112007904291e-02 3.636251038485748682e-02 3.735943486197810387e-02 3.653419542606985149e-02 3.804384538188917975e-02 3.655201849509257667e-02 3.717914600699078614e-02 3.693804388142096773e-02 3.807719159817156418e-02
3.707805782808305806e-02 3.862461480075717740e-02 3.516202318692901452e-02 3.884775196371118011e-02 3.456075564093386704e-02 3.963110575910772787e-02 3.715049292968897882e-02 3.530970676158125959e-02 3.824569935708634072e-02 3.723470862261201580e-02
3.683646924126967453e-02 3.676764451773087417e-02 3.698772469965384141e-02 3.794066026963121424e-02 3.783449989630861127e-02 3.569427192530575527e-02 3.690262564791779026e-02 3.725633290102640244e-02 3.786110232859604685e-02 3.730447501773769686e-02
3.655924489495668978e-02 3.622842149588924310e-02 3.884528796505101744e-02 3.759617495830787359e-02 3.692578231491954605e-02 3.517628276060406900e-02 3.942362008163980552e-02 3.713945322519682929e-02 3.644984232164638627e-02 3.730117191744498212e-02
3.874025897391979861e-02 3.740065764604122434e-02 3.621366755520858544e-02 3.802318768985883668e-02 3.640333660050656256e-02 3.779672189312570374e-02 3.543494059581066280e-02 3.907824915750150729e-02 3.734127931285267238e-02 3.516341471465883606e-02
3.849310591992081976e-02 3.585863864980801119e-02 3.785303005646910995e-02 3.787541795187958360e-02 3.617672770767975388e-02 3.711076806128234956e-02 3.617652400389646805e-02 3.892412495056069011e-02 3.644146783407568868e-02 3.656421214909546386e-02
3.679004611304292904e-02 3.560526344758360717e-02 3.963684329613818141e-02 3.669242140179471839e-02 3.698104188924072194e-02 3.646913939119605236e-02 3.756642135926875625e-02 3.749822750748738748e-02 3.707459233174960345e-02 3.717159505665564717e-02
3.483866404717252813e-02 3.845988019627002291e-02 3.645140735034139989e-02 3.868471987517543842e-02 3.493068419902963656e-02 3.873386360506275022e-02 3.721003863901795050e-02 3.554065853595818336e-02 3.827795072070545868e-02 3.863671876909947900e-02
3.651870379265301225e-02 3.858530239748349244e-02 3.520594792370077691e-02 3.797697746084019443e-02 3.739458680775997051e-02 3.754914263383626882e-02 3.584410654897356857e-02 3.913813832172467061e-02 3.632025600641423241e-02 3.700375341628667908e-02
3.796978580097475076e-02 3.668056324329620199e-02 3.787347479544905110e-02 3.570701020394590613e-02 3.756256872422695375e-02 3.707784179036934663e-02 3.806949991985638521e-02 3.621864312847966616e-02 3.616276081187088515e-02 3.813938303453315304e-02
3.653961922538115359e-02 3.662215120565933540e-02 3.774812253099940618e-02 3.661435157272959623e-02 3.627235086596870828e-02 3.864242376293480774e-02 3.718282195644364435e-02 3.654342165073330012e-02 3.703811917336870263e-02 3.818261910165815509e-02
3.705410383642580158e-02 3.692762837991010044e-02 3.830943977616141360e-02 3.619686464612767440e-02 3.672765083892164106e-02 3.840800797717422443e-02 3.562578358573625925e-02 3.746667589103539614e-02 3.765765358172457750e-02 3.701252225054265516e-02
3.797039497663567964e-02 3.613830857377418188e-02 3.806441259734594240e-02 3.653200206828856322e-02 3.784725698378775538e-02 3.580681927347111743e-02 3.735870041134786018e-02 3.674606226999860975e-02 3.926581807712111599e-02 3.578262516968191281e-02
3.666480065805186039e-02 3.757084256861412119e-02 3.727450009836183464e-02 3.682799605066219839e-02 3.751918205834932352e-02 3.627929137422545441e-02 3.799400397475457408e-02 3.682456551914896348e-02 3.790941316095521735e-02 3.643413416487777112e-02
3.594718805464516831e-02 3.608458249928628986e-02 3.829409566170307450e-02 3.722448627767700746e-02 3.648141637347009081e-02 3.713072571381136749e-02 3.811977457783084777e-02 3.641024500374211159e-02 3.703896666663741843e-02 3.872686979316435074e-02
3.664614425758277311e-02 3.696559257605522286e-02 3.820302970131852355e-02 3.731182718109365276e-02 3.646272099645874593e-02 3.683052213494200644e-02 3.701514061373366998e-02 3.754665701504157627e-02 3.683323707202230263e-02 3.749405584069655933e-02
3.710603890562760854e-02 3.838358922769709997e-02 3.563773552281489926e-02 3.866556931475462200e-02 3.486264719903699877e-02 3.945884322136856276e-02 3.685046942006064280e-02 3.720461248404213078e-02 3.673475330292945429e-02 3.670083823952193652e-02
3.800050213438865149e-02 3.661513701703979912e-02 3.665379126126000475e-02 3.787235857729372851e-02 3.585710736487779382e-02 3.860088954624198848e-02 3.734999214722301702e-02 3.619574383038606097e-02 3.762439411037734466e-02 3.661494420261429683e-02
3.755213119743090744e-02 3.629277187342935806e-02 3.745041504667627474e-02 3.755293467997965901e-02 3.798875538626579618e-02 3.546503040594115030e-02 3.814799073819747505e-02 3.587596305631639976e-02 3.842717503628594738e-02 3.668423360075129952e-02
3.654880818564107403e-02 3.738654270041977951e-02 3.622885862236539800e-02 4.064148887090528878e-02 3.402950895112626800e-02 3.726183532678382232e-02 3.861298711324357563e-02 3.644066312484053188e-02 3.800083649112017542e-02 3.672030839602256208e-02
3.811583030570012826e-02 3.655567213525220266e-02 3.672067567982129771e-02 3.801083538915790705e-02 3.634534539152574351e-02 3.710383240497371060e-02 3.767059647980094267e-02 3.692871704022526042e-02 3.698492544722845748e-02 3.685462541756873156e-02
3.688809078466401270e-02 3.788260189594276628e-02 3.611960914428170855e-02 3.787668546011498799e-02 3.683780494881540996e-02 3.645425742530599561e-02 3.799032841797220228e-02 3.637707763939587030e-02 3.740675793733774096e-02 3.748044543059698974e-02
3.566690290537423424e-02 3.697532606388330423e-02 3.711837894826740952e-02 3.798967596208947112e-02 3.671206367063293424e-02 3.665805762155149861e-02 3.761979593304985714e-02 3.702970877704780256e-02 3.635127726125429726e-02 3.930938703763765807e-02
3.595930663971137059e-02 3.649634724061049523e-02 3.989017558504797528e-02 3.554553095242901639e-02 3.658179117097837968e-02 3.770747747136134892e-02 3.780799990883356582e-02 3.644262154316918467e-02 3.793456436714714303e-02 3.723737614011976560e-02
3.492524056724134740e-02 3.912951428259039272e-02 3.739575486950325045e-02 3.642931595307997983e-02 3.612748392308334083e-02 3.745457900014677322e-02 3.810335785521806046e-02 3.603771402349092295e-02 3.784487112493322564e-02 3.816273482931367006e-02
3.575794342506824486e-02 3.758444660501019524e-02 3.634766773970541515e-02 3.814864385409533210e-02 3.683284357183978786e-02 3.701519169289395339e-02 3.794356052740999879e-02 3.638095402080677998e-02 3.680969319338178031e-02 3.856458922019770363e-02
3.545354341251981400e-02 3.731562777121284064e-02 3.792208925032492656e-02 3.716629119820493571e-02 3.672028295233051298e-02 3.703111313610348010e-02 3.776803642391836358e-02 3.639429100376816162e-02 3.647014078017084271e-02 3.920050434084367680e-02
4.036905355248049387e-02 3.465840934498776171e-02 3.632586173455522316e-02 4.036113643216489993e-02 3.445305046013572015e-02 3.844509422330302795e-02 3.725438038573174876e-02 3.741795548896766771e-02 3.737190155202089331e-02 3.546459208373962946e-02
3.679239968468380612e-02 3.671549040429531591e-02 3.738121306852224685e-02 3.698436654154218378e-02 3.725862598962075001e-02 3.868378214945034088e-02 3.470786938859161952e-02 3.788420007331899653e-02 3.910288504179446761e-02 3.611574242185970618e-02
3.798454434719340800e-02 3.650634521774823171e-02 3.637229301328705894e-02 3.869864475996837028e-02 3.672048571382251214e-02 3.617307277323121573e-02 3.869417606731563597e-02 3.608006310330453409e-02 3.731314547144807398e-02 3.687759260003974776e-02
3.619631506733397841e-02 3.681079444022020836e-02 3.779478231758898882e-02 3.800823007003929083e-02 3.585525487998893895e-02 3.761847680039061281e-02 3.692582500273271923e-02 3.781179495246353439e-02 3.634651315322214721e-02 3.800063892409043936e-02
3.804824770232803632e-02 3.689591830505717374e-02 3.780672910436602696e-02 3.472090772231363476e-02 3.970584711011600210e-02 3.560063728223131219e-02 3.817931340781905575e-02 3.722311981258205615e-02 3.646931599387383260e-02 3.696445049966946145e-02
3.630826690790479871e-02 3.721677020476680392e-02 3.738511254257190219e-02 3.588374702065194599e-02 3.978747709153455242e-02 3.694358408179933273e-02 3.660921567499737100e-02 3.671314673382682775e-02 3.725235846476692564e-02 3.743699391738249810e-02
3.775167446457504405e-02 3.415076203995318777e-02 4.039319637487657350e-02 3.553201290222823827e-02 3.856974995493809427e-02 3.661885533352736422e-02 3.610047778303770993e-02 3.752429661646928399e-02 3.759220164798396380e-02 3.761040004226362532e-02
3.666140513232175185e-02 3.929062271674064327e-02 3.498072696207319560e-02 3.854514430174219713e-02 3.556693665578265773e-02 3.856131902687300744e-02 3.637047726690707805e-02 3.730101357545830693e-02 3.684881404741099237e-02 3.745053684847240993e-02
3.543230388932066405e-02 3.815631486215487894e-02 3.695809885091527053e-02 3.671720672792073287e-02 3.711853575962755641e-02 3.700331214720353062e-02 3.852574715655334575e-02 3.591187709336227801e-02 3.802659838481171201e-02 3.759349101883761868e-02
3.669179347363572818e-02 3.653300535920349368e-02 3.745770073596810940e-02 3.761427951183116819e-02 3.674163393890707979e-02 3.743533890771084255e-02 3.584403323514248618e-02 3.884608637631500883e-02 3.598142366798297298e-02 3.825123409481071685e-02
3.610053397983473827e-02 3.779510938595739833e-02 3.837486517847051720e-02 3.644986223413282378e-02 3.674085076529694932e-02 3.656632588094482772e-02 3.841959755208751437e-02 3.702010241446944405e-02 3.627710152424041407e-02 3.768185165830049976e-02
3.696910371178938060e-02 3.715640587151234492e-02 3.722980037792631564e-02 3.662310235760768418e-02 3.642292405617105627e-02 3.741310178062548508e-02 3.904233499258993184e-02 3.507434010704581218e-02 3.857855692025762701e-02 3.699682995028445720e-02
3.951637587047407418e-02 3.510563047430414335e-02 3.841575847137595340e-02 3.760922645919289459e-02 3.638326020538109468e-02 3.615973423641338780e-02 3.822234586501561254e-02 3.836637379705088585e-02 3.628789271392890425e-02 3.564040897503561317e-02
3.642129499812393756e-02 3.657060943776511974e-02 3.899991763933831346e-02 3.473874422574253079e-02 3.947302980333851352e-02 3.544389455191311600e-02 3.778895360977332224e-02 3.752488937679900743e-02 3.665332615581880921e-02 3.801505353915830832e-02
3.757714116165478124e-02 3.645575338811405525e-02 3.704893691246317206e-02 3.710202440520632416e-02 3.765459142776055035e-02 3.742944658220404702e-02 3.503077498311397281e-02 3.984395848347991459e-02 3.594341243167895050e-02 3.745098862468475287e-02
3.480684782881474093e-02 4.007728647954589968e-02 3.600133403526294129e-02 3.645528638204387217e-02 3.858653618781575367e-02 3.629146118738205834e-02 3.746871134095079714e-02 3.700660622158761376e-02 3.636380828753652678e-02 3.861401516873060741e-02
3.789650491111656860e-02 3.779576693089353734e-02 3.536282231448314300e-02 3.697063494654891785e-02 3.911446164519205571e-02 3.544449919060515403e-02 3.765335718121514547e-02 3.746874545503405679e-02 3.718305169943064703e-02 3.664352328427798733e-02
3.577792278592934611e-02 3.912116224633459260e-02 3.667780497671394718e-02 3.610590509385497998e-02 3.830484553043596307e-02 3.608998336530069850e-02 3.714695586447538250e-02 3.863067100662765513e-02 3.534387832242933541e-02 3.838341303225949186e-02
3.730562094818416774e-02 3.667258871229227973e-02 3.718929964462494575e-02 3.752837378909613247e-02 3.591008747000613149e-02 3.725810900903796935e-02 3.817582522860390321e-02 3.671515016755496491e-02 3.697540858528287899e-02 3.759861517732613484e-02
3.832657042851678186e-02 3.764953204886456462e-02 3.506368980957126624e-02 3.893124202023958563e-02 3.803416410282154519e-02 3.670889287012037844e-02 3.626015776697996684e-02 3.723276701775021791e-02 3.707726803327560799e-02 3.631265487784587909e-02
3.648792610929341151e-02 3.769149157484097401e-02 3.665795443179905438e-02 3.781432373051918372e-02 3.733699791117579131e-02 3.665537101445638657e-02 3.717612684064058870e-02 3.683614306796058335e-02 3.884082845745896045e-02 3.590021062993626472e-02
3.861788383290340465e-02 3.525358073036527484e-02 3.900797626680981012e-02 3.566140168492308582e-02 3.609556843188586883e-02 3.987136415356778985e-02 3.628443515820787418e-02 3.815939718997835017e-02 3.571698815739333954e-02 3.713873797227276036e-02
3.731941384790967570e-02 3.676230109195328249e-02 3.784339901967744002e-02 3.612017756038519989e-02 3.807126741124405855e-02 3.782789545191804492e-02 3.539905955762519263e-02 3.738329610154512983e-02 3.894537810048684379e-02 3.583211786347827860e-02
3.669963077242528737e-02 3.859302808988630817e-02 3.669030891270912836e-02 3.613567941676848472e-02 3.909183064459627321e-02 3.525776951933931591e-02 3.914754190665688943e-02 3.634856447229465465e-02 3.728504970047598344e-02 3.634007769791995635e-02
3.725449982287568768e-02 3.633627634680868662e-02 3.752668264234303858e-02 3.710752048715400958e-02 3.719889549546686464e-02 3.738830220219620248e-02 3.647756366318651022e-02 3.717239498207902670e-02 3.735110071488100675e-02 3.744296250444453800e-02
3.954299864436738865e-02 3.687389173611055337e-02 3.526781024328703995e-02 4.007452565667857236e-02 3.541667250370918174e-02 3.750508838811686396e-02 3.788055759350059809e-02 3.805260702617502266e-02 3.475561204165530244e-02 3.663178025848548569e-02
3.626508453390150238e-02 3.588014018419525414e-02 4.008447541797474645e-02 3.647935939209857176e-02 3.505951361563972718e-02 3.981074947859075674e-02 3.618516286822744815e-02 3.698675243151865188e-02 3.566188503344500105e-02 3.958556681094918539e-02
3.487015793786139850e-02 3.770152659995781169e-02 3.688134925567212313e-02 3.762076805773698074e-02 3.761385764992206115e-02 3.571373468324800377e-02 3.712427236150716431e-02 3.851313254687256660e-02 3.614321422839859160e-02 3.944797069268297929e-02
3.694322757808347901e-02 3.599951492666676051e-02 3.850476917795510323e-02 3.742021199130764197e-02 3.678757788278350788e-02 3.679312914327435152e-02 3.620010940383400211e-02 3.812708210045435975e-02 3.812063394893889373e-02 3.656144932157488064e-02
3.618061393077401378e-02 3.850214447298042769e-02 3.681806418369024114e-02 3.767768933171402462e-02 3.655381663425928684e-02 3.764660668132135263e-02 3.681807760921008976e-02 3.729494210259199499e-02 3.638689007685128735e-02 3.747148098452969534e-02
3.758872337545642733e-02 3.639365127090068291e-02 3.769120894407686218e-02 3.725423899348196538e-02 3.611258918758395581e-02 3.922579732484041126e-02 3.586872901113098699e-02 3.600621928943502359e-02 3.924361220559599572e-02 3.616982535157594464e-02
3.715197304636260606e-02 3.720713040095465635e-02 3.662630503850776431e-02 3.892667087557222932e-02 3.623854088318630845e-02 3.612691904733178472e-02 3.739022178913947725e-02 3.748676372942750384e-02 3.770986925206783885e-02 3.654497307859787270e-02
3.658263598786639509e-02 3.840082729610407725e-02 3.596294465218040359e-02 3.820043945818706738e-02 3.628359444146912055e-02 3.711934538301256414e-02 3.846826224658953658e-02 3.756251491435969037e-02 3.566884008211858303e-02 3.725105955776026462e-02
3.589068308692876241e-02 3.736330364359077144e-02 3.649104217733332295e-02 3.881608477758083375e-02 3.536067251135793787e-02 3.911679374043985913e-02 3.652162661888269657e-02 3.616295715195686628e-02 3.686357152574030321e-02 3.902749198708363454e-02
3.552537594566523155e-02 3.869971972810246769e-02 3.581284249485755522e-02 3.710002063414659379e-02 3.742991959004821761e-02 3.711473445879612948e-02 3.738114533143913759e-02 3.679407314711244381e-02 3.683595518034152999e-02 3.874062670340248926e-02
3.996916887288497200e-02 3.531668866547452851e-02 3.677068534888384282e-02 3.734211478050072919e-02 3.578514991062432121e-02 3.963945924403244891e-02 3.718473904609106290e-02 3.576966140866831567e-02 3.781014570059750002e-02 3.623950699475569914e-02
3.626941852749038242e-02 3.730420113928991505e-02 3.762473895375882671e-02 3.665416714845379925e-02 3.745989357180221774e-02 3.708913248765586396e-02 3.700275510481992880e-02 3.763426089977466027e-02 3.762542898816047948e-02 3.664630904302583481e-02
3.877226227727476049e-02 3.710947024265955768e-02 3.606401351456999665e-02 3.625688327993361465e-02 3.965607943526951173e-02 3.704918384959508815e-02 3.678471074913469696e-02 3.584692337959317215e-02 3.988016577487037140e-02 3.448725977337040172e-02
3.843967233270369210e-02 3.580329494075795704e-02 3.760007921637363582e-02 3.678865764191395493e-02 3.721645349470207448e-02 3.744458592336837033e-02 3.763774392143391656e-02 3.599748997592930322e-02 3.807318605620835933e-02 3.636542809025963136e-02
3.827833205097392472e-02 3.570049937751451630e-02 3.887189226717293472e-02 3.521269618879514091e-02 3.681521670800333434e-02 3.933773422923899504e-02 3.648244019892300793e-02 3.708746001979703472e-02 3.667053372020773194e-02 3.716165071337639014e-02
3.577277752688069745e-02 3.775273081328266861e-02 3.639613027521660521e-02 3.751804970411077439e-02 3.729249157501680900e-02 3.703846755492502807e-02 3.728568938427147955e-02 3.724645891846281587e-02 3.654588419183725512e-02 3.848153052182304995e-02
3.697477037940151423e-02 3.655991115646545220e-02 3.639658996966105287e-02 3.722892827969501162e-02 3.913641119097777121e-02 3.615447509314722446e-02 3.709515048343776933e-02 3.639763434199314029e-02 3.796980624896041656e-02 3.755710940578085161e-02
3.598876023887954273e-02 3.811077276122097623e-02 3.731246391596547418e-02 3.708965791887333663e-02 3.713984373938653688e-02 3.721765880751849026e-02 3.626324589560257078e-02 3.757160217098949595e-02 3.758418272742799354e-02 3.704184893755746444e-02
3.799553208275647381e-02 3.775571246712940143e-02 3.611516307954685395e-02 3.849306005361373406e-02 3.668269700211287954e-02 3.667300764926666179e-02 3.762924465719545697e-02 3.689777224872196199e-02 3.779729857970683810e-02 3.538453752811111103e-02
3.559510891947047923e-02 3.861761334927289041e-02 3.662385949600707041e-02 3.785396186152836101e-02 3.581291141912204545e-02 3.733195905738191656e-02 3.849796691481794514e-02 3.555008628081433170e-02 3.818840122193575826e-02 3.743636590247944457e-02
3.737675269740654838e-02 3.635242443595337186e-02 3.727407597851033899e-02 3.799832633020189948e-02 3.602697923117974960e-02 3.754375056759711587e-02 3.656358990280995230e-02 3.753031417025769201e-02 3.800393254852952457e-02 3.667112395439399430e-02
3.661006974252949825e-02 3.621950693994727827e-02 3.771293134105994233e-02 3.859589951829994758e-02 3.606124572744020401e-02 3.681579363655063108e-02 3.817584301295627591e-02 3.679587217847448549e-02 3.751262453228000615e-02 3.694216702563562355e-02
3.677930945645306593e-02 3.599454400581567765e-02 3.826173916335859349e-02 3.579965391963003257e-02 3.833448118671752697e-02 3.772842383050992177e-02 3.656052171384529398e-02 3.605522114667649575e-02 3.757670434469043141e-02 3.841234423191504377e-02
3.611119914954334653e-02 3.804627136041955487e-02 3.738964409141412593e-02 3.770658012473033366e-02 3.552247857977778450e-02 3.823647167100482219e-02 3.645294576772048489e-02 3.702416236947016215e-02 3.842676142651315491e-02 3.653050941835934290e-02
3.703266300556525698e-02 3.712583204473674653e-02 3.828730964955136956e-02 3.545201123098966345e-02 3.785963612757161506e-02 3.674601038645797929e-02 3.735635117522449061e-02 3.684483177963365080e-02 3.827755556271215248e-02 3.640085126760451290e-02
3.607845995516922866e-02 3.787069399867642322e-02 3.550232468634802185e-02 4.018977536629474157e-02 3.513474632868334585e-02 3.744168818202038562e-02 3.732011578536342800e-02 3.701633157301523203e-02 3.774981530094517063e-02 3.731431888013002351e-02
3.665011827764470126e-02 3.800911347804808438e-02 3.664079271776576885e-02 3.669643223689531691e-02 3.817498472125519654e-02 3.703815261089783706e-02 3.668672309219093985e-02 3.620063897205730297e-02 3.910902331967015116e-02 3.621528965303326408e-02
3.761658010946924979e-02 3.717380471816272847e-02 3.788034090864754455e-02 3.558134882537424687e-02 3.807160800022213465e-02 3.833696841526201132e-02 3.495553100895046339e-02 3.853991402284637907e-02 3.705912665002573936e-02 3.631195554538294706e-02
3.770446973593089002e-02 3.631724587506734298e-02 3.787936989936384335e-02 3.651557542403119361e-02 3.734854450245475577e-02 3.678248714740485481e-02 3.732597204527406815e-02 3.755438557236624036e-02 3.676114030584225895e-02 3.707615105729879235e-02
3.749182646472709601e-02 3.658964488511171759e-02 3.757172192918398906e-02 3.752019279494080845e-02 3.711168334684818854e-02 3.661624935023821692e-02 3.761201131156898664e-02 3.717924148822453895e-02 3.697614703717822665e-02 3.659815121609014121e-02
3.696309219567932292e-02 3.639144514758575755e-02 3.615677890792082239e-02 3.905613632288870013e-02 3.711407477163995716e-02 3.724783906408125206e-02 3.564662562745471441e-02 3.752622185389173359e-02 3.832466583667244742e-02 3.711876428361084862e-02
