4.988945989565414241e-01 5.020514021167536978e-01 4.992306223838829937e-01 4.996333739148896558e-01 5.002707140903546179e-01 4.987172717929246879e-01 5.007555531561420636e-01 5.004089067529546853e-01 4.995640704872401638e-01 5.004734863483271123e-01
4.982896900208947932e-01 4.990842079523194474e-01 5.021216494207102476e-01 4.996209972544728428e-01 4.987520964707826132e-01 5.022684298573254491e-01 4.979160806259491090e-01 5.004460780005017817e-01 5.008296694348215450e-01 5.006711009622322184e-01
5.014025751877562165e-01 4.988694564047844171e-01 4.997169456244824892e-01 5.003056166203920796e-01 5.005716270612274865e-01 4.990763940818379041e-01 5.011288049917191900e-01 4.990907812494252971e-01 5.007894898885287827e-01 4.990483088898567399e-01
4.982355050705660204e-01 5.004758188157785170e-01 5.000430648476883455e-01 5.001936536134753419e-01 4.996258795726225554e-01 4.998495851363335407e-01 4.999975530427152592e-01 4.993165703216311258e-01 5.004960026811646756e-01 5.017663668980456571e-01
5.020140719641887905e-01 4.965368448755686503e-01 5.008998781478690709e-01 5.010288326217273713e-01 4.993307845202092365e-01 5.003784697123244696e-01 4.997207933857965023e-01 4.992341580235332699e-01 5.007914857273076947e-01 5.000646810214562921e-01
4.982934020828148625e-01 5.013558736936039040e-01 4.992315407228018476e-01 5.007795999451551960e-01 4.996884353363378883e-01 4.992371121658968347e-01 5.013021009073348466e-01 4.984345406673851286e-01 5.008137559795470262e-01 5.008636384991222990e-01
5.005507497145731399e-01 4.994097314518506359e-01 4.995551646827915415e-01 5.020415175161710986e-01 4.996516496844993216e-01 4.995339294308036582e-01 4.997395154404726259e-01 5.012261227936919417e-01 4.978554858359018898e-01 5.004361334492435365e-01
5.008506859350201346e-01 4.998794501605052232e-01 4.999221646706181743e-01 4.998647485788201283e-01 4.998036192662612121e-01 4.997025211546068379e-01 5.013900316872774710e-01 4.989293082109942934e-01 4.994907323213277905e-01 5.001667380145680131e-01
5.004898372505162119e-01 4.990798756498315836e-01 4.998755182741324021e-01 5.013558926451557873e-01 4.987855819753576059e-01 5.011636850246715680e-01 4.967104035520537031e-01 5.043822013343468580e-01 4.974076760802896846e-01 5.007493282136346036e-01
5.020293251672748314e-01 5.003780613574164704e-01 4.971708308977045299e-01 5.026734280754699968e-01 4.992189376326106043e-01 4.995548041485564084e-01 4.997466708897055909e-01 5.008264977502823179e-01 5.008302131334985141e-01 4.975712309474746853e-01
4.997455493771457147e-01 4.999094784112701473e-01 5.000294331359912414e-01 5.001300052161756771e-01 4.995593079480371568e-01 4.990222471512447133e-01 5.005352853078842701e-01 5.011756667062644555e-01 4.985156571769253087e-01 5.013773695690537657e-01
5.011233679402803398e-01 4.995523935046283226e-01 5.006121197738030437e-01 5.003414979176906696e-01 4.994180590844039536e-01 4.998355168919940139e-01 4.996065182049214126e-01 5.013753128553665173e-01 4.988942112563884423e-01 4.992410025705172893e-01
5.018099907290893835e-01 4.998010701205356510e-01 4.988222141793678954e-01 5.010978603425040312e-01 4.990745375866600386e-01 5.013648648880804082e-01 4.976955869380734754e-01 5.008155059457310987e-01 5.007314657705171923e-01 4.987869034994393269e-01
4.997117264717063634e-01 4.996626652086591514e-01 5.000181822472634652e-01 5.010911947876570682e-01 4.986090548208599316e-01 5.003803432940883145e-01 4.992185497381338433e-01 5.020452951289213761e-01 4.973324247147569710e-01 5.019305635879582894e-01
4.998690962437113416e-01 4.992292402832743670e-01 5.021334035266319384e-01 4.976030350312606876e-01 5.009380741586525465e-01 5.004154288249963445e-01 4.999291437087524659e-01 4.995021278561535549e-01 4.995016960000446260e-01 5.008787543665338404e-01
5.003829499114448298e-01 5.006139433118463877e-01 4.996098617524469820e-01 4.993506672445959804e-01 5.006416078075934806e-01 5.001741956922880483e-01 4.992983160877596527e-01 5.005348339882186304e-01 5.003452401843506703e-01 4.990483840194428478e-01
5.002607057039787364e-01 4.995664706893853668e-01 5.005364955607296551e-01 5.001739942006894202e-01 5.000890650685654304e-01 4.986079169240255071e-01 5.014886078744273945e-01 4.999765653348195449e-01 4.997725842901903914e-01 4.995275943531901075e-01
4.991584379993110332e-01 5.008357415968469617e-01 4.992274975879054111e-01 5.002366201290606718e-01 4.994031535628092877e-01 5.009073315784274838e-01 4.994242002312788142e-01 5.000556568350892350e-01 4.998128647979421246e-01 5.009384956813196510e-01
4.999523443420835211e-01 5.014406851505439633e-01 4.979529848218589572e-01 5.016695443982620572e-01 4.972958290112946544e-01 5.023880494864636503e-01 4.999980059092359319e-01 4.981151534570097406e-01 5.010788726904267243e-01 5.001085307328214657e-01
4.997098552186602372e-01 4.996434429539407529e-01 4.998586174466082555e-01 5.008057124950548999e-01 5.006738059434847621e-01 4.985244632610636994e-01 4.997640013650475055e-01 5.001155178399470103e-01 5.007278461120051594e-01 5.001767373641708980e-01
4.994281122271365669e-01 4.990484960854401075e-01 5.016569099859882197e-01 5.004498480496486490e-01 4.997757128875601751e-01 4.979641428234325429e-01 5.022022195430968505e-01 4.999887268356061343e-01 4.993102922191310911e-01 5.001755393429527796e-01
5.015599673932236158e-01 5.002659318991244941e-01 4.990742310739684218e-01 5.008872497064591478e-01 4.992688164911270876e-01 5.006646880361749208e-01 4.982463994743410174e-01 5.018820558115298924e-01 5.001912486977995176e-01 4.979594114162429475e-01
5.013384966880736204e-01 4.987051645057661853e-01 5.007182610561309311e-01 5.007288254542100470e-01 4.990276013726444582e-01 4.999865290810167617e-01 4.990176321221880262e-01 5.017441268742628413e-01 4.993039157932432914e-01 4.994294470524631713e-01
4.996618974350444109e-01 4.983990391868616809e-01 5.023988542551860448e-01 4.995481610873221956e-01 4.998527765667538647e-01 4.993379874519537909e-01 5.004372145978484010e-01 5.003725175690896254e-01 4.999486341150780611e-01 5.000429177348549858e-01
4.976081532642390171e-01 5.012987949737193194e-01 4.993167023465880927e-01 5.015118537082556838e-01 4.977128527624036236e-01 5.015574315147697249e-01 5.000744904466621898e-01 4.983601659026472563e-01 5.011106174373156641e-01 5.014489376434041468e-01
4.993853802899860250e-01 5.014236411309962449e-01 4.980107120235812701e-01 5.008181807960978560e-01 5.002685011063615628e-01 5.004192144350434468e-01 4.986873469865946706e-01 5.019460487360990486e-01 4.991628042529133724e-01 4.998781702423328865e-01
5.008303420334323519e-01 4.995443230727266148e-01 5.007267866024407432e-01 4.985441856881612233e-01 5.004298761101571014e-01 4.999539682036778787e-01 5.009261544714431746e-01 4.990749660501561102e-01 4.989963337075172256e-01 5.009730640602749752e-01
4.993987044365452710e-01 4.994954031788374493e-01 5.006179631635110372e-01 4.994867703889266375e-01 4.991124571461325599e-01 5.014730926915820231e-01 5.000516537751382717e-01 4.994130731507109289e-01 4.999136273639418482e-01 5.010372547046775260e-01
4.999319732615392087e-01 4.998038026838783066e-01 5.011573310726349373e-01 4.990477856430179937e-01 4.995986301408847918e-01 5.012546138388909167e-01 4.984605262649506319e-01 5.003258000458326027e-01 5.005291913392743153e-01 4.998903457090994595e-01
5.008326527914290782e-01 4.989967336291012967e-01 5.009267383038545907e-01 4.994002727842383194e-01 5.007115038343323832e-01 4.986498254471906089e-01 5.002135269709002685e-01 4.995919298688382693e-01 5.020632468448607000e-01 4.986135695252424949e-01
4.995363119324178758e-01 5.004425948292148263e-01 5.001528131013951439e-01 4.997048260790892260e-01 5.003949575110031578e-01 4.991428356397885069e-01 5.008569022394551151e-01 4.997007491404802937e-01 5.007712221320046453e-01 4.992967873951609237e-01
4.987716008492474318e-01 4.989275655152256017e-01 5.011365403856871126e-01 5.001002664967593159e-01 4.993502047367123220e-01 4.999995960558037966e-01 5.009803820207108238e-01 4.992751749607958756e-01 4.999132334638110575e-01 5.015454355152488830e-01
4.995200265737759215e-01 4.998339277834703553e-01 5.010597921677396593e-01 5.001664357589046261e-01 4.993235155310079554e-01 4.997060829922230774e-01 4.998887249339139527e-01 5.004213184460020170e-01 4.997101438579442667e-01 5.003700319550240527e-01
4.999745971702393432e-01 5.012314294097792722e-01 4.984704615730186084e-01 5.015003058856363216e-01 4.976283648841955953e-01 5.022325566890104565e-01 4.997107261212060947e-01 5.000717487919171811e-01 4.996068262840391849e-01 4.995729831909545005e-01
5.008647011319034004e-01 4.994846047978811487e-01 4.995246420898386552e-01 5.007397560031532358e-01 4.986971219953003631e-01 5.014359422377957509e-01 5.002116868385440007e-01 4.990555087430899039e-01 5.004978644279642896e-01 4.994881717345291405e-01
5.004256130134216995e-01 4.991582240572384754e-01 5.003193270067656240e-01 5.004262014671543302e-01 5.008310518025617109e-01 4.982861132626851264e-01 5.010053607597431125e-01 4.987190995970193219e-01 5.012715482683511858e-01 4.995574607650700161e-01
4.994199513160170745e-01 5.002551661284683204e-01 4.990698659732402120e-01 5.032968247395055439e-01 4.966821590519852059e-01 5.000801573809822154e-01 5.014433819249797253e-01 4.993074637387372450e-01 5.008611363820321127e-01 4.995838933640475155e-01
5.009763322496698645e-01 4.994224930959031417e-01 4.995944306956174308e-01 5.008751146966263779e-01 4.992121419871525800e-01 4.999777140292126498e-01 5.005438180525670910e-01 4.998058348913044791e-01 4.998630257537567956e-01 4.997290945481894786e-01
4.997651944779368249e-01 5.007461396756878180e-01 4.989777858872174732e-01 5.007447658946702074e-01 4.997108754842618517e-01 4.993214849200289240e-01 5.008544633397056245e-01 4.992447790839178445e-01 5.002781495737543827e-01 5.003563616628232680e-01
4.984851134614406432e-01 4.998473549649907754e-01 4.999888547968514008e-01 5.008546020877666649e-01 4.995823547763206807e-01 4.995312991754121135e-01 5.004927384161426129e-01 4.999060696485850830e-01 4.992091657497007562e-01 5.021024469227906017e-01
4.988069331381699278e-01 4.993232901771388343e-01 5.026379579409069320e-01 4.983511734284695738e-01 4.994377388878858959e-01 5.005648317467010777e-01 5.006763628733613691e-01 4.993098490909871900e-01 5.007989251985235368e-01 5.000929375178662095e-01
4.977044252893578768e-01 5.019324922206089834e-01 5.002358832054962789e-01 4.992782995888729314e-01 4.989786366141727436e-01 5.003045785662658673e-01 5.009635090795871992e-01 4.988910496426794960e-01 5.007060362875526138e-01 5.010050895054034559e-01
4.985956485223390078e-01 5.004559460696715867e-01 4.992067907248968761e-01 5.010053166731115448e-01 4.997086125997829975e-01 4.998922878830087679e-01 5.008071565133784819e-01 4.992441494176752537e-01 4.996814837920077190e-01 5.014026078041164958e-01
4.982733318801699784e-01 5.001763751329715291e-01 5.007875651653372895e-01 5.000376385151005243e-01 4.995937294421821107e-01 4.999090156299541565e-01 5.006365108941100983e-01 4.992599386413789087e-01 4.993219309503975079e-01 5.020039637483959538e-01
5.030622083099725028e-01 4.973812172839742196e-01 4.991166802744186892e-01 5.030615796272717155e-01 4.971828660407098255e-01 5.012661533534675806e-01 5.001279939068407066e-01 5.002889166814681321e-01 5.002306380268219943e-01 4.982817464950525244e-01
4.996652532423333515e-01 4.995849263225601855e-01 5.002533806391334936e-01 4.998569917846400479e-01 5.001297112798384070e-01 5.015030135316331794e-01 4.974653371612107744e-01 5.007071246329547476e-01 5.019009525194358945e-01 4.989333088862583643e-01
5.008487847053846309e-01 4.993738881704725685e-01 4.992271955976419484e-01 5.015328183210600033e-01 4.995828068145539147e-01 4.990300947563805489e-01 5.015295287435164173e-01 4.989333501651884717e-01 5.001886747925704535e-01 4.997528579332273235e-01
4.990571943185213022e-01 4.996720289091054479e-01 5.006573341535696109e-01 5.008633905332960934e-01 4.987006004961939132e-01 5.004897089828700407e-01 4.998027683586367953e-01 5.006801974560439739e-01 4.992131060594148240e-01 5.008636707323469439e-01
5.009106220439644153e-01 4.997635795298354111e-01 5.006573218780653312e-01 4.974731117798190660e-01 5.024635133030554979e-01 4.984313328328252579e-01 5.010326353607971184e-01 5.000945410002903824e-01 4.993384347194740891e-01 4.998349075518790929e-01
4.991736519495063029e-01 5.000819722439359127e-01 5.002549234907198716e-01 4.986932941479780834e-01 5.025419242598119229e-01 4.997676318558663677e-01 4.994606038565385098e-01 4.995856055530633055e-01 5.001292600769455809e-01 5.003111325656386388e-01
5.005818506506272136e-01 4.968312991459925554e-01 5.030817755971400684e-01 4.983539551975577075e-01 5.014063174679772583e-01 4.994751568423605459e-01 4.989531284191606186e-01 5.003798360069788842e-01 5.004631028771587831e-01 5.004735777950531928e-01
4.995294157816307923e-01 5.020739106828362441e-01 4.977549373572179858e-01 5.013858199312467567e-01 4.983952394995071478e-01 5.014017181399108569e-01 4.992362313097594706e-01 5.001764821878998957e-01 4.997235739296860269e-01 5.003226711803098192e-01
4.982539642375736766e-01 5.010099073479998832e-01 4.998340229471718854e-01 4.995902325647644249e-01 4.999883945021130205e-01 4.998693929536565106e-01 5.013677629494844856e-01 4.987581910265891372e-01 5.008883363994169891e-01 5.004397950712319298e-01
4.995588754414027610e-01 4.994033905783650806e-01 5.003298136842379007e-01 5.004877245606837999e-01 4.996148052438119658e-01 5.003100788256316100e-01 4.986835843365617360e-01 5.016714537834352505e-01 4.988341264220403914e-01 5.011061471238232867e-01
4.989499589758212283e-01 5.006462420908586175e-01 5.012179414171724634e-01 4.992977780983418046e-01 4.996148937778895904e-01 4.994280709537068375e-01 5.012678935154188942e-01 4.998837980309481788e-01 4.991404487440446180e-01 5.005529743957944921e-01
4.998426861448892478e-01 5.000325801123650660e-01 5.001031813568017625e-01 4.994949651710802740e-01 4.992731208170064772e-01 5.002544873588852248e-01 5.018516815749665128e-01 4.978671265441905192e-01 5.014159116178555919e-01 4.998642593019560487e-01
5.022955548961960393e-01 4.979020443249825290e-01 5.012534957317789086e-01 5.004696527940725170e-01 4.992438193801933544e-01 4.989994799324133923e-01 5.010612491662537193e-01 5.011965168804758397e-01 4.991183297099041072e-01 4.984598571837319803e-01
4.992837099661160405e-01 4.994345068072583715e-01 5.018115619059948518e-01 4.975017797750955206e-01 5.022553752737953792e-01 4.982643909049195297e-01 5.006467223054071880e-01 5.003986893542797798e-01 4.995267896526481843e-01 5.008764740544917604e-01
5.004465512214021361e-01 4.993236774842605419e-01 4.999250563333832442e-01 4.999776217446385562e-01 5.005255728445727748e-01 5.002933222734533558e-01 4.978054821419110598e-01 5.025933158018275337e-01 4.987852144025405332e-01 5.003241857520202007e-01
4.975664556933382943e-01 5.028070731407423555e-01 4.988327455632843299e-01 4.993149402688554783e-01 5.014265775766880706e-01 4.991510333712560477e-01 5.003434003644360306e-01 4.998822549422893280e-01 4.992249555955798890e-01 5.014505634835227932e-01
5.007621491142505432e-01 5.006323515271100533e-01 4.981751437167507568e-01 4.998089453040808205e-01 5.019226147169384422e-01 4.982655523301156020e-01 5.005136789678605869e-01 5.003436014982879376e-01 5.000598297611471565e-01 4.995161330634472763e-01
4.986142204284031987e-01 5.019297859043836407e-01 4.995245953454283128e-01 4.989621172276821337e-01 5.011577853625626133e-01 4.989467806906070502e-01 5.000115507352336230e-01 5.014649125837467025e-01 4.981587100034083893e-01 5.012295417185514967e-01
5.001764166535408451e-01 4.995444182312390735e-01 5.000670756443650333e-01 5.003989960494550360e-01 4.987582857564660799e-01 5.001085110554244206e-01 5.010327115930042208e-01 4.995882693287543863e-01 4.998524953780363322e-01 5.004728203097177364e-01
5.011679640172657102e-01 5.005100051505573244e-01 4.978459890917829034e-01 5.017316105218672107e-01 5.008682788826670507e-01 4.995368467034259630e-01 4.991196930506116569e-01 5.001060913588087908e-01 4.999533133090816039e-01 4.991602079139350612e-01
4.993513756733313214e-01 5.005560255411164450e-01 4.995273810849438778e-01 5.006814559333018222e-01 5.002113765140534518e-01 4.995293035973409346e-01 5.000526343867213175e-01 4.997091379148554946e-01 5.016565794972799308e-01 4.987247298570492426e-01
5.014491845535322678e-01 4.980624820805800157e-01 5.018213660933836806e-01 4.984900107863153296e-01 4.988783473705765692e-01 5.026121125068458984e-01 4.991320336063059249e-01 5.009999177229214062e-01 4.985492053867965900e-01 5.000053398927353232e-01
5.001955326809195412e-01 4.996350660983373548e-01 5.007128557373889954e-01 4.989773267589688310e-01 5.009299348093049220e-01 5.006773643882809210e-01 4.982164172950532821e-01 5.002295757526666886e-01 5.017612170193183063e-01 4.986647094597603802e-01
4.995502521370240312e-01 5.014307828728702399e-01 4.995571083243949273e-01 4.989840928336535808e-01 5.019024021039018013e-01 4.980666041912852338e-01 5.019540820969796702e-01 4.991941378340383761e-01 5.001562783500859144e-01 4.992042592557617287e-01
5.001270414591947322e-01 4.992034760009652627e-01 5.004004665386986295e-01 4.999862896294768877e-01 5.000775691286720726e-01 5.002638635485124885e-01 4.993486173044552889e-01 5.000464087593647911e-01 5.002273173342279833e-01 5.003189502964375812e-01
5.023067685306925600e-01 4.997246280906239568e-01 4.980574331069051452e-01 5.028068796205726887e-01 4.982253831989741921e-01 5.003697346463240603e-01 5.007398290600322266e-01 5.008508448926702883e-01 4.975092564093746006e-01 4.994092424438234534e-01
4.991143837399327210e-01 4.986950388549160063e-01 5.028132785875086830e-01 4.992780117932567596e-01 4.978395502911636683e-01 5.025646436139348250e-01 4.990188631942533148e-01 4.998577351190948703e-01 4.984647594345945620e-01 5.023537353713469766e-01
4.976278624072947299e-01 5.005645846769762874e-01 4.997532926215673688e-01 5.004938487682062398e-01 5.004768136604262896e-01 4.985512794178111329e-01 4.999669277139332513e-01 5.013523296777571137e-01 4.989991409040666070e-01 5.022139201519579821e-01
4.998173975143156422e-01 4.988392788281202361e-01 5.013412515514867884e-01 5.002863160774906337e-01 4.996529827541576485e-01 4.996679353558950432e-01 4.990414756997610390e-01 5.009682943838245084e-01 5.009719028474080016e-01 4.994131649875477863e-01
4.990234843189981229e-01 5.013385707337391084e-01 4.996929461513235360e-01 5.005465576921799276e-01 4.994237978206740869e-01 5.005180321058634307e-01 4.996897254978124314e-01 5.001702431507184521e-01 4.992535359962009256e-01 5.003431065324914773e-01
5.004612313317224892e-01 4.992616793504830452e-01 5.005623130610232785e-01 5.001286322588101019e-01 4.989666071540627690e-01 5.020248550893966488e-01 4.986946770314674704e-01 4.988341485728827740e-01 5.020415095901508140e-01 4.990243465599994988e-01
5.000301108375199144e-01 5.000839178067468804e-01 4.994953943808206898e-01 5.017414303702021350e-01 4.990678194892939068e-01 4.989814359305548286e-01 5.002468204837117183e-01 5.003579371428930056e-01 5.005795447198866377e-01 4.994155888383700059e-01
4.994418428914882413e-01 5.012494797750692843e-01 4.988145827978948121e-01 5.010563171118138648e-01 4.991476613503010862e-01 4.999819644039568689e-01 5.013106995980228797e-01 5.003824801632734687e-01 4.984923115709408714e-01 5.001226603372375124e-01
4.987317149037127639e-01 5.002368849558000985e-01 4.993523022943930356e-01 5.016429163143626413e-01 4.981769021804801634e-01 5.019252654198085306e-01 4.993617917731607014e-01 4.990195601787320578e-01 4.997100957247723185e-01 5.018425662547825183e-01
4.983495813766819493e-01 5.015319365226856840e-01 4.986516964461545909e-01 4.999695701487206767e-01 5.003024434020220124e-01 4.999926718624059241e-01 5.002584419569446883e-01 4.996695742129109719e-01 4.997061642794060066e-01 5.015679197920808186e-01
5.026967727814966036e-01 4.980800550008993577e-01 4.996366323757563954e-01 5.002084037940206507e-01 4.985823807127605090e-01 5.023997861017093225e-01 5.000239162620161437e-01 4.986080412988836974e-01 5.006724515682706711e-01 4.990915601041857608e-01
4.991319230405258933e-01 5.001695276859565720e-01 5.004976118293570364e-01 4.995276167778142096e-01 5.003346138365807327e-01 4.999678105727359267e-01 4.998795982620686806e-01 5.005069927891327985e-01 5.004818394147338978e-01 4.995024657911046884e-01
5.015946552731264108e-01 4.999701208495155313e-01 4.989147893660217936e-01 4.990468444758522359e-01 5.024146855023525760e-01 4.998920420099222106e-01 4.996398185594774777e-01 4.986833277857536384e-01 5.026245795036821118e-01 4.972191366743003993e-01
5.012844761148302908e-01 4.986455738829814743e-01 5.004712934061559260e-01 4.996633015056141103e-01 5.000906258063285703e-01 5.003205130343049145e-01 5.005051299780122198e-01 4.988520348891011813e-01 5.009346748097600610e-01 4.992323765729129725e-01
5.011266225866843893e-01 4.985374360819845863e-01 5.016915353346182993e-01 4.980139008616490393e-01 4.996274293601193350e-01 5.021278132751277878e-01 4.993342373601898365e-01 4.999619651674863663e-01 4.995435456032441546e-01 5.000355143688872683e-01
4.986118615271171173e-01 5.006228266516135061e-01 4.992625607485313699e-01 5.003879231452974530e-01 5.001703143865869894e-01 4.999168503861269874e-01 5.001642238853096778e-01 5.001227815018804979e-01 4.994174813632373811e-01 5.013231764042977989e-01
4.998371067758193287e-01 4.994288897390036230e-01 4.992474399369708493e-01 5.000658439066907324e-01 5.019422973609259930e-01 4.989918720782094974e-01 4.999713536249732471e-01 4.992599548888064787e-01 5.008317163159722307e-01 5.004235253726203592e-01
4.988364768340065036e-01 5.009620777526131441e-01 5.001886024985442436e-01 4.999650502555385567e-01 5.000161618249876483e-01 5.000921803476057192e-01 4.991268487911789120e-01 5.004404249379433844e-01 5.004573669633860522e-01 4.999148097941896740e-01
5.008355034657165916e-01 5.006247484181169938e-01 4.989717185313332637e-01 5.013387724983553451e-01 4.995463011362852868e-01 4.995471706961147063e-01 5.005027046003691638e-01 4.997729325098993480e-01 5.006592817632029568e-01 4.982008663806046789e-01
4.984255471694747364e-01 5.014532635036429431e-01 4.994936196617217328e-01 5.007162152299735602e-01 4.986573167609094082e-01 5.001909722405154524e-01 5.013400799701379640e-01 4.983797279221034993e-01 5.010425014841548563e-01 5.003007560573602408e-01
5.002490848841321114e-01 4.992189326369106395e-01 5.001476207151724918e-01 5.008604046427110879e-01 4.988817110589271464e-01 5.004152795621398253e-01 4.994294536506220239e-01 5.003959139271035861e-01 5.008655167420363874e-01 4.995360821802435902e-01
4.994804625734042824e-01 4.990585981698866802e-01 5.005484487387286130e-01 5.014326872420759029e-01 4.989093827720912921e-01 4.996845788558615942e-01 5.010333973954230746e-01 4.996651931850185080e-01 5.003806134890104174e-01 4.998066375785008009e-01
4.996319918797603177e-01 4.988459067744243081e-01 5.011150559795232162e-01 4.986393616410302876e-01 5.011789223245397551e-01 5.005840025700947216e-01 4.994158613243514511e-01 4.989041767210915523e-01 5.004268990614598733e-01 5.012578217237386724e-01
4.989628831405430454e-01 5.008994964311208609e-01 5.002634533861836097e-01 5.005595954633494937e-01 4.983506519998097684e-01 5.010894093660914761e-01 4.993213154400696907e-01 4.998918669782671520e-01 5.012731615111127859e-01 4.993881662834441792e-01
4.999096332838306456e-01 5.000022943236344108e-01 5.011306384727480800e-01 4.982740696603188413e-01 5.007219378792805431e-01 4.996193950478969303e-01 5.002303383972952489e-01 4.997178974313111199e-01 5.011309632338878384e-01 4.992628322697972854e-01
4.989336882380464022e-01 5.007351318720952849e-01 4.983100763493168439e-01 5.029119161530331006e-01 4.979198995391712623e-01 5.003059540367142954e-01 5.001944884347835352e-01 4.998932224692766435e-01 5.006191145010323584e-01 5.001765084065212807e-01
4.995195593476277063e-01 5.008729139157064303e-01 4.995137700274787096e-01 4.995652041429608503e-01 5.010337621470517533e-01 4.999049238917275817e-01 4.995579271128094412e-01 4.990469171471144660e-01 5.019193998717845773e-01 4.990656223957405935e-01
5.004850953999694374e-01 5.000506756804274922e-01 5.007418063567207200e-01 4.984120441410507807e-01 5.009225831756634051e-01 5.011667217956190523e-01 4.977389491988234438e-01 5.013756170911454202e-01 4.999303849594290972e-01 4.991761222011533716e-01
5.005754372675563779e-01 4.991838045861338169e-01 5.007480240891547529e-01 4.993869202694669607e-01 5.002259068061027936e-01 4.996578145838778684e-01 5.002013545127201866e-01 5.004295223217116728e-01 4.996366996562414675e-01 4.999545159070388212e-01
5.003660211453635487e-01 4.994588863530932121e-01 5.004409132392118043e-01 5.003953192432157859e-01 4.999860143418112246e-01 4.994902628444280457e-01 5.004863561533254845e-01 5.000538015997839647e-01 4.998516575431641851e-01 4.994707675366063526e-01
4.998246510977891743e-01 4.992559583009371638e-01 4.989760195670553400e-01 5.018593920531256858e-01 4.999760512623526165e-01 5.001073563656960319e-01 4.984792749894494945e-01 5.003699859165902097e-01 5.011749107358218769e-01 4.999763997111781322e-01
