-2.616385712557472321e+00
-3.441545266881373966e+00
-3.932065874486370127e+00
-3.047204421375720784e+00
-2.754490109606390291e+00
-3.289624181857830898e+00
-3.454827031820387973e+00
-2.175059457272495056e+00
-3.442371073907475765e+00
-1.767377165602465494e+00
-2.498405624799910907e+00
-3.326177304730349338e+00
-3.013604751292552120e+00
-4.439659438517522538e+00
-3.576354456864292430e+00
-1.844697828218375468e+00
-3.377615398981436812e+00
-3.749729950911814935e+00
-4.417832718474058673e+00
-2.729832886683989823e+00
-2.222051502856003058e+00
-3.614857316494610728e+00
-3.044889732080730660e+00
-3.433081920008021370e+00
-2.869570703730746519e+00
-4.098675211118665729e+00
-3.760479789764622272e+00
-3.111949009030432478e+00
-6.183432835741286659e+00
-4.471721199557233462e+00
-3.106188256081904076e+00
-3.156038110614364456e+00
-2.986428070382737943e+00
-3.427973129107075412e+00
-3.229488535911244185e+00
-4.892141337600765638e+00
-3.598369665075735746e+00
-3.747127056449904625e+00
-2.155898709811811642e+00
-3.037225256799420681e+00
-3.182180703136673561e+00
-2.641196049331777207e+00
-3.644940321443434161e+00
-3.911866840305853188e+00
-1.868909718734644398e+00
-1.901108547184781949e+00
-3.685484753803057512e+00
-3.270381770268876664e+00
-2.387289749382199400e+00
-3.348318963204958809e+00
-4.422941795648590357e+00
-3.165043594252836989e+00
-3.828400296686365500e+00
-2.048111700683072911e+00
-1.924345544241194084e+00
-3.132955518390357685e+00
-3.665679970241223717e+00
-3.153688666644086869e+00
-2.309362989981445402e+00
-4.290540833473118099e+00
-1.903202106654100501e+00
-2.972939407223880171e+00
-3.156187321620222974e+00
-1.378275776650879303e+00
-3.543250842017461988e+00
-3.414056608917801938e+00
-4.151231093410253870e+00
-4.572282469180622755e+00
-1.631867107464540778e+00
-1.883979280141950152e+00
-4.242363402470105349e+00
-3.970302535188043436e+00
-4.588832999121133405e+00
-3.620478530120973204e+00
-2.765034908270719516e+00
-4.231979555994591635e+00
-4.922430006359423516e+00
-1.788806143982592189e+00
-3.243113502854494623e+00
-4.644103981017835281e+00
-3.414899233142989488e+00
-2.334581818366459505e+00
-3.874679342607361132e+00
-3.088348031761160239e+00
-3.359237289975098850e+00
-2.379134536459971194e+00
-4.379025737577658006e+00
-2.420410552544722371e+00
-4.881868091538385634e+00
-4.101622746990949864e+00
-3.037600531736165621e+00
-2.926018488712214705e+00
-2.016402669606674802e+00
-2.002172564343049910e+00
-4.117939858613144821e+00
-3.817397690805132804e+00
-4.044602411256773777e+00
-2.855029014173833701e+00
-2.371460173522430992e+00
-3.072483011517747720e+00
