2.879664074028180643e-02 6.667118004576176593e-02 2.542224361880944875e-02 2.292686825738611545e-02 2.887250349750910758e-02 1.024294327588468403e-02 3.300510339447656344e-02 3.743404398924290999e-02 3.019071232553827838e-02 3.701803381011405797e-02 5.830317078180514805e-03 2.070365475637447536e-02
5.316371219410876564e-02 2.669144610161614667e-02 1.967934559052048754e-02 6.705687127118364899e-02 7.054220651521682893e-03 2.764665084147024943e-02 3.912152983463493966e-02 2.754401674929051261e-02 3.927191790588072801e-02 9.188585490401936923e-03 2.061848531821072750e-02 2.855247421162125307e-02
4.266451755782959404e-02 2.694382158989493126e-02 4.948330591713538673e-02 2.683512258357625968e-02 4.134965821689304960e-02 2.259925788571155725e-02 1.476179820749556372e-02 3.139547960020384887e-02 2.815954164981466709e-02 2.531563629947950617e-02 1.765875007442252453e-02 1.623731583521265814e-02
2.417669666266253695e-02 2.524445949896634775e-02 4.207559855578191232e-02 4.588058377880243482e-02 2.342576457498013465e-02 9.072189094687429373e-04 2.243630327274550793e-02 4.237045077997908527e-02 2.556635263926825691e-02 3.594751262857682345e-02 2.158430355748729504e-02 2.637708352348584404e-02
3.593096058850094726e-02 3.424415891975527565e-02 1.059142845393766345e-02 4.856922592248582443e-02 2.310419427129010300e-02 3.958621981627619829e-02 2.372210521045634707e-02 1.764762021795183641e-02 4.680607022458471017e-02 1.222706387910090647e-02 3.499561829362207721e-02 3.509248263357541558e-02
3.583910169740364693e-02 2.774970723964016728e-02 3.431777305674386935e-02 6.901102495847610818e-02 3.159385780884163553e-02 2.131793252233546432e-02 2.229249915241300964e-02 2.158656376997452470e-02 2.794054466187739262e-03 1.727912624903139155e-02 4.393520352191106204e-02 2.860607485850107101e-02
2.541313749765512775e-02 2.476706903904948506e-02 2.215429720268967742e-02 2.413640631930679195e-02 4.020625995656100515e-02 1.198720323531082127e-02 1.695935904272251327e-02 3.149169650323889458e-02 4.231515361439493195e-02 2.563121737949480838e-02 3.331274335156171607e-02 4.925078384957053135e-02
2.783317929753295270e-02 4.293715578510177294e-02 7.925945766396446518e-03 1.487492543193962291e-01 1.741684872684302193e-02 3.773449157026718265e-02 4.534502853986450283e-02 1.911894393786252311e-02 3.174344730162472102e-03 5.547177268083612611e-02 2.478295163883636326e-02 2.387041121746408256e-02
2.554829032590716018e-02 4.128040000528161030e-02 2.875942219895534502e-02 4.695960150135836814e-03 3.532550537193369922e-02 3.139525599488848795e-02 3.014087442771142336e-02 2.709013986637221275e-02 1.389207362181703320e-02 1.481989493242226626e-02 3.447966948809145366e-02 5.184394632043556883e-02
2.063888133452626214e-02 4.508451840567905683e-02 3.860078072730332294e-02 3.127057655018029153e-02 4.186975371960267173e-02 3.292092478046860365e-02 1.893020643622141813e-02 1.942623390108761186e-02 2.030268674776416343e-02 3.594194026085307386e-02 1.153485305752399194e-02 1.835876333402821498e-02
5.828632754118742709e-02 2.543987595668900648e-02 1.572375602064714911e-02 3.674024288744150851e-02 1.686955315871649722e-02 2.098599909357251256e-02 3.085837056273820368e-03 2.437017036590562180e-02 4.190716190897695453e-02 2.934103607122172039e-02 4.129864438753207134e-02 2.924975723222853971e-02
3.096906375223704849e-02 4.059999860922710452e-02 1.628888585040683470e-02 3.496309307191088067e-02 2.362116536214398793e-02 6.783092317100991586e-02 1.157964631362392791e-02 6.104512978269909657e-02 2.774094086087849215e-02 2.494383111866031039e-02 5.566504095455983292e-02 5.426185617564225488e-03
3.939574903201269185e-02 3.654703854621583342e-02 2.590262170069868031e-02 1.902218996841551282e-02 2.031043975834988247e-02 4.291092001512198523e-02 2.810478905354390003e-02 3.305466457509735612e-02 1.839778414165056664e-02 1.497484906447714426e-02 3.217674778452585954e-02 2.758616063064538507e-02
1.758148535749171071e-02 3.231664588936995763e-02 2.637306150492740517e-02 1.360831960633611740e-02 2.974480557490853314e-02 2.673423970743736208e-02 3.904148891965925766e-02 3.523588803533062030e-02 3.068309571105943059e-02 1.797647852370549623e-02 5.254802509356115009e-02 3.256735972924485606e-02
2.073202109126155018e-02 1.663574599247947400e-02 2.476146007765856263e-02 3.640504067488493922e-02 1.876167470511269988e-02 2.821885380359544226e-02 2.116526907691567913e-02 4.170641458911054922e-02 2.691548023036549608e-02 3.358279291789491305e-02 3.334890727494842222e-02 4.428808207088701099e-02
4.305485650497088007e-02 4.927924171257135749e-02 1.491805179821757178e-02 4.975334721734744892e-02 5.781856182087436423e-03 4.976104315885294949e-02 2.457821302730053489e-02 8.850244113426121093e-03 4.355896610930067026e-02 4.341580516161536174e-02 2.900158446209750301e-02 2.559746032762887438e-02
2.919687178880605097e-02 4.153520602554158087e-02 2.722661678511834396e-02 6.053751295858665268e-03 1.893282477447266049e-02 3.069536771973290640e-02 3.998160370546318537e-02 2.948364729734851558e-02 7.282304523179579381e-03 1.314574708329245036e-02 4.899781871561888907e-02 3.931250849675792247e-02
2.485804012917139719e-02 6.999461501175985485e-03 4.841652658292802669e-02 2.347928886277055038e-02 1.084666016361161313e-02 1.374922058794249106e-02 4.801301541654869054e-02 4.047823089172995076e-02 2.748114614476966644e-02 4.567174067530737486e-02 2.655258889493937458e-02 3.572747767464734547e-02
1.684055625719461588e-02 5.915830440928005612e-02 2.936971488509743447e-02 1.050165420424989046e-02 5.606191049895591083e-02 2.149839562156583006e-02 4.051684112434306151e-02 3.554173808778545579e-02 1.463022362066193627e-02 2.356835888086359493e-02 1.750421811076968009e-02 6.116712132367859572e-02
2.543264292739552679e-02 2.702718552246323111e-02 1.630348574945236426e-02 1.106346918793314413e-02 6.589603474479636958e-02 3.017327180687107840e-02 3.009863074303853470e-02 2.465508611467907493e-02 3.755889170938059296e-02 3.741594515947972710e-02 2.956949983326960518e-02 2.558715615706277924e-02
7.206325976274280572e-03 3.693476385148940222e-02 2.602354717151396032e-02 4.014027725578166172e-02 8.530837877356495930e-03 4.617452603925600169e-02 3.269399895217150326e-02 1.705641995834963898e-02 4.815545385607813977e-02 4.535652186935773544e-02 2.345607754698265240e-02 4.301879633583406692e-02
7.756378468691348289e-03 3.205616433941270438e-02 3.692864925004259169e-02 3.922635176915734156e-02 2.375911295012725702e-02 6.150830314193993925e-02 1.860242621860279041e-02 1.690891900373402146e-02 5.183020765359940690e-02 2.917478138251968639e-02 3.310242503440370687e-02 1.029231327338477227e-02
2.928576136807554617e-02 3.249008595216056061e-02 3.914308796346049890e-02 1.613049955798749602e-02 1.699612549258633365e-02 5.919369007855272702e-02 2.061031922498625379e-02 1.982162011364053955e-02 3.298189823878044935e-02 1.980079761759237500e-02 2.043357794135249039e-02 5.731336950982376943e-02
2.697396033582973029e-02 1.499942635035252797e-02 2.304009969110242320e-02 3.038743891553554594e-02 3.603899834011838055e-02 3.433054791599849526e-02 4.935610284859729552e-02 2.179378396959182410e-02 2.453585412630091001e-02 4.484909233784760418e-02 1.160077089541997238e-02 3.186666499756309751e-02
4.458505606800687582e-02 3.575525194685855862e-02 3.326474688532910645e-02 1.743159116232521205e-02 3.543715505508966690e-02 1.832919082080311859e-02 1.880268075179816756e-02 7.148716074925990163e-03 2.180757764837861282e-02 2.945325117474326820e-02 6.610678847684707538e-02 2.368406295370199463e-02
2.065069829051895470e-02 3.420545510407388412e-02 3.389724783559140697e-02 2.965429922844214916e-02 3.772094861947652283e-02 2.606428403712697170e-02 4.562005997116880956e-02 3.217427572897683941e-02 3.986727203072237130e-02 1.934152252162893784e-02 1.204996601110988781e-02 1.186795459886134420e-02
3.172477090531029831e-02 2.400229069867664683e-02 1.640590396892861041e-02 2.539273581706017607e-02 4.160746041220014790e-02 2.243207978859932186e-02 2.810602070382625661e-02 4.169730906659756958e-02 1.976216602268804357e-02 2.672112060309894677e-02 4.443964585475448925e-02 2.737469383837510747e-02
1.511387227400568835e-02 1.565064078894834454e-02 2.475866943400341705e-02 3.253039422135094866e-02 3.012455449176286437e-02 3.640077149699812858e-02 3.021452201969836507e-02 4.569698747200694883e-02 1.670298920102723100e-02 5.192514412913575711e-02 1.186073720781462282e-02 7.514707212058097108e-02
4.133575736700166592e-02 3.012984543678555102e-02 2.100838469487588400e-02 1.851947415047573708e-02 3.766259177978279610e-02 1.976118714403536300e-02 1.921103658178771600e-02 3.745875543203834590e-02 2.006286939044601980e-02 5.275997042271670517e-02 3.638287903744907847e-02 2.284065768232837815e-02
2.393604661164692657e-02 1.817196796989692040e-02 3.653739610886436867e-02 2.510520137159256981e-02 3.660726791791413942e-02 3.909110083053887741e-02 3.177891053808785254e-02 9.154488795786409547e-03 3.671845431525946890e-02 1.819694469147193835e-02 4.430040700068581250e-02 2.929791098575887029e-02
1.954104335224504316e-02 2.418209691494754843e-02 2.217956254364285285e-02 5.768650507846279085e-02 1.534376387423612561e-03 1.779267445743331483e-02 5.052549737106701300e-02 2.963168806231725183e-02 4.407173735841390244e-02 2.409392538732417835e-02 4.793279106696243796e-02 1.958977428892738626e-02
2.457450806335884780e-02 3.813062490198541182e-02 2.056796213388514816e-02 2.797011595792182198e-02 3.895670595155174137e-02 3.007088049120418619e-02 3.152297753306142897e-02 3.235624127287228119e-02 2.917521686806127945e-02 3.342284384023100352e-02 1.303684187503657832e-02 2.646340049933802036e-02
2.261909442392695535e-02 1.632868203527531453e-02 3.772762693424015767e-02 2.387126777441335099e-02 3.496651994405201858e-02 3.863077356009923802e-02 1.448758560811968729e-02 2.489224260654604795e-02 3.061559478400516232e-02 4.409743133385282676e-02 2.853919685681540613e-02 2.804415408596505968e-02
3.750364198022915901e-02 3.233643007440566847e-02 2.556322278148179597e-02 5.918013790067830349e-02 5.623331706193306599e-03 1.439319189909400373e-02 5.777769641695071345e-02 7.568932396869839513e-03 1.772614083123027692e-02 3.519280968660960102e-02 4.418662364167823264e-02 3.046215815945234329e-02
3.704475965614092980e-02 2.194410046466767003e-02 7.963515886230525601e-03 4.973913299386621689e-02 2.842201370646816466e-02 1.098381229368346201e-02 1.030236748587225366e-02 2.522469402481337247e-02 4.466676479173455755e-02 2.598272808173007070e-02 4.427683645240542559e-02 3.777795512384587301e-02
1.189940285008391982e-02 2.751337836716481744e-02 2.179572289919911449e-02 4.363108283074557114e-02 3.251214060652692084e-02 3.335092290503853529e-02 4.252790920623569088e-02 2.132347742570365676e-02 2.611224285106319640e-02 4.360135834831628532e-02 1.565736270374162506e-02 3.440183340487756869e-02
4.086440059642418993e-02 3.598291325977930749e-02 2.863541972256426413e-02 3.160815863059807801e-02 3.408566109519460541e-02 1.915481065941801800e-02 1.909671324050547098e-02 4.561681345275207106e-02 2.930948578499234861e-02 1.941888345813720012e-03 1.005209492179061359e-02 5.602896538403835669e-02
4.049503971317083492e-03 3.458192864240008935e-02 3.500663979450829855e-02 3.820228336316801310e-02 3.226101204075350337e-02 1.603580497988474698e-02 2.363964288587688811e-02 1.862158727077808246e-02 3.193423096114588605e-02 3.220982339401379929e-02 3.408880877799083664e-02 4.035773461576436932e-02
3.496367405881864367e-03 2.408337868584141742e-02 4.716973436545275622e-02 1.133954905519201153e-02 4.895041200145892890e-02 2.221948280707144313e-02 2.400112270094615849e-02 5.520636269687444198e-02 3.324812247307813717e-02 2.679791498454522566e-02 5.156338376646087823e-02 1.779595917128374422e-02
2.958481453105028802e-02 2.822985626573752335e-02 1.436336884139045866e-02 2.032478636357619786e-02 3.859903499936899463e-02 3.989689159500293264e-02 1.754447049563366903e-02 3.511317937383959947e-02 2.949495168099929704e-02 3.917235610080960218e-02 2.245638807231392989e-02 3.398779542414780142e-02
4.245818391222516003e-02 3.055792505191222419e-02 2.692101826476667528e-02 3.409357658488433931e-03 5.821043779507063809e-02 2.094511998965472785e-02 4.420067836634372638e-02 3.337781371638342404e-02 2.300091836576591969e-02 3.668072136235733804e-02 1.253380044401065756e-02 2.580382240796252544e-02
3.432849528798901512e-02 2.905289241187070798e-02 7.974148353194332461e-02 3.157662184017223650e-02 2.002098232146708526e-02 1.991401921971478264e-02 1.892458278652767167e-02 2.252827658505574329e-02 3.142946606197504628e-02 2.946503968220252293e-03 7.174465121806172796e-02 2.364164795975400371e-02
4.648582094391702502e-02 1.826158370412485701e-02 1.531823517998608282e-02 3.047421103114306834e-02 3.976161867969947583e-02 3.834204873688747822e-02 2.851094392342069447e-02 5.050140599082513643e-02 8.899961807914124126e-03 4.078509251026957855e-02 1.161240089404381656e-02 3.032592977867584402e-02
2.020511954792774192e-02 2.692407402467914684e-02 2.712043475375153917e-02 3.512756802191732003e-02 7.889596751113284873e-03 3.438640165942220134e-02 2.704136281614820045e-02 2.527900904556688866e-02 3.403863082332090478e-02 3.483584548800822828e-02 5.513103950026938815e-02 2.399067917455137075e-02
4.415192540635202306e-02 3.158463460291782710e-02 2.090487054644950618e-02 1.514991722054153007e-02 2.998756054976298505e-02 3.294380842314956898e-02 2.350488309378022389e-02 2.788685123792290430e-02 1.186391086763732144e-02 5.137520187500654867e-02 2.243360508522681748e-02 3.684542414598489246e-02
2.209111162571604850e-02 4.227180968047412890e-02 4.898684547974297560e-02 2.128557078352406873e-02 2.069162924662554248e-02 1.966349933391341870e-02 4.394327717766310232e-02 2.365594406035695027e-02 1.450645750554723119e-02 2.805311547717322801e-02 3.378115527495551690e-02 3.365831811633579473e-02
1.822266428959049347e-02 1.528561737748839779e-02 1.334069507743288092e-02 3.090051414946813971e-02 6.008520265413282851e-02 1.907402951245686790e-02 5.525093737864012616e-02 2.794751600728452579e-02 4.896728320876748280e-02 8.993698869600197029e-03 4.078096141389821183e-02 3.441560551375819760e-02
2.805695156710567503e-02 2.654598778346336369e-02 4.959489469710262610e-02 4.945015292593197415e-02 1.831078220041875565e-02 1.639467610787617713e-02 2.282530696909840576e-02 2.512016698748821206e-02 4.841125495778608734e-02 9.849043642570144697e-03 6.975612908088904551e-02 1.822524491924372783e-02
3.053077223686892147e-02 3.903223038310414672e-02 3.122650444639331335e-02 3.982310957695388981e-02 2.833786811066844533e-02 1.355838565009614798e-02 2.358495174371210215e-02 2.467520392952715982e-02 3.254077375086522617e-02 2.367745919005694033e-02 4.431880833274356654e-03 4.607133590687584324e-02
1.868919480962471374e-02 3.132535329570467625e-02 1.042274392625512115e-02 7.949171761074362574e-02 2.330217859888650614e-02 2.600061088947693000e-02 5.383992594106332130e-02 2.351405554678317675e-02 3.434203867819726752e-02 2.320588315313251021e-02 1.986889900279786847e-02 4.276021143977688094e-02
3.504911365831744202e-02 2.371487545975333594e-02 2.773804210024007240e-03 1.469870246497299686e-02 4.616874869575635087e-02 6.919617102472188155e-03 3.059755510874054285e-02 3.551238370598246846e-02 3.712187949861982250e-02 3.291222168147021204e-02 2.661941485208585770e-02 6.162990183489085172e-02
3.189741417625045067e-02 1.731029258755283420e-02 4.341555008973859570e-02 1.847716567567122062e-02 2.879986879121847546e-02 4.993514393002895790e-02 1.313357230833069565e-02 4.256874183194104405e-02 3.544907017827167439e-02 2.703525004422996370e-02 2.965773883208643047e-02 2.767548163579117149e-02
1.050412634213548739e-02 2.290506320200866308e-02 4.551095831316958468e-02 3.149968056068645078e-02 3.473056477326734448e-02 3.867007365625756143e-02 3.376655431381254263e-02 2.517056952562389885e-02 4.658885265180944674e-03 3.691332033186695699e-02 3.517714490529221666e-02 1.145713080131490792e-02
7.077163576139535416e-03 1.487349909384215463e-02 1.753614766192322302e-02 1.623077589041087634e-02 1.975220309476515695e-02 3.592673259919797885e-02 3.104913880151216957e-02 4.458158942260531665e-02 4.008555179326226542e-02 3.177289404284453639e-02 3.629086665393767286e-02 3.358960261704744404e-02
5.674100277486809202e-02 1.515552040223313787e-02 5.073013392382986347e-02 1.215757543792974661e-02 4.744984478588962218e-02 1.137561335836449750e-02 1.628393175697131004e-02 8.225509769272779104e-02 2.991583745042156184e-02 4.571506832598304371e-02 1.587473236422008369e-02 2.831753847884010966e-02
2.614042455101027798e-02 2.538737224141653440e-02 4.035492758931917556e-02 2.304138373351955621e-02 4.286917550445138586e-02 3.061502085645210341e-02 7.531543757000810912e-03 2.491222340852138756e-02 5.258684627550255092e-02 1.628424362546703266e-02 2.266193346734880418e-02 5.288558047135887702e-02
3.492463056549712647e-02 2.730962224476054037e-02 6.504373108168509665e-02 2.211643432940066378e-02 6.437181662577969032e-02 2.480317672611522320e-02 2.640096498346854517e-02 1.610406949622030306e-02 2.056712710704013125e-02 1.318419474997256299e-02 2.469916437633635359e-02 2.356922529494410654e-02
2.774749274559512938e-02 2.475219113618494851e-02 1.732272945188308502e-02 2.359684211491834202e-02 3.268655218846040766e-02 3.006639460495703908e-02 5.349069951694005592e-02 2.254493544593177967e-02 1.117625120330454323e-02 8.643000456423380329e-02 1.645685234232633840e-02 3.567571781264868014e-02
4.330251783599233656e-02 2.088323194897683324e-02 2.195039839772515607e-03 1.417167854749421321e-02 4.036134738097021252e-02 2.737218176267440170e-02 9.317204665608912195e-02 2.541551521322477775e-02 1.436773340470014898e-02 7.977528780545391218e-02 2.291007708846894489e-02 2.267591791108578350e-02
1.512705366960467694e-02 8.461716738896186973e-02 5.740137268195041019e-03 2.914744732658831883e-02 2.817039798475086051e-02 3.373053599446580730e-02 2.955055392249457749e-02 6.658942316234660146e-03 2.213826098039220827e-02 4.898589316223465884e-02 2.752615536623137862e-02 5.706196859014354972e-02
1.937029295444728932e-02 1.546464564303929798e-02 4.613469502451517795e-02 3.348725958511176298e-02 2.185288881174241027e-02 1.794938526973385851e-02 1.638973251969822603e-02 4.198072543372353971e-02 4.735852458205087878e-02 2.548006439680085278e-02 1.897826929956369924e-02 5.844071799146239449e-02
3.819161074241318732e-02 4.268092592997616008e-02 2.983320414937125006e-02 3.727761911889864582e-02 2.363107956536312712e-02 2.426892388999907918e-02 1.247043024266663441e-02 2.320026008067548745e-02 2.988123085225026510e-02 1.671693648220749437e-02 3.406624402635981957e-02 2.763220934066983048e-02
1.748180507628778121e-02 4.756756064970548564e-02 9.926300214899371616e-03 1.115503956300614719e-02 5.686898798851838105e-02 2.444518869470382189e-02 3.793941238015431650e-02 3.761227989950632900e-02 3.162533801791476279e-02 5.382761197254050389e-02 1.532284511672034506e-02 1.250929040011563437e-02
2.176143469493407520e-02 3.024330325759090263e-02 3.494784517172665889e-02 1.841656837582029277e-02 1.472640705798541720e-02 3.906389546145911523e-02 1.659543079472469360e-02 4.260373484925122217e-02 2.462663732951714604e-02 3.369878535012281462e-02 5.158242174117156492e-02 2.898426456417998662e-02
1.857147952924746714e-02 3.566277896802093339e-02 1.834667896018076991e-02 3.207906765906262669e-02 2.744453397786096940e-02 5.811121395593416700e-02 2.084068632746043093e-02 5.730527602515001623e-02 1.745474381500814604e-02 9.693860685183812789e-03 2.080481984380067387e-02 5.284751448332359464e-02
1.451118860397073752e-02 3.380280263481756642e-02 8.515939024288859266e-03 2.165353393770286239e-02 3.180370988838396307e-02 3.344478936948688808e-02 3.797488432366263877e-02 3.259665823460512757e-02 3.364677824018371538e-02 3.990796415183824747e-02 5.486013013293408042e-02 6.327561398136305817e-03
1.503524576247252005e-02 2.441751185583252229e-02 2.056867267524663603e-02 7.551553828015704350e-02 4.170124446238283183e-02 2.444669193664261025e-02 4.328398591368991938e-02 2.883085167752857600e-02 7.928517502074747605e-03 2.068383333342340216e-02 3.238108847043871807e-02 2.362320499894436654e-02
3.568812350758975016e-02 3.553454025167217256e-02 3.483001349345351411e-02 3.849340942464807985e-02 2.931237615876884639e-02 1.037691815672778239e-02 3.255359907689344551e-02 1.443766347172825877e-02 5.147672909913564472e-03 1.310637929025171462e-02 6.657278224602350414e-02 3.250369978374910429e-02
2.204792259482199826e-02 1.433815040557812927e-02 4.103801191738031678e-02 3.592983735547663256e-03 5.257223937141492637e-02 2.055386660003184068e-02 3.617495683570848275e-02 3.253212742824736214e-02 3.621614277406666471e-02 4.041968934257618440e-02 3.822194276796662266e-02 2.342561051353857574e-02
4.131724674991894136e-02 2.728234515758800466e-02 4.354212068196232355e-02 1.619122528597463639e-02 3.751583520852970477e-02 5.240407491076638433e-03 1.656209377606673167e-02 6.439853382151648764e-02 2.733759132615022971e-02 3.102782983540727790e-02 2.338358743136263393e-02 3.157843560152925194e-02
1.298564447038975250e-02 3.002615242480377936e-02 1.787912852422044244e-02 3.310784952444248419e-02 3.571129276507138683e-02 3.466154622526188694e-02 3.774995244533855404e-02 3.666847598888503534e-02 2.911425261619985522e-02 4.422973673139487388e-02 1.802309998441106037e-02 9.296388077657787366e-03
5.955935150788193438e-03 2.094574806050420249e-02 5.365550733403964823e-02 1.866752530506490468e-02 2.484638841965984210e-02 1.558742786380171337e-02 3.827042994221967892e-02 3.409022433152923692e-02 2.393430715974317544e-02 4.964801697735571340e-02 3.687002531948321837e-02 2.935764811024821688e-02
3.308893628418110855e-02 2.712979436236907099e-02 1.810867760664621254e-02 3.376819824011385862e-02 3.764289234824602648e-02 2.877945553274210283e-02 3.054126350603398460e-02 3.670047135852408382e-02 2.073083398641185557e-02 4.733726689042103836e-02 2.140787438929301137e-02 1.768514835579119635e-02
2.927838466281847130e-02 2.240319814981535373e-02 2.005106342284428134e-02 5.252269949478580342e-03 1.627770350574589062e-02 5.331298515537977872e-02 3.112973220035648164e-02 4.306311804577304947e-02 2.129602464393702890e-02 3.836142130401604122e-02 5.247414012893907714e-02 2.227523447322871802e-02
4.364131854975855651e-02 3.141212295391674486e-02 2.586023789398105011e-02 1.141238923640067703e-02 2.316323693599488948e-02 2.884898129453486795e-02 9.992671219677314379e-03 2.898897669385250980e-02 2.390668334234272510e-02 3.682688498002680000e-02 4.519833271379299078e-02 2.779132816262509451e-02
1.053834924301618597e-02 1.249361564147606282e-02 3.288399173750567589e-02 5.544770361926057434e-02 2.705396122502213771e-02 3.363103777716042186e-02 4.868783516336697148e-02 3.116995873812576298e-02 3.197350963466615015e-02 1.788915691299410721e-02 2.826065934736620919e-02 1.460151663201769180e-02
3.926116749074454182e-02 1.995191856989843998e-02 4.905579639296409056e-02 3.574800091487507353e-02 1.746132397899233593e-02 1.071186121625509156e-02 2.838940559846694217e-02 4.592008341256113152e-02 1.153814839897810383e-02 3.844457187259473635e-02 3.358468182033389621e-02 2.956957689619678017e-02
8.520679442793522088e-03 4.109084650154114920e-02 2.447878440967764593e-02 3.188943270805377067e-02 5.126899772379228670e-02 2.867827685166309329e-02 3.538573863241635531e-02 3.262115214322243439e-02 3.772895392547603866e-02 6.421207916632791328e-03 2.783060081573231551e-02 2.393612832797976583e-02
2.915619313772487009e-02 2.810111991051111868e-02 4.458550807585794085e-02 1.626446196417901877e-02 1.742516894996089943e-02 3.043086360644963254e-02 1.581572756785626019e-02 8.548355203357019261e-02 1.091943395171229500e-02 3.042200348740118493e-02 3.619247321470318163e-02 3.918038703998742711e-02
4.356361774386063174e-02 2.924168384986199770e-02 2.020432078092542633e-02 4.066410127724982837e-02 2.310675114941667524e-02 2.564781278453091493e-02 4.333042934280381675e-02 2.629759339331920812e-02 1.901633265526507521e-02 1.535832715276017231e-02 5.670532183805614829e-02 1.967380838528873938e-02
3.638054992550573963e-02 3.472319446582725067e-02 4.500956368978472483e-02 2.081224693311670842e-02 4.332340642699371996e-02 3.640788720882192492e-02 5.605711320831015601e-03 3.937901723597364567e-02 2.681844829372096242e-02 1.998145652565932670e-02 3.795545267051943922e-02 1.559462020649896551e-02
3.009004713125300323e-02 1.824332673102463734e-02 2.769701110408907471e-02 2.391766299247551422e-02 3.243642535984082864e-02 3.694429370939727314e-02 2.692084890567402258e-02 3.070131114423193391e-02 2.305885925310053805e-02 2.014859901920417265e-02 3.366877951038964312e-02 3.607976883145461167e-02
3.730282150950654102e-02 2.895056625840149514e-02 3.729318915420371666e-02 2.851432346668548307e-02 2.108239350463456466e-02 1.727369271577877327e-02 2.235337099996571181e-02 1.325903451133797484e-02 1.521036905377570400e-02 5.729974714279677250e-02 3.637622698477965821e-02 3.148850105562348012e-02
1.067390486354620992e-02 2.820524274121176053e-02 4.760889746862589922e-02 2.948511886646466157e-02 2.631784649183733366e-02 3.605010195426888719e-02 1.737619873629705006e-02 3.458764191404411353e-02 2.575759595457306067e-02 4.128321504583587487e-02 3.179140684262607430e-02 1.144329658729282585e-02
2.254366125079656016e-02 3.832980425682709635e-02 5.047989183360697407e-02 1.226366493249791446e-02 3.887519676117887069e-02 2.186225877858222200e-02 3.700812123317770430e-02 1.410460284521665615e-02 1.827338915547271556e-02 4.068653531823778619e-02 2.807981177096880235e-02 4.113176856428369527e-02
3.456502013420614111e-02 3.116402764997519212e-02 2.925715836618983726e-02 2.944645927752539971e-02 3.032139957835687603e-03 2.994049037687768894e-02 3.091546712119059778e-02 5.225696801254785251e-02 2.817859635325163647e-02 1.861169770359700007e-02 4.468536804246024674e-02 1.569146154231150156e-02
1.658569978238657108e-02 2.495290137214194182e-02 2.732943532531773717e-02 2.523701586413608713e-02 1.449595998222445031e-02 3.057471026152528901e-02 2.121842663160988796e-02 2.894323914126554348e-02 3.018906848800062895e-02 4.329372565968696296e-02 4.148500760089039036e-02 3.902738064605272561e-02
4.446066273234375484e-03 3.492030294066491430e-02 3.334140631388801679e-02 2.670421119351526831e-02 4.056606499006972649e-02 5.023576591768254274e-02 1.781661741478957756e-02 5.154976568934886531e-03 2.478024475496964224e-02 4.224768566550163307e-02 2.101626609743551671e-02 6.224905502394330326e-02
2.535250834734548153e-02 4.472360135720463564e-02 2.520007970868484368e-02 8.964639345387881431e-03 2.647059572197577038e-02 3.008225713367655013e-02 2.102857616884604153e-02 9.490715321135547236e-03 4.483772332663914922e-02 2.524324100428700438e-02 3.231403412141545944e-02 5.128664411983979016e-02
3.477370209561483905e-02 4.280129366604475127e-02 3.717680336609402447e-02 3.001025864830273587e-02 9.807239684928329912e-03 3.965497060358223747e-02 1.822144317525939416e-02 1.554846534782448192e-02 2.695555941633515779e-02 3.034380568907586034e-02 4.258641634692766215e-02 2.212942796158992587e-02
1.410842826618321361e-02 2.483243412194525643e-02 4.887140622302561105e-02 2.123025994718447801e-02 2.191271185408372527e-02 2.957437726273312584e-02 3.612392364686666663e-02 2.534550515669330151e-02 3.275585963056733968e-02 3.922461440038671476e-02 2.643052240385313986e-02 2.615186086022831119e-02
3.395648604717532021e-02 2.236680781161441700e-02 4.228912106454181530e-02 4.249077752622545251e-02 2.289903640671466303e-02 2.736513922126592845e-03 4.775357056375890974e-02 1.958066478520337217e-02 1.963032056319683957e-02 7.287585121050396686e-02 1.743140915567712931e-02 3.479639974534654706e-02
2.283030461288467969e-02 5.534249866704323700e-02 2.407556012840246160e-02 3.549083787528432843e-02 2.559491706017024207e-02 8.104799177255955778e-03 2.712936309075031013e-02 2.887943856341758722e-02 7.003546994197513628e-03 8.111623064431719432e-02 1.851686612975078292e-02 6.312965153826373410e-02
5.366141937495683134e-03 2.948415443302757066e-02 5.400023620762787330e-02 1.459573932591202126e-02 4.727424377597748417e-02 2.301499754852949151e-02 3.264594507023743652e-02 4.115317736031894741e-02 2.754635080148231524e-02 2.686608629358019917e-02 4.763191495004352738e-02 1.569209858522678525e-02
3.258230077474985609e-02 3.152985328332776060e-02 4.001549774533218889e-02 2.401989167558082894e-02 2.387609217067803227e-02 2.299697351916835802e-02 2.312586455237856595e-02 2.444321266666286963e-02 4.205553661239973956e-02 8.436905628737922588e-03 2.732049989482853228e-02 4.576635188598348475e-02
5.631459634152642668e-02 3.756087216132024398e-02 2.499588279255384599e-02 3.025286792096735372e-02 5.412639715493030440e-02 3.085459790554282572e-02 1.501571286539278918e-02 1.567766790972604379e-02 3.390706158139694670e-02 3.124559651736228544e-02 1.022656822329235174e-02 1.515546882223610739e-02
2.946038844509709861e-02 7.891512025811030229e-02 2.738900465052322708e-02 1.491505717564890407e-02 4.063589986708759927e-02 1.741534074049592637e-02 2.688192124898352783e-02 2.739678976897834753e-02 2.916304487259706313e-02 2.557297642704853963e-02 2.143950691148054088e-02 2.998690535597097612e-02
3.192608006476682636e-02 4.879660185745681583e-02 1.935449886756024709e-02 4.771248243922134730e-02 3.462743272236595143e-02 8.900914519965975880e-03 1.150126669064026330e-02 4.923651154214529063e-02 3.453668508007753934e-02 3.654883448746726327e-02 2.252092281067772511e-02 5.161240900844596066e-03
2.706986370849339199e-02 2.903267387266391872e-02 3.110761025994466730e-02 3.430836067678140477e-02 2.002282771967486830e-02 5.694322922133183279e-02 1.739717381432911991e-02 2.298856762439969309e-02 3.050145045693158224e-02 6.284140159667270242e-02 1.979555662082721837e-02 1.275937290035028017e-02
2.809301116937107726e-02 1.381764841392149612e-02 2.556861681530985843e-03 1.912324567879306741e-02 4.753526136269120572e-02 2.151012977962417361e-02 5.262977483224832997e-02 3.105571333880277965e-02 4.555563686084415642e-02 3.162416906302387837e-02 3.656618917055648454e-02 1.925702118482089734e-02
