4.653496044491913786e-01 5.175609946693995322e-01 4.613153874361451967e-01 4.081436436566846515e-01 3.849804992546866922e-01 2.680658966917448538e-01 4.710617896063238330e-01 4.897960268139927575e-01 4.763908306406891002e-01 4.749804597394974293e-01 1.928223554657816086e-01 3.895325115758868084e-01
5.039422239289426120e-01 4.618355093040356074e-01 3.976153146821660989e-01 4.913343546905530879e-01 2.071795777288315543e-01 4.474230789842547074e-01 4.850334194586821690e-01 4.625221124026284159e-01 4.695540397229607810e-01 2.504677083009849703e-01 3.660483682097281366e-01 4.570442925862156502e-01
4.774381148007633135e-01 4.607961318470238377e-01 5.007238663358128949e-01 4.608838303579121387e-01 4.763840110207154810e-01 3.941055182174053595e-01 2.953249705192316776e-01 4.307599599382534450e-01 4.340171235066854760e-01 4.108473579936072761e-01 3.169849700214855126e-01 3.417341454411558233e-01
4.012323410567840143e-01 4.512064116157216698e-01 4.985482661929008241e-01 5.042583935391938832e-01 4.796213644697327472e-01 6.226180248670552808e-02 4.609237964238837026e-01 4.934160518113044902e-01 4.495572622744816171e-01 4.509420449438634182e-01 3.741569275126342964e-01 3.738753376728276012e-01
4.812047210615794657e-01 4.637417843496336456e-01 2.625082194917474632e-01 4.649691276929865946e-01 4.121666041704883932e-01 4.664182811542251783e-01 4.077516593390854704e-01 3.485756926894568730e-01 4.508691423080830596e-01 2.913076884817935586e-01 4.692231207439592211e-01 4.812639585169687928e-01
4.641802472297468785e-01 4.522832474357355581e-01 4.798551559752576301e-01 5.180807913289124933e-01 4.687584778228836013e-01 3.905180268195429516e-01 3.637032051576318814e-01 4.145626004610666882e-01 1.207619770649751845e-01 4.014127951619775314e-01 4.787968316957132986e-01 4.470866438466556958e-01
4.260407607936175234e-01 3.799161306471371402e-01 3.655896995878758493e-01 4.114818533421105151e-01 4.657294444967193803e-01 2.888645152482498535e-01 3.315407413582370233e-01 4.488216389282235208e-01 4.800332557680866419e-01 4.414924786574527804e-01 4.677403017937516450e-01 4.927491793785796492e-01
4.190949147077339121e-01 4.576577547575568783e-01 2.422775993006017758e-01 5.604093519616962782e-01 4.101263087375058847e-01 4.939347302088112901e-01 4.987740077265035432e-01 4.456687230368843178e-01 1.184054215925041537e-01 4.947457098228591477e-01 4.364599725778026129e-01 4.224455055695738870e-01
4.766114333916138812e-01 4.918260427886702590e-01 4.604740647621562433e-01 1.549579245925996607e-01 4.571856712576550241e-01 4.634077096796775375e-01 4.600560640468695506e-01 4.212349632132036392e-01 2.925155840772551419e-01 3.353331479456986841e-01 4.791565710222089880e-01 5.072408232224463465e-01
4.114456316705371597e-01 4.973531819378010366e-01 4.955686153074217448e-01 4.866120035774101904e-01 4.957690089609415041e-01 4.691430481080026138e-01 3.610942843521351975e-01 3.295842370839420776e-01 3.808486205834060723e-01 4.589815714934081248e-01 2.864675410302826575e-01 3.271322558947332149e-01
5.108114602725097875e-01 4.517987569122831060e-01 3.161401362894258327e-01 4.226969227686462327e-01 3.367897154475829602e-01 4.306785917786727369e-01 1.153626490786350822e-01 4.552831028998115537e-01 4.939037797902852134e-01 4.838877840259187546e-01 4.992395132647274858e-01 4.834075874715315080e-01
4.516016327011183051e-01 4.749747270762171292e-01 3.448285816429375039e-01 4.329061736888244472e-01 4.121645755143547030e-01 4.985816550155953153e-01 3.057194071264380808e-01 5.039237426498073269e-01 4.626077477837369223e-01 4.462709506484028865e-01 4.902324721807938546e-01 1.761883339717744135e-01
4.850068247065449922e-01 4.746977172208918239e-01 4.185969689450403930e-01 3.287640195298947576e-01 3.751040718137942376e-01 4.759898179869569979e-01 4.507410637662709330e-01 4.520675665644861008e-01 3.481908514149195111e-01 3.011086509817326728e-01 4.397897443005048812e-01 4.499427027689856251e-01
3.493730958115802698e-01 4.317070006266938709e-01 4.103507146584070564e-01 2.852939501013560530e-01 4.179229787546943076e-01 4.327490414325489976e-01 4.781331951163708127e-01 4.674446700063006332e-01 4.375817890877757299e-01 3.566057092189732769e-01 4.854817177464642031e-01 4.473561374388632661e-01
3.850544514043430233e-01 3.141301485110446490e-01 4.037242735533586036e-01 4.545480733751513513e-01 3.587866231813210405e-01 3.922373929227277456e-01 3.740707127169939916e-01 4.648990811009945379e-01 4.347111398664548210e-01 4.652287431143590779e-01 4.696836189917135140e-01 4.829257412615934886e-01
4.912694822745232726e-01 4.980067063414080342e-01 3.536899305299237017e-01 4.608891721091177285e-01 1.883388210630127790e-01 4.909452986278277642e-01 4.345217039484760568e-01 2.396649229507359091e-01 4.759291611289885870e-01 4.819992659158541248e-01 4.452273350922819062e-01 4.395182000178559645e-01
4.856632272836173825e-01 4.957328281973500950e-01 4.616611223840416667e-01 1.943907892130878334e-01 3.786393060252511988e-01 4.678695969497247420e-01 4.896354043554099755e-01 4.600460072882291973e-01 2.174336059886376182e-01 3.534615268856525772e-01 4.996517110290309427e-01 4.958148743999955532e-01
3.968793899381622414e-01 2.170755034881945433e-01 4.889890058912958470e-01 4.343549575366127957e-01 2.676130094165184437e-01 3.342600664427284318e-01 4.935612805965897687e-01 4.904912724759689646e-01 4.706446809266367493e-01 4.955218382244453990e-01 4.529964143479772165e-01 4.576125807148533342e-01
3.904592056285757229e-01 5.002530390034785057e-01 4.484007539444280210e-01 2.627842864560993030e-01 4.816831706024939375e-01 4.171847755838756777e-01 4.834907499238793593e-01 4.698500525919311333e-01 3.252613248750833019e-01 3.547164236449059649e-01 3.682645046323532734e-01 4.976517131129098992e-01
3.992194788368709224e-01 4.066089381589736984e-01 3.208027538100453602e-01 3.010928589298965119e-01 5.062286727622345994e-01 4.566724996051137464e-01 4.396522761548176117e-01 4.079262281201412876e-01 4.644756173348199568e-01 4.665183388513713392e-01 4.335265032823674147e-01 3.972758341532868220e-01
1.970152621365311996e-01 4.632357020894348199e-01 4.447147630162879839e-01 4.737423075161213415e-01 2.242188555232320635e-01 4.695649706235766052e-01 4.426199212045032194e-01 3.826412077133097833e-01 4.958161311862896992e-01 4.979409104567174005e-01 4.411512688260553761e-01 4.673386997079600480e-01
2.344752552810662471e-01 4.650201526097614280e-01 4.828371504411365089e-01 4.864786781966595197e-01 4.381207134424540683e-01 4.990087662733168616e-01 3.708929138926405633e-01 3.473322530133934882e-01 4.877710053411324354e-01 4.529433117518137930e-01 4.551957717019183836e-01 2.799240280547335979e-01
4.675291539500347482e-01 4.663781641076528706e-01 4.654514199628179139e-01 3.226657302736013477e-01 3.562553677553237930e-01 4.931644445941160693e-01 3.988210380022180201e-01 3.594354280070773955e-01 4.141782737228262290e-01 3.486714126454804052e-01 4.044087771899282924e-01 5.030407897889532798e-01
4.206836810598897358e-01 3.062189934530870628e-01 3.754704055364687099e-01 4.489426512186787122e-01 4.806893205201810404e-01 4.831541416435300995e-01 4.973331865876721158e-01 4.161751249138568309e-01 4.007642573717221657e-01 4.545059347354517554e-01 2.745258994433494304e-01 4.415364035160974643e-01
4.998295943692616650e-01 4.839846148816587257e-01 4.631938277850485286e-01 3.394036910177549715e-01 4.206702538192482743e-01 3.440986742100571871e-01 3.952723843677981574e-01 1.916592013687152263e-01 4.107179750876772673e-01 4.672814217750465016e-01 5.174952793743817780e-01 4.663930819433896868e-01
3.713919441986218706e-01 4.460786847894195328e-01 4.529360500101827780e-01 4.425980749555413207e-01 4.657046870758677626e-01 4.423288258223174174e-01 4.916935485234020797e-01 4.717315860825528895e-01 4.749282520876051961e-01 3.749866811310704762e-01 2.814503600928702776e-01 2.841713052305741005e-01
4.397009997683233307e-01 3.844254630866098532e-01 3.122256918239499912e-01 4.158112028215923406e-01 4.687984522622599126e-01 3.998186567571605510e-01 4.188718501645865011e-01 4.554190579051535237e-01 3.591027248972701869e-01 4.234598808301619499e-01 4.801140093866193004e-01 4.422520102962841371e-01
3.572643756775721879e-01 3.165877862123074316e-01 3.855491099202015270e-01 4.445978113191207393e-01 4.515614164680876730e-01 4.739978445293172582e-01 4.607134299073882833e-01 4.829049506218094368e-01 3.527915373419200362e-01 4.662282636594057283e-01 2.990624584853507351e-01 5.087410158575210728e-01
4.679086791636791753e-01 4.319813891838406028e-01 3.560662348931444288e-01 3.528545565917509674e-01 4.507611149773995685e-01 3.670648163558122290e-01 3.464336530043011786e-01 4.390018923624763869e-01 3.973108358108896065e-01 4.973311959193055798e-01 4.741813625753563688e-01 4.191042691620405214e-01
3.927540063841205020e-01 3.268364724189154469e-01 4.439346240587491166e-01 4.310794931661214302e-01 4.831344505409768120e-01 4.876619552144104697e-01 4.667498675203089475e-01 2.356215687795966129e-01 4.268457304519879814e-01 3.755133316571640512e-01 4.840455332220864326e-01 4.458229665855677482e-01
3.213712048515710573e-01 4.135358466120985232e-01 4.395025854595259185e-01 5.049859561209228964e-01 8.693811000553033908e-02 4.406021328331637954e-01 5.047458008349779979e-01 4.838799120127809661e-01 4.981124014587939297e-01 4.474455251040591053e-01 4.821520951356501605e-01 3.767284295709398267e-01
4.080102835142517259e-01 4.521213357495016405e-01 3.647003375867726715e-01 4.188732197433920890e-01 4.623906264851135872e-01 4.432440762589867078e-01 4.454247472941645913e-01 4.496051347377520435e-01 4.359608172012439109e-01 4.375056784706221058e-01 2.803134254419896720e-01 4.018503175162371766e-01
3.631987736671149491e-01 3.250335570898515991e-01 4.505546157812128083e-01 4.213060437101866507e-01 4.628823625482879622e-01 4.618275219719611413e-01 3.040646863176444392e-01 3.923387712471640421e-01 4.523649448834142772e-01 4.884194238501357588e-01 4.529037965468357130e-01 4.251055023862221338e-01
4.865050858815521129e-01 4.736381442009746090e-01 4.412795312118560354e-01 4.925688096686346440e-01 1.886238494153331668e-01 3.791989880514369249e-01 4.947878285498330531e-01 2.418837370522450569e-01 3.543562597377019618e-01 4.720340064963617355e-01 4.959769517746153156e-01 4.791468079594897178e-01
4.811612067037618345e-01 4.078170457987355668e-01 2.188833870245470159e-01 4.849241412696800868e-01 4.488834200981505207e-01 3.171313990732504973e-01 2.423055237417778007e-01 4.408239979897631278e-01 4.930392967215150302e-01 4.710637956709433638e-01 5.002854800847635897e-01 4.936813058231777629e-01
2.724437166084346940e-01 3.963391333350346213e-01 3.985279458475630143e-01 4.852609607841427697e-01 4.727736564251330265e-01 4.728164732233177125e-01 4.792566220857528148e-01 3.904896216783743657e-01 4.036236427960215867e-01 4.597800261950290568e-01 3.294606874602880042e-01 4.392275135609691183e-01
4.970246464254610697e-01 4.863151412254668182e-01 4.564062639100828211e-01 4.437689788021210169e-01 4.355059100937401784e-01 3.316242335637970551e-01 3.973311081860131377e-01 4.940326334909714290e-01 4.806680519901789794e-01 1.102852859679837733e-01 3.613261579252361466e-01 5.057115884189895549e-01
1.416389082574372182e-01 4.729971634964905136e-01 4.843159109981854393e-01 4.919921015117320051e-01 4.713689839682547178e-01 3.495897363964565741e-01 3.445558376001036649e-01 3.635201675119887343e-01 4.578770340958991936e-01 4.731875045608740504e-01 4.741760466332635149e-01 4.747806049693309438e-01
1.428464182975173191e-01 4.551060145236766608e-01 4.900250999660585860e-01 2.906229172383095749e-01 4.581925942515420180e-01 3.877506774775580367e-01 4.312035463828004511e-01 5.022097704581789390e-01 4.753495086685236570e-01 4.611742916743710730e-01 4.975839444770717157e-01 4.079352165843893596e-01
4.364320450691629993e-01 4.174959209925821479e-01 2.846541497640829865e-01 3.911942427807694744e-01 4.734522823640414657e-01 4.742859067489306746e-01 3.515931777865403673e-01 4.380315624681534459e-01 4.324529686365427006e-01 4.584600640055735976e-01 3.930137665666132984e-01 4.489339128169867466e-01
4.898236115934350710e-01 4.703096458542130320e-01 4.441540297419738215e-01 1.348412330151989302e-01 4.952891930852217905e-01 4.387382615582023915e-01 4.963574007366966523e-01 4.752863899488044552e-01 4.114134087967240561e-01 4.255746131959172729e-01 2.834433037791658228e-01 4.347689086944612757e-01
4.888637014828740024e-01 4.781865553393944701e-01 5.279701507671854532e-01 4.791988335132651988e-01 4.041360178374122647e-01 3.232991013227459742e-01 3.558688320522827020e-01 4.096909090821942989e-01 4.517647675768819981e-01 1.207524002018984521e-01 5.110985665241583042e-01 4.491701642997368848e-01
4.829193439639554164e-01 3.714700437414892864e-01 3.051116866209689915e-01 4.589406615869907613e-01 4.919906354423943529e-01 4.953380635075864680e-01 4.747596997846398326e-01 4.972203453074842683e-01 2.475852000876304082e-01 4.360074823481192574e-01 2.821332061433958760e-01 4.565236314653715044e-01
3.479026350762907116e-01 4.041631292596765124e-01 4.277825924688896664e-01 4.549351194337156734e-01 2.139345521514630921e-01 4.360368311681971920e-01 4.166337210143357672e-01 4.191627942168220655e-01 4.664598399762667214e-01 4.801150480157371225e-01 5.035804319811572061e-01 4.292933052374806602e-01
4.962458797201956262e-01 4.645096691617650597e-01 3.736527498339969333e-01 3.035760649540965028e-01 4.291070163079056532e-01 4.537035980625893083e-01 4.071331786058973723e-01 3.949232765205229478e-01 2.805818258901978668e-01 4.803545891643364318e-01 4.299572106383158232e-01 4.862549411402155020e-01
4.110517454545769001e-01 4.849605983175651058e-01 4.937784648286005496e-01 4.013958417967985470e-01 3.416627124542359062e-01 3.752349374743175203e-01 4.746774917952980566e-01 4.138256967123353225e-01 2.958122563008508954e-01 4.113078948257511414e-01 4.478346804294598971e-01 4.484576796102202612e-01
3.860729993248772640e-01 2.858784821944586607e-01 3.263329230224286115e-01 4.653758730565111246e-01 5.077923903715747533e-01 4.216063479657300994e-01 5.011192053508044530e-01 4.555885314842265665e-01 4.811021835801757573e-01 2.371298674297853126e-01 4.693482411621915373e-01 4.626529550572284766e-01
4.273932495976456858e-01 4.503762216467934731e-01 5.023019755954325483e-01 5.001929555570450159e-01 4.013416312157389587e-01 2.964788915762994748e-01 3.888562617424198842e-01 4.309882480342129840e-01 4.852867994034768540e-01 2.638628421125382983e-01 4.926910998562760158e-01 3.602298236621581662e-01
4.780615829965767505e-01 4.965023406580820753e-01 4.841968296624474810e-01 4.887803006901335068e-01 4.465894205209669510e-01 2.966754880430456653e-01 3.635157822004787542e-01 4.221024743567676207e-01 4.576673570740980024e-01 4.088955302229254074e-01 1.648091840791420792e-01 4.922037094953401470e-01
3.673834686812570416e-01 4.097310291726722342e-01 2.738529504758215882e-01 5.139385089782843030e-01 4.290676201367193965e-01 4.463417214027652902e-01 4.959354337646170174e-01 4.208471957110746509e-01 4.341430766422256782e-01 3.782829711256533445e-01 3.645219244748100218e-01 4.659540994341390685e-01
4.867295022070173838e-01 4.492914079918113868e-01 1.262738176284419755e-01 3.908020036858331769e-01 4.715588748159630361e-01 2.049719109360925717e-01 4.390691070063044155e-01 4.724338885482062267e-01 4.852787099923364100e-01 4.820759385281911946e-01 4.751444359832148190e-01 5.163704026765725263e-01
4.237277975419426745e-01 3.418534781628767005e-01 4.543209655891323751e-01 3.618615077936646052e-01 4.364573915473641819e-01 4.784386297671273103e-01 3.063796657897014386e-01 4.695276276558051354e-01 4.614827857326608829e-01 4.255000743754141501e-01 4.249294667446866791e-01 4.155206089905969513e-01
2.346340908963436278e-01 4.379752395356337757e-01 4.979231486234774184e-01 4.870729621179553104e-01 4.913190951310500987e-01 4.946375086984120539e-01 4.746106384834193337e-01 4.247699980678867338e-01 1.590714027261961871e-01 4.793452480926281845e-01 4.758438226396413673e-01 3.427968449873629586e-01
2.147373410471536681e-01 3.361063600709948140e-01 3.485034488325445823e-01 3.084496224674377896e-01 3.749746216341174887e-01 4.758377066669898792e-01 4.841053485323428274e-01 5.046488731142156903e-01 5.004789768996721344e-01 4.905378402192255849e-01 4.888388425485042377e-01 4.727810179667937263e-01
4.903548797785455271e-01 3.406520792402213949e-01 4.733234749042454781e-01 2.953944512971908298e-01 4.622142466680942419e-01 2.668462475503434739e-01 4.046978753485744873e-01 5.253567587403091821e-01 4.749247669749268042e-01 4.880845921905671569e-01 3.488335833572632216e-01 4.293170439497163149e-01
4.200418807377025443e-01 4.113384805458765170e-01 4.627169665707870361e-01 4.221892459561452093e-01 4.797892465117218341e-01 4.482195045784462817e-01 2.046329618852669729e-01 4.348459982955418801e-01 4.904750666744285281e-01 3.516891741652887760e-01 3.900737699405497638e-01 4.839877041382437683e-01
4.621234106275439735e-01 4.629165551447739779e-01 5.155846061712235917e-01 4.573878205073347303e-01 5.128753487224232410e-01 4.397841811038961102e-01 4.041802700929860714e-01 3.062000759547595097e-01 3.784885749132435029e-01 2.888453148719326014e-01 3.788373693965368938e-01 3.927764724933698881e-01
4.315455440538912280e-01 4.000612753786061959e-01 3.081766091509158256e-01 3.970928217126730719e-01 4.583652082475011547e-01 4.692718949429299791e-01 5.007326155570288595e-01 4.279184828590443801e-01 2.782640505849752754e-01 5.105862996979743107e-01 3.588557423671938640e-01 4.591294554472366563e-01
4.799014210086106069e-01 4.460764209231192767e-01 1.033293579257459349e-01 3.850892332493679460e-01 4.808116140655639414e-01 4.685635469710793810e-01 5.334780294977941040e-01 4.522250179467848796e-01 3.313304163856515272e-01 5.092291705985245720e-01 4.004202747510389182e-01 4.095454966767355653e-01
3.895477366139690756e-01 5.124334541425480394e-01 1.888505908143764955e-01 4.340493219754679721e-01 4.515687174902053846e-01 4.647322419000584626e-01 4.293513805657488969e-01 1.987988854296093288e-01 4.389050805897431462e-01 5.019212895815118314e-01 4.794709832519935544e-01 5.103703176447924594e-01
3.624867474607162965e-01 3.415447753493074390e-01 4.858669669821014669e-01 4.665044869045263942e-01 3.931250713902764149e-01 3.163313366557576334e-01 3.578860068586003917e-01 4.868440648206648902e-01 4.957600630921330520e-01 4.409197244191259690e-01 3.696700284109997181e-01 4.830607276558070984e-01
4.866636343596140168e-01 4.946525110341938314e-01 4.689765021640710518e-01 4.710086020069068069e-01 4.022320413609461465e-01 3.719367657220129519e-01 2.845563257333086349e-01 3.979380389159426490e-01 4.134934030250310144e-01 3.244030966846653818e-01 4.383014689524965535e-01 4.458376100408214526e-01
3.871586092311731786e-01 4.839792707083618861e-01 2.837413513034578449e-01 2.947354361696370995e-01 4.943402268501482233e-01 4.497090338162194056e-01 4.913614562327757729e-01 4.937878021568322118e-01 4.843342590499793987e-01 5.029654181732109430e-01 3.737006438054497615e-01 2.601864925027628783e-01
3.771165115902291864e-01 4.255647872316584146e-01 4.417264197742085119e-01 3.567653514842746287e-01 3.095920168464956213e-01 4.432070416602639229e-01 3.382552880773099790e-01 4.629638846046072453e-01 4.258045856695279463e-01 4.724995749605177542e-01 4.986620515904240381e-01 4.478424865105086194e-01
3.814564025157528571e-01 4.249438681921553496e-01 3.392657900205846566e-01 4.362504517705060314e-01 4.491622187387448450e-01 5.055100771594840392e-01 4.364871106068223261e-01 4.990633211251576662e-01 3.808082735342392389e-01 2.397348365404470272e-01 4.137191124756339211e-01 4.935985373204558324e-01
3.286244759824138439e-01 4.537779199800827112e-01 2.383928828060934424e-01 3.714870623290873475e-01 4.505223814207615085e-01 4.740957130558569599e-01 4.887408281451212089e-01 4.827378380327087548e-01 4.860747297585398252e-01 4.911587608193671572e-01 5.035846788850717459e-01 2.308027287849118703e-01
2.859764690598005643e-01 3.919823992770947729e-01 4.285239501213914393e-01 5.235970702775671892e-01 4.948653481993966485e-01 4.665046767033919073e-01 4.897400103494037871e-01 4.518896227178982317e-01 2.085098553307930536e-01 3.942950587163602805e-01 4.529155662062109844e-01 4.111999730406906695e-01
4.935333607783611853e-01 4.920553293200592426e-01 4.888417903963596101e-01 4.846335225480908893e-01 4.476930024879894332e-01 2.526183624502749137e-01 4.165372053660689744e-01 3.556298934435248027e-01 1.810620224274399614e-01 3.850310236257262209e-01 5.154597587025662175e-01 4.869047284535521491e-01
3.639147201476420346e-01 3.215935313458593847e-01 4.765561240436414492e-01 1.317734361864427717e-01 4.808009214828149469e-01 4.044699672121848666e-01 4.744472741793309689e-01 4.757889358778260025e-01 4.886001149038171065e-01 4.934367345451343145e-01 4.822117455342621595e-01 4.064064945410488239e-01
4.753466852740236837e-01 4.415100053404791280e-01 4.729422217392454941e-01 3.461191036486421235e-01 4.528078162817005259e-01 1.652410283228089027e-01 4.156926405387382784e-01 5.099033703489391778e-01 4.519876267154121496e-01 4.346322480867989002e-01 3.908017765415783273e-01 4.430154771616821030e-01
3.122798881155361972e-01 4.032610708531913501e-01 3.405973438794855923e-01 4.529854678865540274e-01 4.754626083921223989e-01 4.828735968651108879e-01 4.885616771219800647e-01 4.847468260486350045e-01 4.624528739156992252e-01 4.800064833744175918e-01 3.683389630728952091e-01 2.484332004743684541e-01
1.793888056096024086e-01 4.243804231896373680e-01 4.972221701197353516e-01 3.932357246511025695e-01 3.661862749055727062e-01 3.236175094859962131e-01 4.626366474043786536e-01 4.653472065769970190e-01 4.490723372104679090e-01 5.013729275329955604e-01 4.840313415113308704e-01 4.535086318022221175e-01
4.324737337762987743e-01 4.082558241927689568e-01 3.409714083332602286e-01 4.467145686021423145e-01 4.647611496413237564e-01 4.397848375063031501e-01 4.391869493108759848e-01 4.520044624673352218e-01 3.847495629427811203e-01 4.708625342873829500e-01 3.805001094235679338e-01 3.397348595159007667e-01
4.093412921483216560e-01 3.735878369308393010e-01 3.970841316455272496e-01 1.671508511946780684e-01 4.045687171816853001e-01 5.016819298786421299e-01 4.764461258327702398e-01 4.868081141723450966e-01 4.125930829385321963e-01 4.733451548426518274e-01 4.943784331589583525e-01 4.030143300750647639e-01
4.953360251815033255e-01 4.624519078248505166e-01 4.085257138357053508e-01 2.612266593646059842e-01 4.007572099236792473e-01 4.346872218902076979e-01 2.505351855882851919e-01 4.009369007212789104e-01 4.231052005371889191e-01 4.860787554161018487e-01 5.004520100781084668e-01 4.759072096385260076e-01
2.749087414176257793e-01 3.018485567542782411e-01 4.715631688556832790e-01 5.075037596511534632e-01 4.739103302902431536e-01 4.864739203288440117e-01 5.039318267646741845e-01 4.724316108817828153e-01 4.506959077856017570e-01 3.380114165202671717e-01 3.913597887900737149e-01 3.273609719597709300e-01
4.638522764669095189e-01 3.987229277263631966e-01 4.910116572521604494e-01 4.681904628663989820e-01 3.532778222011888625e-01 2.635487968810557025e-01 4.467032294299585482e-01 4.801508246794535806e-01 2.822220563703808360e-01 4.532363769610241455e-01 4.541382130046398569e-01 4.449453561604797547e-01
2.294200434796547505e-01 4.510116876101094574e-01 4.277757289644248950e-01 4.763671570053163995e-01 5.042886265685646574e-01 4.705819807185661063e-01 4.794757468510036924e-01 4.654573796185768053e-01 4.614638779492197251e-01 1.923321077343418117e-01 4.284499401289870724e-01 4.133757233712643808e-01
4.531020905344574912e-01 4.420479500785979843e-01 4.714922362402834688e-01 3.416102370662095766e-01 3.224539577526782663e-01 4.298242895785096551e-01 3.560961307302682455e-01 5.118628712727399943e-01 2.766412042803146898e-01 4.417532817329703487e-01 4.721309957918318201e-01 4.809847549411566670e-01
4.767342165946540367e-01 4.360275005239825363e-01 3.668539695194391048e-01 4.455638464133874210e-01 3.881969945925828891e-01 4.235951454166011487e-01 4.778619638230534594e-01 4.255530800427274052e-01 3.376549943868086823e-01 3.336768813831046399e-01 4.878259469328925513e-01 4.004554603707157767e-01
4.633768888295762278e-01 4.730853232608842607e-01 4.883112514895816547e-01 4.209254151026091129e-01 4.831164144546534756e-01 4.681471582924225383e-01 1.761639825908499213e-01 4.616421631006080162e-01 4.354146768163554282e-01 3.760140960552900147e-01 4.279542650536849457e-01 3.258483649535010018e-01
4.440075512924833712e-01 3.399950752354940486e-01 3.878079291179495902e-01 3.964692927789280064e-01 4.543834847447519865e-01 4.689274319229321808e-01 4.303808601883095664e-01 4.208502204268718128e-01 3.666989620757294954e-01 3.624611077616177734e-01 4.576500358402226798e-01 4.703680486147288620e-01
4.786085362025431778e-01 4.508497393625896521e-01 4.617959710147446217e-01 4.206755818167329797e-01 3.568630213793657635e-01 3.345095052976270189e-01 3.875169617520972665e-01 2.761407656080193673e-01 3.681313802832784088e-01 5.045443123529986806e-01 4.852323092122211579e-01 4.751319157178278130e-01
2.664366311921631536e-01 4.597657324263004219e-01 4.977519124557950869e-01 4.649320575859631766e-01 4.245315314408606433e-01 4.351416912247042523e-01 3.292273379898886798e-01 4.368285510226304624e-01 4.360871342138946671e-01 4.863620631514261605e-01 4.638348840274754692e-01 2.991004732688906653e-01
4.170473719417412406e-01 4.725521750985577363e-01 4.880180193115915555e-01 2.896753106123856059e-01 4.436591027310177737e-01 3.971083351657103688e-01 4.524379354872484771e-01 2.965893368136568453e-01 3.580114957344665561e-01 4.663181026223076620e-01 4.456845738237899535e-01 4.728982406575740205e-01
4.468888585465550234e-01 4.577364929683472861e-01 4.576041893974420738e-01 4.455226813566975363e-01 1.255725227273554734e-01 4.684514326305981857e-01 4.810016953768889714e-01 5.075908349554932864e-01 4.663580530511208799e-01 3.725244354238716471e-01 4.460199033680501968e-01 3.247289001975815492e-01
3.503166884827235150e-01 3.779456091203385881e-01 4.047849850989313492e-01 4.060712015095113703e-01 3.039853271928329992e-01 4.061370021648994522e-01 3.660494100284235053e-01 4.375255723681958364e-01 4.676662137597712987e-01 4.985048751190862548e-01 4.967029237458811530e-01 4.843101914093878024e-01
1.583958096322492792e-01 4.535497320934559484e-01 4.668853099440826160e-01 4.679178015943684654e-01 4.939529056070722790e-01 5.012187872832374325e-01 4.088893286960784135e-01 1.753226588442189926e-01 4.428397305409014217e-01 4.909864953051845671e-01 4.403475511346025550e-01 4.996938893245390645e-01
4.679477062011400679e-01 4.896957115542910910e-01 4.342187872425753437e-01 2.154335692633780330e-01 4.256149718083633293e-01 4.453311419556365003e-01 3.957788374538377396e-01 2.337296787684230437e-01 4.679686477715172543e-01 4.390423927360123102e-01 4.799363359800721818e-01 5.053022192647442790e-01
4.757157341724072008e-01 4.950124308412596763e-01 4.836094968113029413e-01 4.524838784024205474e-01 2.447979227689277004e-01 4.470186299288608223e-01 3.638134277751751133e-01 3.148935768763488352e-01 4.006091834703291443e-01 4.390023118716456785e-01 4.708919917083474460e-01 4.121514153730257979e-01
2.929452418765754462e-01 4.289279961930457796e-01 4.873635639849123180e-01 3.973601924310906086e-01 3.603076692294074346e-01 4.178357313981554411e-01 4.472938810286933298e-01 4.191393395578317804e-01 4.583359594511842161e-01 4.749221084183635200e-01 4.262675350620676040e-01 3.893007813686563678e-01
4.463530632897457773e-01 4.201297848474059293e-01 4.913774335905684021e-01 4.943015049935174376e-01 4.538145355292204641e-01 1.141846424067090443e-01 4.809114004577529355e-01 3.965233357870062703e-01 3.920243296626023111e-01 5.046260248230635126e-01 3.646509357449760902e-01 4.411030088674497973e-01
4.510898028230097001e-01 5.046816922406196504e-01 4.447601416981108446e-01 4.589029415941489609e-01 4.019219253515946555e-01 2.285578104822860723e-01 4.322023933321015310e-01 4.338679022942141250e-01 2.116656965258175149e-01 5.113550824858048571e-01 4.106733518584712028e-01 5.103212593138291009e-01
1.882263485066954511e-01 4.663679330415032021e-01 4.986574524477694892e-01 3.434614522670686454e-01 4.636858785802573935e-01 3.979229685145898587e-01 4.492992937186667812e-01 4.715686061781707017e-01 4.325789128848523402e-01 4.373337821271648385e-01 4.848127269438857190e-01 3.660846447893661426e-01
4.783697284741018074e-01 4.709021362162102986e-01 4.773550165421511227e-01 4.063138570582335296e-01 3.749845983583510733e-01 3.610782043265312047e-01 3.965370800972841669e-01 4.156452115921350221e-01 4.580994605154214971e-01 2.195200523629869949e-01 4.478135884261427724e-01 4.933810660304675522e-01
5.000439471017350535e-01 4.775650197911958106e-01 4.381042150616111797e-01 4.616759586959202633e-01 5.011716705535077532e-01 4.576422075222855157e-01 3.079913824021333069e-01 3.333477515936134061e-01 4.591533913531067324e-01 4.524088848994719525e-01 2.508340109999614986e-01 3.600615600254838400e-01
4.687440019492296051e-01 5.246889237289241725e-01 4.612947705381391095e-01 3.266685710495508266e-01 4.357235796772618297e-01 3.368642654994797314e-01 4.116983758460695531e-01 4.176661641149845838e-01 4.187963174125302057e-01 3.812703666819962089e-01 3.699016891277969732e-01 4.466829743740879932e-01
4.640892399874566032e-01 4.928464997271044257e-01 4.323116832440964119e-01 4.925228019370490040e-01 4.695978674832219646e-01 2.288463080606986111e-01 3.466964787811048776e-01 5.005137411436161310e-01 4.914156338320699868e-01 4.868451635423534651e-01 4.341737255400951456e-01 1.601408567211872747e-01
3.972623629219540486e-01 4.346964683995648837e-01 4.500016261921729877e-01 4.533544942597295679e-01 3.825884829326291481e-01 4.805178682446820115e-01 3.426957908838332845e-01 3.951207872976337798e-01 4.607446237515985255e-01 5.092220476434272669e-01 4.155879273068148194e-01 2.782075201659589547e-01
3.841083357260562936e-01 3.561957058668798193e-01 1.212949995773160566e-01 4.152665676654272442e-01 4.870312031358399740e-01 4.357619005128249845e-01 5.047750287982923911e-01 4.837622089075485077e-01 5.017884081836250232e-01 4.764342057217050286e-01 4.692839498441788715e-01 3.642974860603199194e-01
