-3.911990211944421425e+00
-4.463282603903954815e+00
-4.092498377748875704e+00
-4.544614606218472019e+00
-4.280438412040503238e+00
-4.921618650224049318e+00
-3.799008431165062483e+00
-4.544978829688548494e+00
-3.885274448316328844e+00
-4.464436016728113188e+00
-4.459083852481281696e+00
-4.461291291858341168e+00
-3.938642866804547449e+00
-4.049939363148050475e+00
-4.107252421913955232e+00
-4.478289534163513608e+00
-4.232281516510723485e+00
-4.089996386271379514e+00
-4.159329151745825293e+00
-4.262057796191244918e+00
-4.085863053058569783e+00
-4.616920344712733382e+00
-4.042025873644068845e+00
-4.862336284788443486e+00
-5.043060300727594480e+00
-3.908784644234419403e+00
-4.404775751593072108e+00
-4.078126066489773827e+00
-4.106950340643860109e+00
-4.556839955518827701e+00
-4.410502150214508532e+00
-3.991333367836127355e+00
-3.649064590486416293e+00
-4.231691856507790561e+00
-4.177390857820126868e+00
-4.190669592489348005e+00
-4.438559891372552357e+00
-3.844086801328655767e+00
-4.198735614318998444e+00
-4.054403373151845180e+00
-3.730285501472012211e+00
-4.996370792657409687e+00
-4.598196953636952244e+00
-4.328163157670483763e+00
-3.985335595045178092e+00
-3.779606522026973003e+00
-4.480447997051974163e+00
-4.187356889586286712e+00
-4.251069108652601791e+00
-4.510641256085927253e+00
-4.062527153249265943e+00
-3.788586364099321369e+00
-4.299509246394026540e+00
-4.041091708409116023e+00
-4.665868891198897472e+00
-4.455781694902901435e+00
-4.576242733666409990e+00
-4.124931812852665303e+00
-4.706342856261949592e+00
-4.694473477859936850e+00
-4.683619126631395346e+00
-4.192512633738424199e+00
-4.267950849555196768e+00
-5.010818967775505506e+00
-3.626143517345305156e+00
-4.690395791275628667e+00
-4.843775680486421820e+00
-4.636252764612286192e+00
-4.066075253669752421e+00
-4.260534410126478377e+00
-4.047796493521638617e+00
-4.387624725664658776e+00
-4.144456395353542710e+00
-4.351046291366716723e+00
-4.660022567576107555e+00
-4.237562293244948819e+00
-4.093166003969480826e+00
-3.504632325544281279e+00
-4.312844799215587166e+00
-4.323254317090572840e+00
-4.283072906400452240e+00
-3.921677610315888352e+00
-4.038577241832872922e+00
-4.190403101833305222e+00
-4.554599515803116283e+00
-4.443263383403195377e+00
-4.065865630056906710e+00
-4.585988920188408535e+00
-4.080805142977699695e+00
-4.334132626442409375e+00
-4.198410974982856203e+00
-4.132642550828007799e+00
-3.949894638898244992e+00
-4.911984276455277687e+00
-3.561412904246032518e+00
-4.171527154409851335e+00
-5.403304749078331248e+00
-4.951250343325768632e+00
-3.831025439626154050e+00
-4.235790496279292938e+00
